date,token_symbol,price_usd,cex_volume_usd,dex_volume_usd,total_volume_usd,dex_share,cex_to_dex_ratio,exchange_count,included_exchanges,chain,selected_chains,pool_count,included_dexes,included_pool_addresses,return_1d,future_return_1d,future_return_3d,future_return_7d
2026-01-17,1INCH,0.1599,2429392.640298113,2486.6193156228433,2431879.259613736,0.0010225093642263316,976.9861534633836,12,binance;bitget;bybit;coinbase;crypto_com;gate;htx;kraken;kucoin;mexc;okx;upbit,eth,eth,1,uniswap-v4-ethereum,0x1ff1224be14c0e69c9e0a3da1c986fcbf48abe5365227700624bc39e9fdde81d,,-0.055034396497810945,-0.1282051282051282,-0.09818636647904933
2026-01-18,1INCH,0.1511,2924523.296814706,7518.774446865786,2932042.071261572,0.0025643473947939213,388.96276480720854,12,binance;bitget;bybit;coinbase;crypto_com;gate;htx;kraken;kucoin;mexc;okx;upbit,eth,eth,1,uniswap-v4-ethereum,0x1ff1224be14c0e69c9e0a3da1c986fcbf48abe5365227700624bc39e9fdde81d,-0.055034396497810945,-0.01588352084712119,-0.04831237590999338,-0.10522832561217754
2026-01-19,1INCH,0.1487,5586236.875312649,89568.05797393007,5675804.933286578,0.015780679397321296,62.36862785323083,12,binance;bitget;bybit;coinbase;crypto_com;gate;htx;kraken;kucoin;mexc;okx;upbit,eth,eth,1,uniswap-v4-ethereum,0x1ff1224be14c0e69c9e0a3da1c986fcbf48abe5365227700624bc39e9fdde81d,-0.01588352084712119,-0.06254203093476796,-0.04841963685272366,-0.05783456624075323
2026-01-20,1INCH,0.1394,1992602.6109140872,4768.471603812456,1997371.0825178996,0.0023873739064056584,417.87028978446153,12,binance;bitget;bybit;coinbase;crypto_com;gate;htx;kraken;kucoin;mexc;okx;upbit,eth,eth,1,uniswap-v4-ethereum,0x1ff1224be14c0e69c9e0a3da1c986fcbf48abe5365227700624bc39e9fdde81d,-0.06254203093476796,0.03156384505021537,0.025107604017216678,-0.15710186513629842
2026-01-21,1INCH,0.1438,2458928.3165707653,4391.397892415072,2463319.7144631804,0.0017827153603453658,559.9420450644851,12,binance;bitget;bybit;coinbase;crypto_com;gate;htx;kraken;kucoin;mexc;okx;upbit,eth,eth,1,uniswap-v4-ethereum,0x1ff1224be14c0e69c9e0a3da1c986fcbf48abe5365227700624bc39e9fdde81d,0.03156384505021537,-0.01599443671766354,0.0027816411682892728,-0.178720445062587
2026-01-22,1INCH,0.1415,2421258.26900311,2439.825756594405,2423698.0947597045,0.001006654154603484,992.3898304864147,12,binance;bitget;bybit;coinbase;crypto_com;gate;htx;kraken;kucoin;mexc;okx;upbit,eth,eth,1,uniswap-v4-ethereum,0x1ff1224be14c0e69c9e0a3da1c986fcbf48abe5365227700624bc39e9fdde81d,-0.01599443671766354,0.009893992932862306,-0.04452296819787982,-0.19010600706713776
2026-01-23,1INCH,0.1429,2125041.8432028037,4338.796029457843,2129380.6392322616,0.0020375859296918263,489.7768479493007,12,binance;bitget;bybit;coinbase;crypto_com;gate;htx;kraken;kucoin;mexc;okx;upbit,eth,eth,1,uniswap-v4-ethereum,0x1ff1224be14c0e69c9e0a3da1c986fcbf48abe5365227700624bc39e9fdde81d,0.009893992932862306,0.009097270818754444,-0.019594121763470973,-0.19944016794961505
2026-01-24,1INCH,0.1442,1671051.0738029738,1042.4519798606098,1672093.5257828345,0.0006234411914085718,1603.0005276851375,12,binance;bitget;bybit;coinbase;crypto_com;gate;htx;kraken;kucoin;mexc;okx;upbit,eth,eth,1,uniswap-v4-ethereum,0x1ff1224be14c0e69c9e0a3da1c986fcbf48abe5365227700624bc39e9fdde81d,0.009097270818754444,-0.06241331484049939,-0.1851595006934813,-0.27184466019417475
2026-01-25,1INCH,0.1352,3004742.7445534915,1087.9397003776207,3005830.684253869,0.0003619431081320795,2761.865150716123,12,binance;bitget;bybit;coinbase;crypto_com;gate;htx;kraken;kucoin;mexc;okx;upbit,eth,eth,1,uniswap-v4-ethereum,0x1ff1224be14c0e69c9e0a3da1c986fcbf48abe5365227700624bc39e9fdde81d,-0.06241331484049939,0.03624260355029607,-0.12647928994082835,-0.15976331360946727
2026-01-26,1INCH,0.1401,4692946.467844749,3.86921817242387,4692950.337062921,8.244745617413493e-07,1212892.6978818707,12,binance;bitget;bybit;coinbase;crypto_com;gate;htx;kraken;kucoin;mexc;okx;upbit,eth,eth,1,uniswap-v4-ethereum,0x1ff1224be14c0e69c9e0a3da1c986fcbf48abe5365227700624bc39e9fdde81d,0.03624260355029607,-0.16131334760885085,-0.1820128479657388,-0.18772305496074237
2026-01-27,1INCH,0.1175,35744555.31500823,83.78960028004082,35744639.10460851,2.3441165550679157e-06,426598.94778759073,12,binance;bitget;bybit;coinbase;crypto_com;gate;htx;kraken;kucoin;mexc;okx;upbit,eth,eth,1,uniswap-v4-ethereum,0x1ff1224be14c0e69c9e0a3da1c986fcbf48abe5365227700624bc39e9fdde81d,-0.16131334760885085,0.005106382978723456,-0.026382978723404227,-0.052765957446808454
2026-01-28,1INCH,0.1181,20285718.58284964,53.9011254667877,20285772.48397511,2.6570901112771167e-06,376350.5568236995,12,binance;bitget;bybit;coinbase;crypto_com;gate;htx;kraken;kucoin;mexc;okx;upbit,eth,eth,1,uniswap-v4-ethereum,0x1ff1224be14c0e69c9e0a3da1c986fcbf48abe5365227700624bc39e9fdde81d,0.005106382978723456,-0.029635901778154117,-0.11092294665537683,-0.08975444538526667
2026-01-29,1INCH,0.1146,11071595.870159723,54.82074458003802,11071650.690904303,4.951451785330883e-06,201959.96889453495,12,binance;bitget;bybit;coinbase;crypto_com;gate;htx;kraken;kucoin;mexc;okx;upbit,eth,eth,1,uniswap-v4-ethereum,0x1ff1224be14c0e69c9e0a3da1c986fcbf48abe5365227700624bc39e9fdde81d,-0.029635901778154117,-0.0017452006980802626,-0.008726003490401313,-0.2120418848167538
2026-01-30,1INCH,0.1144,7354306.962974141,7.01324300429602,7354313.976217146,9.536230064389277e-07,1048631.418941166,12,binance;bitget;bybit;coinbase;crypto_com;gate;htx;kraken;kucoin;mexc;okx;upbit,eth,eth,1,uniswap-v4-ethereum,0x1ff1224be14c0e69c9e0a3da1c986fcbf48abe5365227700624bc39e9fdde81d,-0.0017452006980802626,-0.08216783216783219,-0.005244755244755317,-0.13461538461538458
2026-01-31,1INCH,0.105,10982033.27800764,89.27386834040794,10982122.55187598,8.129017675654881e-06,123015.09369048873,12,binance;bitget;bybit;coinbase;crypto_com;gate;htx;kraken;kucoin;mexc;okx;upbit,eth,eth,1,uniswap-v4-ethereum,0x1ff1224be14c0e69c9e0a3da1c986fcbf48abe5365227700624bc39e9fdde81d,-0.08216783216783219,0.08190476190476192,0.06000000000000005,-0.05047619047619045
2026-02-01,1INCH,0.1136,25579279.788920816,1952662.9321482026,27531942.72106902,0.07092354331588498,13.099690360168832,12,binance;bitget;bybit;coinbase;crypto_com;gate;htx;kraken;kucoin;mexc;okx;upbit,eth,eth,5,uniswap-v4-ethereum,0x1d6ebf506eacf0e98a8c4566687380ddf1601192acd9bce29feeaf0c0245ea6f;0x1ff1224be14c0e69c9e0a3da1c986fcbf48abe5365227700624bc39e9fdde81d;0x32dd66389b5c367a3e60b83fd7aa309361ece42946eb04f7ed05b1c244be3a7a;0x339d4e50b7eb4aad7eab94db04be1c684ea42555ef189ce9c488964bdb91d4e9;0x6bf6ce5b16c6941ada9a4e2a003209174cd2ec6fcd619a6e045bdff0b239d1fe,0.08190476190476192,0.0017605633802815213,-0.05369718309859162,-0.13996478873239449
2026-02-02,1INCH,0.1138,12501795.301407509,1752569.4240935037,14254364.725501012,0.12294966895004186,7.133409455590564,12,binance;bitget;bybit;coinbase;crypto_com;gate;htx;kraken;kucoin;mexc;okx;upbit,eth,eth,5,uniswap-v4-ethereum,0x1d6ebf506eacf0e98a8c4566687380ddf1601192acd9bce29feeaf0c0245ea6f;0x1ff1224be14c0e69c9e0a3da1c986fcbf48abe5365227700624bc39e9fdde81d;0x32dd66389b5c367a3e60b83fd7aa309361ece42946eb04f7ed05b1c244be3a7a;0x339d4e50b7eb4aad7eab94db04be1c684ea42555ef189ce9c488964bdb91d4e9;0x6bf6ce5b16c6941ada9a4e2a003209174cd2ec6fcd619a6e045bdff0b239d1fe,0.0017605633802815213,-0.02196836555360282,-0.20650263620386633,-0.1379613356766256
2026-02-03,1INCH,0.1113,12137762.844971778,942258.1504371667,13080020.995408945,0.07203796926380295,12.88156843147537,12,binance;bitget;bybit;coinbase;crypto_com;gate;htx;kraken;kucoin;mexc;okx;upbit,eth,eth,5,uniswap-v4-ethereum,0x1d6ebf506eacf0e98a8c4566687380ddf1601192acd9bce29feeaf0c0245ea6f;0x1ff1224be14c0e69c9e0a3da1c986fcbf48abe5365227700624bc39e9fdde81d;0x32dd66389b5c367a3e60b83fd7aa309361ece42946eb04f7ed05b1c244be3a7a;0x339d4e50b7eb4aad7eab94db04be1c684ea42555ef189ce9c488964bdb91d4e9;0x6bf6ce5b16c6941ada9a4e2a003209174cd2ec6fcd619a6e045bdff0b239d1fe,-0.02196836555360282,-0.034141958670260486,-0.11051212938005384,-0.15004492362982924
2026-02-04,1INCH,0.1075,6918384.753979438,566593.0481424481,7484977.802121886,0.07569735851211568,12.210500599435656,12,binance;bitget;bybit;coinbase;crypto_com;gate;htx;kraken;kucoin;mexc;okx;upbit,eth,eth,5,uniswap-v4-ethereum,0x1d6ebf506eacf0e98a8c4566687380ddf1601192acd9bce29feeaf0c0245ea6f;0x1ff1224be14c0e69c9e0a3da1c986fcbf48abe5365227700624bc39e9fdde81d;0x32dd66389b5c367a3e60b83fd7aa309361ece42946eb04f7ed05b1c244be3a7a;0x339d4e50b7eb4aad7eab94db04be1c684ea42555ef189ce9c488964bdb91d4e9;0x6bf6ce5b16c6941ada9a4e2a003209174cd2ec6fcd619a6e045bdff0b239d1fe,-0.034141958670260486,-0.15999999999999992,-0.07255813953488377,-0.13860465116279064
2026-02-05,1INCH,0.0903,10292192.877334114,814736.2850409348,11106929.16237505,0.07335387424643625,12.632545114664929,12,binance;bitget;bybit;coinbase;crypto_com;gate;htx;kraken;kucoin;mexc;okx;upbit,eth,eth,5,uniswap-v4-ethereum,0x1d6ebf506eacf0e98a8c4566687380ddf1601192acd9bce29feeaf0c0245ea6f;0x1ff1224be14c0e69c9e0a3da1c986fcbf48abe5365227700624bc39e9fdde81d;0x32dd66389b5c367a3e60b83fd7aa309361ece42946eb04f7ed05b1c244be3a7a;0x339d4e50b7eb4aad7eab94db04be1c684ea42555ef189ce9c488964bdb91d4e9;0x6bf6ce5b16c6941ada9a4e2a003209174cd2ec6fcd619a6e045bdff0b239d1fe,-0.15999999999999992,0.09634551495016619,0.08194905869324454,0.029900332225913484
2026-02-06,1INCH,0.099,7425046.672264589,855314.908824048,8280361.581088637,0.10329439124705445,8.681067751377219,12,binance;bitget;bybit;coinbase;crypto_com;gate;htx;kraken;kucoin;mexc;okx;upbit,eth,eth,5,uniswap-v4-ethereum,0x1d6ebf506eacf0e98a8c4566687380ddf1601192acd9bce29feeaf0c0245ea6f;0x1ff1224be14c0e69c9e0a3da1c986fcbf48abe5365227700624bc39e9fdde81d;0x32dd66389b5c367a3e60b83fd7aa309361ece42946eb04f7ed05b1c244be3a7a;0x339d4e50b7eb4aad7eab94db04be1c684ea42555ef189ce9c488964bdb91d4e9;0x6bf6ce5b16c6941ada9a4e2a003209174cd2ec6fcd619a6e045bdff0b239d1fe,0.09634551495016619,0.007070707070707005,-0.009090909090909038,-0.0181818181818183
2026-02-07,1INCH,0.0997,3974543.4783259453,112013.39266281147,4086556.870988757,0.027410212606611646,35.48275240881528,12,binance;bitget;bybit;coinbase;crypto_com;gate;htx;kraken;kucoin;mexc;okx;upbit,eth,eth,4,uniswap-v4-ethereum,0x1d6ebf506eacf0e98a8c4566687380ddf1601192acd9bce29feeaf0c0245ea6f;0x1ff1224be14c0e69c9e0a3da1c986fcbf48abe5365227700624bc39e9fdde81d;0x339d4e50b7eb4aad7eab94db04be1c684ea42555ef189ce9c488964bdb91d4e9;0x6bf6ce5b16c6941ada9a4e2a003209174cd2ec6fcd619a6e045bdff0b239d1fe,0.007070707070707005,-0.02006018054162484,-0.05115346038114332,-0.0010030090270812808
2026-02-08,1INCH,0.0977,3212903.223114769,263412.14054120274,3476315.363655972,0.07577337294973648,12.197248071078215,12,binance;bitget;bybit;coinbase;crypto_com;gate;htx;kraken;kucoin;mexc;okx;upbit,eth,eth,4,uniswap-v4-ethereum,0x1d6ebf506eacf0e98a8c4566687380ddf1601192acd9bce29feeaf0c0245ea6f;0x1ff1224be14c0e69c9e0a3da1c986fcbf48abe5365227700624bc39e9fdde81d;0x339d4e50b7eb4aad7eab94db04be1c684ea42555ef189ce9c488964bdb91d4e9;0x6bf6ce5b16c6941ada9a4e2a003209174cd2ec6fcd619a6e045bdff0b239d1fe,-0.02006018054162484,0.004094165813715467,-0.05220061412487198,-0.022517911975434957
2026-02-09,1INCH,0.0981,2887760.321071349,163996.37786290035,3051756.6989342496,0.05373835270687602,17.608683549617744,12,binance;bitget;bybit;coinbase;crypto_com;gate;htx;kraken;kucoin;mexc;okx;upbit,eth,eth,5,uniswap-v4-ethereum,0x1d6ebf506eacf0e98a8c4566687380ddf1601192acd9bce29feeaf0c0245ea6f;0x1ff1224be14c0e69c9e0a3da1c986fcbf48abe5365227700624bc39e9fdde81d;0x32dd66389b5c367a3e60b83fd7aa309361ece42946eb04f7ed05b1c244be3a7a;0x339d4e50b7eb4aad7eab94db04be1c684ea42555ef189ce9c488964bdb91d4e9;0x6bf6ce5b16c6941ada9a4e2a003209174cd2ec6fcd619a6e045bdff0b239d1fe,0.004094165813715467,-0.03567787971457703,-0.051987767584097955,-0.02650356778797147
2026-02-10,1INCH,0.0946,2719924.016688523,135066.2796815382,2854990.296370061,0.04730884019229992,20.137698492189248,12,binance;bitget;bybit;coinbase;crypto_com;gate;htx;kraken;kucoin;mexc;okx;upbit,eth,eth,4,uniswap-v4-ethereum,0x1d6ebf506eacf0e98a8c4566687380ddf1601192acd9bce29feeaf0c0245ea6f;0x1ff1224be14c0e69c9e0a3da1c986fcbf48abe5365227700624bc39e9fdde81d;0x339d4e50b7eb4aad7eab94db04be1c684ea42555ef189ce9c488964bdb91d4e9;0x6bf6ce5b16c6941ada9a4e2a003209174cd2ec6fcd619a6e045bdff0b239d1fe,-0.03567787971457703,-0.02114164904862581,0.027484143763213398,0.007399577167019
2026-02-11,1INCH,0.0926,4183730.800376158,1104275.6110395472,5288006.411415705,0.2088264508635326,3.7886654006943625,12,binance;bitget;bybit;coinbase;crypto_com;gate;htx;kraken;kucoin;mexc;okx;upbit,eth,eth,5,uniswap-v4-ethereum,0x1d6ebf506eacf0e98a8c4566687380ddf1601192acd9bce29feeaf0c0245ea6f;0x1ff1224be14c0e69c9e0a3da1c986fcbf48abe5365227700624bc39e9fdde81d;0x32dd66389b5c367a3e60b83fd7aa309361ece42946eb04f7ed05b1c244be3a7a;0x339d4e50b7eb4aad7eab94db04be1c684ea42555ef189ce9c488964bdb91d4e9;0x6bf6ce5b16c6941ada9a4e2a003209174cd2ec6fcd619a6e045bdff0b239d1fe,-0.02114164904862581,0.004319654427645814,0.07559395248380119,-0.006479481641468721
2026-02-12,1INCH,0.093,3171062.5808603624,259158.38886289575,3430220.969723258,0.0755515143631706,12.236002063348103,12,binance;bitget;bybit;coinbase;crypto_com;gate;htx;kraken;kucoin;mexc;okx;upbit,eth,eth,5,uniswap-v4-ethereum,0x1d6ebf506eacf0e98a8c4566687380ddf1601192acd9bce29feeaf0c0245ea6f;0x1ff1224be14c0e69c9e0a3da1c986fcbf48abe5365227700624bc39e9fdde81d;0x32dd66389b5c367a3e60b83fd7aa309361ece42946eb04f7ed05b1c244be3a7a;0x339d4e50b7eb4aad7eab94db04be1c684ea42555ef189ce9c488964bdb91d4e9;0x6bf6ce5b16c6941ada9a4e2a003209174cd2ec6fcd619a6e045bdff0b239d1fe,0.004319654427645814,0.04516129032258065,0.026881720430107503,-0.012903225806451535
2026-02-13,1INCH,0.0972,2802902.989833066,203165.97063734184,3006068.9604704077,0.06758526610964681,13.796124326530759,12,binance;bitget;bybit;coinbase;crypto_com;gate;htx;kraken;kucoin;mexc;okx;upbit,eth,eth,5,uniswap-v4-ethereum,0x1d6ebf506eacf0e98a8c4566687380ddf1601192acd9bce29feeaf0c0245ea6f;0x1ff1224be14c0e69c9e0a3da1c986fcbf48abe5365227700624bc39e9fdde81d;0x32dd66389b5c367a3e60b83fd7aa309361ece42946eb04f7ed05b1c244be3a7a;0x339d4e50b7eb4aad7eab94db04be1c684ea42555ef189ce9c488964bdb91d4e9;0x6bf6ce5b16c6941ada9a4e2a003209174cd2ec6fcd619a6e045bdff0b239d1fe,0.04516129032258065,0.024691358024691246,-0.01748971193415627,-0.034979423868312765
2026-02-14,1INCH,0.0996,2954781.1784097073,313202.78464981157,3267983.963059519,0.09583975569959285,9.434083358209648,12,binance;bitget;bybit;coinbase;crypto_com;gate;htx;kraken;kucoin;mexc;okx;upbit,eth,eth,5,uniswap-v4-ethereum,0x1d6ebf506eacf0e98a8c4566687380ddf1601192acd9bce29feeaf0c0245ea6f;0x1ff1224be14c0e69c9e0a3da1c986fcbf48abe5365227700624bc39e9fdde81d;0x32dd66389b5c367a3e60b83fd7aa309361ece42946eb04f7ed05b1c244be3a7a;0x339d4e50b7eb4aad7eab94db04be1c684ea42555ef189ce9c488964bdb91d4e9;0x6bf6ce5b16c6941ada9a4e2a003209174cd2ec6fcd619a6e045bdff0b239d1fe,0.024691358024691246,-0.04116465863453811,-0.04317269076305219,-0.06626506024096379
2026-02-15,1INCH,0.0955,2998451.5352332233,146602.16272203453,3145053.6979552577,0.04661356428265351,20.452982954408704,12,binance;bitget;bybit;coinbase;crypto_com;gate;htx;kraken;kucoin;mexc;okx;upbit,eth,eth,5,uniswap-v4-ethereum,0x1d6ebf506eacf0e98a8c4566687380ddf1601192acd9bce29feeaf0c0245ea6f;0x1ff1224be14c0e69c9e0a3da1c986fcbf48abe5365227700624bc39e9fdde81d;0x32dd66389b5c367a3e60b83fd7aa309361ece42946eb04f7ed05b1c244be3a7a;0x339d4e50b7eb4aad7eab94db04be1c684ea42555ef189ce9c488964bdb91d4e9;0x6bf6ce5b16c6941ada9a4e2a003209174cd2ec6fcd619a6e045bdff0b239d1fe,-0.04116465863453811,0.0,-0.03664921465968585,-0.041884816753926746
2026-02-16,1INCH,0.0955,1988535.0988782353,132245.59698429322,2120780.6958625284,0.06235703542676227,15.036682840294585,12,binance;bitget;bybit;coinbase;crypto_com;gate;htx;kraken;kucoin;mexc;okx;upbit,eth,eth,5,uniswap-v4-ethereum,0x1d6ebf506eacf0e98a8c4566687380ddf1601192acd9bce29feeaf0c0245ea6f;0x1ff1224be14c0e69c9e0a3da1c986fcbf48abe5365227700624bc39e9fdde81d;0x32dd66389b5c367a3e60b83fd7aa309361ece42946eb04f7ed05b1c244be3a7a;0x339d4e50b7eb4aad7eab94db04be1c684ea42555ef189ce9c488964bdb91d4e9;0x6bf6ce5b16c6941ada9a4e2a003209174cd2ec6fcd619a6e045bdff0b239d1fe,0.0,-0.0020942408376963817,-0.03874345549738212,-0.07539267015706808
2026-02-17,1INCH,0.0953,2094276.4885599522,54896.49147981215,2149172.980039764,0.025543077262583327,38.14955076555502,12,binance;bitget;bybit;coinbase;crypto_com;gate;htx;kraken;kucoin;mexc;okx;upbit,eth,eth,4,uniswap-v4-ethereum,0x1ff1224be14c0e69c9e0a3da1c986fcbf48abe5365227700624bc39e9fdde81d;0x32dd66389b5c367a3e60b83fd7aa309361ece42946eb04f7ed05b1c244be3a7a;0x339d4e50b7eb4aad7eab94db04be1c684ea42555ef189ce9c488964bdb91d4e9;0x6bf6ce5b16c6941ada9a4e2a003209174cd2ec6fcd619a6e045bdff0b239d1fe,-0.0020942408376963817,-0.0346274921301154,-0.015739769150052485,-0.08079748163693601
2026-02-18,1INCH,0.092,2551093.149590217,138289.1911093208,2689382.3406995377,0.051420428035290164,18.44752383845762,12,binance;bitget;bybit;coinbase;crypto_com;gate;htx;kraken;kucoin;mexc;okx;upbit,eth,eth,5,uniswap-v4-ethereum,0x1d6ebf506eacf0e98a8c4566687380ddf1601192acd9bce29feeaf0c0245ea6f;0x1ff1224be14c0e69c9e0a3da1c986fcbf48abe5365227700624bc39e9fdde81d;0x32dd66389b5c367a3e60b83fd7aa309361ece42946eb04f7ed05b1c244be3a7a;0x339d4e50b7eb4aad7eab94db04be1c684ea42555ef189ce9c488964bdb91d4e9;0x6bf6ce5b16c6941ada9a4e2a003209174cd2ec6fcd619a6e045bdff0b239d1fe,-0.0346274921301154,-0.0021739130434781373,0.010869565217391353,0.048913043478260976
2026-02-19,1INCH,0.0918,2409945.8210522607,86345.62066190295,2496291.441714164,0.034589559223345646,27.910458024138876,12,binance;bitget;bybit;coinbase;crypto_com;gate;htx;kraken;kucoin;mexc;okx;upbit,eth,eth,5,uniswap-v4-ethereum,0x1d6ebf506eacf0e98a8c4566687380ddf1601192acd9bce29feeaf0c0245ea6f;0x1ff1224be14c0e69c9e0a3da1c986fcbf48abe5365227700624bc39e9fdde81d;0x32dd66389b5c367a3e60b83fd7aa309361ece42946eb04f7ed05b1c244be3a7a;0x339d4e50b7eb4aad7eab94db04be1c684ea42555ef189ce9c488964bdb91d4e9;0x6bf6ce5b16c6941ada9a4e2a003209174cd2ec6fcd619a6e045bdff0b239d1fe,-0.0021739130434781373,0.021786492374727517,-0.0032679738562092497,0.04030501089324612
2026-02-20,1INCH,0.0938,2682270.4961910266,206423.93503408428,2888694.431225111,0.07145924913440525,12.993989750985689,12,binance;bitget;bybit;coinbase;crypto_com;gate;htx;kraken;kucoin;mexc;okx;upbit,eth,eth,4,uniswap-v4-ethereum,0x1d6ebf506eacf0e98a8c4566687380ddf1601192acd9bce29feeaf0c0245ea6f;0x1ff1224be14c0e69c9e0a3da1c986fcbf48abe5365227700624bc39e9fdde81d;0x32dd66389b5c367a3e60b83fd7aa309361ece42946eb04f7ed05b1c244be3a7a;0x6bf6ce5b16c6941ada9a4e2a003209174cd2ec6fcd619a6e045bdff0b239d1fe,0.021786492374727517,-0.008528784648187626,-0.05863539445628985,-0.02771855010660973
2026-02-21,1INCH,0.093,1913608.2935612714,261781.20050215846,2175389.49406343,0.12033762285629823,7.309953082538076,12,binance;bitget;bybit;coinbase;crypto_com;gate;htx;kraken;kucoin;mexc;okx;upbit,eth,eth,5,uniswap-v4-ethereum,0x1d6ebf506eacf0e98a8c4566687380ddf1601192acd9bce29feeaf0c0245ea6f;0x1ff1224be14c0e69c9e0a3da1c986fcbf48abe5365227700624bc39e9fdde81d;0x32dd66389b5c367a3e60b83fd7aa309361ece42946eb04f7ed05b1c244be3a7a;0x339d4e50b7eb4aad7eab94db04be1c684ea42555ef189ce9c488964bdb91d4e9;0x6bf6ce5b16c6941ada9a4e2a003209174cd2ec6fcd619a6e045bdff0b239d1fe,-0.008528784648187626,-0.016129032258064502,-0.058064516129032295,0.006451612903225934
2026-02-22,1INCH,0.0915,2175901.395636783,136347.02401702068,2312248.4196538036,0.05896729039063845,15.958554367605101,12,binance;bitget;bybit;coinbase;crypto_com;gate;htx;kraken;kucoin;mexc;okx;upbit,eth,eth,5,uniswap-v4-ethereum,0x1d6ebf506eacf0e98a8c4566687380ddf1601192acd9bce29feeaf0c0245ea6f;0x1ff1224be14c0e69c9e0a3da1c986fcbf48abe5365227700624bc39e9fdde81d;0x32dd66389b5c367a3e60b83fd7aa309361ece42946eb04f7ed05b1c244be3a7a;0x339d4e50b7eb4aad7eab94db04be1c684ea42555ef189ce9c488964bdb91d4e9;0x6bf6ce5b16c6941ada9a4e2a003209174cd2ec6fcd619a6e045bdff0b239d1fe,-0.016129032258064502,-0.03497267759562839,0.05464480874316946,0.0010928961748635224
2026-02-23,1INCH,0.0883,3174218.689782822,241357.7805829821,3415576.470365804,0.07066384918535669,13.151507617097442,12,binance;bitget;bybit;coinbase;crypto_com;gate;htx;kraken;kucoin;mexc;okx;upbit,eth,eth,5,uniswap-v4-ethereum,0x1d6ebf506eacf0e98a8c4566687380ddf1601192acd9bce29feeaf0c0245ea6f;0x1ff1224be14c0e69c9e0a3da1c986fcbf48abe5365227700624bc39e9fdde81d;0x32dd66389b5c367a3e60b83fd7aa309361ece42946eb04f7ed05b1c244be3a7a;0x339d4e50b7eb4aad7eab94db04be1c684ea42555ef189ce9c488964bdb91d4e9;0x6bf6ce5b16c6941ada9a4e2a003209174cd2ec6fcd619a6e045bdff0b239d1fe,-0.03497267759562839,-0.007927519818799578,0.08154020385050953,0.08040770101925254
2026-02-24,1INCH,0.0876,2870625.841933106,143291.51550382137,3013917.3574369275,0.047543279562807336,20.033466963063496,12,binance;bitget;bybit;coinbase;crypto_com;gate;htx;kraken;kucoin;mexc;okx;upbit,eth,eth,5,uniswap-v4-ethereum,0x1d6ebf506eacf0e98a8c4566687380ddf1601192acd9bce29feeaf0c0245ea6f;0x1ff1224be14c0e69c9e0a3da1c986fcbf48abe5365227700624bc39e9fdde81d;0x32dd66389b5c367a3e60b83fd7aa309361ece42946eb04f7ed05b1c244be3a7a;0x339d4e50b7eb4aad7eab94db04be1c684ea42555ef189ce9c488964bdb91d4e9;0x6bf6ce5b16c6941ada9a4e2a003209174cd2ec6fcd619a6e045bdff0b239d1fe,-0.007927519818799578,0.10159817351598188,0.04109589041095907,0.07191780821917804
2026-02-25,1INCH,0.0965,3973758.02035246,512574.7845692721,4486332.804921732,0.11425251020320022,7.7525429263784345,12,binance;bitget;bybit;coinbase;crypto_com;gate;htx;kraken;kucoin;mexc;okx;upbit,eth,eth,5,uniswap-v4-ethereum,0x1d6ebf506eacf0e98a8c4566687380ddf1601192acd9bce29feeaf0c0245ea6f;0x1ff1224be14c0e69c9e0a3da1c986fcbf48abe5365227700624bc39e9fdde81d;0x32dd66389b5c367a3e60b83fd7aa309361ece42946eb04f7ed05b1c244be3a7a;0x339d4e50b7eb4aad7eab94db04be1c684ea42555ef189ce9c488964bdb91d4e9;0x6bf6ce5b16c6941ada9a4e2a003209174cd2ec6fcd619a6e045bdff0b239d1fe,0.10159817351598188,-0.010362694300518172,-0.030051813471502542,0.02901554404145079
2026-02-26,1INCH,0.0955,4818589.051770139,295426.11601057695,5114015.167780716,0.05776793895172986,16.31064009113406,12,binance;bitget;bybit;coinbase;crypto_com;gate;htx;kraken;kucoin;mexc;okx;upbit,eth,eth,5,uniswap-v4-ethereum,0x1d6ebf506eacf0e98a8c4566687380ddf1601192acd9bce29feeaf0c0245ea6f;0x1ff1224be14c0e69c9e0a3da1c986fcbf48abe5365227700624bc39e9fdde81d;0x32dd66389b5c367a3e60b83fd7aa309361ece42946eb04f7ed05b1c244be3a7a;0x339d4e50b7eb4aad7eab94db04be1c684ea42555ef189ce9c488964bdb91d4e9;0x6bf6ce5b16c6941ada9a4e2a003209174cd2ec6fcd619a6e045bdff0b239d1fe,-0.010362694300518172,-0.04502617801047115,-0.0408376963350785,0.027225130890052407
2026-02-27,1INCH,0.0912,2955075.007746575,275336.4852203628,3230411.492966938,0.0852326354768763,10.732595084089603,12,binance;bitget;bybit;coinbase;crypto_com;gate;htx;kraken;kucoin;mexc;okx;upbit,eth,eth,5,uniswap-v4-ethereum,0x1d6ebf506eacf0e98a8c4566687380ddf1601192acd9bce29feeaf0c0245ea6f;0x1ff1224be14c0e69c9e0a3da1c986fcbf48abe5365227700624bc39e9fdde81d;0x32dd66389b5c367a3e60b83fd7aa309361ece42946eb04f7ed05b1c244be3a7a;0x339d4e50b7eb4aad7eab94db04be1c684ea42555ef189ce9c488964bdb91d4e9;0x6bf6ce5b16c6941ada9a4e2a003209174cd2ec6fcd619a6e045bdff0b239d1fe,-0.04502617801047115,0.026315789473684292,0.046052631578947345,0.0274122807017545
2026-02-28,1INCH,0.0936,4399008.377132529,272587.130582899,4671595.507715428,0.058349899971584546,16.13798996205621,12,binance;bitget;bybit;coinbase;crypto_com;gate;htx;kraken;kucoin;mexc;okx;upbit,eth,eth,5,uniswap-v4-ethereum,0x1d6ebf506eacf0e98a8c4566687380ddf1601192acd9bce29feeaf0c0245ea6f;0x1ff1224be14c0e69c9e0a3da1c986fcbf48abe5365227700624bc39e9fdde81d;0x32dd66389b5c367a3e60b83fd7aa309361ece42946eb04f7ed05b1c244be3a7a;0x339d4e50b7eb4aad7eab94db04be1c684ea42555ef189ce9c488964bdb91d4e9;0x6bf6ce5b16c6941ada9a4e2a003209174cd2ec6fcd619a6e045bdff0b239d1fe,0.026315789473684292,-0.021367521367521403,0.0032051282051281937,-0.023504273504273532
2026-03-01,1INCH,0.0916,3334759.5192764234,173270.0010900267,3508029.52036645,0.04939240108558917,19.246029308580468,12,binance;bitget;bybit;coinbase;crypto_com;gate;htx;kraken;kucoin;mexc;okx;upbit,eth,eth,5,uniswap-v4-ethereum,0x1d6ebf506eacf0e98a8c4566687380ddf1601192acd9bce29feeaf0c0245ea6f;0x1ff1224be14c0e69c9e0a3da1c986fcbf48abe5365227700624bc39e9fdde81d;0x32dd66389b5c367a3e60b83fd7aa309361ece42946eb04f7ed05b1c244be3a7a;0x339d4e50b7eb4aad7eab94db04be1c684ea42555ef189ce9c488964bdb91d4e9;0x6bf6ce5b16c6941ada9a4e2a003209174cd2ec6fcd619a6e045bdff0b239d1fe,-0.021367521367521403,0.04148471615720517,0.0840611353711791,-0.014192139737991272
2026-03-02,1INCH,0.0954,4035341.3763055443,291894.3335666247,4327235.709872169,0.06745514992416429,13.824664997768723,12,binance;bitget;bybit;coinbase;crypto_com;gate;htx;kraken;kucoin;mexc;okx;upbit,eth,eth,5,uniswap-v4-ethereum,0x1d6ebf506eacf0e98a8c4566687380ddf1601192acd9bce29feeaf0c0245ea6f;0x1ff1224be14c0e69c9e0a3da1c986fcbf48abe5365227700624bc39e9fdde81d;0x32dd66389b5c367a3e60b83fd7aa309361ece42946eb04f7ed05b1c244be3a7a;0x339d4e50b7eb4aad7eab94db04be1c684ea42555ef189ce9c488964bdb91d4e9;0x6bf6ce5b16c6941ada9a4e2a003209174cd2ec6fcd619a6e045bdff0b239d1fe,0.04148471615720517,-0.01572327044025157,0.028301886792452935,-0.02620545073375269
2026-03-03,1INCH,0.0939,4413654.868967551,169729.62815733225,4583384.497124883,0.037031505487659204,26.004033101847593,12,binance;bitget;bybit;coinbase;crypto_com;gate;htx;kraken;kucoin;mexc;okx;upbit,eth,eth,5,uniswap-v4-ethereum,0x1d6ebf506eacf0e98a8c4566687380ddf1601192acd9bce29feeaf0c0245ea6f;0x1ff1224be14c0e69c9e0a3da1c986fcbf48abe5365227700624bc39e9fdde81d;0x32dd66389b5c367a3e60b83fd7aa309361ece42946eb04f7ed05b1c244be3a7a;0x339d4e50b7eb4aad7eab94db04be1c684ea42555ef189ce9c488964bdb91d4e9;0x6bf6ce5b16c6941ada9a4e2a003209174cd2ec6fcd619a6e045bdff0b239d1fe,-0.01572327044025157,0.057507987220447365,-0.0021299254526090383,-0.005324813631522929
2026-03-04,1INCH,0.0993,7153697.412247284,780652.8247482284,7934350.236995513,0.09838900495068603,9.163737304805696,12,binance;bitget;bybit;coinbase;crypto_com;gate;htx;kraken;kucoin;mexc;okx;upbit,eth,eth,5,uniswap-v4-ethereum,0x1d6ebf506eacf0e98a8c4566687380ddf1601192acd9bce29feeaf0c0245ea6f;0x1ff1224be14c0e69c9e0a3da1c986fcbf48abe5365227700624bc39e9fdde81d;0x32dd66389b5c367a3e60b83fd7aa309361ece42946eb04f7ed05b1c244be3a7a;0x339d4e50b7eb4aad7eab94db04be1c684ea42555ef189ce9c488964bdb91d4e9;0x6bf6ce5b16c6941ada9a4e2a003209174cd2ec6fcd619a6e045bdff0b239d1fe,0.057507987220447365,-0.012084592145015005,-0.07955689828801615,-0.0392749244712991
2026-03-05,1INCH,0.0981,2834343.708880064,153080.35919266744,2987424.0680727316,0.05124158998003378,18.51539755869497,12,binance;bitget;bybit;coinbase;crypto_com;gate;htx;kraken;kucoin;mexc;okx;upbit,eth,eth,5,uniswap-v4-ethereum,0x1d6ebf506eacf0e98a8c4566687380ddf1601192acd9bce29feeaf0c0245ea6f;0x1ff1224be14c0e69c9e0a3da1c986fcbf48abe5365227700624bc39e9fdde81d;0x32dd66389b5c367a3e60b83fd7aa309361ece42946eb04f7ed05b1c244be3a7a;0x339d4e50b7eb4aad7eab94db04be1c684ea42555ef189ce9c488964bdb91d4e9;0x6bf6ce5b16c6941ada9a4e2a003209174cd2ec6fcd619a6e045bdff0b239d1fe,-0.012084592145015005,-0.04485219164118248,-0.07951070336391441,-0.017329255861366022
2026-03-06,1INCH,0.0937,1998679.0221980151,82843.30475259913,2081522.3269506143,0.03979938321101883,24.126017523888176,12,binance;bitget;bybit;coinbase;crypto_com;gate;htx;kraken;kucoin;mexc;okx;upbit,eth,eth,5,uniswap-v4-ethereum,0x1d6ebf506eacf0e98a8c4566687380ddf1601192acd9bce29feeaf0c0245ea6f;0x1ff1224be14c0e69c9e0a3da1c986fcbf48abe5365227700624bc39e9fdde81d;0x32dd66389b5c367a3e60b83fd7aa309361ece42946eb04f7ed05b1c244be3a7a;0x339d4e50b7eb4aad7eab94db04be1c684ea42555ef189ce9c488964bdb91d4e9;0x6bf6ce5b16c6941ada9a4e2a003209174cd2ec6fcd619a6e045bdff0b239d1fe,-0.04485219164118248,-0.02454642475987201,-0.008537886872999056,0.04482390608324427
2026-03-07,1INCH,0.0914,1792246.4989293388,31721.299003474738,1823967.7979328134,0.01739137008856513,56.49978264550316,12,binance;bitget;bybit;coinbase;crypto_com;gate;htx;kraken;kucoin;mexc;okx;upbit,eth,eth,5,uniswap-v4-ethereum,0x1d6ebf506eacf0e98a8c4566687380ddf1601192acd9bce29feeaf0c0245ea6f;0x1ff1224be14c0e69c9e0a3da1c986fcbf48abe5365227700624bc39e9fdde81d;0x32dd66389b5c367a3e60b83fd7aa309361ece42946eb04f7ed05b1c244be3a7a;0x339d4e50b7eb4aad7eab94db04be1c684ea42555ef189ce9c488964bdb91d4e9;0x6bf6ce5b16c6941ada9a4e2a003209174cd2ec6fcd619a6e045bdff0b239d1fe,-0.02454642475987201,-0.012035010940918967,0.021881838074398363,0.06236323851203518
2026-03-08,1INCH,0.0903,2207541.9440240962,72519.50135467233,2280061.4453787687,0.0318059416783065,30.44066634197654,12,binance;bitget;bybit;coinbase;crypto_com;gate;htx;kraken;kucoin;mexc;okx;upbit,eth,eth,5,uniswap-v4-ethereum,0x1d6ebf506eacf0e98a8c4566687380ddf1601192acd9bce29feeaf0c0245ea6f;0x1ff1224be14c0e69c9e0a3da1c986fcbf48abe5365227700624bc39e9fdde81d;0x32dd66389b5c367a3e60b83fd7aa309361ece42946eb04f7ed05b1c244be3a7a;0x339d4e50b7eb4aad7eab94db04be1c684ea42555ef189ce9c488964bdb91d4e9;0x6bf6ce5b16c6941ada9a4e2a003209174cd2ec6fcd619a6e045bdff0b239d1fe,-0.012035010940918967,0.02879291251384264,0.05647840531561443,0.11184939091915824
2026-03-09,1INCH,0.0929,2531719.020111259,166319.50329994533,2698038.5234112046,0.06164459916223249,15.22202128962281,12,binance;bitget;bybit;coinbase;crypto_com;gate;htx;kraken;kucoin;mexc;okx;upbit,eth,eth,5,uniswap-v4-ethereum,0x1d6ebf506eacf0e98a8c4566687380ddf1601192acd9bce29feeaf0c0245ea6f;0x1ff1224be14c0e69c9e0a3da1c986fcbf48abe5365227700624bc39e9fdde81d;0x32dd66389b5c367a3e60b83fd7aa309361ece42946eb04f7ed05b1c244be3a7a;0x339d4e50b7eb4aad7eab94db04be1c684ea42555ef189ce9c488964bdb91d4e9;0x6bf6ce5b16c6941ada9a4e2a003209174cd2ec6fcd619a6e045bdff0b239d1fe,0.02879291251384264,0.005382131324004336,0.03767491926803013,0.1259418729817008
2026-03-10,1INCH,0.0934,2695524.382954488,166372.59722927836,2861896.980183766,0.058133677900102244,16.201732904606768,12,binance;bitget;bybit;coinbase;crypto_com;gate;htx;kraken;kucoin;mexc;okx;upbit,eth,eth,5,uniswap-v4-ethereum,0x1d6ebf506eacf0e98a8c4566687380ddf1601192acd9bce29feeaf0c0245ea6f;0x1ff1224be14c0e69c9e0a3da1c986fcbf48abe5365227700624bc39e9fdde81d;0x32dd66389b5c367a3e60b83fd7aa309361ece42946eb04f7ed05b1c244be3a7a;0x339d4e50b7eb4aad7eab94db04be1c684ea42555ef189ce9c488964bdb91d4e9;0x6bf6ce5b16c6941ada9a4e2a003209174cd2ec6fcd619a6e045bdff0b239d1fe,0.005382131324004336,0.021413276231263323,0.048179871520342754,0.11456102783725908
2026-03-11,1INCH,0.0954,2667592.37703963,89038.39528076487,2756630.772320395,0.03229971753011259,29.960023073505624,12,binance;bitget;bybit;coinbase;crypto_com;gate;htx;kraken;kucoin;mexc;okx;upbit,eth,eth,5,uniswap-v4-ethereum,0x1d6ebf506eacf0e98a8c4566687380ddf1601192acd9bce29feeaf0c0245ea6f;0x1ff1224be14c0e69c9e0a3da1c986fcbf48abe5365227700624bc39e9fdde81d;0x32dd66389b5c367a3e60b83fd7aa309361ece42946eb04f7ed05b1c244be3a7a;0x339d4e50b7eb4aad7eab94db04be1c684ea42555ef189ce9c488964bdb91d4e9;0x6bf6ce5b16c6941ada9a4e2a003209174cd2ec6fcd619a6e045bdff0b239d1fe,0.021413276231263323,0.01048218029350112,0.017819706498951815,0.029350104821803003
2026-03-12,1INCH,0.0964,3391150.0573741402,125728.14816430517,3516878.2055384456,0.03574992957285417,26.97208307675452,12,binance;bitget;bybit;coinbase;crypto_com;gate;htx;kraken;kucoin;mexc;okx;upbit,eth,eth,5,uniswap-v4-ethereum,0x1d6ebf506eacf0e98a8c4566687380ddf1601192acd9bce29feeaf0c0245ea6f;0x1ff1224be14c0e69c9e0a3da1c986fcbf48abe5365227700624bc39e9fdde81d;0x32dd66389b5c367a3e60b83fd7aa309361ece42946eb04f7ed05b1c244be3a7a;0x339d4e50b7eb4aad7eab94db04be1c684ea42555ef189ce9c488964bdb91d4e9;0x6bf6ce5b16c6941ada9a4e2a003209174cd2ec6fcd619a6e045bdff0b239d1fe,0.01048218029350112,0.01556016597510368,0.04149377593361003,-0.007261410788381828
2026-03-13,1INCH,0.0979,3477235.4921666654,188703.87837399688,3665939.370540662,0.051474904328864104,18.42694237197948,12,binance;bitget;bybit;coinbase;crypto_com;gate;htx;kraken;kucoin;mexc;okx;upbit,eth,eth,5,uniswap-v4-ethereum,0x1d6ebf506eacf0e98a8c4566687380ddf1601192acd9bce29feeaf0c0245ea6f;0x1ff1224be14c0e69c9e0a3da1c986fcbf48abe5365227700624bc39e9fdde81d;0x32dd66389b5c367a3e60b83fd7aa309361ece42946eb04f7ed05b1c244be3a7a;0x339d4e50b7eb4aad7eab94db04be1c684ea42555ef189ce9c488964bdb91d4e9;0x6bf6ce5b16c6941ada9a4e2a003209174cd2ec6fcd619a6e045bdff0b239d1fe,0.01556016597510368,-0.008171603677221584,0.06843718079673122,-0.023493360572012234
2026-03-14,1INCH,0.0971,1653092.007423318,88125.35318640804,1741217.360609726,0.05061134536101167,18.758415684605524,12,binance;bitget;bybit;coinbase;crypto_com;gate;htx;kraken;kucoin;mexc;okx;upbit,eth,eth,5,uniswap-v4-ethereum,0x1d6ebf506eacf0e98a8c4566687380ddf1601192acd9bce29feeaf0c0245ea6f;0x1ff1224be14c0e69c9e0a3da1c986fcbf48abe5365227700624bc39e9fdde81d;0x32dd66389b5c367a3e60b83fd7aa309361ece42946eb04f7ed05b1c244be3a7a;0x339d4e50b7eb4aad7eab94db04be1c684ea42555ef189ce9c488964bdb91d4e9;0x6bf6ce5b16c6941ada9a4e2a003209174cd2ec6fcd619a6e045bdff0b239d1fe,-0.008171603677221584,0.03398558187435641,0.07209062821833156,-0.04531410916580847
2026-03-15,1INCH,0.1004,3815239.3881892227,155201.3488306366,3970440.7370198593,0.03908919918727408,24.582514372040677,12,binance;bitget;bybit;coinbase;crypto_com;gate;htx;kraken;kucoin;mexc;okx;upbit,eth,eth,5,uniswap-v4-ethereum,0x1d6ebf506eacf0e98a8c4566687380ddf1601192acd9bce29feeaf0c0245ea6f;0x1ff1224be14c0e69c9e0a3da1c986fcbf48abe5365227700624bc39e9fdde81d;0x32dd66389b5c367a3e60b83fd7aa309361ece42946eb04f7ed05b1c244be3a7a;0x339d4e50b7eb4aad7eab94db04be1c684ea42555ef189ce9c488964bdb91d4e9;0x6bf6ce5b16c6941ada9a4e2a003209174cd2ec6fcd619a6e045bdff0b239d1fe,0.03398558187435641,0.041832669322709126,-0.021912350597609653,-0.09262948207171318
2026-03-16,1INCH,0.1046,10191869.289611328,1120858.552571179,11312727.842182508,0.09907942347837279,9.092912987309434,12,binance;bitget;bybit;coinbase;crypto_com;gate;htx;kraken;kucoin;mexc;okx;upbit,eth,eth,5,uniswap-v4-ethereum,0x1d6ebf506eacf0e98a8c4566687380ddf1601192acd9bce29feeaf0c0245ea6f;0x1ff1224be14c0e69c9e0a3da1c986fcbf48abe5365227700624bc39e9fdde81d;0x32dd66389b5c367a3e60b83fd7aa309361ece42946eb04f7ed05b1c244be3a7a;0x339d4e50b7eb4aad7eab94db04be1c684ea42555ef189ce9c488964bdb91d4e9;0x6bf6ce5b16c6941ada9a4e2a003209174cd2ec6fcd619a6e045bdff0b239d1fe,0.041832669322709126,-0.004780114722753304,-0.08508604206500958,-0.0917782026768642
2026-03-17,1INCH,0.1041,3662969.264013429,180974.67289859723,3843943.9369120263,0.047080466278595225,20.24023143871543,12,binance;bitget;bybit;coinbase;crypto_com;gate;htx;kraken;kucoin;mexc;okx;upbit,eth,eth,5,uniswap-v4-ethereum,0x1d6ebf506eacf0e98a8c4566687380ddf1601192acd9bce29feeaf0c0245ea6f;0x1ff1224be14c0e69c9e0a3da1c986fcbf48abe5365227700624bc39e9fdde81d;0x32dd66389b5c367a3e60b83fd7aa309361ece42946eb04f7ed05b1c244be3a7a;0x339d4e50b7eb4aad7eab94db04be1c684ea42555ef189ce9c488964bdb91d4e9;0x6bf6ce5b16c6941ada9a4e2a003209174cd2ec6fcd619a6e045bdff0b239d1fe,-0.004780114722753304,-0.056676272814601414,-0.08165225744476456,-0.08933717579250722
2026-03-18,1INCH,0.0982,1862879.349648607,103118.78239189794,1965998.1320405048,0.052451109037866275,18.065373799399843,12,binance;bitget;bybit;coinbase;crypto_com;gate;htx;kraken;kucoin;mexc;okx;upbit,eth,eth,5,uniswap-v4-ethereum,0x1d6ebf506eacf0e98a8c4566687380ddf1601192acd9bce29feeaf0c0245ea6f;0x1ff1224be14c0e69c9e0a3da1c986fcbf48abe5365227700624bc39e9fdde81d;0x32dd66389b5c367a3e60b83fd7aa309361ece42946eb04f7ed05b1c244be3a7a;0x339d4e50b7eb4aad7eab94db04be1c684ea42555ef189ce9c488964bdb91d4e9;0x6bf6ce5b16c6941ada9a4e2a003209174cd2ec6fcd619a6e045bdff0b239d1fe,-0.056676272814601414,-0.025458248472505107,-0.05600814663951115,-0.021384928716904228
2026-03-19,1INCH,0.0957,1778218.2346788496,67366.82843104495,1845585.0631098945,0.03650161121131355,26.396050936240684,12,binance;bitget;bybit;coinbase;crypto_com;gate;htx;kraken;kucoin;mexc;okx;upbit,eth,eth,5,uniswap-v4-ethereum,0x1d6ebf506eacf0e98a8c4566687380ddf1601192acd9bce29feeaf0c0245ea6f;0x1ff1224be14c0e69c9e0a3da1c986fcbf48abe5365227700624bc39e9fdde81d;0x32dd66389b5c367a3e60b83fd7aa309361ece42946eb04f7ed05b1c244be3a7a;0x339d4e50b7eb4aad7eab94db04be1c684ea42555ef189ce9c488964bdb91d4e9;0x6bf6ce5b16c6941ada9a4e2a003209174cd2ec6fcd619a6e045bdff0b239d1fe,-0.025458248472505107,-0.0010449320794146955,-0.04806687565308243,-0.045977011494252706
2026-03-20,1INCH,0.0956,1549919.7489344045,41781.51523310097,1591701.2641675053,0.026249596060322046,37.095824320571715,12,binance;bitget;bybit;coinbase;crypto_com;gate;htx;kraken;kucoin;mexc;okx;upbit,eth,eth,3,uniswap-v4-ethereum,0x1d6ebf506eacf0e98a8c4566687380ddf1601192acd9bce29feeaf0c0245ea6f;0x1ff1224be14c0e69c9e0a3da1c986fcbf48abe5365227700624bc39e9fdde81d;0x32dd66389b5c367a3e60b83fd7aa309361ece42946eb04f7ed05b1c244be3a7a,-0.0010449320794146955,-0.030334728033472813,-0.006276150627615107,-0.08577405857740583
2026-03-21,1INCH,0.0927,1533134.9517524522,50197.76424801421,1583332.7160004664,0.03170386346516914,30.541897128677437,12,binance;bitget;bybit;coinbase;crypto_com;gate;htx;kraken;kucoin;mexc;okx;upbit,eth,eth,4,uniswap-v4-ethereum,0x1d6ebf506eacf0e98a8c4566687380ddf1601192acd9bce29feeaf0c0245ea6f;0x1ff1224be14c0e69c9e0a3da1c986fcbf48abe5365227700624bc39e9fdde81d;0x32dd66389b5c367a3e60b83fd7aa309361ece42946eb04f7ed05b1c244be3a7a;0x6bf6ce5b16c6941ada9a4e2a003209174cd2ec6fcd619a6e045bdff0b239d1fe,-0.030334728033472813,-0.017259978425027023,0.02265372168284774,-0.058252427184465994
2026-03-22,1INCH,0.0911,1817067.8524500853,88017.1605682997,1905085.013018385,0.04620117210876946,20.64447251783445,12,binance;bitget;bybit;coinbase;crypto_com;gate;htx;kraken;kucoin;mexc;okx;upbit,eth,eth,4,uniswap-v4-ethereum,0x1d6ebf506eacf0e98a8c4566687380ddf1601192acd9bce29feeaf0c0245ea6f;0x1ff1224be14c0e69c9e0a3da1c986fcbf48abe5365227700624bc39e9fdde81d;0x339d4e50b7eb4aad7eab94db04be1c684ea42555ef189ce9c488964bdb91d4e9;0x6bf6ce5b16c6941ada9a4e2a003209174cd2ec6fcd619a6e045bdff0b239d1fe,-0.017259978425027023,0.04281009879253572,0.05488474204171245,-0.052689352360043906
2026-03-23,1INCH,0.095,2455776.8122055447,200515.43221855554,2656292.2444241,0.07548696218929347,12.247320742519333,12,binance;bitget;bybit;coinbase;crypto_com;gate;htx;kraken;kucoin;mexc;okx;upbit,eth,eth,5,uniswap-v4-ethereum,0x1d6ebf506eacf0e98a8c4566687380ddf1601192acd9bce29feeaf0c0245ea6f;0x1ff1224be14c0e69c9e0a3da1c986fcbf48abe5365227700624bc39e9fdde81d;0x32dd66389b5c367a3e60b83fd7aa309361ece42946eb04f7ed05b1c244be3a7a;0x339d4e50b7eb4aad7eab94db04be1c684ea42555ef189ce9c488964bdb91d4e9;0x6bf6ce5b16c6941ada9a4e2a003209174cd2ec6fcd619a6e045bdff0b239d1fe,0.04281009879253572,-0.002105263157894832,-0.03894736842105262,-0.0747368421052631
2026-03-24,1INCH,0.0948,1972270.8797790194,45060.444842312754,2017331.324621332,0.022336660464423678,43.76944982857811,12,binance;bitget;bybit;coinbase;crypto_com;gate;htx;kraken;kucoin;mexc;okx;upbit,eth,eth,4,uniswap-v4-ethereum,0x1ff1224be14c0e69c9e0a3da1c986fcbf48abe5365227700624bc39e9fdde81d;0x32dd66389b5c367a3e60b83fd7aa309361ece42946eb04f7ed05b1c244be3a7a;0x339d4e50b7eb4aad7eab94db04be1c684ea42555ef189ce9c488964bdb91d4e9;0x6bf6ce5b16c6941ada9a4e2a003209174cd2ec6fcd619a6e045bdff0b239d1fe,-0.002105263157894832,0.01371308016877637,-0.07805907172995774,-0.043248945147679296
2026-03-25,1INCH,0.0961,2296109.434689004,153761.4395441369,2449870.874233141,0.06276307913259604,14.93293404052653,12,binance;bitget;bybit;coinbase;crypto_com;gate;htx;kraken;kucoin;mexc;okx;upbit,eth,eth,5,uniswap-v4-ethereum,0x1d6ebf506eacf0e98a8c4566687380ddf1601192acd9bce29feeaf0c0245ea6f;0x1ff1224be14c0e69c9e0a3da1c986fcbf48abe5365227700624bc39e9fdde81d;0x32dd66389b5c367a3e60b83fd7aa309361ece42946eb04f7ed05b1c244be3a7a;0x339d4e50b7eb4aad7eab94db04be1c684ea42555ef189ce9c488964bdb91d4e9;0x6bf6ce5b16c6941ada9a4e2a003209174cd2ec6fcd619a6e045bdff0b239d1fe,0.01371308016877637,-0.04994797086368363,-0.0915712799167534,-0.04682622268470349
2026-03-26,1INCH,0.0913,2512448.3245584914,64874.61866519816,2577322.9432236897,0.025171319269774412,38.72775480229972,12,binance;bitget;bybit;coinbase;crypto_com;gate;htx;kraken;kucoin;mexc;okx;upbit,eth,eth,4,uniswap-v4-ethereum,0x1ff1224be14c0e69c9e0a3da1c986fcbf48abe5365227700624bc39e9fdde81d;0x32dd66389b5c367a3e60b83fd7aa309361ece42946eb04f7ed05b1c244be3a7a;0x339d4e50b7eb4aad7eab94db04be1c684ea42555ef189ce9c488964bdb91d4e9;0x6bf6ce5b16c6941ada9a4e2a003209174cd2ec6fcd619a6e045bdff0b239d1fe,-0.04994797086368363,-0.042716319824753546,-0.05476451259583792,-0.03943044906900339
2026-03-27,1INCH,0.0874,2366840.844974054,108355.71529145107,2475196.560265505,0.043776610322950736,21.843248771952783,12,binance;bitget;bybit;coinbase;crypto_com;gate;htx;kraken;kucoin;mexc;okx;upbit,eth,eth,5,uniswap-v4-ethereum,0x1d6ebf506eacf0e98a8c4566687380ddf1601192acd9bce29feeaf0c0245ea6f;0x1ff1224be14c0e69c9e0a3da1c986fcbf48abe5365227700624bc39e9fdde81d;0x32dd66389b5c367a3e60b83fd7aa309361ece42946eb04f7ed05b1c244be3a7a;0x339d4e50b7eb4aad7eab94db04be1c684ea42555ef189ce9c488964bdb91d4e9;0x6bf6ce5b16c6941ada9a4e2a003209174cd2ec6fcd619a6e045bdff0b239d1fe,-0.042716319824753546,-0.0011441647597254523,0.005720823798627039,0.0022883295194506825
2026-03-28,1INCH,0.0873,1652794.8389040898,68869.7291783973,1721664.568082487,0.04000182756569204,23.998857823627535,12,binance;bitget;bybit;coinbase;crypto_com;gate;htx;kraken;kucoin;mexc;okx;upbit,eth,eth,5,uniswap-v4-ethereum,0x1d6ebf506eacf0e98a8c4566687380ddf1601192acd9bce29feeaf0c0245ea6f;0x1ff1224be14c0e69c9e0a3da1c986fcbf48abe5365227700624bc39e9fdde81d;0x32dd66389b5c367a3e60b83fd7aa309361ece42946eb04f7ed05b1c244be3a7a;0x339d4e50b7eb4aad7eab94db04be1c684ea42555ef189ce9c488964bdb91d4e9;0x6bf6ce5b16c6941ada9a4e2a003209174cd2ec6fcd619a6e045bdff0b239d1fe,-0.0011441647597254523,-0.01145475372279492,0.03894616265750295,0.0068728522336769515
2026-03-29,1INCH,0.0863,2490852.3358358056,81264.1106278702,2572116.4464636757,0.031594258004764036,30.65132094095111,12,binance;bitget;bybit;coinbase;crypto_com;gate;htx;kraken;kucoin;mexc;okx;upbit,eth,eth,5,uniswap-v4-ethereum,0x1d6ebf506eacf0e98a8c4566687380ddf1601192acd9bce29feeaf0c0245ea6f;0x1ff1224be14c0e69c9e0a3da1c986fcbf48abe5365227700624bc39e9fdde81d;0x32dd66389b5c367a3e60b83fd7aa309361ece42946eb04f7ed05b1c244be3a7a;0x339d4e50b7eb4aad7eab94db04be1c684ea42555ef189ce9c488964bdb91d4e9;0x6bf6ce5b16c6941ada9a4e2a003209174cd2ec6fcd619a6e045bdff0b239d1fe,-0.01145475372279492,0.018539976825028948,0.06141367323290847,0.030127462340672206
2026-03-30,1INCH,0.0879,2813268.9202830466,147646.56505163212,2960915.4853346786,0.04986517372174955,19.054076329505154,12,binance;bitget;bybit;coinbase;crypto_com;gate;htx;kraken;kucoin;mexc;okx;upbit,eth,eth,5,uniswap-v4-ethereum,0x1d6ebf506eacf0e98a8c4566687380ddf1601192acd9bce29feeaf0c0245ea6f;0x1ff1224be14c0e69c9e0a3da1c986fcbf48abe5365227700624bc39e9fdde81d;0x32dd66389b5c367a3e60b83fd7aa309361ece42946eb04f7ed05b1c244be3a7a;0x339d4e50b7eb4aad7eab94db04be1c684ea42555ef189ce9c488964bdb91d4e9;0x6bf6ce5b16c6941ada9a4e2a003209174cd2ec6fcd619a6e045bdff0b239d1fe,0.018539976825028948,0.03185437997724683,-0.0022753128555177415,0.014789533560864543
2026-03-31,1INCH,0.0907,2721820.512385053,92460.25321770334,2814280.7656027563,0.032853954853328364,29.437735866636224,12,binance;bitget;bybit;coinbase;crypto_com;gate;htx;kraken;kucoin;mexc;okx;upbit,eth,eth,5,uniswap-v4-ethereum,0x1d6ebf506eacf0e98a8c4566687380ddf1601192acd9bce29feeaf0c0245ea6f;0x1ff1224be14c0e69c9e0a3da1c986fcbf48abe5365227700624bc39e9fdde81d;0x32dd66389b5c367a3e60b83fd7aa309361ece42946eb04f7ed05b1c244be3a7a;0x339d4e50b7eb4aad7eab94db04be1c684ea42555ef189ce9c488964bdb91d4e9;0x6bf6ce5b16c6941ada9a4e2a003209174cd2ec6fcd619a6e045bdff0b239d1fe,0.03185437997724683,0.009922822491730932,-0.034178610804851184,0.044101433296582115
2026-04-01,1INCH,0.0916,3251046.3908815426,95648.80276311937,3346695.193644662,0.028580075934239668,33.98941018564525,12,binance;bitget;bybit;coinbase;crypto_com;gate;htx;kraken;kucoin;mexc;okx;upbit,eth,eth,5,uniswap-v4-ethereum,0x1d6ebf506eacf0e98a8c4566687380ddf1601192acd9bce29feeaf0c0245ea6f;0x1ff1224be14c0e69c9e0a3da1c986fcbf48abe5365227700624bc39e9fdde81d;0x32dd66389b5c367a3e60b83fd7aa309361ece42946eb04f7ed05b1c244be3a7a;0x339d4e50b7eb4aad7eab94db04be1c684ea42555ef189ce9c488964bdb91d4e9;0x6bf6ce5b16c6941ada9a4e2a003209174cd2ec6fcd619a6e045bdff0b239d1fe,0.009922822491730932,-0.042576419213973815,-0.04039301310043664,0.0032751091703056012
2026-04-02,1INCH,0.0877,3341502.4673805563,350361.174648511,3691863.6420290675,0.09490089792589161,9.537308095661043,12,binance;bitget;bybit;coinbase;crypto_com;gate;htx;kraken;kucoin;mexc;okx;upbit,eth,eth,5,uniswap-v4-ethereum,0x1d6ebf506eacf0e98a8c4566687380ddf1601192acd9bce29feeaf0c0245ea6f;0x1ff1224be14c0e69c9e0a3da1c986fcbf48abe5365227700624bc39e9fdde81d;0x32dd66389b5c367a3e60b83fd7aa309361ece42946eb04f7ed05b1c244be3a7a;0x339d4e50b7eb4aad7eab94db04be1c684ea42555ef189ce9c488964bdb91d4e9;0x6bf6ce5b16c6941ada9a4e2a003209174cd2ec6fcd619a6e045bdff0b239d1fe,-0.042576419213973815,-0.0011402508551882073,0.013683010262257822,0.054732041049030844
2026-04-03,1INCH,0.0876,2290604.021147244,148891.766393456,2439495.7875407003,0.06103382803688154,15.384356547253102,12,binance;bitget;bybit;coinbase;crypto_com;gate;htx;kraken;kucoin;mexc;okx;upbit,eth,eth,5,uniswap-v4-ethereum,0x1d6ebf506eacf0e98a8c4566687380ddf1601192acd9bce29feeaf0c0245ea6f;0x1ff1224be14c0e69c9e0a3da1c986fcbf48abe5365227700624bc39e9fdde81d;0x32dd66389b5c367a3e60b83fd7aa309361ece42946eb04f7ed05b1c244be3a7a;0x339d4e50b7eb4aad7eab94db04be1c684ea42555ef189ce9c488964bdb91d4e9;0x6bf6ce5b16c6941ada9a4e2a003209174cd2ec6fcd619a6e045bdff0b239d1fe,-0.0011402508551882073,0.0034246575342467,0.0182648401826484,0.06506849315068486
2026-04-04,1INCH,0.0879,3282299.659215182,41480.27561694326,3323779.9348321254,0.012479850179683545,79.12916706547813,12,binance;bitget;bybit;coinbase;crypto_com;gate;htx;kraken;kucoin;mexc;okx;upbit,eth,eth,5,uniswap-v4-ethereum,0x1d6ebf506eacf0e98a8c4566687380ddf1601192acd9bce29feeaf0c0245ea6f;0x1ff1224be14c0e69c9e0a3da1c986fcbf48abe5365227700624bc39e9fdde81d;0x32dd66389b5c367a3e60b83fd7aa309361ece42946eb04f7ed05b1c244be3a7a;0x339d4e50b7eb4aad7eab94db04be1c684ea42555ef189ce9c488964bdb91d4e9;0x6bf6ce5b16c6941ada9a4e2a003209174cd2ec6fcd619a6e045bdff0b239d1fe,0.0034246575342467,0.011376564277588264,0.07736063708759944,0.0659840728100114
2026-04-05,1INCH,0.0889,6489213.716364495,471061.4404811209,6960275.156845616,0.06767856584201551,13.77572681333608,12,binance;bitget;bybit;coinbase;crypto_com;gate;htx;kraken;kucoin;mexc;okx;upbit,eth,eth,5,uniswap-v4-ethereum,0x1d6ebf506eacf0e98a8c4566687380ddf1601192acd9bce29feeaf0c0245ea6f;0x1ff1224be14c0e69c9e0a3da1c986fcbf48abe5365227700624bc39e9fdde81d;0x32dd66389b5c367a3e60b83fd7aa309361ece42946eb04f7ed05b1c244be3a7a;0x339d4e50b7eb4aad7eab94db04be1c684ea42555ef189ce9c488964bdb91d4e9;0x6bf6ce5b16c6941ada9a4e2a003209174cd2ec6fcd619a6e045bdff0b239d1fe,0.011376564277588264,0.003374578177727683,0.03374578177727772,0.029246344206973918
2026-04-06,1INCH,0.0892,3430993.6455322807,73244.0925275681,3504237.7380598485,0.020901576320595278,46.843281514354224,12,binance;bitget;bybit;coinbase;crypto_com;gate;htx;kraken;kucoin;mexc;okx;upbit,eth,eth,4,uniswap-v4-ethereum,0x1ff1224be14c0e69c9e0a3da1c986fcbf48abe5365227700624bc39e9fdde81d;0x32dd66389b5c367a3e60b83fd7aa309361ece42946eb04f7ed05b1c244be3a7a;0x339d4e50b7eb4aad7eab94db04be1c684ea42555ef189ce9c488964bdb91d4e9;0x6bf6ce5b16c6941ada9a4e2a003209174cd2ec6fcd619a6e045bdff0b239d1fe,0.003374578177727683,0.06165919282511223,0.036995515695067205,0.07623318385650224
2026-04-07,1INCH,0.0947,3146631.960481798,244552.507176978,3391184.467658776,0.07211418591623046,12.866897161698859,12,binance;bitget;bybit;coinbase;crypto_com;gate;htx;kraken;kucoin;mexc;okx;upbit,eth,eth,5,uniswap-v4-ethereum,0x1d6ebf506eacf0e98a8c4566687380ddf1601192acd9bce29feeaf0c0245ea6f;0x1ff1224be14c0e69c9e0a3da1c986fcbf48abe5365227700624bc39e9fdde81d;0x32dd66389b5c367a3e60b83fd7aa309361ece42946eb04f7ed05b1c244be3a7a;0x339d4e50b7eb4aad7eab94db04be1c684ea42555ef189ce9c488964bdb91d4e9;0x6bf6ce5b16c6941ada9a4e2a003209174cd2ec6fcd619a6e045bdff0b239d1fe,0.06165919282511223,-0.029567053854276826,-0.014783526927138468,-0.011615628299894487
2026-04-08,1INCH,0.0919,2302274.2829873185,138853.7931629455,2441128.076150264,0.056880994700582166,16.580564567549047,12,binance;bitget;bybit;coinbase;crypto_com;gate;htx;kraken;kucoin;mexc;okx;upbit,eth,eth,5,uniswap-v4-ethereum,0x1d6ebf506eacf0e98a8c4566687380ddf1601192acd9bce29feeaf0c0245ea6f;0x1ff1224be14c0e69c9e0a3da1c986fcbf48abe5365227700624bc39e9fdde81d;0x32dd66389b5c367a3e60b83fd7aa309361ece42946eb04f7ed05b1c244be3a7a;0x339d4e50b7eb4aad7eab94db04be1c684ea42555ef189ce9c488964bdb91d4e9;0x6bf6ce5b16c6941ada9a4e2a003209174cd2ec6fcd619a6e045bdff0b239d1fe,-0.029567053854276826,0.006528835690968515,0.019586507072905546,0.0337323177366704
2026-04-09,1INCH,0.0925,2248253.759087481,95467.03446911059,2343720.7935565915,0.04073310896569704,23.550053393718105,12,binance;bitget;bybit;coinbase;crypto_com;gate;htx;kraken;kucoin;mexc;okx;upbit,eth,eth,5,uniswap-v4-ethereum,0x1d6ebf506eacf0e98a8c4566687380ddf1601192acd9bce29feeaf0c0245ea6f;0x1ff1224be14c0e69c9e0a3da1c986fcbf48abe5365227700624bc39e9fdde81d;0x32dd66389b5c367a3e60b83fd7aa309361ece42946eb04f7ed05b1c244be3a7a;0x339d4e50b7eb4aad7eab94db04be1c684ea42555ef189ce9c488964bdb91d4e9;0x6bf6ce5b16c6941ada9a4e2a003209174cd2ec6fcd619a6e045bdff0b239d1fe,0.006528835690968515,0.00864864864864856,-0.010810810810810811,0.05837837837837845
2026-04-10,1INCH,0.0933,2176860.8709531836,64920.99769391646,2241781.8686471,0.028959551596826786,33.53092140106113,12,binance;bitget;bybit;coinbase;crypto_com;gate;htx;kraken;kucoin;mexc;okx;upbit,eth,eth,4,uniswap-v4-ethereum,0x1d6ebf506eacf0e98a8c4566687380ddf1601192acd9bce29feeaf0c0245ea6f;0x1ff1224be14c0e69c9e0a3da1c986fcbf48abe5365227700624bc39e9fdde81d;0x32dd66389b5c367a3e60b83fd7aa309361ece42946eb04f7ed05b1c244be3a7a;0x6bf6ce5b16c6941ada9a4e2a003209174cd2ec6fcd619a6e045bdff0b239d1fe,0.00864864864864856,0.004287245444801746,0.02893890675241173,0.05037513397642024
2026-04-11,1INCH,0.0937,2704386.405852198,157899.8942041665,2862286.300056365,0.05516565348513778,17.12722113895398,12,binance;bitget;bybit;coinbase;crypto_com;gate;htx;kraken;kucoin;mexc;okx;upbit,eth,eth,4,uniswap-v4-ethereum,0x1d6ebf506eacf0e98a8c4566687380ddf1601192acd9bce29feeaf0c0245ea6f;0x1ff1224be14c0e69c9e0a3da1c986fcbf48abe5365227700624bc39e9fdde81d;0x32dd66389b5c367a3e60b83fd7aa309361ece42946eb04f7ed05b1c244be3a7a;0x6bf6ce5b16c6941ada9a4e2a003209174cd2ec6fcd619a6e045bdff0b239d1fe,0.004287245444801746,-0.023479188900747183,-0.0010672358591249376,0.014941302027748016
2026-04-12,1INCH,0.0915,1950465.9309943826,87761.10716881088,2038227.0381631935,0.043057571862994866,22.22471882952215,12,binance;bitget;bybit;coinbase;crypto_com;gate;htx;kraken;kucoin;mexc;okx;upbit,eth,eth,5,uniswap-v4-ethereum,0x1d6ebf506eacf0e98a8c4566687380ddf1601192acd9bce29feeaf0c0245ea6f;0x1ff1224be14c0e69c9e0a3da1c986fcbf48abe5365227700624bc39e9fdde81d;0x32dd66389b5c367a3e60b83fd7aa309361ece42946eb04f7ed05b1c244be3a7a;0x339d4e50b7eb4aad7eab94db04be1c684ea42555ef189ce9c488964bdb91d4e9;0x6bf6ce5b16c6941ada9a4e2a003209174cd2ec6fcd619a6e045bdff0b239d1fe,-0.023479188900747183,0.049180327868852514,0.03825136612021862,0.006557377049180468
2026-04-13,1INCH,0.096,3599768.7683093487,401255.38909314835,4001024.1574024973,0.1002881695554788,8.971265847531559,12,binance;bitget;bybit;coinbase;crypto_com;gate;htx;kraken;kucoin;mexc;okx;upbit,eth,eth,5,uniswap-v4-ethereum,0x1d6ebf506eacf0e98a8c4566687380ddf1601192acd9bce29feeaf0c0245ea6f;0x1ff1224be14c0e69c9e0a3da1c986fcbf48abe5365227700624bc39e9fdde81d;0x32dd66389b5c367a3e60b83fd7aa309361ece42946eb04f7ed05b1c244be3a7a;0x339d4e50b7eb4aad7eab94db04be1c684ea42555ef189ce9c488964bdb91d4e9;0x6bf6ce5b16c6941ada9a4e2a003209174cd2ec6fcd619a6e045bdff0b239d1fe,0.049180327868852514,-0.025000000000000022,0.019791666666666652,-0.015625
2026-04-14,1INCH,0.0936,2247623.508379771,246870.47575255219,2494493.984132323,0.09896615398670638,9.104464604478062,12,binance;bitget;bybit;coinbase;crypto_com;gate;htx;kraken;kucoin;mexc;okx;upbit,eth,eth,5,uniswap-v4-ethereum,0x1d6ebf506eacf0e98a8c4566687380ddf1601192acd9bce29feeaf0c0245ea6f;0x1ff1224be14c0e69c9e0a3da1c986fcbf48abe5365227700624bc39e9fdde81d;0x32dd66389b5c367a3e60b83fd7aa309361ece42946eb04f7ed05b1c244be3a7a;0x339d4e50b7eb4aad7eab94db04be1c684ea42555ef189ce9c488964bdb91d4e9;0x6bf6ce5b16c6941ada9a4e2a003209174cd2ec6fcd619a6e045bdff0b239d1fe,-0.025000000000000022,0.014957264957264904,0.047008547008547064,0.01388888888888884
2026-04-15,1INCH,0.095,4391637.677804222,122540.06351483145,4514177.741319054,0.027145600048753275,35.838382581486805,12,binance;bitget;bybit;coinbase;crypto_com;gate;htx;kraken;kucoin;mexc;okx;upbit,eth,eth,5,uniswap-v4-ethereum,0x1d6ebf506eacf0e98a8c4566687380ddf1601192acd9bce29feeaf0c0245ea6f;0x1ff1224be14c0e69c9e0a3da1c986fcbf48abe5365227700624bc39e9fdde81d;0x32dd66389b5c367a3e60b83fd7aa309361ece42946eb04f7ed05b1c244be3a7a;0x339d4e50b7eb4aad7eab94db04be1c684ea42555ef189ce9c488964bdb91d4e9;0x6bf6ce5b16c6941ada9a4e2a003209174cd2ec6fcd619a6e045bdff0b239d1fe,0.014957264957264904,0.030526315789473735,0.001052631578947416,0.007368421052631469
2026-04-16,1INCH,0.0979,3947622.6737740594,455522.33500106365,4403145.008775123,0.10345385720734686,8.66614514909536,12,binance;bitget;bybit;coinbase;crypto_com;gate;htx;kraken;kucoin;mexc;okx;upbit,eth,eth,5,uniswap-v4-ethereum,0x1d6ebf506eacf0e98a8c4566687380ddf1601192acd9bce29feeaf0c0245ea6f;0x1ff1224be14c0e69c9e0a3da1c986fcbf48abe5365227700624bc39e9fdde81d;0x32dd66389b5c367a3e60b83fd7aa309361ece42946eb04f7ed05b1c244be3a7a;0x339d4e50b7eb4aad7eab94db04be1c684ea42555ef189ce9c488964bdb91d4e9;0x6bf6ce5b16c6941ada9a4e2a003209174cd2ec6fcd619a6e045bdff0b239d1fe,0.030526315789473735,0.0010214504596526286,-0.05924412665985701,-0.019407558733401387
2026-04-17,1INCH,0.098,3815756.383986453,219510.42098827398,4035266.804974727,0.05439799438234389,17.383030686230093,12,binance;bitget;bybit;coinbase;crypto_com;gate;htx;kraken;kucoin;mexc;okx;upbit,eth,eth,5,uniswap-v4-ethereum,0x1d6ebf506eacf0e98a8c4566687380ddf1601192acd9bce29feeaf0c0245ea6f;0x1ff1224be14c0e69c9e0a3da1c986fcbf48abe5365227700624bc39e9fdde81d;0x32dd66389b5c367a3e60b83fd7aa309361ece42946eb04f7ed05b1c244be3a7a;0x339d4e50b7eb4aad7eab94db04be1c684ea42555ef189ce9c488964bdb91d4e9;0x6bf6ce5b16c6941ada9a4e2a003209174cd2ec6fcd619a6e045bdff0b239d1fe,0.0010214504596526286,-0.0295918367346939,-0.0357142857142857,-0.016326530612244983
2026-04-18,1INCH,0.0951,2951791.839659782,246182.91589917053,3197974.7555589527,0.07698088156300717,11.990238351343402,12,binance;bitget;bybit;coinbase;crypto_com;gate;htx;kraken;kucoin;mexc;okx;upbit,eth,eth,5,uniswap-v4-ethereum,0x1d6ebf506eacf0e98a8c4566687380ddf1601192acd9bce29feeaf0c0245ea6f;0x1ff1224be14c0e69c9e0a3da1c986fcbf48abe5365227700624bc39e9fdde81d;0x32dd66389b5c367a3e60b83fd7aa309361ece42946eb04f7ed05b1c244be3a7a;0x339d4e50b7eb4aad7eab94db04be1c684ea42555ef189ce9c488964bdb91d4e9;0x6bf6ce5b16c6941ada9a4e2a003209174cd2ec6fcd619a6e045bdff0b239d1fe,-0.0295918367346939,-0.03154574132492116,-0.002103049421661507,0.001051524710830698
2026-04-19,1INCH,0.0921,3120105.358618735,246217.32824852696,3366322.686867262,0.07314133288798276,12.672159919911735,12,binance;bitget;bybit;coinbase;crypto_com;gate;htx;kraken;kucoin;mexc;okx;upbit,eth,eth,5,uniswap-v4-ethereum,0x1d6ebf506eacf0e98a8c4566687380ddf1601192acd9bce29feeaf0c0245ea6f;0x1ff1224be14c0e69c9e0a3da1c986fcbf48abe5365227700624bc39e9fdde81d;0x32dd66389b5c367a3e60b83fd7aa309361ece42946eb04f7ed05b1c244be3a7a;0x339d4e50b7eb4aad7eab94db04be1c684ea42555ef189ce9c488964bdb91d4e9;0x6bf6ce5b16c6941ada9a4e2a003209174cd2ec6fcd619a6e045bdff0b239d1fe,-0.03154574132492116,0.026058631921824116,0.039087947882736174,0.05103148751357223
2026-04-20,1INCH,0.0945,2851234.26931002,230362.1372202274,3081596.406530247,0.07475415558379556,12.377182742423619,12,binance;bitget;bybit;coinbase;crypto_com;gate;htx;kraken;kucoin;mexc;okx;upbit,eth,eth,5,uniswap-v4-ethereum,0x1d6ebf506eacf0e98a8c4566687380ddf1601192acd9bce29feeaf0c0245ea6f;0x1ff1224be14c0e69c9e0a3da1c986fcbf48abe5365227700624bc39e9fdde81d;0x32dd66389b5c367a3e60b83fd7aa309361ece42946eb04f7ed05b1c244be3a7a;0x339d4e50b7eb4aad7eab94db04be1c684ea42555ef189ce9c488964bdb91d4e9;0x6bf6ce5b16c6941ada9a4e2a003209174cd2ec6fcd619a6e045bdff0b239d1fe,0.026058631921824116,0.004232804232804144,0.015873015873015817,0.00952380952380949
2026-04-21,1INCH,0.0949,2595649.5633753245,92323.24056154914,2687972.8039368736,0.034346791167801316,28.11480129583279,12,binance;bitget;bybit;coinbase;crypto_com;gate;htx;kraken;kucoin;mexc;okx;upbit,eth,eth,5,uniswap-v4-ethereum,0x1d6ebf506eacf0e98a8c4566687380ddf1601192acd9bce29feeaf0c0245ea6f;0x1ff1224be14c0e69c9e0a3da1c986fcbf48abe5365227700624bc39e9fdde81d;0x32dd66389b5c367a3e60b83fd7aa309361ece42946eb04f7ed05b1c244be3a7a;0x339d4e50b7eb4aad7eab94db04be1c684ea42555ef189ce9c488964bdb91d4e9;0x6bf6ce5b16c6941ada9a4e2a003209174cd2ec6fcd619a6e045bdff0b239d1fe,0.004232804232804144,0.008429926238145313,0.015806111696522684,-0.0031612223393044925
2026-04-22,1INCH,0.0957,2631965.529414421,110831.30368011116,2742796.833094532,0.04040813462478258,23.747492288018,12,binance;bitget;bybit;coinbase;crypto_com;gate;htx;kraken;kucoin;mexc;okx;upbit,eth,eth,5,uniswap-v4-ethereum,0x1d6ebf506eacf0e98a8c4566687380ddf1601192acd9bce29feeaf0c0245ea6f;0x1ff1224be14c0e69c9e0a3da1c986fcbf48abe5365227700624bc39e9fdde81d;0x32dd66389b5c367a3e60b83fd7aa309361ece42946eb04f7ed05b1c244be3a7a;0x339d4e50b7eb4aad7eab94db04be1c684ea42555ef189ce9c488964bdb91d4e9;0x6bf6ce5b16c6941ada9a4e2a003209174cd2ec6fcd619a6e045bdff0b239d1fe,0.008429926238145313,0.0031347962382446415,-0.005224660397074032,-0.024033437826541215
2026-04-23,1INCH,0.096,4163761.5887460005,60681.925311134095,4224443.514057134,0.014364477855890534,68.61617470766079,12,binance;bitget;bybit;coinbase;crypto_com;gate;htx;kraken;kucoin;mexc;okx;upbit,eth,eth,5,uniswap-v4-ethereum,0x1d6ebf506eacf0e98a8c4566687380ddf1601192acd9bce29feeaf0c0245ea6f;0x1ff1224be14c0e69c9e0a3da1c986fcbf48abe5365227700624bc39e9fdde81d;0x32dd66389b5c367a3e60b83fd7aa309361ece42946eb04f7ed05b1c244be3a7a;0x339d4e50b7eb4aad7eab94db04be1c684ea42555ef189ce9c488964bdb91d4e9;0x6bf6ce5b16c6941ada9a4e2a003209174cd2ec6fcd619a6e045bdff0b239d1fe,0.0031347962382446415,0.004166666666666652,0.008333333333333304,-0.03541666666666665
2026-04-24,1INCH,0.0964,2033923.1646753768,181418.39396978467,2215341.5586451613,0.08189183887325027,11.211229027934884,12,binance;bitget;bybit;coinbase;crypto_com;gate;htx;kraken;kucoin;mexc;okx;upbit,eth,eth,5,uniswap-v4-ethereum,0x1d6ebf506eacf0e98a8c4566687380ddf1601192acd9bce29feeaf0c0245ea6f;0x1ff1224be14c0e69c9e0a3da1c986fcbf48abe5365227700624bc39e9fdde81d;0x32dd66389b5c367a3e60b83fd7aa309361ece42946eb04f7ed05b1c244be3a7a;0x339d4e50b7eb4aad7eab94db04be1c684ea42555ef189ce9c488964bdb91d4e9;0x6bf6ce5b16c6941ada9a4e2a003209174cd2ec6fcd619a6e045bdff0b239d1fe,0.004166666666666652,-0.012448132780082943,-0.010373443983402453,-0.020746887966805017
2026-04-25,1INCH,0.0952,1548240.5183376044,73473.98491676801,1621714.5032543724,0.04530636235251287,21.071955197359518,12,binance;bitget;bybit;coinbase;crypto_com;gate;htx;kraken;kucoin;mexc;okx;upbit,eth,eth,5,uniswap-v4-ethereum,0x1d6ebf506eacf0e98a8c4566687380ddf1601192acd9bce29feeaf0c0245ea6f;0x1ff1224be14c0e69c9e0a3da1c986fcbf48abe5365227700624bc39e9fdde81d;0x32dd66389b5c367a3e60b83fd7aa309361ece42946eb04f7ed05b1c244be3a7a;0x339d4e50b7eb4aad7eab94db04be1c684ea42555ef189ce9c488964bdb91d4e9;0x6bf6ce5b16c6941ada9a4e2a003209174cd2ec6fcd619a6e045bdff0b239d1fe,-0.012448132780082943,0.01680672268907557,-0.00630252100840345,0.004201680672268893
2026-04-26,1INCH,0.0968,2898529.8890302395,50610.97709009752,2949140.866120337,0.017161261325803482,57.27077514963374,12,binance;bitget;bybit;coinbase;crypto_com;gate;htx;kraken;kucoin;mexc;okx;upbit,eth,eth,4,uniswap-v4-ethereum,0x1d6ebf506eacf0e98a8c4566687380ddf1601192acd9bce29feeaf0c0245ea6f;0x1ff1224be14c0e69c9e0a3da1c986fcbf48abe5365227700624bc39e9fdde81d;0x32dd66389b5c367a3e60b83fd7aa309361ece42946eb04f7ed05b1c244be3a7a;0x6bf6ce5b16c6941ada9a4e2a003209174cd2ec6fcd619a6e045bdff0b239d1fe,0.01680672268907557,-0.01446280991735538,-0.03512396694214881,-0.018595041322314043
2026-04-27,1INCH,0.0954,2714423.444126766,168191.16451373612,2882614.608640502,0.058346739799899364,16.138918188565608,12,binance;bitget;bybit;coinbase;crypto_com;gate;htx;kraken;kucoin;mexc;okx;upbit,eth,eth,5,uniswap-v4-ethereum,0x1d6ebf506eacf0e98a8c4566687380ddf1601192acd9bce29feeaf0c0245ea6f;0x1ff1224be14c0e69c9e0a3da1c986fcbf48abe5365227700624bc39e9fdde81d;0x32dd66389b5c367a3e60b83fd7aa309361ece42946eb04f7ed05b1c244be3a7a;0x339d4e50b7eb4aad7eab94db04be1c684ea42555ef189ce9c488964bdb91d4e9;0x6bf6ce5b16c6941ada9a4e2a003209174cd2ec6fcd619a6e045bdff0b239d1fe,-0.01446280991735538,-0.008385744234800763,-0.02935010482180289,0.002096436058700357
2026-04-28,1INCH,0.0946,1899853.6153947036,25592.321965599254,1925445.9373603028,0.013291633625758999,74.23529674050104,12,binance;bitget;bybit;coinbase;crypto_com;gate;htx;kraken;kucoin;mexc;okx;upbit,eth,eth,4,uniswap-v4-ethereum,0x1ff1224be14c0e69c9e0a3da1c986fcbf48abe5365227700624bc39e9fdde81d;0x32dd66389b5c367a3e60b83fd7aa309361ece42946eb04f7ed05b1c244be3a7a;0x339d4e50b7eb4aad7eab94db04be1c684ea42555ef189ce9c488964bdb91d4e9;0x6bf6ce5b16c6941ada9a4e2a003209174cd2ec6fcd619a6e045bdff0b239d1fe,-0.008385744234800763,-0.012684989429175508,-0.0021141649048626032,0.02854122621564481
2026-04-29,1INCH,0.0934,2496642.6883105855,95464.04449079312,2592106.7328013787,0.03682874755223596,26.152701801266865,12,binance;bitget;bybit;coinbase;crypto_com;gate;htx;kraken;kucoin;mexc;okx;upbit,eth,eth,5,uniswap-v4-ethereum,0x1d6ebf506eacf0e98a8c4566687380ddf1601192acd9bce29feeaf0c0245ea6f;0x1ff1224be14c0e69c9e0a3da1c986fcbf48abe5365227700624bc39e9fdde81d;0x32dd66389b5c367a3e60b83fd7aa309361ece42946eb04f7ed05b1c244be3a7a;0x339d4e50b7eb4aad7eab94db04be1c684ea42555ef189ce9c488964bdb91d4e9;0x6bf6ce5b16c6941ada9a4e2a003209174cd2ec6fcd619a6e045bdff0b239d1fe,-0.012684989429175508,-0.008565310492505307,0.0235546038543899,0.05460385438972182
2026-04-30,1INCH,0.0926,2583682.7849976937,57247.271306341514,2640930.0563040352,0.021676935808916768,45.13198142094659,12,binance;bitget;bybit;coinbase;crypto_com;gate;htx;kraken;kucoin;mexc;okx;upbit,eth,eth,5,uniswap-v4-ethereum,0x1d6ebf506eacf0e98a8c4566687380ddf1601192acd9bce29feeaf0c0245ea6f;0x1ff1224be14c0e69c9e0a3da1c986fcbf48abe5365227700624bc39e9fdde81d;0x32dd66389b5c367a3e60b83fd7aa309361ece42946eb04f7ed05b1c244be3a7a;0x339d4e50b7eb4aad7eab94db04be1c684ea42555ef189ce9c488964bdb91d4e9;0x6bf6ce5b16c6941ada9a4e2a003209174cd2ec6fcd619a6e045bdff0b239d1fe,-0.008565310492505307,0.01943844492440605,0.02591792656587466,0.04751619870410373
2026-05-01,1INCH,0.0944,1852095.653603763,73401.46534945455,1925497.1189532178,0.03812078690066216,25.232407075065648,12,binance;bitget;bybit;coinbase;crypto_com;gate;htx;kraken;kucoin;mexc;okx;upbit,eth,eth,5,uniswap-v4-ethereum,0x1d6ebf506eacf0e98a8c4566687380ddf1601192acd9bce29feeaf0c0245ea6f;0x1ff1224be14c0e69c9e0a3da1c986fcbf48abe5365227700624bc39e9fdde81d;0x32dd66389b5c367a3e60b83fd7aa309361ece42946eb04f7ed05b1c244be3a7a;0x339d4e50b7eb4aad7eab94db04be1c684ea42555ef189ce9c488964bdb91d4e9;0x6bf6ce5b16c6941ada9a4e2a003209174cd2ec6fcd619a6e045bdff0b239d1fe,0.01943844492440605,0.012711864406779627,0.012711864406779627,0.0625
2026-05-02,1INCH,0.0956,2583716.6646100054,21444.91048402062,2605161.575094026,0.008231700747101119,120.48157843956618,12,binance;bitget;bybit;coinbase;crypto_com;gate;htx;kraken;kucoin;mexc;okx;upbit,eth,eth,4,uniswap-v4-ethereum,0x1ff1224be14c0e69c9e0a3da1c986fcbf48abe5365227700624bc39e9fdde81d;0x32dd66389b5c367a3e60b83fd7aa309361ece42946eb04f7ed05b1c244be3a7a;0x339d4e50b7eb4aad7eab94db04be1c684ea42555ef189ce9c488964bdb91d4e9;0x6bf6ce5b16c6941ada9a4e2a003209174cd2ec6fcd619a6e045bdff0b239d1fe,0.012711864406779627,-0.006276150627615107,0.01778242677824271,0.06903765690376562
2026-05-03,1INCH,0.095,2803170.1177607467,22760.125078916455,2825930.2428396633,0.008054029336564841,123.16145487080064,12,binance;bitget;bybit;coinbase;crypto_com;gate;htx;kraken;kucoin;mexc;okx;upbit,eth,eth,2,uniswap-v4-ethereum,0x1d6ebf506eacf0e98a8c4566687380ddf1601192acd9bce29feeaf0c0245ea6f;0x1ff1224be14c0e69c9e0a3da1c986fcbf48abe5365227700624bc39e9fdde81d,-0.006276150627615107,0.006315789473684275,0.03684210526315801,0.09684210526315784
2026-05-04,1INCH,0.0956,2273746.910453984,175525.64234365747,2449272.5527976416,0.07166439771807599,12.953930150002067,12,binance;bitget;bybit;coinbase;crypto_com;gate;htx;kraken;kucoin;mexc;okx;upbit,eth,eth,5,uniswap-v4-ethereum,0x1d6ebf506eacf0e98a8c4566687380ddf1601192acd9bce29feeaf0c0245ea6f;0x1ff1224be14c0e69c9e0a3da1c986fcbf48abe5365227700624bc39e9fdde81d;0x32dd66389b5c367a3e60b83fd7aa309361ece42946eb04f7ed05b1c244be3a7a;0x339d4e50b7eb4aad7eab94db04be1c684ea42555ef189ce9c488964bdb91d4e9;0x6bf6ce5b16c6941ada9a4e2a003209174cd2ec6fcd619a6e045bdff0b239d1fe,0.006315789473684275,0.01778242677824271,0.014644351464435212,0.08368200836820083
2026-05-05,1INCH,0.0973,4879795.0310202325,14931.12204508398,4894726.153065316,0.003050450950301557,326.82038337680643,12,binance;bitget;bybit;coinbase;crypto_com;gate;htx;kraken;kucoin;mexc;okx;upbit,eth,eth,4,uniswap-v4-ethereum,0x1ff1224be14c0e69c9e0a3da1c986fcbf48abe5365227700624bc39e9fdde81d;0x32dd66389b5c367a3e60b83fd7aa309361ece42946eb04f7ed05b1c244be3a7a;0x339d4e50b7eb4aad7eab94db04be1c684ea42555ef189ce9c488964bdb91d4e9;0x6bf6ce5b16c6941ada9a4e2a003209174cd2ec6fcd619a6e045bdff0b239d1fe,0.01778242677824271,0.012332990750256956,0.03083247687564228,0.02466598150051391
2026-05-06,1INCH,0.0985,6335726.101046673,216784.9343941219,6552511.035440795,0.033084253230798034,29.225859807804365,12,binance;bitget;bybit;coinbase;crypto_com;gate;htx;kraken;kucoin;mexc;okx;upbit,eth,eth,5,uniswap-v4-ethereum,0x1d6ebf506eacf0e98a8c4566687380ddf1601192acd9bce29feeaf0c0245ea6f;0x1ff1224be14c0e69c9e0a3da1c986fcbf48abe5365227700624bc39e9fdde81d;0x32dd66389b5c367a3e60b83fd7aa309361ece42946eb04f7ed05b1c244be3a7a;0x339d4e50b7eb4aad7eab94db04be1c684ea42555ef189ce9c488964bdb91d4e9;0x6bf6ce5b16c6941ada9a4e2a003209174cd2ec6fcd619a6e045bdff0b239d1fe,0.012332990750256956,-0.015228426395939132,0.03756345177664966,-0.007106598984771617
2026-05-07,1INCH,0.097,3433878.5656610215,146606.29315284334,3580484.8588138646,0.04094593300456262,23.422449963188523,12,binance;bitget;bybit;coinbase;crypto_com;gate;htx;kraken;kucoin;mexc;okx;upbit,eth,eth,5,uniswap-v4-ethereum,0x1d6ebf506eacf0e98a8c4566687380ddf1601192acd9bce29feeaf0c0245ea6f;0x1ff1224be14c0e69c9e0a3da1c986fcbf48abe5365227700624bc39e9fdde81d;0x32dd66389b5c367a3e60b83fd7aa309361ece42946eb04f7ed05b1c244be3a7a;0x339d4e50b7eb4aad7eab94db04be1c684ea42555ef189ce9c488964bdb91d4e9;0x6bf6ce5b16c6941ada9a4e2a003209174cd2ec6fcd619a6e045bdff0b239d1fe,-0.015228426395939132,0.03402061855670091,0.0742268041237113,0.028865979381443196
2026-05-08,1INCH,0.1003,3901655.83389427,388258.65762858716,4289914.491522857,0.0905049875459781,10.049114829080361,12,binance;bitget;bybit;coinbase;crypto_com;gate;htx;kraken;kucoin;mexc;okx;upbit,eth,eth,4,uniswap-v4-ethereum,0x1d6ebf506eacf0e98a8c4566687380ddf1601192acd9bce29feeaf0c0245ea6f;0x1ff1224be14c0e69c9e0a3da1c986fcbf48abe5365227700624bc39e9fdde81d;0x339d4e50b7eb4aad7eab94db04be1c684ea42555ef189ce9c488964bdb91d4e9;0x6bf6ce5b16c6941ada9a4e2a003209174cd2ec6fcd619a6e045bdff0b239d1fe,0.03402061855670091,0.018943170488534333,0.032901296111665035,-0.046859421734795625
2026-05-09,1INCH,0.1022,4093646.8362543136,293749.98169316555,4387396.817947479,0.06695313733454096,13.935819885532123,12,binance;bitget;bybit;coinbase;crypto_com;gate;htx;kraken;kucoin;mexc;okx;upbit,eth,eth,5,uniswap-v4-ethereum,0x1d6ebf506eacf0e98a8c4566687380ddf1601192acd9bce29feeaf0c0245ea6f;0x1ff1224be14c0e69c9e0a3da1c986fcbf48abe5365227700624bc39e9fdde81d;0x32dd66389b5c367a3e60b83fd7aa309361ece42946eb04f7ed05b1c244be3a7a;0x339d4e50b7eb4aad7eab94db04be1c684ea42555ef189ce9c488964bdb91d4e9;0x6bf6ce5b16c6941ada9a4e2a003209174cd2ec6fcd619a6e045bdff0b239d1fe,0.018943170488534333,0.019569471624266255,-0.024461839530332652,-0.08414872798434436
2026-05-10,1INCH,0.1042,4327923.112418162,516631.5349479599,4844554.647366121,0.10664169826814549,8.37719500195456,12,binance;bitget;bybit;coinbase;crypto_com;gate;htx;kraken;kucoin;mexc;okx;upbit,eth,eth,5,uniswap-v4-ethereum,0x1d6ebf506eacf0e98a8c4566687380ddf1601192acd9bce29feeaf0c0245ea6f;0x1ff1224be14c0e69c9e0a3da1c986fcbf48abe5365227700624bc39e9fdde81d;0x32dd66389b5c367a3e60b83fd7aa309361ece42946eb04f7ed05b1c244be3a7a;0x339d4e50b7eb4aad7eab94db04be1c684ea42555ef189ce9c488964bdb91d4e9;0x6bf6ce5b16c6941ada9a4e2a003209174cd2ec6fcd619a6e045bdff0b239d1fe,0.019569471624266255,-0.0057581573896353655,-0.06142034548944342,-0.12667946257197704
2026-05-11,1INCH,0.1036,3182548.6770554394,244592.5347956079,3427141.2118510474,0.07136926075581812,13.011634552603638,12,binance;bitget;bybit;coinbase;crypto_com;gate;htx;kraken;kucoin;mexc;okx;upbit,eth,eth,5,uniswap-v4-ethereum,0x1d6ebf506eacf0e98a8c4566687380ddf1601192acd9bce29feeaf0c0245ea6f;0x1ff1224be14c0e69c9e0a3da1c986fcbf48abe5365227700624bc39e9fdde81d;0x32dd66389b5c367a3e60b83fd7aa309361ece42946eb04f7ed05b1c244be3a7a;0x339d4e50b7eb4aad7eab94db04be1c684ea42555ef189ce9c488964bdb91d4e9;0x6bf6ce5b16c6941ada9a4e2a003209174cd2ec6fcd619a6e045bdff0b239d1fe,-0.0057581573896353655,-0.037644787644787625,-0.036679536679536606,-0.11679536679536684
2026-05-12,1INCH,0.0997,3180966.1700921124,147981.3408798302,3328947.5109719425,0.044452891008973754,21.495724739210527,12,binance;bitget;bybit;coinbase;crypto_com;gate;htx;kraken;kucoin;mexc;okx;upbit,eth,eth,5,uniswap-v4-ethereum,0x1d6ebf506eacf0e98a8c4566687380ddf1601192acd9bce29feeaf0c0245ea6f;0x1ff1224be14c0e69c9e0a3da1c986fcbf48abe5365227700624bc39e9fdde81d;0x32dd66389b5c367a3e60b83fd7aa309361ece42946eb04f7ed05b1c244be3a7a;0x339d4e50b7eb4aad7eab94db04be1c684ea42555ef189ce9c488964bdb91d4e9;0x6bf6ce5b16c6941ada9a4e2a003209174cd2ec6fcd619a6e045bdff0b239d1fe,-0.037644787644787625,-0.01905717151454367,-0.04112337011033096,-0.08826479438314949
2026-05-13,1INCH,0.0978,2607409.3047298035,253877.18384124734,2861286.4885710506,0.08872833421445878,10.270356970558844,12,binance;bitget;bybit;coinbase;crypto_com;gate;htx;kraken;kucoin;mexc;okx;upbit,eth,eth,5,uniswap-v4-ethereum,0x1d6ebf506eacf0e98a8c4566687380ddf1601192acd9bce29feeaf0c0245ea6f;0x1ff1224be14c0e69c9e0a3da1c986fcbf48abe5365227700624bc39e9fdde81d;0x32dd66389b5c367a3e60b83fd7aa309361ece42946eb04f7ed05b1c244be3a7a;0x339d4e50b7eb4aad7eab94db04be1c684ea42555ef189ce9c488964bdb91d4e9;0x6bf6ce5b16c6941ada9a4e2a003209174cd2ec6fcd619a6e045bdff0b239d1fe,-0.01905717151454367,0.020449897750511203,-0.042944785276073594,-0.05521472392638038
2026-05-14,1INCH,0.0998,3687391.591328349,97390.87278196865,3784782.4641103176,0.02573222469335821,37.861777864784145,12,binance;bitget;bybit;coinbase;crypto_com;gate;htx;kraken;kucoin;mexc;okx;upbit,eth,eth,5,uniswap-v4-ethereum,0x1d6ebf506eacf0e98a8c4566687380ddf1601192acd9bce29feeaf0c0245ea6f;0x1ff1224be14c0e69c9e0a3da1c986fcbf48abe5365227700624bc39e9fdde81d;0x32dd66389b5c367a3e60b83fd7aa309361ece42946eb04f7ed05b1c244be3a7a;0x339d4e50b7eb4aad7eab94db04be1c684ea42555ef189ce9c488964bdb91d4e9;0x6bf6ce5b16c6941ada9a4e2a003209174cd2ec6fcd619a6e045bdff0b239d1fe,0.020449897750511203,-0.04208416833667328,-0.0881763527054108,-0.06813627254509014
2026-05-15,1INCH,0.0956,2974542.112652698,133500.5760212728,3108042.6886739708,0.04295326332156335,22.281118189173327,12,binance;bitget;bybit;coinbase;crypto_com;gate;htx;kraken;kucoin;mexc;okx;upbit,eth,eth,5,uniswap-v4-ethereum,0x1d6ebf506eacf0e98a8c4566687380ddf1601192acd9bce29feeaf0c0245ea6f;0x1ff1224be14c0e69c9e0a3da1c986fcbf48abe5365227700624bc39e9fdde81d;0x32dd66389b5c367a3e60b83fd7aa309361ece42946eb04f7ed05b1c244be3a7a;0x339d4e50b7eb4aad7eab94db04be1c684ea42555ef189ce9c488964bdb91d4e9;0x6bf6ce5b16c6941ada9a4e2a003209174cd2ec6fcd619a6e045bdff0b239d1fe,-0.04208416833667328,-0.02092050209205021,-0.04288702928870303,-0.061715481171548126
2026-05-16,1INCH,0.0936,2476809.9419222493,126919.30253687408,2603729.2444591234,0.0487451999116134,19.51484047276936,12,binance;bitget;bybit;coinbase;crypto_com;gate;htx;kraken;kucoin;mexc;okx;upbit,eth,eth,5,uniswap-v4-ethereum,0x1d6ebf506eacf0e98a8c4566687380ddf1601192acd9bce29feeaf0c0245ea6f;0x1ff1224be14c0e69c9e0a3da1c986fcbf48abe5365227700624bc39e9fdde81d;0x32dd66389b5c367a3e60b83fd7aa309361ece42946eb04f7ed05b1c244be3a7a;0x339d4e50b7eb4aad7eab94db04be1c684ea42555ef189ce9c488964bdb91d4e9;0x6bf6ce5b16c6941ada9a4e2a003209174cd2ec6fcd619a6e045bdff0b239d1fe,-0.02092050209205021,-0.02777777777777779,-0.028846153846153966,-0.01816239316239321
2026-05-17,1INCH,0.091,2989273.6665332224,106305.30838633592,3095578.9749195585,0.03434100995245917,28.11970269320485,12,binance;bitget;bybit;coinbase;crypto_com;gate;htx;kraken;kucoin;mexc;okx;upbit,eth,eth,5,uniswap-v4-ethereum,0x1d6ebf506eacf0e98a8c4566687380ddf1601192acd9bce29feeaf0c0245ea6f;0x1ff1224be14c0e69c9e0a3da1c986fcbf48abe5365227700624bc39e9fdde81d;0x32dd66389b5c367a3e60b83fd7aa309361ece42946eb04f7ed05b1c244be3a7a;0x339d4e50b7eb4aad7eab94db04be1c684ea42555ef189ce9c488964bdb91d4e9;0x6bf6ce5b16c6941ada9a4e2a003209174cd2ec6fcd619a6e045bdff0b239d1fe,-0.02777777777777779,0.005494505494505475,0.01538461538461533,-0.00439560439560438
2026-05-18,1INCH,0.0915,2296479.5086927735,107587.39458756888,2404066.9032803425,0.044752246470664434,21.345246973367257,12,binance;bitget;bybit;coinbase;crypto_com;gate;htx;kraken;kucoin;mexc;okx;upbit,eth,eth,5,uniswap-v4-ethereum,0x1d6ebf506eacf0e98a8c4566687380ddf1601192acd9bce29feeaf0c0245ea6f;0x1ff1224be14c0e69c9e0a3da1c986fcbf48abe5365227700624bc39e9fdde81d;0x32dd66389b5c367a3e60b83fd7aa309361ece42946eb04f7ed05b1c244be3a7a;0x339d4e50b7eb4aad7eab94db04be1c684ea42555ef189ce9c488964bdb91d4e9;0x6bf6ce5b16c6941ada9a4e2a003209174cd2ec6fcd619a6e045bdff0b239d1fe,0.005494505494505475,-0.006557377049180357,0.016393442622950838,-0.012021857923497303
2026-05-19,1INCH,0.0909,1873268.7860172463,58730.061869851364,1931998.8478870976,0.03039860087602052,31.896250853072484,12,binance;bitget;bybit;coinbase;crypto_com;gate;htx;kraken;kucoin;mexc;okx;upbit,eth,eth,5,uniswap-v4-ethereum,0x1d6ebf506eacf0e98a8c4566687380ddf1601192acd9bce29feeaf0c0245ea6f;0x1ff1224be14c0e69c9e0a3da1c986fcbf48abe5365227700624bc39e9fdde81d;0x32dd66389b5c367a3e60b83fd7aa309361ece42946eb04f7ed05b1c244be3a7a;0x339d4e50b7eb4aad7eab94db04be1c684ea42555ef189ce9c488964bdb91d4e9;0x6bf6ce5b16c6941ada9a4e2a003209174cd2ec6fcd619a6e045bdff0b239d1fe,-0.006557377049180357,0.01650165016501659,-0.013201320132013139,-0.01980198019801971
2026-05-20,1INCH,0.0924,2917616.2038440113,123270.15308546432,3040886.3569294754,0.04053757313375431,23.66847230100543,12,binance;bitget;bybit;coinbase;crypto_com;gate;htx;kraken;kucoin;mexc;okx;upbit,eth,eth,5,uniswap-v4-ethereum,0x1d6ebf506eacf0e98a8c4566687380ddf1601192acd9bce29feeaf0c0245ea6f;0x1ff1224be14c0e69c9e0a3da1c986fcbf48abe5365227700624bc39e9fdde81d;0x32dd66389b5c367a3e60b83fd7aa309361ece42946eb04f7ed05b1c244be3a7a;0x339d4e50b7eb4aad7eab94db04be1c684ea42555ef189ce9c488964bdb91d4e9;0x6bf6ce5b16c6941ada9a4e2a003209174cd2ec6fcd619a6e045bdff0b239d1fe,0.01650165016501659,0.006493506493506551,-0.005411255411255422,-0.06385281385281383
2026-05-21,1INCH,0.093,2499805.5008371063,103762.28913674332,2603567.7899738494,0.0398538841724515,24.091657206432032,12,binance;bitget;bybit;coinbase;crypto_com;gate;htx;kraken;kucoin;mexc;okx;upbit,eth,eth,5,uniswap-v4-ethereum,0x1d6ebf506eacf0e98a8c4566687380ddf1601192acd9bce29feeaf0c0245ea6f;0x1ff1224be14c0e69c9e0a3da1c986fcbf48abe5365227700624bc39e9fdde81d;0x32dd66389b5c367a3e60b83fd7aa309361ece42946eb04f7ed05b1c244be3a7a;0x339d4e50b7eb4aad7eab94db04be1c684ea42555ef189ce9c488964bdb91d4e9;0x6bf6ce5b16c6941ada9a4e2a003209174cd2ec6fcd619a6e045bdff0b239d1fe,0.006493506493506551,-0.03548387096774186,-0.02580645161290318,-0.0849462365591398
2026-05-22,1INCH,0.0897,2687592.0059067197,144781.019931053,2832373.0258377725,0.05111650852847286,18.563151490344477,12,binance;bitget;bybit;coinbase;crypto_com;gate;htx;kraken;kucoin;mexc;okx;upbit,eth,eth,5,uniswap-v4-ethereum,0x1d6ebf506eacf0e98a8c4566687380ddf1601192acd9bce29feeaf0c0245ea6f;0x1ff1224be14c0e69c9e0a3da1c986fcbf48abe5365227700624bc39e9fdde81d;0x32dd66389b5c367a3e60b83fd7aa309361ece42946eb04f7ed05b1c244be3a7a;0x339d4e50b7eb4aad7eab94db04be1c684ea42555ef189ce9c488964bdb91d4e9;0x6bf6ce5b16c6941ada9a4e2a003209174cd2ec6fcd619a6e045bdff0b239d1fe,-0.03548387096774186,0.024526198439241753,0.007803790412485911,-0.03344481605351168
2026-05-23,1INCH,0.0919,1797270.7613834627,123552.30298415304,1920823.0643676156,0.06432258404020655,14.54663909918363,12,binance;bitget;bybit;coinbase;crypto_com;gate;htx;kraken;kucoin;mexc;okx;upbit,eth,eth,5,uniswap-v4-ethereum,0x1d6ebf506eacf0e98a8c4566687380ddf1601192acd9bce29feeaf0c0245ea6f;0x1ff1224be14c0e69c9e0a3da1c986fcbf48abe5365227700624bc39e9fdde81d;0x32dd66389b5c367a3e60b83fd7aa309361ece42946eb04f7ed05b1c244be3a7a;0x339d4e50b7eb4aad7eab94db04be1c684ea42555ef189ce9c488964bdb91d4e9;0x6bf6ce5b16c6941ada9a4e2a003209174cd2ec6fcd619a6e045bdff0b239d1fe,0.024526198439241753,-0.014145810663764968,-0.030467899891186034,-0.053318824809575616
2026-05-24,1INCH,0.0906,1981946.3211260987,55593.82319972533,2037540.144325824,0.027284774415141683,35.65047710436815,12,binance;bitget;bybit;coinbase;crypto_com;gate;htx;kraken;kucoin;mexc;okx;upbit,eth,eth,5,uniswap-v4-ethereum,0x1d6ebf506eacf0e98a8c4566687380ddf1601192acd9bce29feeaf0c0245ea6f;0x1ff1224be14c0e69c9e0a3da1c986fcbf48abe5365227700624bc39e9fdde81d;0x32dd66389b5c367a3e60b83fd7aa309361ece42946eb04f7ed05b1c244be3a7a;0x339d4e50b7eb4aad7eab94db04be1c684ea42555ef189ce9c488964bdb91d4e9;0x6bf6ce5b16c6941ada9a4e2a003209174cd2ec6fcd619a6e045bdff0b239d1fe,-0.014145810663764968,-0.002207505518763808,-0.04525386313465796,-0.04415011037527594
2026-05-25,1INCH,0.0904,2430794.644891226,78517.15572008117,2509311.8006113074,0.031290314619710935,30.95877101759989,12,binance;bitget;bybit;coinbase;crypto_com;gate;htx;kraken;kucoin;mexc;okx;upbit,eth,eth,5,uniswap-v4-ethereum,0x1d6ebf506eacf0e98a8c4566687380ddf1601192acd9bce29feeaf0c0245ea6f;0x1ff1224be14c0e69c9e0a3da1c986fcbf48abe5365227700624bc39e9fdde81d;0x32dd66389b5c367a3e60b83fd7aa309361ece42946eb04f7ed05b1c244be3a7a;0x339d4e50b7eb4aad7eab94db04be1c684ea42555ef189ce9c488964bdb91d4e9;0x6bf6ce5b16c6941ada9a4e2a003209174cd2ec6fcd619a6e045bdff0b239d1fe,-0.002207505518763808,-0.014380530973451267,-0.058628318584070804,-0.05199115044247782
2026-05-26,1INCH,0.0891,3280937.09230965,93497.29704605142,3374434.3893557014,0.02770754629012163,35.091250720260376,12,binance;bitget;bybit;coinbase;crypto_com;gate;htx;kraken;kucoin;mexc;okx;upbit,eth,eth,5,uniswap-v4-ethereum,0x1d6ebf506eacf0e98a8c4566687380ddf1601192acd9bce29feeaf0c0245ea6f;0x1ff1224be14c0e69c9e0a3da1c986fcbf48abe5365227700624bc39e9fdde81d;0x32dd66389b5c367a3e60b83fd7aa309361ece42946eb04f7ed05b1c244be3a7a;0x339d4e50b7eb4aad7eab94db04be1c684ea42555ef189ce9c488964bdb91d4e9;0x6bf6ce5b16c6941ada9a4e2a003209174cd2ec6fcd619a6e045bdff0b239d1fe,-0.014380530973451267,-0.029180695847362603,-0.026936026936026924,-0.101010101010101
2026-05-27,1INCH,0.0865,2780547.714407529,160666.58891606453,2941214.303323594,0.0546259375709244,17.30632195011088,12,binance;bitget;bybit;coinbase;crypto_com;gate;htx;kraken;kucoin;mexc;okx;upbit,eth,eth,5,uniswap-v4-ethereum,0x1d6ebf506eacf0e98a8c4566687380ddf1601192acd9bce29feeaf0c0245ea6f;0x1ff1224be14c0e69c9e0a3da1c986fcbf48abe5365227700624bc39e9fdde81d;0x32dd66389b5c367a3e60b83fd7aa309361ece42946eb04f7ed05b1c244be3a7a;0x339d4e50b7eb4aad7eab94db04be1c684ea42555ef189ce9c488964bdb91d4e9;0x6bf6ce5b16c6941ada9a4e2a003209174cd2ec6fcd619a6e045bdff0b239d1fe,-0.029180695847362603,-0.016184971098265888,0.005780346820809301,-0.08439306358381493
2026-05-28,1INCH,0.0851,2481196.547701725,102933.69579787455,2584130.2434995994,0.039833013857101474,24.104803859116448,12,binance;bitget;bybit;coinbase;crypto_com;gate;htx;kraken;kucoin;mexc;okx;upbit,eth,eth,5,uniswap-v4-ethereum,0x1d6ebf506eacf0e98a8c4566687380ddf1601192acd9bce29feeaf0c0245ea6f;0x1ff1224be14c0e69c9e0a3da1c986fcbf48abe5365227700624bc39e9fdde81d;0x32dd66389b5c367a3e60b83fd7aa309361ece42946eb04f7ed05b1c244be3a7a;0x339d4e50b7eb4aad7eab94db04be1c684ea42555ef189ce9c488964bdb91d4e9;0x6bf6ce5b16c6941ada9a4e2a003209174cd2ec6fcd619a6e045bdff0b239d1fe,-0.016184971098265888,0.018801410105758087,0.01762632197414815,-0.11750881316098705
2026-05-29,1INCH,0.0867,2930700.534145084,47769.48530333451,2978470.0194484186,0.016038262930771725,61.35089200847029,12,binance;bitget;bybit;coinbase;crypto_com;gate;htx;kraken;kucoin;mexc;okx;upbit,eth,eth,4,uniswap-v4-ethereum,0x1ff1224be14c0e69c9e0a3da1c986fcbf48abe5365227700624bc39e9fdde81d;0x32dd66389b5c367a3e60b83fd7aa309361ece42946eb04f7ed05b1c244be3a7a;0x339d4e50b7eb4aad7eab94db04be1c684ea42555ef189ce9c488964bdb91d4e9;0x6bf6ce5b16c6941ada9a4e2a003209174cd2ec6fcd619a6e045bdff0b239d1fe,0.018801410105758087,0.0034602076124565784,-0.011534025374855816,-0.20991926182237597
2026-05-30,1INCH,0.087,1786917.8416278684,56175.08453966008,1843092.9261675284,0.03047870443324247,31.809793545860877,12,binance;bitget;bybit;coinbase;crypto_com;gate;htx;kraken;kucoin;mexc;okx;upbit,eth,eth,4,uniswap-v4-ethereum,0x1d6ebf506eacf0e98a8c4566687380ddf1601192acd9bce29feeaf0c0245ea6f;0x1ff1224be14c0e69c9e0a3da1c986fcbf48abe5365227700624bc39e9fdde81d;0x339d4e50b7eb4aad7eab94db04be1c684ea42555ef189ce9c488964bdb91d4e9;0x6bf6ce5b16c6941ada9a4e2a003209174cd2ec6fcd619a6e045bdff0b239d1fe,0.0034602076124565784,-0.0045977011494252595,-0.07931034482758614,-0.21379310344827573
2026-05-31,1INCH,0.0866,3321907.887220484,15245.111988995839,3337152.99920948,0.00456829878420533,217.89986781456832,12,binance;bitget;bybit;coinbase;crypto_com;gate;htx;kraken;kucoin;mexc;okx;upbit,eth,eth,4,uniswap-v4-ethereum,0x1ff1224be14c0e69c9e0a3da1c986fcbf48abe5365227700624bc39e9fdde81d;0x32dd66389b5c367a3e60b83fd7aa309361ece42946eb04f7ed05b1c244be3a7a;0x339d4e50b7eb4aad7eab94db04be1c684ea42555ef189ce9c488964bdb91d4e9;0x6bf6ce5b16c6941ada9a4e2a003209174cd2ec6fcd619a6e045bdff0b239d1fe,-0.0045977011494252595,-0.010392609699769073,-0.08545034642032323,-0.17898383371824478
2026-06-01,1INCH,0.0857,3083411.420585999,65998.67016283321,3149410.090748832,0.02095588324832628,46.719296206704556,12,binance;bitget;bybit;coinbase;crypto_com;gate;htx;kraken;kucoin;mexc;okx;upbit,eth,eth,4,uniswap-v4-ethereum,0x1d6ebf506eacf0e98a8c4566687380ddf1601192acd9bce29feeaf0c0245ea6f;0x1ff1224be14c0e69c9e0a3da1c986fcbf48abe5365227700624bc39e9fdde81d;0x32dd66389b5c367a3e60b83fd7aa309361ece42946eb04f7ed05b1c244be3a7a;0x6bf6ce5b16c6941ada9a4e2a003209174cd2ec6fcd619a6e045bdff0b239d1fe,-0.010392609699769073,-0.06534422403733953,-0.12368728121353556,-0.15985997666277718
2026-06-02,1INCH,0.0801,5350273.163514729,155096.82227529123,5505369.98579002,0.028171916270044266,34.496342897459165,12,binance;bitget;bybit;coinbase;crypto_com;gate;htx;kraken;kucoin;mexc;okx;upbit,eth,eth,5,uniswap-v4-ethereum,0x1d6ebf506eacf0e98a8c4566687380ddf1601192acd9bce29feeaf0c0245ea6f;0x1ff1224be14c0e69c9e0a3da1c986fcbf48abe5365227700624bc39e9fdde81d;0x32dd66389b5c367a3e60b83fd7aa309361ece42946eb04f7ed05b1c244be3a7a;0x339d4e50b7eb4aad7eab94db04be1c684ea42555ef189ce9c488964bdb91d4e9;0x6bf6ce5b16c6941ada9a4e2a003209174cd2ec6fcd619a6e045bdff0b239d1fe,-0.06534422403733953,-0.011235955056179803,-0.14481897627965046,-0.11985018726591778
2026-06-03,1INCH,0.0792,5186404.540885483,259202.84217227588,5445607.383057759,0.047598518207298865,20.009057375375555,12,binance;bitget;bybit;coinbase;crypto_com;gate;htx;kraken;kucoin;mexc;okx;upbit,eth,eth,5,uniswap-v4-ethereum,0x1d6ebf506eacf0e98a8c4566687380ddf1601192acd9bce29feeaf0c0245ea6f;0x1ff1224be14c0e69c9e0a3da1c986fcbf48abe5365227700624bc39e9fdde81d;0x32dd66389b5c367a3e60b83fd7aa309361ece42946eb04f7ed05b1c244be3a7a;0x339d4e50b7eb4aad7eab94db04be1c684ea42555ef189ce9c488964bdb91d4e9;0x6bf6ce5b16c6941ada9a4e2a003209174cd2ec6fcd619a6e045bdff0b239d1fe,-0.011235955056179803,-0.051767676767676796,-0.13636363636363635,-0.12247474747474751
2026-06-04,1INCH,0.0751,6371391.751435477,291922.6272328722,6663314.378668349,0.04381042385864621,21.825618013340563,12,binance;bitget;bybit;coinbase;crypto_com;gate;htx;kraken;kucoin;mexc;okx;upbit,eth,eth,5,uniswap-v4-ethereum,0x1d6ebf506eacf0e98a8c4566687380ddf1601192acd9bce29feeaf0c0245ea6f;0x1ff1224be14c0e69c9e0a3da1c986fcbf48abe5365227700624bc39e9fdde81d;0x32dd66389b5c367a3e60b83fd7aa309361ece42946eb04f7ed05b1c244be3a7a;0x339d4e50b7eb4aad7eab94db04be1c684ea42555ef189ce9c488964bdb91d4e9;0x6bf6ce5b16c6941ada9a4e2a003209174cd2ec6fcd619a6e045bdff0b239d1fe,-0.051767676767676796,-0.08788282290279625,-0.053262316910785645,-0.04127829560585894
2026-06-05,1INCH,0.0685,6093171.003467236,524703.5938983482,6617874.597365584,0.07928581694600559,11.612596281640254,12,binance;bitget;bybit;coinbase;crypto_com;gate;htx;kraken;kucoin;mexc;okx;upbit,eth,eth,5,uniswap-v4-ethereum,0x1d6ebf506eacf0e98a8c4566687380ddf1601192acd9bce29feeaf0c0245ea6f;0x1ff1224be14c0e69c9e0a3da1c986fcbf48abe5365227700624bc39e9fdde81d;0x32dd66389b5c367a3e60b83fd7aa309361ece42946eb04f7ed05b1c244be3a7a;0x339d4e50b7eb4aad7eab94db04be1c684ea42555ef189ce9c488964bdb91d4e9;0x6bf6ce5b16c6941ada9a4e2a003209174cd2ec6fcd619a6e045bdff0b239d1fe,-0.08788282290279625,-0.0014598540145985828,0.05109489051094873,0.04817518248175179
2026-06-06,1INCH,0.0684,3791902.3994203005,134712.28496927873,3926614.684389579,0.0343074876954016,28.14815590341332,12,binance;bitget;bybit;coinbase;crypto_com;gate;htx;kraken;kucoin;mexc;okx;upbit,eth,eth,4,uniswap-v4-ethereum,0x1d6ebf506eacf0e98a8c4566687380ddf1601192acd9bce29feeaf0c0245ea6f;0x1ff1224be14c0e69c9e0a3da1c986fcbf48abe5365227700624bc39e9fdde81d;0x32dd66389b5c367a3e60b83fd7aa309361ece42946eb04f7ed05b1c244be3a7a;0x6bf6ce5b16c6941ada9a4e2a003209174cd2ec6fcd619a6e045bdff0b239d1fe,-0.0014598540145985828,0.03947368421052633,0.030701754385964675,0.06432748538011701
2026-06-07,1INCH,0.0711,3180461.8408788242,240751.15836526116,3421212.9992440855,0.07037011680314992,13.210577521099664,12,binance;bitget;bybit;coinbase;crypto_com;gate;htx;kraken;kucoin;mexc;okx;upbit,eth,eth,5,uniswap-v4-ethereum,0x1d6ebf506eacf0e98a8c4566687380ddf1601192acd9bce29feeaf0c0245ea6f;0x1ff1224be14c0e69c9e0a3da1c986fcbf48abe5365227700624bc39e9fdde81d;0x32dd66389b5c367a3e60b83fd7aa309361ece42946eb04f7ed05b1c244be3a7a;0x339d4e50b7eb4aad7eab94db04be1c684ea42555ef189ce9c488964bdb91d4e9;0x6bf6ce5b16c6941ada9a4e2a003209174cd2ec6fcd619a6e045bdff0b239d1fe,0.03947368421052633,0.012658227848101333,-0.02250351617440216,0.04500703234880454
2026-06-08,1INCH,0.072,2747993.188496827,135536.8195456649,2883530.008042492,0.0470037832682987,20.27488322146276,12,binance;bitget;bybit;coinbase;crypto_com;gate;htx;kraken;kucoin;mexc;okx;upbit,eth,eth,5,uniswap-v4-ethereum,0x1d6ebf506eacf0e98a8c4566687380ddf1601192acd9bce29feeaf0c0245ea6f;0x1ff1224be14c0e69c9e0a3da1c986fcbf48abe5365227700624bc39e9fdde81d;0x32dd66389b5c367a3e60b83fd7aa309361ece42946eb04f7ed05b1c244be3a7a;0x339d4e50b7eb4aad7eab94db04be1c684ea42555ef189ce9c488964bdb91d4e9;0x6bf6ce5b16c6941ada9a4e2a003209174cd2ec6fcd619a6e045bdff0b239d1fe,0.012658227848101333,-0.02083333333333337,0.0,0.06666666666666665
2026-06-09,1INCH,0.0705,3659119.653631208,113205.6126461658,3772325.266277374,0.0300095046570255,32.322775948115854,12,binance;bitget;bybit;coinbase;crypto_com;gate;htx;kraken;kucoin;mexc;okx;upbit,eth,eth,5,uniswap-v4-ethereum,0x1d6ebf506eacf0e98a8c4566687380ddf1601192acd9bce29feeaf0c0245ea6f;0x1ff1224be14c0e69c9e0a3da1c986fcbf48abe5365227700624bc39e9fdde81d;0x32dd66389b5c367a3e60b83fd7aa309361ece42946eb04f7ed05b1c244be3a7a;0x339d4e50b7eb4aad7eab94db04be1c684ea42555ef189ce9c488964bdb91d4e9;0x6bf6ce5b16c6941ada9a4e2a003209174cd2ec6fcd619a6e045bdff0b239d1fe,-0.02083333333333337,-0.014184397163120366,0.018439716312056875,0.10354609929078018
2026-06-10,1INCH,0.0695,3622343.7259593825,127029.71187024235,3749373.437829625,0.033880250654300045,28.515720240785207,12,binance;bitget;bybit;coinbase;crypto_com;gate;htx;kraken;kucoin;mexc;okx;upbit,eth,eth,5,uniswap-v4-ethereum,0x1d6ebf506eacf0e98a8c4566687380ddf1601192acd9bce29feeaf0c0245ea6f;0x1ff1224be14c0e69c9e0a3da1c986fcbf48abe5365227700624bc39e9fdde81d;0x32dd66389b5c367a3e60b83fd7aa309361ece42946eb04f7ed05b1c244be3a7a;0x339d4e50b7eb4aad7eab94db04be1c684ea42555ef189ce9c488964bdb91d4e9;0x6bf6ce5b16c6941ada9a4e2a003209174cd2ec6fcd619a6e045bdff0b239d1fe,-0.014184397163120366,0.03597122302158251,0.04748201438848909,0.09208633093525154
2026-06-11,1INCH,0.072,2993508.112084385,363989.51131127204,3357497.623395657,0.10841095129149954,8.224160364677195,12,binance;bitget;bybit;coinbase;crypto_com;gate;htx;kraken;kucoin;mexc;okx;upbit,eth,eth,5,uniswap-v4-ethereum,0x1d6ebf506eacf0e98a8c4566687380ddf1601192acd9bce29feeaf0c0245ea6f;0x1ff1224be14c0e69c9e0a3da1c986fcbf48abe5365227700624bc39e9fdde81d;0x32dd66389b5c367a3e60b83fd7aa309361ece42946eb04f7ed05b1c244be3a7a;0x339d4e50b7eb4aad7eab94db04be1c684ea42555ef189ce9c488964bdb91d4e9;0x6bf6ce5b16c6941ada9a4e2a003209174cd2ec6fcd619a6e045bdff0b239d1fe,0.03597122302158251,-0.002777777777777657,0.03194444444444455,0.03333333333333344
2026-06-12,1INCH,0.0718,2703001.378562645,127805.38922323928,2830806.7677858844,0.045148044252841135,21.149353677420272,12,binance;bitget;bybit;coinbase;crypto_com;gate;htx;kraken;kucoin;mexc;okx;upbit,eth,eth,5,uniswap-v4-ethereum,0x1d6ebf506eacf0e98a8c4566687380ddf1601192acd9bce29feeaf0c0245ea6f;0x1ff1224be14c0e69c9e0a3da1c986fcbf48abe5365227700624bc39e9fdde81d;0x32dd66389b5c367a3e60b83fd7aa309361ece42946eb04f7ed05b1c244be3a7a;0x339d4e50b7eb4aad7eab94db04be1c684ea42555ef189ce9c488964bdb91d4e9;0x6bf6ce5b16c6941ada9a4e2a003209174cd2ec6fcd619a6e045bdff0b239d1fe,-0.002777777777777657,0.013927576601671321,0.06963788300835638,0.01810584958217265
2026-06-13,1INCH,0.0728,1938664.3899615256,107133.40223232147,2045797.792193847,0.052367542208282034,18.095797851705328,12,binance;bitget;bybit;coinbase;crypto_com;gate;htx;kraken;kucoin;mexc;okx;upbit,eth,eth,5,uniswap-v4-ethereum,0x1d6ebf506eacf0e98a8c4566687380ddf1601192acd9bce29feeaf0c0245ea6f;0x1ff1224be14c0e69c9e0a3da1c986fcbf48abe5365227700624bc39e9fdde81d;0x32dd66389b5c367a3e60b83fd7aa309361ece42946eb04f7ed05b1c244be3a7a;0x339d4e50b7eb4aad7eab94db04be1c684ea42555ef189ce9c488964bdb91d4e9;0x6bf6ce5b16c6941ada9a4e2a003209174cd2ec6fcd619a6e045bdff0b239d1fe,0.013927576601671321,0.02060439560439553,0.06868131868131844,0.015109890109890056
2026-06-14,1INCH,0.0743,3473033.0895278067,68413.50453627021,3541446.594064077,0.019317954603901157,50.765314729441144,12,binance;bitget;bybit;coinbase;crypto_com;gate;htx;kraken;kucoin;mexc;okx;upbit,eth,eth,5,uniswap-v4-ethereum,0x1d6ebf506eacf0e98a8c4566687380ddf1601192acd9bce29feeaf0c0245ea6f;0x1ff1224be14c0e69c9e0a3da1c986fcbf48abe5365227700624bc39e9fdde81d;0x32dd66389b5c367a3e60b83fd7aa309361ece42946eb04f7ed05b1c244be3a7a;0x339d4e50b7eb4aad7eab94db04be1c684ea42555ef189ce9c488964bdb91d4e9;0x6bf6ce5b16c6941ada9a4e2a003209174cd2ec6fcd619a6e045bdff0b239d1fe,0.02060439560439553,0.03364737550471042,0.021534320323014722,-0.032301480484522194
2026-06-15,1INCH,0.0768,3905914.312379624,391598.96899660747,4297513.281376231,0.09112222426249307,9.97427118459411,12,binance;bitget;bybit;coinbase;crypto_com;gate;htx;kraken;kucoin;mexc;okx;upbit,eth,eth,5,uniswap-v4-ethereum,0x1d6ebf506eacf0e98a8c4566687380ddf1601192acd9bce29feeaf0c0245ea6f;0x1ff1224be14c0e69c9e0a3da1c986fcbf48abe5365227700624bc39e9fdde81d;0x32dd66389b5c367a3e60b83fd7aa309361ece42946eb04f7ed05b1c244be3a7a;0x339d4e50b7eb4aad7eab94db04be1c684ea42555ef189ce9c488964bdb91d4e9;0x6bf6ce5b16c6941ada9a4e2a003209174cd2ec6fcd619a6e045bdff0b239d1fe,0.03364737550471042,0.01302083333333326,-0.03125,-0.06119791666666663
2026-06-16,1INCH,0.0778,4122343.691096403,626597.3975760022,4748941.088672405,0.1319446558456195,6.578935225463316,12,binance;bitget;bybit;coinbase;crypto_com;gate;htx;kraken;kucoin;mexc;okx;upbit,eth,eth,5,uniswap-v4-ethereum,0x1d6ebf506eacf0e98a8c4566687380ddf1601192acd9bce29feeaf0c0245ea6f;0x1ff1224be14c0e69c9e0a3da1c986fcbf48abe5365227700624bc39e9fdde81d;0x32dd66389b5c367a3e60b83fd7aa309361ece42946eb04f7ed05b1c244be3a7a;0x339d4e50b7eb4aad7eab94db04be1c684ea42555ef189ce9c488964bdb91d4e9;0x6bf6ce5b16c6941ada9a4e2a003209174cd2ec6fcd619a6e045bdff0b239d1fe,0.01302083333333326,-0.024421593830334154,-0.06041131105398456,-0.09383033419023135
2026-06-17,1INCH,0.0759,3177068.9474443053,739432.9067830623,3916501.854227368,0.18879932508775352,4.296629103600885,12,binance;bitget;bybit;coinbase;crypto_com;gate;htx;kraken;kucoin;mexc;okx;upbit,eth,eth,5,uniswap-v4-ethereum,0x1d6ebf506eacf0e98a8c4566687380ddf1601192acd9bce29feeaf0c0245ea6f;0x1ff1224be14c0e69c9e0a3da1c986fcbf48abe5365227700624bc39e9fdde81d;0x32dd66389b5c367a3e60b83fd7aa309361ece42946eb04f7ed05b1c244be3a7a;0x339d4e50b7eb4aad7eab94db04be1c684ea42555ef189ce9c488964bdb91d4e9;0x6bf6ce5b16c6941ada9a4e2a003209174cd2ec6fcd619a6e045bdff0b239d1fe,-0.024421593830334154,-0.01976284584980237,-0.026350461133069825,-0.08300395256916993
2026-06-18,1INCH,0.0744,2486965.266317718,355583.9132310865,2842549.1795488046,0.12509331968269694,6.994031995765488,12,binance;bitget;bybit;coinbase;crypto_com;gate;htx;kraken;kucoin;mexc;okx;upbit,eth,eth,5,uniswap-v4-ethereum,0x1d6ebf506eacf0e98a8c4566687380ddf1601192acd9bce29feeaf0c0245ea6f;0x1ff1224be14c0e69c9e0a3da1c986fcbf48abe5365227700624bc39e9fdde81d;0x32dd66389b5c367a3e60b83fd7aa309361ece42946eb04f7ed05b1c244be3a7a;0x339d4e50b7eb4aad7eab94db04be1c684ea42555ef189ce9c488964bdb91d4e9;0x6bf6ce5b16c6941ada9a4e2a003209174cd2ec6fcd619a6e045bdff0b239d1fe,-0.01976284584980237,-0.017473118279569877,-0.03360215053763427,-0.09408602150537626
2026-06-19,1INCH,0.0731,1676730.4142488458,116797.03555377643,1793527.4498026222,0.06512140952547447,14.355932976371092,12,binance;bitget;bybit;coinbase;crypto_com;gate;htx;kraken;kucoin;mexc;okx;upbit,eth,eth,5,uniswap-v4-ethereum,0x1d6ebf506eacf0e98a8c4566687380ddf1601192acd9bce29feeaf0c0245ea6f;0x1ff1224be14c0e69c9e0a3da1c986fcbf48abe5365227700624bc39e9fdde81d;0x32dd66389b5c367a3e60b83fd7aa309361ece42946eb04f7ed05b1c244be3a7a;0x339d4e50b7eb4aad7eab94db04be1c684ea42555ef189ce9c488964bdb91d4e9;0x6bf6ce5b16c6941ada9a4e2a003209174cd2ec6fcd619a6e045bdff0b239d1fe,-0.017473118279569877,0.0109439124487003,-0.013679890560875485,-0.05608755129958953
2026-06-20,1INCH,0.0739,1629406.2893802808,160055.02941177782,1789461.3187920586,0.0894431344958157,10.180287963262085,12,binance;bitget;bybit;coinbase;crypto_com;gate;htx;kraken;kucoin;mexc;okx;upbit,eth,eth,5,uniswap-v4-ethereum,0x1d6ebf506eacf0e98a8c4566687380ddf1601192acd9bce29feeaf0c0245ea6f;0x1ff1224be14c0e69c9e0a3da1c986fcbf48abe5365227700624bc39e9fdde81d;0x32dd66389b5c367a3e60b83fd7aa309361ece42946eb04f7ed05b1c244be3a7a;0x339d4e50b7eb4aad7eab94db04be1c684ea42555ef189ce9c488964bdb91d4e9;0x6bf6ce5b16c6941ada9a4e2a003209174cd2ec6fcd619a6e045bdff0b239d1fe,0.0109439124487003,-0.027063599458727827,-0.046008119079837595,-0.07442489851150191
2026-06-21,1INCH,0.0719,3769762.4359877477,104166.06450947718,3873928.5004972247,0.02688900027352268,36.18992858892897,12,binance;bitget;bybit;coinbase;crypto_com;gate;htx;kraken;kucoin;mexc;okx;upbit,eth,eth,5,uniswap-v4-ethereum,0x1d6ebf506eacf0e98a8c4566687380ddf1601192acd9bce29feeaf0c0245ea6f;0x1ff1224be14c0e69c9e0a3da1c986fcbf48abe5365227700624bc39e9fdde81d;0x32dd66389b5c367a3e60b83fd7aa309361ece42946eb04f7ed05b1c244be3a7a;0x339d4e50b7eb4aad7eab94db04be1c684ea42555ef189ce9c488964bdb91d4e9;0x6bf6ce5b16c6941ada9a4e2a003209174cd2ec6fcd619a6e045bdff0b239d1fe,-0.027063599458727827,0.0027816411682892728,-0.03198887343532697,-0.05285118219749663
2026-06-22,1INCH,0.0721,3513641.431109581,109913.7929198715,3623555.2240294525,0.030333135863635483,31.967247583486348,12,binance;bitget;bybit;coinbase;crypto_com;gate;htx;kraken;kucoin;mexc;okx;upbit,eth,eth,5,uniswap-v4-ethereum,0x1d6ebf506eacf0e98a8c4566687380ddf1601192acd9bce29feeaf0c0245ea6f;0x1ff1224be14c0e69c9e0a3da1c986fcbf48abe5365227700624bc39e9fdde81d;0x32dd66389b5c367a3e60b83fd7aa309361ece42946eb04f7ed05b1c244be3a7a;0x339d4e50b7eb4aad7eab94db04be1c684ea42555ef189ce9c488964bdb91d4e9;0x6bf6ce5b16c6941ada9a4e2a003209174cd2ec6fcd619a6e045bdff0b239d1fe,0.0027816411682892728,-0.022191400832177632,-0.06518723994452147,-0.04993065187239931
2026-06-23,1INCH,0.0705,2533421.4531229334,109217.46541474063,2642638.918537674,0.041328940041183156,23.196120176407316,12,binance;bitget;bybit;coinbase;crypto_com;gate;htx;kraken;kucoin;mexc;okx;upbit,eth,eth,5,uniswap-v4-ethereum,0x1d6ebf506eacf0e98a8c4566687380ddf1601192acd9bce29feeaf0c0245ea6f;0x1ff1224be14c0e69c9e0a3da1c986fcbf48abe5365227700624bc39e9fdde81d;0x32dd66389b5c367a3e60b83fd7aa309361ece42946eb04f7ed05b1c244be3a7a;0x339d4e50b7eb4aad7eab94db04be1c684ea42555ef189ce9c488964bdb91d4e9;0x6bf6ce5b16c6941ada9a4e2a003209174cd2ec6fcd619a6e045bdff0b239d1fe,-0.022191400832177632,-0.012765957446808529,-0.02127659574468066,-0.06808510638297871
2026-06-24,1INCH,0.0696,4610042.939728196,317131.3599323205,4927174.299660516,0.06436373885822771,14.536698422735716,12,binance;bitget;bybit;coinbase;crypto_com;gate;htx;kraken;kucoin;mexc;okx;upbit,eth,eth,5,uniswap-v4-ethereum,0x1d6ebf506eacf0e98a8c4566687380ddf1601192acd9bce29feeaf0c0245ea6f;0x1ff1224be14c0e69c9e0a3da1c986fcbf48abe5365227700624bc39e9fdde81d;0x32dd66389b5c367a3e60b83fd7aa309361ece42946eb04f7ed05b1c244be3a7a;0x339d4e50b7eb4aad7eab94db04be1c684ea42555ef189ce9c488964bdb91d4e9;0x6bf6ce5b16c6941ada9a4e2a003209174cd2ec6fcd619a6e045bdff0b239d1fe,-0.012765957446808529,-0.031609195402298784,-0.01724137931034475,-0.01580459770114928
2026-06-25,1INCH,0.0674,2640902.2771312105,412459.1885107731,3053361.465641984,0.1350836424550382,6.402820814021536,12,binance;bitget;bybit;coinbase;crypto_com;gate;htx;kraken;kucoin;mexc;okx;upbit,eth,eth,5,uniswap-v4-ethereum,0x1d6ebf506eacf0e98a8c4566687380ddf1601192acd9bce29feeaf0c0245ea6f;0x1ff1224be14c0e69c9e0a3da1c986fcbf48abe5365227700624bc39e9fdde81d;0x32dd66389b5c367a3e60b83fd7aa309361ece42946eb04f7ed05b1c244be3a7a;0x339d4e50b7eb4aad7eab94db04be1c684ea42555ef189ce9c488964bdb91d4e9;0x6bf6ce5b16c6941ada9a4e2a003209174cd2ec6fcd619a6e045bdff0b239d1fe,-0.031609195402298784,0.023738872403560984,0.010385756676557722,0.047477744807121525
2026-06-26,1INCH,0.069,2611017.4029314527,380558.9850910314,2991576.3880224843,0.1272101847757234,6.861005797319135,12,binance;bitget;bybit;coinbase;crypto_com;gate;htx;kraken;kucoin;mexc;okx;upbit,eth,eth,5,uniswap-v4-ethereum,0x1d6ebf506eacf0e98a8c4566687380ddf1601192acd9bce29feeaf0c0245ea6f;0x1ff1224be14c0e69c9e0a3da1c986fcbf48abe5365227700624bc39e9fdde81d;0x32dd66389b5c367a3e60b83fd7aa309361ece42946eb04f7ed05b1c244be3a7a;0x339d4e50b7eb4aad7eab94db04be1c684ea42555ef189ce9c488964bdb91d4e9;0x6bf6ce5b16c6941ada9a4e2a003209174cd2ec6fcd619a6e045bdff0b239d1fe,0.023738872403560984,-0.008695652173913104,-0.007246376811594235,0.043478260869564966
2026-06-27,1INCH,0.0684,2954093.104756088,191878.7455208412,3145971.8502769293,0.0609918825255702,15.395624443642324,12,binance;bitget;bybit;coinbase;crypto_com;gate;htx;kraken;kucoin;mexc;okx;upbit,eth,eth,5,uniswap-v4-ethereum,0x1d6ebf506eacf0e98a8c4566687380ddf1601192acd9bce29feeaf0c0245ea6f;0x1ff1224be14c0e69c9e0a3da1c986fcbf48abe5365227700624bc39e9fdde81d;0x32dd66389b5c367a3e60b83fd7aa309361ece42946eb04f7ed05b1c244be3a7a;0x339d4e50b7eb4aad7eab94db04be1c684ea42555ef189ce9c488964bdb91d4e9;0x6bf6ce5b16c6941ada9a4e2a003209174cd2ec6fcd619a6e045bdff0b239d1fe,-0.008695652173913104,-0.004385964912280826,-0.03947368421052644,0.05555555555555558
2026-06-28,1INCH,0.0681,2832184.790039689,148928.8595888293,2981113.649628518,0.049957457880677444,19.0170313387139,12,binance;bitget;bybit;coinbase;crypto_com;gate;htx;kraken;kucoin;mexc;okx;upbit,eth,eth,5,uniswap-v4-ethereum,0x1d6ebf506eacf0e98a8c4566687380ddf1601192acd9bce29feeaf0c0245ea6f;0x1ff1224be14c0e69c9e0a3da1c986fcbf48abe5365227700624bc39e9fdde81d;0x32dd66389b5c367a3e60b83fd7aa309361ece42946eb04f7ed05b1c244be3a7a;0x339d4e50b7eb4aad7eab94db04be1c684ea42555ef189ce9c488964bdb91d4e9;0x6bf6ce5b16c6941ada9a4e2a003209174cd2ec6fcd619a6e045bdff0b239d1fe,-0.004385964912280826,0.005873715124816714,0.005873715124816714,0.06607929515418509
2026-06-29,1INCH,0.0685,3434081.2213517907,197203.07875225757,3631284.300104048,0.054306703208726194,17.41393310428972,12,binance;bitget;bybit;coinbase;crypto_com;gate;htx;kraken;kucoin;mexc;okx;upbit,eth,eth,5,uniswap-v4-ethereum,0x1d6ebf506eacf0e98a8c4566687380ddf1601192acd9bce29feeaf0c0245ea6f;0x1ff1224be14c0e69c9e0a3da1c986fcbf48abe5365227700624bc39e9fdde81d;0x32dd66389b5c367a3e60b83fd7aa309361ece42946eb04f7ed05b1c244be3a7a;0x339d4e50b7eb4aad7eab94db04be1c684ea42555ef189ce9c488964bdb91d4e9;0x6bf6ce5b16c6941ada9a4e2a003209174cd2ec6fcd619a6e045bdff0b239d1fe,0.005873715124816714,-0.04087591240875932,0.03065693430656924,0.0613138686131387
2026-06-30,1INCH,0.0657,3760738.6764962566,157523.85000857804,3918262.5265048346,0.04020247467927891,23.874090661772573,12,binance;bitget;bybit;coinbase;crypto_com;gate;htx;kraken;kucoin;mexc;okx;upbit,eth,eth,5,uniswap-v4-ethereum,0x1d6ebf506eacf0e98a8c4566687380ddf1601192acd9bce29feeaf0c0245ea6f;0x1ff1224be14c0e69c9e0a3da1c986fcbf48abe5365227700624bc39e9fdde81d;0x32dd66389b5c367a3e60b83fd7aa309361ece42946eb04f7ed05b1c244be3a7a;0x339d4e50b7eb4aad7eab94db04be1c684ea42555ef189ce9c488964bdb91d4e9;0x6bf6ce5b16c6941ada9a4e2a003209174cd2ec6fcd619a6e045bdff0b239d1fe,-0.04087591240875932,0.042617960426179824,0.09589041095890405,0.07762557077625587
2026-07-01,1INCH,0.0685,3539542.3910732986,239457.27636594427,3778999.667439243,0.06336525468079951,14.781519462637194,12,binance;bitget;bybit;coinbase;crypto_com;gate;htx;kraken;kucoin;mexc;okx;upbit,eth,eth,5,uniswap-v4-ethereum,0x1d6ebf506eacf0e98a8c4566687380ddf1601192acd9bce29feeaf0c0245ea6f;0x1ff1224be14c0e69c9e0a3da1c986fcbf48abe5365227700624bc39e9fdde81d;0x32dd66389b5c367a3e60b83fd7aa309361ece42946eb04f7ed05b1c244be3a7a;0x339d4e50b7eb4aad7eab94db04be1c684ea42555ef189ce9c488964bdb91d4e9;0x6bf6ce5b16c6941ada9a4e2a003209174cd2ec6fcd619a6e045bdff0b239d1fe,0.042617960426179824,0.03065693430656924,0.0540145985401459,
2026-07-02,1INCH,0.0706,3147498.501625454,371523.9273128374,3519022.4289382915,0.1055758906955669,8.471859469161833,12,binance;bitget;bybit;coinbase;crypto_com;gate;htx;kraken;kucoin;mexc;okx;upbit,eth,eth,5,uniswap-v4-ethereum,0x1d6ebf506eacf0e98a8c4566687380ddf1601192acd9bce29feeaf0c0245ea6f;0x1ff1224be14c0e69c9e0a3da1c986fcbf48abe5365227700624bc39e9fdde81d;0x32dd66389b5c367a3e60b83fd7aa309361ece42946eb04f7ed05b1c244be3a7a;0x339d4e50b7eb4aad7eab94db04be1c684ea42555ef189ce9c488964bdb91d4e9;0x6bf6ce5b16c6941ada9a4e2a003209174cd2ec6fcd619a6e045bdff0b239d1fe,0.03065693430656924,0.019830028328611915,0.028328611898017053,
2026-07-03,1INCH,0.072,2736522.9071335867,289858.1478051163,3026381.054938703,0.09577714852929754,9.440903862303932,12,binance;bitget;bybit;coinbase;crypto_com;gate;htx;kraken;kucoin;mexc;okx;upbit,eth,eth,5,uniswap-v4-ethereum,0x1d6ebf506eacf0e98a8c4566687380ddf1601192acd9bce29feeaf0c0245ea6f;0x1ff1224be14c0e69c9e0a3da1c986fcbf48abe5365227700624bc39e9fdde81d;0x32dd66389b5c367a3e60b83fd7aa309361ece42946eb04f7ed05b1c244be3a7a;0x339d4e50b7eb4aad7eab94db04be1c684ea42555ef189ce9c488964bdb91d4e9;0x6bf6ce5b16c6941ada9a4e2a003209174cd2ec6fcd619a6e045bdff0b239d1fe,0.019830028328611915,0.002777777777777768,0.00972222222222241,
2026-07-04,1INCH,0.0722,2183287.4628729066,134195.8962486483,2317483.359121555,0.05790587264433062,16.26940557725809,12,binance;bitget;bybit;coinbase;crypto_com;gate;htx;kraken;kucoin;mexc;okx;upbit,eth,eth,5,uniswap-v4-ethereum,0x1d6ebf506eacf0e98a8c4566687380ddf1601192acd9bce29feeaf0c0245ea6f;0x1ff1224be14c0e69c9e0a3da1c986fcbf48abe5365227700624bc39e9fdde81d;0x32dd66389b5c367a3e60b83fd7aa309361ece42946eb04f7ed05b1c244be3a7a;0x339d4e50b7eb4aad7eab94db04be1c684ea42555ef189ce9c488964bdb91d4e9;0x6bf6ce5b16c6941ada9a4e2a003209174cd2ec6fcd619a6e045bdff0b239d1fe,0.002777777777777768,0.005540166204986097,-0.01939058171745145,
2026-07-05,1INCH,0.0726,2573068.237588087,94398.42235675333,2667466.6599448402,0.03538879183543586,27.257534324714356,12,binance;bitget;bybit;coinbase;crypto_com;gate;htx;kraken;kucoin;mexc;okx;upbit,eth,eth,5,uniswap-v4-ethereum,0x1d6ebf506eacf0e98a8c4566687380ddf1601192acd9bce29feeaf0c0245ea6f;0x1ff1224be14c0e69c9e0a3da1c986fcbf48abe5365227700624bc39e9fdde81d;0x32dd66389b5c367a3e60b83fd7aa309361ece42946eb04f7ed05b1c244be3a7a;0x339d4e50b7eb4aad7eab94db04be1c684ea42555ef189ce9c488964bdb91d4e9;0x6bf6ce5b16c6941ada9a4e2a003209174cd2ec6fcd619a6e045bdff0b239d1fe,0.005540166204986097,0.0013774104683195176,,
2026-07-06,1INCH,0.0727,2896605.3522572317,198122.5989779612,3094727.951235193,0.06401939107406353,14.620267285002884,12,binance;bitget;bybit;coinbase;crypto_com;gate;htx;kraken;kucoin;mexc;okx;upbit,eth,eth,5,uniswap-v4-ethereum,0x1d6ebf506eacf0e98a8c4566687380ddf1601192acd9bce29feeaf0c0245ea6f;0x1ff1224be14c0e69c9e0a3da1c986fcbf48abe5365227700624bc39e9fdde81d;0x32dd66389b5c367a3e60b83fd7aa309361ece42946eb04f7ed05b1c244be3a7a;0x339d4e50b7eb4aad7eab94db04be1c684ea42555ef189ce9c488964bdb91d4e9;0x6bf6ce5b16c6941ada9a4e2a003209174cd2ec6fcd619a6e045bdff0b239d1fe,0.0013774104683195176,-0.02613480055020634,,
2026-07-07,1INCH,0.0708,3702805.4194741673,179613.87714393513,3882419.2966181026,0.04626338976328321,20.615363792336,12,binance;bitget;bybit;coinbase;crypto_com;gate;htx;kraken;kucoin;mexc;okx;upbit,eth,eth,5,uniswap-v4-ethereum,0x1d6ebf506eacf0e98a8c4566687380ddf1601192acd9bce29feeaf0c0245ea6f;0x1ff1224be14c0e69c9e0a3da1c986fcbf48abe5365227700624bc39e9fdde81d;0x32dd66389b5c367a3e60b83fd7aa309361ece42946eb04f7ed05b1c244be3a7a;0x339d4e50b7eb4aad7eab94db04be1c684ea42555ef189ce9c488964bdb91d4e9;0x6bf6ce5b16c6941ada9a4e2a003209174cd2ec6fcd619a6e045bdff0b239d1fe,-0.02613480055020634,,,
2026-01-17,AAVE,173.84,47543205.26719957,2697551.4510848857,50240756.71828446,0.05369249245609287,17.624577743671548,12,binance;bitget;bybit;coinbase;crypto_com;gate;htx;kraken;kucoin;mexc;okx;upbit,eth,eth,5,balancer_ethereum;uniswap-v4-ethereum;uniswap_v3,0x1c60dc7ce348dc9f1e8992c027350acfda4ba66e2365aa87cbdd98c490185088;0x2187d779d9b173dd7202b38b54dca6eb04d1b32ca261980869195b5b9fa97ef8;0x3de27efa2f1aa663ae5d458857e731c129069f29;0x4674abc5796e1334b5075326b39b748bee9eaa34;0x5ab53ee1d50eef2c1dd3d5402789cd27bb52c1bb,,-0.028762080073630902,-0.11821214910262312,-0.10135757017947544
2026-01-18,AAVE,168.84,81721842.35289665,2912491.446158191,84634333.79905483,0.0344126469178956,28.05908407411609,12,binance;bitget;bybit;coinbase;crypto_com;gate;htx;kraken;kucoin;mexc;okx;upbit,eth,eth,5,balancer_ethereum;uniswap-v4-ethereum;uniswap_v3,0x1c60dc7ce348dc9f1e8992c027350acfda4ba66e2365aa87cbdd98c490185088;0x2187d779d9b173dd7202b38b54dca6eb04d1b32ca261980869195b5b9fa97ef8;0x3de27efa2f1aa663ae5d458857e731c129069f29;0x4674abc5796e1334b5075326b39b748bee9eaa34;0x5ab53ee1d50eef2c1dd3d5402789cd27bb52c1bb,-0.028762080073630902,-0.028903103529969165,-0.05555555555555558,-0.12366737739872069
2026-01-19,AAVE,163.96,89273478.57880823,3093424.71964309,92366903.29845132,0.033490618491861426,28.859108163171445,12,binance;bitget;bybit;coinbase;crypto_com;gate;htx;kraken;kucoin;mexc;okx;upbit,eth,eth,5,balancer_ethereum;uniswap-v4-ethereum;uniswap_v3,0x1c60dc7ce348dc9f1e8992c027350acfda4ba66e2365aa87cbdd98c490185088;0x2187d779d9b173dd7202b38b54dca6eb04d1b32ca261980869195b5b9fa97ef8;0x3de27efa2f1aa663ae5d458857e731c129069f29;0x4674abc5796e1334b5075326b39b748bee9eaa34;0x5ab53ee1d50eef2c1dd3d5402789cd27bb52c1bb,-0.028903103529969165,-0.06507684801171032,-0.0407416443034887,-0.05946572334715783
2026-01-20,AAVE,153.29,51175919.97481473,2713869.696684285,53889789.671499014,0.050359626809224387,18.8571765392199,12,binance;bitget;bybit;coinbase;crypto_com;gate;htx;kraken;kucoin;mexc;okx;upbit,eth,eth,5,balancer_ethereum;uniswap-v4-ethereum;uniswap_v3,0x1c60dc7ce348dc9f1e8992c027350acfda4ba66e2365aa87cbdd98c490185088;0x2187d779d9b173dd7202b38b54dca6eb04d1b32ca261980869195b5b9fa97ef8;0x3de27efa2f1aa663ae5d458857e731c129069f29;0x4674abc5796e1334b5075326b39b748bee9eaa34;0x5ab53ee1d50eef2c1dd3d5402789cd27bb52c1bb,-0.06507684801171032,0.04025050557766341,0.024724378628742993,0.03731489333942206
2026-01-21,AAVE,159.46,103166982.72553311,3051555.3667696947,106218538.09230281,0.028729028111062163,33.80799963486924,12,binance;bitget;bybit;coinbase;crypto_com;gate;htx;kraken;kucoin;mexc;okx;upbit,eth,eth,5,balancer_ethereum;uniswap-v4-ethereum;uniswap_v3,0x1c60dc7ce348dc9f1e8992c027350acfda4ba66e2365aa87cbdd98c490185088;0x2187d779d9b173dd7202b38b54dca6eb04d1b32ca261980869195b5b9fa97ef8;0x3de27efa2f1aa663ae5d458857e731c129069f29;0x4674abc5796e1334b5075326b39b748bee9eaa34;0x5ab53ee1d50eef2c1dd3d5402789cd27bb52c1bb,0.04025050557766341,-0.013671140097830214,-0.02031857519127056,0.004640662235043225
2026-01-22,AAVE,157.28,128133784.7763325,1008167.9824943629,129141952.75882687,0.007806665153787172,127.09566957215779,12,binance;bitget;bybit;coinbase;crypto_com;gate;htx;kraken;kucoin;mexc;okx;upbit,eth,eth,5,balancer_ethereum;uniswap-v4-ethereum;uniswap_v3,0x1c60dc7ce348dc9f1e8992c027350acfda4ba66e2365aa87cbdd98c490185088;0x2187d779d9b173dd7202b38b54dca6eb04d1b32ca261980869195b5b9fa97ef8;0x3de27efa2f1aa663ae5d458857e731c129069f29;0x4674abc5796e1334b5075326b39b748bee9eaa34;0x5ab53ee1d50eef2c1dd3d5402789cd27bb52c1bb,-0.013671140097830214,-0.0012716174974567451,-0.05925737538148523,-0.06370803662258395
2026-01-23,AAVE,157.08,130197061.7450794,1107145.8548404356,131304207.59991984,0.008431914521839827,117.59702768687482,12,binance;bitget;bybit;coinbase;crypto_com;gate;htx;kraken;kucoin;mexc;okx;upbit,eth,eth,5,balancer_ethereum;uniswap-v4-ethereum;uniswap_v3,0x1c60dc7ce348dc9f1e8992c027350acfda4ba66e2365aa87cbdd98c490185088;0x2187d779d9b173dd7202b38b54dca6eb04d1b32ca261980869195b5b9fa97ef8;0x3de27efa2f1aa663ae5d458857e731c129069f29;0x4674abc5796e1334b5075326b39b748bee9eaa34;0x5ab53ee1d50eef2c1dd3d5402789cd27bb52c1bb,-0.0012716174974567451,-0.005474917239623234,-0.018270944741533013,-0.12140310669722443
2026-01-24,AAVE,156.22,32493576.188814517,714152.9269026399,33207729.115717158,0.021505623718323836,45.499465121206946,12,binance;bitget;bybit;coinbase;crypto_com;gate;htx;kraken;kucoin;mexc;okx;upbit,eth,eth,5,balancer_ethereum;uniswap-v4-ethereum;uniswap_v3,0x1c60dc7ce348dc9f1e8992c027350acfda4ba66e2365aa87cbdd98c490185088;0x2187d779d9b173dd7202b38b54dca6eb04d1b32ca261980869195b5b9fa97ef8;0x3de27efa2f1aa663ae5d458857e731c129069f29;0x4674abc5796e1334b5075326b39b748bee9eaa34;0x5ab53ee1d50eef2c1dd3d5402789cd27bb52c1bb,-0.005474917239623234,-0.052874151837152716,0.017859429010369965,-0.17392139290743813
2026-01-25,AAVE,147.96,107269014.0599886,1721400.079233513,108990414.13922212,0.01579405026422445,62.31498148167405,12,binance;bitget;bybit;coinbase;crypto_com;gate;htx;kraken;kucoin;mexc;okx;upbit,eth,eth,5,balancer_ethereum;uniswap-v4-ethereum;uniswap_v3,0x1c60dc7ce348dc9f1e8992c027350acfda4ba66e2365aa87cbdd98c490185088;0x2187d779d9b173dd7202b38b54dca6eb04d1b32ca261980869195b5b9fa97ef8;0x3de27efa2f1aa663ae5d458857e731c129069f29;0x4674abc5796e1334b5075326b39b748bee9eaa34;0x5ab53ee1d50eef2c1dd3d5402789cd27bb52c1bb,-0.052874151837152716,0.04224114625574482,0.08272506082725051,-0.16038118410381186
2026-01-26,AAVE,154.21,117622891.08535276,1282177.9795200925,118905069.06487286,0.01078320705419678,91.73678924775946,12,binance;bitget;bybit;coinbase;crypto_com;gate;htx;kraken;kucoin;mexc;okx;upbit,eth,eth,5,balancer_ethereum;uniswap-v4-ethereum;uniswap_v3,0x1c60dc7ce348dc9f1e8992c027350acfda4ba66e2365aa87cbdd98c490185088;0x2187d779d9b173dd7202b38b54dca6eb04d1b32ca261980869195b5b9fa97ef8;0x3de27efa2f1aa663ae5d458857e731c129069f29;0x4674abc5796e1334b5075326b39b748bee9eaa34;0x5ab53ee1d50eef2c1dd3d5402789cd27bb52c1bb,0.04224114625574482,0.031126386096880676,-0.04506841320277555,-0.16749886518384027
2026-01-27,AAVE,159.01,113440647.1513021,2789225.2002222016,116229872.3515243,0.023997490006583685,40.671024749907225,12,binance;bitget;bybit;coinbase;crypto_com;gate;htx;kraken;kucoin;mexc;okx;upbit,eth,eth,5,balancer_ethereum;uniswap-v4-ethereum;uniswap_v3,0x1c60dc7ce348dc9f1e8992c027350acfda4ba66e2365aa87cbdd98c490185088;0x2187d779d9b173dd7202b38b54dca6eb04d1b32ca261980869195b5b9fa97ef8;0x3de27efa2f1aa663ae5d458857e731c129069f29;0x4674abc5796e1334b5075326b39b748bee9eaa34;0x5ab53ee1d50eef2c1dd3d5402789cd27bb52c1bb,0.031126386096880676,0.007483806049934039,-0.13206716558707,-0.21206213445695232
2026-01-28,AAVE,160.2,141681120.77853867,4231468.983561154,145912589.76209983,0.02900002659441701,33.482726998344084,12,binance;bitget;bybit;coinbase;crypto_com;gate;htx;kraken;kucoin;mexc;okx;upbit,eth,eth,5,balancer_ethereum;uniswap-v4-ethereum;uniswap_v3,0x1c60dc7ce348dc9f1e8992c027350acfda4ba66e2365aa87cbdd98c490185088;0x2187d779d9b173dd7202b38b54dca6eb04d1b32ca261980869195b5b9fa97ef8;0x3de27efa2f1aa663ae5d458857e731c129069f29;0x4674abc5796e1334b5075326b39b748bee9eaa34;0x5ab53ee1d50eef2c1dd3d5402789cd27bb52c1bb,0.007483806049934039,-0.08077403245942572,-0.1944444444444443,-0.2275280898876404
2026-01-29,AAVE,147.26,143708754.40657818,4006097.3548558718,147714851.76143405,0.027120477779214065,35.87250675083717,12,binance;bitget;bybit;coinbase;crypto_com;gate;htx;kraken;kucoin;mexc;okx;upbit,eth,eth,5,balancer_ethereum;uniswap-v4-ethereum;uniswap_v3,0x1c60dc7ce348dc9f1e8992c027350acfda4ba66e2365aa87cbdd98c490185088;0x2187d779d9b173dd7202b38b54dca6eb04d1b32ca261980869195b5b9fa97ef8;0x3de27efa2f1aa663ae5d458857e731c129069f29;0x4674abc5796e1334b5075326b39b748bee9eaa34;0x5ab53ee1d50eef2c1dd3d5402789cd27bb52c1bb,-0.08077403245942572,-0.06281407035175879,-0.15639005840010856,-0.3143419801711259
2026-01-30,AAVE,138.01,67114213.84361868,3182625.4798058365,70296839.32342452,0.04527409070503278,21.087688221396736,12,binance;bitget;bybit;coinbase;crypto_com;gate;htx;kraken;kucoin;mexc;okx;upbit,eth,eth,5,balancer_ethereum;uniswap-v4-ethereum;uniswap_v3,0x1c60dc7ce348dc9f1e8992c027350acfda4ba66e2365aa87cbdd98c490185088;0x2187d779d9b173dd7202b38b54dca6eb04d1b32ca261980869195b5b9fa97ef8;0x3de27efa2f1aa663ae5d458857e731c129069f29;0x4674abc5796e1334b5075326b39b748bee9eaa34;0x5ab53ee1d50eef2c1dd3d5402789cd27bb52c1bb,-0.06281407035175879,-0.0649228316788637,-0.06977755235127892,-0.17382798347945794
2026-01-31,AAVE,129.05,141269873.3578348,9397955.140572224,150667828.498407,0.062375327461971004,15.031979962104089,12,binance;bitget;bybit;coinbase;crypto_com;gate;htx;kraken;kucoin;mexc;okx;upbit,eth,eth,5,balancer_ethereum;uniswap-v4-ethereum;uniswap_v3,0x1c60dc7ce348dc9f1e8992c027350acfda4ba66e2365aa87cbdd98c490185088;0x2187d779d9b173dd7202b38b54dca6eb04d1b32ca261980869195b5b9fa97ef8;0x3de27efa2f1aa663ae5d458857e731c129069f29;0x4674abc5796e1334b5075326b39b748bee9eaa34;0x5ab53ee1d50eef2c1dd3d5402789cd27bb52c1bb,-0.0649228316788637,-0.03734986439364596,-0.02913599380085241,-0.11685393258426979
2026-02-01,AAVE,124.23,125869474.43769346,4625164.804857148,130494639.24255061,0.03544333186178128,27.214051768600935,12,binance;bitget;bybit;coinbase;crypto_com;gate;htx;kraken;kucoin;mexc;okx;upbit,eth,eth,5,balancer_ethereum;uniswap-v4-ethereum;uniswap_v3,0x1c60dc7ce348dc9f1e8992c027350acfda4ba66e2365aa87cbdd98c490185088;0x2187d779d9b173dd7202b38b54dca6eb04d1b32ca261980869195b5b9fa97ef8;0x3de27efa2f1aa663ae5d458857e731c129069f29;0x4674abc5796e1334b5075326b39b748bee9eaa34;0x5ab53ee1d50eef2c1dd3d5402789cd27bb52c1bb,-0.03734986439364596,0.03340577960235036,-0.0038638010142477697,-0.09426064557675284
2026-02-02,AAVE,128.38,179755982.45331356,3262842.0663432153,183018824.51965678,0.017827904178199856,55.09184287757224,12,binance;bitget;bybit;coinbase;crypto_com;gate;htx;kraken;kucoin;mexc;okx;upbit,eth,eth,5,balancer_ethereum;uniswap-v4-ethereum;uniswap_v3,0x1c60dc7ce348dc9f1e8992c027350acfda4ba66e2365aa87cbdd98c490185088;0x2187d779d9b173dd7202b38b54dca6eb04d1b32ca261980869195b5b9fa97ef8;0x3de27efa2f1aa663ae5d458857e731c129069f29;0x4674abc5796e1334b5075326b39b748bee9eaa34;0x5ab53ee1d50eef2c1dd3d5402789cd27bb52c1bb,0.03340577960235036,-0.024069169652593758,-0.2135067767565041,-0.12213740458015265
2026-02-03,AAVE,125.29,163870019.9539065,4552239.7301223315,168422259.68402883,0.027028729686103432,35.99766920656062,12,binance;bitget;bybit;coinbase;crypto_com;gate;htx;kraken;kucoin;mexc;okx;upbit,eth,eth,5,balancer_ethereum;uniswap-v4-ethereum;uniswap_v3,0x1c60dc7ce348dc9f1e8992c027350acfda4ba66e2365aa87cbdd98c490185088;0x2187d779d9b173dd7202b38b54dca6eb04d1b32ca261980869195b5b9fa97ef8;0x3de27efa2f1aa663ae5d458857e731c129069f29;0x4674abc5796e1334b5075326b39b748bee9eaa34;0x5ab53ee1d50eef2c1dd3d5402789cd27bb52c1bb,-0.024069169652593758,-0.012291483757682187,-0.08995131295394687,-0.12650650490861204
2026-02-04,AAVE,123.75,205980816.3651335,1964243.2468552515,207945059.61198875,0.009445972174190602,104.86522822206886,12,binance;bitget;bybit;coinbase;crypto_com;gate;htx;kraken;kucoin;mexc;okx;upbit,eth,eth,4,balancer_ethereum;uniswap-v4-ethereum;uniswap_v3,0x1c60dc7ce348dc9f1e8992c027350acfda4ba66e2365aa87cbdd98c490185088;0x2187d779d9b173dd7202b38b54dca6eb04d1b32ca261980869195b5b9fa97ef8;0x3de27efa2f1aa663ae5d458857e731c129069f29;0x5ab53ee1d50eef2c1dd3d5402789cd27bb52c1bb,-0.012291483757682187,-0.18408080808080807,-0.079030303030303,-0.130989898989899
2026-02-05,AAVE,100.97,364411340.0783674,26823040.53102488,391234380.6093923,0.06856002912945669,13.585758096919358,12,binance;bitget;bybit;coinbase;crypto_com;gate;htx;kraken;kucoin;mexc;okx;upbit,eth,eth,5,balancer_ethereum;uniswap-v4-ethereum;uniswap_v3,0x1c60dc7ce348dc9f1e8992c027350acfda4ba66e2365aa87cbdd98c490185088;0x2187d779d9b173dd7202b38b54dca6eb04d1b32ca261980869195b5b9fa97ef8;0x3de27efa2f1aa663ae5d458857e731c129069f29;0x4674abc5796e1334b5075326b39b748bee9eaa34;0x5ab53ee1d50eef2c1dd3d5402789cd27bb52c1bb,-0.18408080808080807,0.12924631078538185,0.11439041299395858,0.1387540853718927
2026-02-06,AAVE,114.02,279275595.8092377,25143675.717962272,304419271.5272,0.08259554525514222,11.107190489643777,12,binance;bitget;bybit;coinbase;crypto_com;gate;htx;kraken;kucoin;mexc;okx;upbit,eth,eth,5,balancer_ethereum;uniswap-v4-ethereum;uniswap_v3,0x1c60dc7ce348dc9f1e8992c027350acfda4ba66e2365aa87cbdd98c490185088;0x2187d779d9b173dd7202b38b54dca6eb04d1b32ca261980869195b5b9fa97ef8;0x3de27efa2f1aa663ae5d458857e731c129069f29;0x4674abc5796e1334b5075326b39b748bee9eaa34;0x5ab53ee1d50eef2c1dd3d5402789cd27bb52c1bb,0.12924631078538185,-0.00043851955797225006,-0.011576916330468312,0.042624101034906214
2026-02-07,AAVE,113.97,136598153.4471776,6294325.864923693,142892479.31210127,0.04404938521065076,21.70179243632687,12,binance;bitget;bybit;coinbase;crypto_com;gate;htx;kraken;kucoin;mexc;okx;upbit,eth,eth,5,balancer_ethereum;uniswap-v4-ethereum;uniswap_v3,0x1c60dc7ce348dc9f1e8992c027350acfda4ba66e2365aa87cbdd98c490185088;0x2187d779d9b173dd7202b38b54dca6eb04d1b32ca261980869195b5b9fa97ef8;0x3de27efa2f1aa663ae5d458857e731c129069f29;0x4674abc5796e1334b5075326b39b748bee9eaa34;0x5ab53ee1d50eef2c1dd3d5402789cd27bb52c1bb,-0.00043851955797225006,-0.012722646310432628,-0.03974730192155829,0.1254716153373696
2026-02-08,AAVE,112.52,111855230.71762696,1506447.6123878015,113361678.33001477,0.013288861232296518,74.25099273139033,12,binance;bitget;bybit;coinbase;crypto_com;gate;htx;kraken;kucoin;mexc;okx;upbit,eth,eth,5,balancer_ethereum;uniswap-v4-ethereum;uniswap_v3,0x1c60dc7ce348dc9f1e8992c027350acfda4ba66e2365aa87cbdd98c490185088;0x2187d779d9b173dd7202b38b54dca6eb04d1b32ca261980869195b5b9fa97ef8;0x3de27efa2f1aa663ae5d458857e731c129069f29;0x4674abc5796e1334b5075326b39b748bee9eaa34;0x5ab53ee1d50eef2c1dd3d5402789cd27bb52c1bb,-0.012722646310432628,0.0015997156061144935,-0.04425879843583358,0.11811233558478507
2026-02-09,AAVE,112.7,138066229.89119995,2393833.732601835,140460063.62380177,0.017042806836634426,57.67578090778138,12,binance;bitget;bybit;coinbase;crypto_com;gate;htx;kraken;kucoin;mexc;okx;upbit,eth,eth,5,balancer_ethereum;uniswap-v4-ethereum;uniswap_v3,0x1c60dc7ce348dc9f1e8992c027350acfda4ba66e2365aa87cbdd98c490185088;0x2187d779d9b173dd7202b38b54dca6eb04d1b32ca261980869195b5b9fa97ef8;0x3de27efa2f1aa663ae5d458857e731c129069f29;0x4674abc5796e1334b5075326b39b748bee9eaa34;0x5ab53ee1d50eef2c1dd3d5402789cd27bb52c1bb,0.0015997156061144935,-0.02892635314995573,0.020230700976042515,0.12724046140195222
2026-02-10,AAVE,109.44,63514222.44410521,2007560.4363291184,65521782.88043433,0.0306395880587157,31.637514515001488,12,binance;bitget;bybit;coinbase;crypto_com;gate;htx;kraken;kucoin;mexc;okx;upbit,eth,eth,5,balancer_ethereum;uniswap-v4-ethereum;uniswap_v3,0x1c60dc7ce348dc9f1e8992c027350acfda4ba66e2365aa87cbdd98c490185088;0x2187d779d9b173dd7202b38b54dca6eb04d1b32ca261980869195b5b9fa97ef8;0x3de27efa2f1aa663ae5d458857e731c129069f29;0x4674abc5796e1334b5075326b39b748bee9eaa34;0x5ab53ee1d50eef2c1dd3d5402789cd27bb52c1bb,-0.02892635314995573,-0.01736111111111105,0.08625730994152048,0.15670687134502925
2026-02-11,AAVE,107.54,154999652.1245468,4382642.332640275,159382294.45718706,0.02749767373826791,35.3667126724368,12,binance;bitget;bybit;coinbase;crypto_com;gate;htx;kraken;kucoin;mexc;okx;upbit,eth,eth,5,balancer_ethereum;uniswap-v4-ethereum;uniswap_v3,0x1c60dc7ce348dc9f1e8992c027350acfda4ba66e2365aa87cbdd98c490185088;0x2187d779d9b173dd7202b38b54dca6eb04d1b32ca261980869195b5b9fa97ef8;0x3de27efa2f1aa663ae5d458857e731c129069f29;0x4674abc5796e1334b5075326b39b748bee9eaa34;0x5ab53ee1d50eef2c1dd3d5402789cd27bb52c1bb,-0.01736111111111105,0.06918355960572797,0.19276548261112136,0.14357448391296268
2026-02-12,AAVE,114.98,170390259.7383435,5532208.245651434,175922467.98399493,0.03144685445269414,30.799682906419502,12,binance;bitget;bybit;coinbase;crypto_com;gate;htx;kraken;kucoin;mexc;okx;upbit,eth,eth,5,balancer_ethereum;uniswap-v4-ethereum;uniswap_v3,0x1c60dc7ce348dc9f1e8992c027350acfda4ba66e2365aa87cbdd98c490185088;0x2187d779d9b173dd7202b38b54dca6eb04d1b32ca261980869195b5b9fa97ef8;0x3de27efa2f1aa663ae5d458857e731c129069f29;0x4674abc5796e1334b5075326b39b748bee9eaa34;0x5ab53ee1d50eef2c1dd3d5402789cd27bb52c1bb,0.06918355960572797,0.03391894242476945,0.09419029396416767,0.08575404418159671
2026-02-13,AAVE,118.88,119935250.3921063,3323163.1501595723,123258413.54226586,0.026960943716998635,36.09068979545805,12,binance;bitget;bybit;coinbase;crypto_com;gate;htx;kraken;kucoin;mexc;okx;upbit,eth,eth,5,balancer_ethereum;uniswap-v4-ethereum;uniswap_v3,0x1c60dc7ce348dc9f1e8992c027350acfda4ba66e2365aa87cbdd98c490185088;0x2187d779d9b173dd7202b38b54dca6eb04d1b32ca261980869195b5b9fa97ef8;0x3de27efa2f1aa663ae5d458857e731c129069f29;0x4674abc5796e1334b5075326b39b748bee9eaa34;0x5ab53ee1d50eef2c1dd3d5402789cd27bb52c1bb,0.03391894242476945,0.07898721399730824,0.06864064602960984,-0.024730820995962244
2026-02-14,AAVE,128.27,109451792.15132584,3238863.894711215,112690656.04603705,0.0287411929999596,33.79326693228794,12,binance;bitget;bybit;coinbase;crypto_com;gate;htx;kraken;kucoin;mexc;okx;upbit,eth,eth,5,balancer_ethereum;uniswap-v4-ethereum;uniswap_v3,0x1c60dc7ce348dc9f1e8992c027350acfda4ba66e2365aa87cbdd98c490185088;0x2187d779d9b173dd7202b38b54dca6eb04d1b32ca261980869195b5b9fa97ef8;0x3de27efa2f1aa663ae5d458857e731c129069f29;0x4674abc5796e1334b5075326b39b748bee9eaa34;0x5ab53ee1d50eef2c1dd3d5402789cd27bb52c1bb,0.07898721399730824,-0.01917829578233421,-0.013097372729398926,-0.05285725422936005
2026-02-15,AAVE,125.81,158644353.38917103,1755790.529653745,160400143.9188248,0.010946315176265143,90.35494309247521,12,binance;bitget;bybit;coinbase;crypto_com;gate;htx;kraken;kucoin;mexc;okx;upbit,eth,eth,5,balancer_ethereum;uniswap-v4-ethereum;uniswap_v3,0x1c60dc7ce348dc9f1e8992c027350acfda4ba66e2365aa87cbdd98c490185088;0x2187d779d9b173dd7202b38b54dca6eb04d1b32ca261980869195b5b9fa97ef8;0x3de27efa2f1aa663ae5d458857e731c129069f29;0x4674abc5796e1334b5075326b39b748bee9eaa34;0x5ab53ee1d50eef2c1dd3d5402789cd27bb52c1bb,-0.01917829578233421,0.009776647325331789,-0.022494237342023715,-0.06247516095699868
2026-02-16,AAVE,127.04,194662312.8349895,1326053.952127787,195988366.78711727,0.006765982970653294,146.79818458565296,12,binance;bitget;bybit;coinbase;crypto_com;gate;htx;kraken;kucoin;mexc;okx;upbit,eth,eth,5,balancer_ethereum;uniswap-v4-ethereum;uniswap_v3,0x1c60dc7ce348dc9f1e8992c027350acfda4ba66e2365aa87cbdd98c490185088;0x2187d779d9b173dd7202b38b54dca6eb04d1b32ca261980869195b5b9fa97ef8;0x3de27efa2f1aa663ae5d458857e731c129069f29;0x4674abc5796e1334b5075326b39b748bee9eaa34;0x5ab53ee1d50eef2c1dd3d5402789cd27bb52c1bb,0.009776647325331789,-0.0035421914357682827,-0.01731738035264485,-0.09776448362720402
2026-02-17,AAVE,126.59,100007876.18168373,2002675.6290372524,102010551.81072098,0.019632043876727442,49.93713147134096,12,binance;bitget;bybit;coinbase;crypto_com;gate;htx;kraken;kucoin;mexc;okx;upbit,eth,eth,5,balancer_ethereum;uniswap-v4-ethereum;uniswap_v3,0x1c60dc7ce348dc9f1e8992c027350acfda4ba66e2365aa87cbdd98c490185088;0x2187d779d9b173dd7202b38b54dca6eb04d1b32ca261980869195b5b9fa97ef8;0x3de27efa2f1aa663ae5d458857e731c129069f29;0x4674abc5796e1334b5075326b39b748bee9eaa34;0x5ab53ee1d50eef2c1dd3d5402789cd27bb52c1bb,-0.0035421914357682827,-0.02851726044711267,-0.08412986807804723,-0.09637412117860811
2026-02-18,AAVE,122.98,118034397.06801012,2978703.4375002724,121013100.50551039,0.0246147187788535,39.6260989200941,12,binance;bitget;bybit;coinbase;crypto_com;gate;htx;kraken;kucoin;mexc;okx;upbit,eth,eth,5,balancer_ethereum;uniswap-v4-ethereum;uniswap_v3,0x1c60dc7ce348dc9f1e8992c027350acfda4ba66e2365aa87cbdd98c490185088;0x2187d779d9b173dd7202b38b54dca6eb04d1b32ca261980869195b5b9fa97ef8;0x3de27efa2f1aa663ae5d458857e731c129069f29;0x4674abc5796e1334b5075326b39b748bee9eaa34;0x5ab53ee1d50eef2c1dd3d5402789cd27bb52c1bb,-0.02851726044711267,0.015124410473247751,-0.012115791185558722,-0.031143275329321818
2026-02-19,AAVE,124.84,86799840.83621807,1360873.56770168,88160714.40391976,0.015436281079423438,63.782443054434914,12,binance;bitget;bybit;coinbase;crypto_com;gate;htx;kraken;kucoin;mexc;okx;upbit,eth,eth,5,balancer_ethereum;uniswap-v4-ethereum;uniswap_v3,0x1c60dc7ce348dc9f1e8992c027350acfda4ba66e2365aa87cbdd98c490185088;0x2187d779d9b173dd7202b38b54dca6eb04d1b32ca261980869195b5b9fa97ef8;0x3de27efa2f1aa663ae5d458857e731c129069f29;0x4674abc5796e1334b5075326b39b748bee9eaa34;0x5ab53ee1d50eef2c1dd3d5402789cd27bb52c1bb,0.015124410473247751,-0.07129125280358861,-0.05519064402435114,-0.08242550464594689
2026-02-20,AAVE,115.94,173279032.8603478,7711877.871022199,180990910.73137,0.04260919976511035,22.469110086850986,12,binance;bitget;bybit;coinbase;crypto_com;gate;htx;kraken;kucoin;mexc;okx;upbit,eth,eth,5,balancer_ethereum;uniswap-v4-ethereum;uniswap_v3,0x1c60dc7ce348dc9f1e8992c027350acfda4ba66e2365aa87cbdd98c490185088;0x2187d779d9b173dd7202b38b54dca6eb04d1b32ca261980869195b5b9fa97ef8;0x3de27efa2f1aa663ae5d458857e731c129069f29;0x4674abc5796e1334b5075326b39b748bee9eaa34;0x5ab53ee1d50eef2c1dd3d5402789cd27bb52c1bb,-0.07129125280358861,0.047869587717785045,-0.011385199240986688,-0.025444195273417347
2026-02-21,AAVE,121.49,94132887.94212323,4466072.031876105,98598959.97399934,0.045295325965444395,21.077333117392634,12,binance;bitget;bybit;coinbase;crypto_com;gate;htx;kraken;kucoin;mexc;okx;upbit,eth,eth,5,balancer_ethereum;uniswap-v4-ethereum;uniswap_v3,0x1c60dc7ce348dc9f1e8992c027350acfda4ba66e2365aa87cbdd98c490185088;0x2187d779d9b173dd7202b38b54dca6eb04d1b32ca261980869195b5b9fa97ef8;0x3de27efa2f1aa663ae5d458857e731c129069f29;0x4674abc5796e1334b5075326b39b748bee9eaa34;0x5ab53ee1d50eef2c1dd3d5402789cd27bb52c1bb,0.047869587717785045,-0.029138200674952652,-0.058441023952588655,-0.07860729278129885
2026-02-22,AAVE,117.95,58502433.59499775,1126307.7909917617,59628741.38598951,0.018888672891834695,51.94178186717849,12,binance;bitget;bybit;coinbase;crypto_com;gate;htx;kraken;kucoin;mexc;okx;upbit,eth,eth,5,balancer_ethereum;uniswap-v4-ethereum;uniswap_v3,0x1c60dc7ce348dc9f1e8992c027350acfda4ba66e2365aa87cbdd98c490185088;0x2187d779d9b173dd7202b38b54dca6eb04d1b32ca261980869195b5b9fa97ef8;0x3de27efa2f1aa663ae5d458857e731c129069f29;0x4674abc5796e1334b5075326b39b748bee9eaa34;0x5ab53ee1d50eef2c1dd3d5402789cd27bb52c1bb,-0.029138200674952652,-0.028232301822806227,0.010173802458669057,-0.03620178041543021
2026-02-23,AAVE,114.62,145125964.26813814,3148963.247987788,148274927.51612592,0.021237327852649375,46.08690316118321,12,binance;bitget;bybit;coinbase;crypto_com;gate;htx;kraken;kucoin;mexc;okx;upbit,eth,eth,5,balancer_ethereum;uniswap-v4-ethereum;uniswap_v3,0x1c60dc7ce348dc9f1e8992c027350acfda4ba66e2365aa87cbdd98c490185088;0x2187d779d9b173dd7202b38b54dca6eb04d1b32ca261980869195b5b9fa97ef8;0x3de27efa2f1aa663ae5d458857e731c129069f29;0x4674abc5796e1334b5075326b39b748bee9eaa34;0x5ab53ee1d50eef2c1dd3d5402789cd27bb52c1bb,-0.028232301822806227,-0.0020066306054790095,-0.0006107136625371767,0.06621880998080609
2026-02-24,AAVE,114.39,91154931.37292106,1685677.8236159487,92840609.19653702,0.018156686370373633,54.07612895884491,12,binance;bitget;bybit;coinbase;crypto_com;gate;htx;kraken;kucoin;mexc;okx;upbit,eth,eth,5,balancer_ethereum;uniswap-v4-ethereum;uniswap_v3,0x1c60dc7ce348dc9f1e8992c027350acfda4ba66e2365aa87cbdd98c490185088;0x2187d779d9b173dd7202b38b54dca6eb04d1b32ca261980869195b5b9fa97ef8;0x3de27efa2f1aa663ae5d458857e731c129069f29;0x4674abc5796e1334b5075326b39b748bee9eaa34;0x5ab53ee1d50eef2c1dd3d5402789cd27bb52c1bb,-0.0020066306054790095,0.04161202902351602,-0.012238832065740057,-0.028236733980243067
2026-02-25,AAVE,119.15,166095081.41770393,4076640.2773162927,170171721.69502023,0.023956038269521654,40.7431291747543,12,binance;bitget;bybit;coinbase;crypto_com;gate;htx;kraken;kucoin;mexc;okx;upbit,eth,eth,4,balancer_ethereum;uniswap-v4-ethereum;uniswap_v3,0x1c60dc7ce348dc9f1e8992c027350acfda4ba66e2365aa87cbdd98c490185088;0x2187d779d9b173dd7202b38b54dca6eb04d1b32ca261980869195b5b9fa97ef8;0x3de27efa2f1aa663ae5d458857e731c129069f29;0x5ab53ee1d50eef2c1dd3d5402789cd27bb52c1bb,0.04161202902351602,-0.03860679815358803,-0.060511959714645513,-0.027612253462022673
2026-02-26,AAVE,114.55,92387576.11162195,4782008.864534445,97169584.97615638,0.04921302139664239,19.319825355576036,12,binance;bitget;bybit;coinbase;crypto_com;gate;htx;kraken;kucoin;mexc;okx;upbit,eth,eth,5,balancer_ethereum;uniswap-v4-ethereum;uniswap_v3,0x1c60dc7ce348dc9f1e8992c027350acfda4ba66e2365aa87cbdd98c490185088;0x2187d779d9b173dd7202b38b54dca6eb04d1b32ca261980869195b5b9fa97ef8;0x3de27efa2f1aa663ae5d458857e731c129069f29;0x4674abc5796e1334b5075326b39b748bee9eaa34;0x5ab53ee1d50eef2c1dd3d5402789cd27bb52c1bb,-0.03860679815358803,-0.01361850720209512,-0.007594936708860689,0.01981667394151021
2026-02-27,AAVE,112.99,93482250.53045739,3033336.6536495783,96515587.18410698,0.03142846396264863,30.818290616698818,12,binance;bitget;bybit;coinbase;crypto_com;gate;htx;kraken;kucoin;mexc;okx;upbit,eth,eth,5,balancer_ethereum;uniswap-v4-ethereum;uniswap_v3,0x1c60dc7ce348dc9f1e8992c027350acfda4ba66e2365aa87cbdd98c490185088;0x2187d779d9b173dd7202b38b54dca6eb04d1b32ca261980869195b5b9fa97ef8;0x3de27efa2f1aa663ae5d458857e731c129069f29;0x4674abc5796e1334b5075326b39b748bee9eaa34;0x5ab53ee1d50eef2c1dd3d5402789cd27bb52c1bb,-0.01361850720209512,-0.00929285777502431,0.0816001416054517,-0.017789184883617915
2026-02-28,AAVE,111.94,49811648.79518791,1483837.3746887406,51295486.16987665,0.02892725043631863,33.569479812864756,12,binance;bitget;bybit;coinbase;crypto_com;gate;htx;kraken;kucoin;mexc;okx;upbit,eth,eth,4,balancer_ethereum;uniswap-v4-ethereum;uniswap_v3,0x1c60dc7ce348dc9f1e8992c027350acfda4ba66e2365aa87cbdd98c490185088;0x2187d779d9b173dd7202b38b54dca6eb04d1b32ca261980869195b5b9fa97ef8;0x3de27efa2f1aa663ae5d458857e731c129069f29;0x5ab53ee1d50eef2c1dd3d5402789cd27bb52c1bb,-0.00929285777502431,0.015544041450777257,-0.006968018581382851,-0.028140075040199997
2026-03-01,AAVE,113.68,179954240.13018954,2489848.123851681,182444088.25404122,0.013647184448008717,72.27518755313017,12,binance;bitget;bybit;coinbase;crypto_com;gate;htx;kraken;kucoin;mexc;okx;upbit,eth,eth,5,balancer_ethereum;uniswap-v4-ethereum;uniswap_v3,0x1c60dc7ce348dc9f1e8992c027350acfda4ba66e2365aa87cbdd98c490185088;0x2187d779d9b173dd7202b38b54dca6eb04d1b32ca261980869195b5b9fa97ef8;0x3de27efa2f1aa663ae5d458857e731c129069f29;0x4674abc5796e1334b5075326b39b748bee9eaa34;0x5ab53ee1d50eef2c1dd3d5402789cd27bb52c1bb,0.015544041450777257,0.07503518648838825,0.01917663617171006,-0.07169247009148494
2026-03-02,AAVE,122.21,231857295.31947705,4979426.561201086,236836721.88067815,0.021024723369164833,46.56305148188606,12,binance;bitget;bybit;coinbase;crypto_com;gate;htx;kraken;kucoin;mexc;okx;upbit,eth,eth,5,balancer_ethereum;uniswap-v4-ethereum;uniswap_v3,0x1c60dc7ce348dc9f1e8992c027350acfda4ba66e2365aa87cbdd98c490185088;0x2187d779d9b173dd7202b38b54dca6eb04d1b32ca261980869195b5b9fa97ef8;0x3de27efa2f1aa663ae5d458857e731c129069f29;0x4674abc5796e1334b5075326b39b748bee9eaa34;0x5ab53ee1d50eef2c1dd3d5402789cd27bb52c1bb,0.07503518648838825,-0.0904181327223631,-0.04410441044104407,-0.12683086490467232
2026-03-03,AAVE,111.16,174933140.99142864,3943638.0576836863,178876779.04911232,0.022046674133152425,44.35831545204643,12,binance;bitget;bybit;coinbase;crypto_com;gate;htx;kraken;kucoin;mexc;okx;upbit,eth,eth,5,balancer_ethereum;uniswap-v4-ethereum;uniswap_v3,0x1c60dc7ce348dc9f1e8992c027350acfda4ba66e2365aa87cbdd98c490185088;0x2187d779d9b173dd7202b38b54dca6eb04d1b32ca261980869195b5b9fa97ef8;0x3de27efa2f1aa663ae5d458857e731c129069f29;0x4674abc5796e1334b5075326b39b748bee9eaa34;0x5ab53ee1d50eef2c1dd3d5402789cd27bb52c1bb,-0.0904181327223631,0.04228139618567828,-0.0016192875134940499,0.0051277437927312874
2026-03-04,AAVE,115.86,137051713.92186806,3203797.674326948,140255511.596195,0.022842579502692882,42.77789294252478,12,binance;bitget;bybit;coinbase;crypto_com;gate;htx;kraken;kucoin;mexc;okx;upbit,eth,eth,5,balancer_ethereum;uniswap-v4-ethereum;uniswap_v3,0x1c60dc7ce348dc9f1e8992c027350acfda4ba66e2365aa87cbdd98c490185088;0x2187d779d9b173dd7202b38b54dca6eb04d1b32ca261980869195b5b9fa97ef8;0x3de27efa2f1aa663ae5d458857e731c129069f29;0x4674abc5796e1334b5075326b39b748bee9eaa34;0x5ab53ee1d50eef2c1dd3d5402789cd27bb52c1bb,0.04228139618567828,0.008285862247540132,-0.06102192301052989,-0.04798895218366994
2026-03-05,AAVE,116.82,112508045.14126132,2525048.210383583,115033093.3516449,0.021950624266573078,44.5567909074378,12,binance;bitget;bybit;coinbase;crypto_com;gate;htx;kraken;kucoin;mexc;okx;upbit,eth,eth,5,balancer_ethereum;uniswap-v4-ethereum;uniswap_v3,0x1c60dc7ce348dc9f1e8992c027350acfda4ba66e2365aa87cbdd98c490185088;0x2187d779d9b173dd7202b38b54dca6eb04d1b32ca261980869195b5b9fa97ef8;0x3de27efa2f1aa663ae5d458857e731c129069f29;0x4674abc5796e1334b5075326b39b748bee9eaa34;0x5ab53ee1d50eef2c1dd3d5402789cd27bb52c1bb,0.008285862247540132,-0.0499914398219482,-0.09664441020373216,-0.0441705187467899
2026-03-06,AAVE,110.98,88627163.6365691,1083928.2669827766,89711091.90355188,0.012082433108139008,81.76478678175977,12,binance;bitget;bybit;coinbase;crypto_com;gate;htx;kraken;kucoin;mexc;okx;upbit,eth,eth,5,balancer_ethereum;uniswap-v4-ethereum;uniswap_v3,0x1c60dc7ce348dc9f1e8992c027350acfda4ba66e2365aa87cbdd98c490185088;0x2187d779d9b173dd7202b38b54dca6eb04d1b32ca261980869195b5b9fa97ef8;0x3de27efa2f1aa663ae5d458857e731c129069f29;0x4674abc5796e1334b5075326b39b748bee9eaa34;0x5ab53ee1d50eef2c1dd3d5402789cd27bb52c1bb,-0.0499914398219482,-0.019733285276626433,-0.03847540097314839,0.011713822310326139
2026-03-07,AAVE,108.79,51043179.87293733,333910.67879149155,51377090.55172882,0.006499213466657768,152.86477227285962,12,binance;bitget;bybit;coinbase;crypto_com;gate;htx;kraken;kucoin;mexc;okx;upbit,eth,eth,4,balancer_ethereum;uniswap-v4-ethereum;uniswap_v3,0x1c60dc7ce348dc9f1e8992c027350acfda4ba66e2365aa87cbdd98c490185088;0x2187d779d9b173dd7202b38b54dca6eb04d1b32ca261980869195b5b9fa97ef8;0x3de27efa2f1aa663ae5d458857e731c129069f29;0x5ab53ee1d50eef2c1dd3d5402789cd27bb52c1bb,-0.019733285276626433,-0.02996598952109575,0.027024542696939102,0.02187701075466486
2026-03-08,AAVE,105.53,81173483.53218511,2134603.8373469077,83308087.36953202,0.025623008578727603,38.027423221104755,12,binance;bitget;bybit;coinbase;crypto_com;gate;htx;kraken;kucoin;mexc;okx;upbit,eth,eth,5,balancer_ethereum;uniswap-v4-ethereum;uniswap_v3,0x1c60dc7ce348dc9f1e8992c027350acfda4ba66e2365aa87cbdd98c490185088;0x2187d779d9b173dd7202b38b54dca6eb04d1b32ca261980869195b5b9fa97ef8;0x3de27efa2f1aa663ae5d458857e731c129069f29;0x4674abc5796e1334b5075326b39b748bee9eaa34;0x5ab53ee1d50eef2c1dd3d5402789cd27bb52c1bb,-0.02996598952109575,0.011181654505827643,0.045200416943049326,0.10262484601535116
2026-03-09,AAVE,106.71,102840852.54846236,1170592.1928494517,104011444.74131182,0.01125445565880607,87.85369762131037,12,binance;bitget;bybit;coinbase;crypto_com;gate;htx;kraken;kucoin;mexc;okx;upbit,eth,eth,5,balancer_ethereum;uniswap-v4-ethereum;uniswap_v3,0x1c60dc7ce348dc9f1e8992c027350acfda4ba66e2365aa87cbdd98c490185088;0x2187d779d9b173dd7202b38b54dca6eb04d1b32ca261980869195b5b9fa97ef8;0x3de27efa2f1aa663ae5d458857e731c129069f29;0x4674abc5796e1334b5075326b39b748bee9eaa34;0x5ab53ee1d50eef2c1dd3d5402789cd27bb52c1bb,0.011181654505827643,0.04704338862337187,0.046387405116671276,0.14637803392371862
2026-03-10,AAVE,111.73,99737123.87273553,1351634.081021672,101088757.9537572,0.013370765536954899,73.79003331829745,12,binance;bitget;bybit;coinbase;crypto_com;gate;htx;kraken;kucoin;mexc;okx;upbit,eth,eth,5,balancer_ethereum;uniswap-v4-ethereum;uniswap_v3,0x1c60dc7ce348dc9f1e8992c027350acfda4ba66e2365aa87cbdd98c490185088;0x2187d779d9b173dd7202b38b54dca6eb04d1b32ca261980869195b5b9fa97ef8;0x3de27efa2f1aa663ae5d458857e731c129069f29;0x4674abc5796e1334b5075326b39b748bee9eaa34;0x5ab53ee1d50eef2c1dd3d5402789cd27bb52c1bb,0.04704338862337187,-0.012798711178734545,0.00492258122259015,0.07106417255884723
2026-03-11,AAVE,110.3,82270953.32045011,860935.0784987635,83131888.39894888,0.010356255524560527,95.55999676991703,12,binance;bitget;bybit;coinbase;crypto_com;gate;htx;kraken;kucoin;mexc;okx;upbit,eth,eth,5,balancer_ethereum;uniswap-v4-ethereum;uniswap_v3,0x1c60dc7ce348dc9f1e8992c027350acfda4ba66e2365aa87cbdd98c490185088;0x2187d779d9b173dd7202b38b54dca6eb04d1b32ca261980869195b5b9fa97ef8;0x3de27efa2f1aa663ae5d458857e731c129069f29;0x4674abc5796e1334b5075326b39b748bee9eaa34;0x5ab53ee1d50eef2c1dd3d5402789cd27bb52c1bb,-0.012798711178734545,0.01233000906618309,0.007887579329102445,0.04542157751586595
2026-03-12,AAVE,111.66,78672508.62792492,1082780.6769870878,79755289.304912,0.013576286744412839,72.6578431809816,12,binance;bitget;bybit;coinbase;crypto_com;gate;htx;kraken;kucoin;mexc;okx;upbit,eth,eth,5,balancer_ethereum;uniswap-v4-ethereum;uniswap_v3,0x1c60dc7ce348dc9f1e8992c027350acfda4ba66e2365aa87cbdd98c490185088;0x2187d779d9b173dd7202b38b54dca6eb04d1b32ca261980869195b5b9fa97ef8;0x3de27efa2f1aa663ae5d458857e731c129069f29;0x4674abc5796e1334b5075326b39b748bee9eaa34;0x5ab53ee1d50eef2c1dd3d5402789cd27bb52c1bb,0.01233000906618309,0.005552570302704618,0.04209206519792219,-0.0002686727565824887
2026-03-13,AAVE,112.28,165255029.35582772,1179252.5937152675,166434281.949543,0.007085394787071424,140.13539612848103,12,binance;bitget;bybit;coinbase;crypto_com;gate;htx;kraken;kucoin;mexc;okx;upbit,eth,eth,4,balancer_ethereum;uniswap-v4-ethereum;uniswap_v3,0x1c60dc7ce348dc9f1e8992c027350acfda4ba66e2365aa87cbdd98c490185088;0x2187d779d9b173dd7202b38b54dca6eb04d1b32ca261980869195b5b9fa97ef8;0x3de27efa2f1aa663ae5d458857e731c129069f29;0x5ab53ee1d50eef2c1dd3d5402789cd27bb52c1bb,0.005552570302704618,-0.009885999287495562,0.08950837192732441,-0.009084431777698576
2026-03-14,AAVE,111.17,65989273.84949719,257819.70550099516,66247093.55499819,0.003891788932399786,255.95124205602073,12,binance;bitget;bybit;coinbase;crypto_com;gate;htx;kraken;kucoin;mexc;okx;upbit,eth,eth,4,balancer_ethereum;uniswap-v4-ethereum;uniswap_v3,0x1c60dc7ce348dc9f1e8992c027350acfda4ba66e2365aa87cbdd98c490185088;0x2187d779d9b173dd7202b38b54dca6eb04d1b32ca261980869195b5b9fa97ef8;0x3de27efa2f1aa663ae5d458857e731c129069f29;0x5ab53ee1d50eef2c1dd3d5402789cd27bb52c1bb,-0.009885999287495562,0.04668525681388869,0.07645947647746687,-0.025186651074930233
2026-03-15,AAVE,116.36,184619479.20653337,981298.6715440049,185600777.8780774,0.005287147407262634,188.1379080194285,12,binance;bitget;bybit;coinbase;crypto_com;gate;htx;kraken;kucoin;mexc;okx;upbit,eth,eth,5,balancer_ethereum;uniswap-v4-ethereum;uniswap_v3,0x1c60dc7ce348dc9f1e8992c027350acfda4ba66e2365aa87cbdd98c490185088;0x2187d779d9b173dd7202b38b54dca6eb04d1b32ca261980869195b5b9fa97ef8;0x3de27efa2f1aa663ae5d458857e731c129069f29;0x4674abc5796e1334b5075326b39b748bee9eaa34;0x5ab53ee1d50eef2c1dd3d5402789cd27bb52c1bb,0.04668525681388869,0.05130629082158822,-0.009023719491234039,-0.08628394637332426
2026-03-16,AAVE,122.33,260146528.761228,1746916.2624842634,261893445.02371225,0.00667033213575122,148.91757226604412,12,binance;bitget;bybit;coinbase;crypto_com;gate;htx;kraken;kucoin;mexc;okx;upbit,eth,eth,5,balancer_ethereum;uniswap-v4-ethereum;uniswap_v3,0x1c60dc7ce348dc9f1e8992c027350acfda4ba66e2365aa87cbdd98c490185088;0x2187d779d9b173dd7202b38b54dca6eb04d1b32ca261980869195b5b9fa97ef8;0x3de27efa2f1aa663ae5d458857e731c129069f29;0x4674abc5796e1334b5075326b39b748bee9eaa34;0x5ab53ee1d50eef2c1dd3d5402789cd27bb52c1bb,0.05130629082158822,-0.021744461701953655,-0.08746832338755828,-0.09834055423853516
2026-03-17,AAVE,119.67,154446670.23896143,1299511.3051389337,155746181.54410037,0.008343776343376803,118.84980886907266,12,binance;bitget;bybit;coinbase;crypto_com;gate;htx;kraken;kucoin;mexc;okx;upbit,eth,eth,4,balancer_ethereum;uniswap-v4-ethereum;uniswap_v3,0x1c60dc7ce348dc9f1e8992c027350acfda4ba66e2365aa87cbdd98c490185088;0x2187d779d9b173dd7202b38b54dca6eb04d1b32ca261980869195b5b9fa97ef8;0x3de27efa2f1aa663ae5d458857e731c129069f29;0x5ab53ee1d50eef2c1dd3d5402789cd27bb52c1bb,-0.021744461701953655,-0.03643352552853685,-0.0702765939667418,-0.061502465112392435
2026-03-18,AAVE,115.31,122733636.94117598,846590.9441851716,123580227.88536115,0.006850537166596823,144.97395440404205,12,binance;bitget;bybit;coinbase;crypto_com;gate;htx;kraken;kucoin;mexc;okx;upbit,eth,eth,5,balancer_ethereum;uniswap-v4-ethereum;uniswap_v3,0x1c60dc7ce348dc9f1e8992c027350acfda4ba66e2365aa87cbdd98c490185088;0x2187d779d9b173dd7202b38b54dca6eb04d1b32ca261980869195b5b9fa97ef8;0x3de27efa2f1aa663ae5d458857e731c129069f29;0x4674abc5796e1334b5075326b39b748bee9eaa34;0x5ab53ee1d50eef2c1dd3d5402789cd27bb52c1bb,-0.03643352552853685,-0.03191397103460247,-0.060185586679386005,-0.023588587286445195
2026-03-19,AAVE,111.63,125884390.33294792,932881.701087045,126817272.03403497,0.007356109196519226,134.94142953630725,12,binance;bitget;bybit;coinbase;crypto_com;gate;htx;kraken;kucoin;mexc;okx;upbit,eth,eth,4,balancer_ethereum;uniswap-v4-ethereum;uniswap_v3,0x1c60dc7ce348dc9f1e8992c027350acfda4ba66e2365aa87cbdd98c490185088;0x2187d779d9b173dd7202b38b54dca6eb04d1b32ca261980869195b5b9fa97ef8;0x3de27efa2f1aa663ae5d458857e731c129069f29;0x5ab53ee1d50eef2c1dd3d5402789cd27bb52c1bb,-0.03191397103460247,-0.0033145211860610146,-0.04756785810266062,-0.05742184000716655
2026-03-20,AAVE,111.26,71257611.90398337,658078.7827181027,71915690.68670148,0.009150698219460936,108.28127843548418,12,binance;bitget;bybit;coinbase;crypto_com;gate;htx;kraken;kucoin;mexc;okx;upbit,eth,eth,5,balancer_ethereum;uniswap-v4-ethereum;uniswap_v3,0x1c60dc7ce348dc9f1e8992c027350acfda4ba66e2365aa87cbdd98c490185088;0x2187d779d9b173dd7202b38b54dca6eb04d1b32ca261980869195b5b9fa97ef8;0x3de27efa2f1aa663ae5d458857e731c129069f29;0x4674abc5796e1334b5075326b39b748bee9eaa34;0x5ab53ee1d50eef2c1dd3d5402789cd27bb52c1bb,-0.0033145211860610146,-0.025975193241057015,-0.008628437893223206,-0.11279884954161434
2026-03-21,AAVE,108.37,37135868.90899185,150345.4185718952,37286214.32756375,0.004032198529222976,247.00366171273436,12,binance;bitget;bybit;coinbase;crypto_com;gate;htx;kraken;kucoin;mexc;okx;upbit,eth,eth,5,balancer_ethereum;uniswap-v4-ethereum;uniswap_v3,0x1c60dc7ce348dc9f1e8992c027350acfda4ba66e2365aa87cbdd98c490185088;0x2187d779d9b173dd7202b38b54dca6eb04d1b32ca261980869195b5b9fa97ef8;0x3de27efa2f1aa663ae5d458857e731c129069f29;0x4674abc5796e1334b5075326b39b748bee9eaa34;0x5ab53ee1d50eef2c1dd3d5402789cd27bb52c1bb,-0.025975193241057015,-0.018916674356371788,0.03635692534834356,-0.10648703515733138
2026-03-22,AAVE,106.32,94852177.51648353,267022.1706924217,95119199.68717596,0.0028072373566072157,355.2221048556381,12,binance;bitget;bybit;coinbase;crypto_com;gate;htx;kraken;kucoin;mexc;okx;upbit,eth,eth,4,balancer_ethereum;uniswap-v4-ethereum;uniswap_v3,0x1c60dc7ce348dc9f1e8992c027350acfda4ba66e2365aa87cbdd98c490185088;0x2187d779d9b173dd7202b38b54dca6eb04d1b32ca261980869195b5b9fa97ef8;0x3de27efa2f1aa663ae5d458857e731c129069f29;0x5ab53ee1d50eef2c1dd3d5402789cd27bb52c1bb,-0.018916674356371788,0.03743416102332575,0.05897291196388266,-0.10242663656884865
2026-03-23,AAVE,110.3,135617482.5078759,980939.1223637108,136598421.6302396,0.007181189289427005,138.252700311398,12,binance;bitget;bybit;coinbase;crypto_com;gate;htx;kraken;kucoin;mexc;okx;upbit,eth,eth,4,balancer_ethereum;uniswap-v4-ethereum;uniswap_v3,0x1c60dc7ce348dc9f1e8992c027350acfda4ba66e2365aa87cbdd98c490185088;0x2187d779d9b173dd7202b38b54dca6eb04d1b32ca261980869195b5b9fa97ef8;0x3de27efa2f1aa663ae5d458857e731c129069f29;0x5ab53ee1d50eef2c1dd3d5402789cd27bb52c1bb,0.03743416102332575,0.01822302810516785,-0.04605621033544871,-0.12184950135992745
2026-03-24,AAVE,112.31,73635727.3926386,663819.375420273,74299546.76805887,0.00893436641669592,110.92735481849836,12,binance;bitget;bybit;coinbase;crypto_com;gate;htx;kraken;kucoin;mexc;okx;upbit,eth,eth,5,balancer_ethereum;uniswap-v4-ethereum;uniswap_v3,0x1c60dc7ce348dc9f1e8992c027350acfda4ba66e2365aa87cbdd98c490185088;0x2187d779d9b173dd7202b38b54dca6eb04d1b32ca261980869195b5b9fa97ef8;0x3de27efa2f1aa663ae5d458857e731c129069f29;0x4674abc5796e1334b5075326b39b748bee9eaa34;0x5ab53ee1d50eef2c1dd3d5402789cd27bb52c1bb,0.01822302810516785,0.0024930994568603815,-0.12109340219036602,-0.12563440477250465
2026-03-25,AAVE,112.59,98311942.1439012,1224737.3650936268,99536679.50899483,0.012304382375774862,80.27185660036231,12,binance;bitget;bybit;coinbase;crypto_com;gate;htx;kraken;kucoin;mexc;okx;upbit,eth,eth,4,balancer_ethereum;uniswap-v4-ethereum;uniswap_v3,0x1c60dc7ce348dc9f1e8992c027350acfda4ba66e2365aa87cbdd98c490185088;0x2187d779d9b173dd7202b38b54dca6eb04d1b32ca261980869195b5b9fa97ef8;0x3de27efa2f1aa663ae5d458857e731c129069f29;0x5ab53ee1d50eef2c1dd3d5402789cd27bb52c1bb,0.0024930994568603815,-0.06545874411581853,-0.1399769073629985,-0.12869704236610724
2026-03-26,AAVE,105.22,75988237.92122893,649838.3724442712,76638076.2936732,0.00847931477238708,116.93405798031036,12,binance;bitget;bybit;coinbase;crypto_com;gate;htx;kraken;kucoin;mexc;okx;upbit,eth,eth,4,balancer_ethereum;uniswap-v4-ethereum;uniswap_v3,0x1c60dc7ce348dc9f1e8992c027350acfda4ba66e2365aa87cbdd98c490185088;0x2187d779d9b173dd7202b38b54dca6eb04d1b32ca261980869195b5b9fa97ef8;0x3de27efa2f1aa663ae5d458857e731c129069f29;0x5ab53ee1d50eef2c1dd3d5402789cd27bb52c1bb,-0.06545874411581853,-0.0618703668504087,-0.09304314769055311,-0.10330735601596663
2026-03-27,AAVE,98.71,65375745.02980615,621131.1656316362,65996876.19543779,0.009411523718066122,105.25272059617991,12,binance;bitget;bybit;coinbase;crypto_com;gate;htx;kraken;kucoin;mexc;okx;upbit,eth,eth,4,balancer_ethereum;uniswap-v4-ethereum;uniswap_v3,0x1c60dc7ce348dc9f1e8992c027350acfda4ba66e2365aa87cbdd98c490185088;0x2187d779d9b173dd7202b38b54dca6eb04d1b32ca261980869195b5b9fa97ef8;0x3de27efa2f1aa663ae5d458857e731c129069f29;0x5ab53ee1d50eef2c1dd3d5402789cd27bb52c1bb,-0.0618703668504087,-0.01904568939317186,-0.018741768817748916,-0.03950967480498424
2026-03-28,AAVE,96.83,45322657.37917281,808480.407464976,46131137.78663778,0.017525698394960425,56.059067060491785,12,binance;bitget;bybit;coinbase;crypto_com;gate;htx;kraken;kucoin;mexc;okx;upbit,eth,eth,5,balancer_ethereum;uniswap-v4-ethereum;uniswap_v3,0x1c60dc7ce348dc9f1e8992c027350acfda4ba66e2365aa87cbdd98c490185088;0x2187d779d9b173dd7202b38b54dca6eb04d1b32ca261980869195b5b9fa97ef8;0x3de27efa2f1aa663ae5d458857e731c129069f29;0x4674abc5796e1334b5075326b39b748bee9eaa34;0x5ab53ee1d50eef2c1dd3d5402789cd27bb52c1bb,-0.01904568939317186,-0.01445832903025912,0.014148507693896528,-0.024269338015077913
2026-03-29,AAVE,95.43,25288947.582046058,316401.513489689,25605349.095535748,0.012356852168239061,79.92675920897636,12,binance;bitget;bybit;coinbase;crypto_com;gate;htx;kraken;kucoin;mexc;okx;upbit,eth,eth,4,balancer_ethereum;uniswap-v4-ethereum;uniswap_v3,0x1c60dc7ce348dc9f1e8992c027350acfda4ba66e2365aa87cbdd98c490185088;0x2187d779d9b173dd7202b38b54dca6eb04d1b32ca261980869195b5b9fa97ef8;0x3de27efa2f1aa663ae5d458857e731c129069f29;0x5ab53ee1d50eef2c1dd3d5402789cd27bb52c1bb,-0.01445832903025912,0.014984805616682362,0.027978623074504716,-0.013517761710154064
2026-03-30,AAVE,96.86,30287535.76898596,517297.2851712193,30804833.05415718,0.01679273133088475,58.549574175633154,12,binance;bitget;bybit;coinbase;crypto_com;gate;htx;kraken;kucoin;mexc;okx;upbit,eth,eth,5,balancer_ethereum;uniswap-v4-ethereum;uniswap_v3,0x1c60dc7ce348dc9f1e8992c027350acfda4ba66e2365aa87cbdd98c490185088;0x2187d779d9b173dd7202b38b54dca6eb04d1b32ca261980869195b5b9fa97ef8;0x3de27efa2f1aa663ae5d458857e731c129069f29;0x4674abc5796e1334b5075326b39b748bee9eaa34;0x5ab53ee1d50eef2c1dd3d5402789cd27bb52c1bb,0.014984805616682362,0.013834400165186889,-0.025913689861656097,-0.03985133181912037
2026-03-31,AAVE,98.2,38607776.73126582,794397.5384291861,39402174.26969501,0.020161261482470348,48.600070951387245,12,binance;bitget;bybit;coinbase;crypto_com;gate;htx;kraken;kucoin;mexc;okx;upbit,eth,eth,5,balancer_ethereum;uniswap-v4-ethereum;uniswap_v3,0x1c60dc7ce348dc9f1e8992c027350acfda4ba66e2365aa87cbdd98c490185088;0x2187d779d9b173dd7202b38b54dca6eb04d1b32ca261980869195b5b9fa97ef8;0x3de27efa2f1aa663ae5d458857e731c129069f29;0x4674abc5796e1334b5075326b39b748bee9eaa34;0x5ab53ee1d50eef2c1dd3d5402789cd27bb52c1bb,0.013834400165186889,-0.0010183299389002753,-0.034521384928716925,-0.024541751527494826
2026-04-01,AAVE,98.1,67298715.79266864,565245.5270060835,67863961.31967473,0.008329097152809599,119.06103202466268,12,binance;bitget;bybit;coinbase;crypto_com;gate;htx;kraken;kucoin;mexc;okx;upbit,eth,eth,4,balancer_ethereum;uniswap-v4-ethereum;uniswap_v3,0x1c60dc7ce348dc9f1e8992c027350acfda4ba66e2365aa87cbdd98c490185088;0x2187d779d9b173dd7202b38b54dca6eb04d1b32ca261980869195b5b9fa97ef8;0x3de27efa2f1aa663ae5d458857e731c129069f29;0x5ab53ee1d50eef2c1dd3d5402789cd27bb52c1bb,-0.0010183299389002753,-0.03822629969418956,-0.03690112130479095,-0.06258919469928648
2026-04-02,AAVE,94.35,103428871.4210859,580464.8995933624,104009336.32067926,0.005580892255707564,178.1828177613181,12,binance;bitget;bybit;coinbase;crypto_com;gate;htx;kraken;kucoin;mexc;okx;upbit,eth,eth,5,balancer_ethereum;uniswap-v4-ethereum;uniswap_v3,0x1c60dc7ce348dc9f1e8992c027350acfda4ba66e2365aa87cbdd98c490185088;0x2187d779d9b173dd7202b38b54dca6eb04d1b32ca261980869195b5b9fa97ef8;0x3de27efa2f1aa663ae5d458857e731c129069f29;0x4674abc5796e1334b5075326b39b748bee9eaa34;0x5ab53ee1d50eef2c1dd3d5402789cd27bb52c1bb,-0.03822629969418956,0.0048754636989931655,-0.0022257551669315756,-0.03995760466348697
2026-04-03,AAVE,94.81,46514769.56418576,262914.4610258387,46777684.0252116,0.005620510431515519,176.91978365394814,12,binance;bitget;bybit;coinbase;crypto_com;gate;htx;kraken;kucoin;mexc;okx;upbit,eth,eth,4,balancer_ethereum;uniswap-v4-ethereum;uniswap_v3,0x1c60dc7ce348dc9f1e8992c027350acfda4ba66e2365aa87cbdd98c490185088;0x2187d779d9b173dd7202b38b54dca6eb04d1b32ca261980869195b5b9fa97ef8;0x3de27efa2f1aa663ae5d458857e731c129069f29;0x5ab53ee1d50eef2c1dd3d5402789cd27bb52c1bb,0.0048754636989931655,-0.003480645501529378,-0.019090813205358104,-0.012551418626727151
2026-04-04,AAVE,94.48,26067090.670691095,175900.55044385203,26242991.221134946,0.006702762995332235,148.1922063627185,12,binance;bitget;bybit;coinbase;crypto_com;gate;htx;kraken;kucoin;mexc;okx;upbit,eth,eth,4,balancer_ethereum;uniswap-v4-ethereum;uniswap_v3,0x1c60dc7ce348dc9f1e8992c027350acfda4ba66e2365aa87cbdd98c490185088;0x2187d779d9b173dd7202b38b54dca6eb04d1b32ca261980869195b5b9fa97ef8;0x3de27efa2f1aa663ae5d458857e731c129069f29;0x5ab53ee1d50eef2c1dd3d5402789cd27bb52c1bb,-0.003480645501529378,-0.0035986452159187943,0.01386536833192209,0.00042337002540215884
2026-04-05,AAVE,94.14,60545243.37716535,462599.90761578025,61007843.28478113,0.007582630080142159,130.8803620156625,12,binance;bitget;bybit;coinbase;crypto_com;gate;htx;kraken;kucoin;mexc;okx;upbit,eth,eth,5,balancer_ethereum;uniswap-v4-ethereum;uniswap_v3,0x1c60dc7ce348dc9f1e8992c027350acfda4ba66e2365aa87cbdd98c490185088;0x2187d779d9b173dd7202b38b54dca6eb04d1b32ca261980869195b5b9fa97ef8;0x3de27efa2f1aa663ae5d458857e731c129069f29;0x4674abc5796e1334b5075326b39b748bee9eaa34;0x5ab53ee1d50eef2c1dd3d5402789cd27bb52c1bb,-0.0035986452159187943,-0.01210962396430848,-0.023157000212449597,-0.04567665179519864
2026-04-06,AAVE,93.0,89453186.70879334,695783.0651203549,90148969.7739137,0.007718147715557065,128.56476564763753,12,binance;bitget;bybit;coinbase;crypto_com;gate;htx;kraken;kucoin;mexc;okx;upbit,eth,eth,5,balancer_ethereum;uniswap-v4-ethereum;uniswap_v3,0x1c60dc7ce348dc9f1e8992c027350acfda4ba66e2365aa87cbdd98c490185088;0x2187d779d9b173dd7202b38b54dca6eb04d1b32ca261980869195b5b9fa97ef8;0x3de27efa2f1aa663ae5d458857e731c129069f29;0x4674abc5796e1334b5075326b39b748bee9eaa34;0x5ab53ee1d50eef2c1dd3d5402789cd27bb52c1bb,-0.01210962396430848,0.030000000000000027,-0.026021505376344067,0.11032258064516132
2026-04-07,AAVE,95.79,134341655.79659495,2209064.3011624296,136550720.09775737,0.016177610045417182,60.81382770338698,12,binance;bitget;bybit;coinbase;crypto_com;gate;htx;kraken;kucoin;mexc;okx;upbit,eth,eth,5,balancer_ethereum;uniswap-v4-ethereum;uniswap_v3,0x1c60dc7ce348dc9f1e8992c027350acfda4ba66e2365aa87cbdd98c490185088;0x2187d779d9b173dd7202b38b54dca6eb04d1b32ca261980869195b5b9fa97ef8;0x3de27efa2f1aa663ae5d458857e731c129069f29;0x4674abc5796e1334b5075326b39b748bee9eaa34;0x5ab53ee1d50eef2c1dd3d5402789cd27bb52c1bb,0.030000000000000027,-0.03998329679507273,-0.02265372168284796,0.043845912934544096
2026-04-08,AAVE,91.96,123518879.53998399,713592.9211710622,124232472.46115506,0.005744012873881972,173.09431732769963,12,binance;bitget;bybit;coinbase;crypto_com;gate;htx;kraken;kucoin;mexc;okx;upbit,eth,eth,5,balancer_ethereum;uniswap-v4-ethereum;uniswap_v3,0x1c60dc7ce348dc9f1e8992c027350acfda4ba66e2365aa87cbdd98c490185088;0x2187d779d9b173dd7202b38b54dca6eb04d1b32ca261980869195b5b9fa97ef8;0x3de27efa2f1aa663ae5d458857e731c129069f29;0x4674abc5796e1334b5075326b39b748bee9eaa34;0x5ab53ee1d50eef2c1dd3d5402789cd27bb52c1bb,-0.03998329679507273,-0.015006524575902569,0.02783819051761638,0.1475641583297087
2026-04-09,AAVE,90.58,84432047.33835503,687813.6448078929,85119860.98316292,0.008080530640715513,122.75424888079533,12,binance;bitget;bybit;coinbase;crypto_com;gate;htx;kraken;kucoin;mexc;okx;upbit,eth,eth,4,balancer_ethereum;uniswap-v4-ethereum;uniswap_v3,0x1c60dc7ce348dc9f1e8992c027350acfda4ba66e2365aa87cbdd98c490185088;0x2187d779d9b173dd7202b38b54dca6eb04d1b32ca261980869195b5b9fa97ef8;0x3de27efa2f1aa663ae5d458857e731c129069f29;0x5ab53ee1d50eef2c1dd3d5402789cd27bb52c1bb,-0.015006524575902569,0.03356149260322372,-0.00816957385736361,0.2746743210421727
2026-04-10,AAVE,93.62,77538264.95909764,731242.4825271929,78269507.44162484,0.009342622771359204,106.03632421782086,12,binance;bitget;bybit;coinbase;crypto_com;gate;htx;kraken;kucoin;mexc;okx;upbit,eth,eth,5,balancer_ethereum;uniswap-v4-ethereum;uniswap_v3,0x1c60dc7ce348dc9f1e8992c027350acfda4ba66e2365aa87cbdd98c490185088;0x2187d779d9b173dd7202b38b54dca6eb04d1b32ca261980869195b5b9fa97ef8;0x3de27efa2f1aa663ae5d458857e731c129069f29;0x4674abc5796e1334b5075326b39b748bee9eaa34;0x5ab53ee1d50eef2c1dd3d5402789cd27bb52c1bb,0.03356149260322372,0.009613330484939064,0.10296945097201449,0.22687459944456312
2026-04-11,AAVE,94.52,40626022.8610158,539194.3694626116,41165217.230478406,0.013098300112051792,75.3457846778069,12,binance;bitget;bybit;coinbase;crypto_com;gate;htx;kraken;kucoin;mexc;okx;upbit,eth,eth,4,balancer_ethereum;uniswap-v4-ethereum;uniswap_v3,0x1c60dc7ce348dc9f1e8992c027350acfda4ba66e2365aa87cbdd98c490185088;0x2187d779d9b173dd7202b38b54dca6eb04d1b32ca261980869195b5b9fa97ef8;0x3de27efa2f1aa663ae5d458857e731c129069f29;0x5ab53ee1d50eef2c1dd3d5402789cd27bb52c1bb,0.009613330484939064,-0.04951333051206086,0.05787134997884036,0.07014388489208634
2026-04-12,AAVE,89.84,39295139.478656664,551451.5850839447,39846591.06374061,0.013839366690159643,71.25764172511167,12,binance;bitget;bybit;coinbase;crypto_com;gate;htx;kraken;kucoin;mexc;okx;upbit,eth,eth,5,balancer_ethereum;uniswap-v4-ethereum;uniswap_v3,0x1c60dc7ce348dc9f1e8992c027350acfda4ba66e2365aa87cbdd98c490185088;0x2187d779d9b173dd7202b38b54dca6eb04d1b32ca261980869195b5b9fa97ef8;0x3de27efa2f1aa663ae5d458857e731c129069f29;0x4674abc5796e1334b5075326b39b748bee9eaa34;0x5ab53ee1d50eef2c1dd3d5402789cd27bb52c1bb,-0.04951333051206086,0.1493766696349066,0.17464381121994643,0.004897595725734671
2026-04-13,AAVE,103.26,93150847.45222028,2149829.7639298737,95300677.21615015,0.02255838916080181,43.32940636282809,12,binance;bitget;bybit;coinbase;crypto_com;gate;htx;kraken;kucoin;mexc;okx;upbit,eth,eth,5,balancer_ethereum;uniswap-v4-ethereum;uniswap_v3,0x1c60dc7ce348dc9f1e8992c027350acfda4ba66e2365aa87cbdd98c490185088;0x2187d779d9b173dd7202b38b54dca6eb04d1b32ca261980869195b5b9fa97ef8;0x3de27efa2f1aa663ae5d458857e731c129069f29;0x4674abc5796e1334b5075326b39b748bee9eaa34;0x5ab53ee1d50eef2c1dd3d5402789cd27bb52c1bb,0.1493766696349066,-0.03166763509587456,0.11814836335463874,-0.1221189231067209
2026-04-14,AAVE,99.99,62890343.30930762,1637607.516625664,64527950.825933285,0.025378266249972442,38.403794969685364,12,binance;bitget;bybit;coinbase;crypto_com;gate;htx;kraken;kucoin;mexc;okx;upbit,eth,eth,5,balancer_ethereum;uniswap-v4-ethereum;uniswap_v3,0x1c60dc7ce348dc9f1e8992c027350acfda4ba66e2365aa87cbdd98c490185088;0x2187d779d9b173dd7202b38b54dca6eb04d1b32ca261980869195b5b9fa97ef8;0x3de27efa2f1aa663ae5d458857e731c129069f29;0x4674abc5796e1334b5075326b39b748bee9eaa34;0x5ab53ee1d50eef2c1dd3d5402789cd27bb52c1bb,-0.03166763509587456,0.055405540554055444,0.14871487148714868,-0.08110811081108116
2026-04-15,AAVE,105.53,93850038.88243164,3480031.9470069166,97330070.82943855,0.035754951345975415,26.96815440534952,12,binance;bitget;bybit;coinbase;crypto_com;gate;htx;kraken;kucoin;mexc;okx;upbit,eth,eth,5,balancer_ethereum;uniswap-v4-ethereum;uniswap_v3,0x1c60dc7ce348dc9f1e8992c027350acfda4ba66e2365aa87cbdd98c490185088;0x2187d779d9b173dd7202b38b54dca6eb04d1b32ca261980869195b5b9fa97ef8;0x3de27efa2f1aa663ae5d458857e731c129069f29;0x4674abc5796e1334b5075326b39b748bee9eaa34;0x5ab53ee1d50eef2c1dd3d5402789cd27bb52c1bb,0.055405540554055444,0.09409646546005868,-0.0415047853690893,-0.10963707002748035
2026-04-16,AAVE,115.46,112632332.96588606,4396909.214171648,117029242.1800577,0.03757103038748807,25.616251662158852,12,binance;bitget;bybit;coinbase;crypto_com;gate;htx;kraken;kucoin;mexc;okx;upbit,eth,eth,5,balancer_ethereum;uniswap-v4-ethereum;uniswap_v3,0x1c60dc7ce348dc9f1e8992c027350acfda4ba66e2365aa87cbdd98c490185088;0x2187d779d9b173dd7202b38b54dca6eb04d1b32ca261980869195b5b9fa97ef8;0x3de27efa2f1aa663ae5d458857e731c129069f29;0x4674abc5796e1334b5075326b39b748bee9eaa34;0x5ab53ee1d50eef2c1dd3d5402789cd27bb52c1bb,0.09409646546005868,-0.005196604884808553,-0.21808418499913385,-0.18309371210808945
2026-04-17,AAVE,114.86,99226044.22014396,2706228.576909188,101932272.79705314,0.0265492812300701,36.665803127934986,12,binance;bitget;bybit;coinbase;crypto_com;gate;htx;kraken;kucoin;mexc;okx;upbit,eth,eth,4,balancer_ethereum;uniswap-v4-ethereum;uniswap_v3,0x1c60dc7ce348dc9f1e8992c027350acfda4ba66e2365aa87cbdd98c490185088;0x2187d779d9b173dd7202b38b54dca6eb04d1b32ca261980869195b5b9fa97ef8;0x3de27efa2f1aa663ae5d458857e731c129069f29;0x5ab53ee1d50eef2c1dd3d5402789cd27bb52c1bb,-0.005196604884808553,-0.11936270242033775,-0.21077833884729236,-0.1789134598641825
2026-04-18,AAVE,101.15,155498457.25417313,8784662.16050076,164283119.4146739,0.05347270122334983,17.70113117762848,12,binance;bitget;bybit;coinbase;crypto_com;gate;htx;kraken;kucoin;mexc;okx;upbit,eth,eth,5,balancer_ethereum;uniswap-v4-ethereum;uniswap_v3,0x1c60dc7ce348dc9f1e8992c027350acfda4ba66e2365aa87cbdd98c490185088;0x2187d779d9b173dd7202b38b54dca6eb04d1b32ca261980869195b5b9fa97ef8;0x3de27efa2f1aa663ae5d458857e731c129069f29;0x4674abc5796e1334b5075326b39b748bee9eaa34;0x5ab53ee1d50eef2c1dd3d5402789cd27bb52c1bb,-0.11936270242033775,-0.10746416213544241,-0.09164607019278315,-0.06940187839841827
2026-04-19,AAVE,90.28,217748040.00617987,13531847.509411499,231279887.51559138,0.05850853550116531,16.091523338164617,12,binance;bitget;bybit;coinbase;crypto_com;gate;htx;kraken;kucoin;mexc;okx;upbit,eth,eth,5,balancer_ethereum;uniswap-v4-ethereum;uniswap_v3,0x1c60dc7ce348dc9f1e8992c027350acfda4ba66e2365aa87cbdd98c490185088;0x2187d779d9b173dd7202b38b54dca6eb04d1b32ca261980869195b5b9fa97ef8;0x3de27efa2f1aa663ae5d458857e731c129069f29;0x4674abc5796e1334b5075326b39b748bee9eaa34;0x5ab53ee1d50eef2c1dd3d5402789cd27bb52c1bb,-0.10746416213544241,0.004098360655737654,0.040762073548958666,0.06922906513070437
2026-04-20,AAVE,90.65,170213708.0822344,18762402.151396826,188976110.23363125,0.09928451870557004,9.072063731965276,12,binance;bitget;bybit;coinbase;crypto_com;gate;htx;kraken;kucoin;mexc;okx;upbit,eth,eth,5,balancer_ethereum;uniswap-v4-ethereum;uniswap_v3,0x1c60dc7ce348dc9f1e8992c027350acfda4ba66e2365aa87cbdd98c490185088;0x2187d779d9b173dd7202b38b54dca6eb04d1b32ca261980869195b5b9fa97ef8;0x3de27efa2f1aa663ae5d458857e731c129069f29;0x4674abc5796e1334b5075326b39b748bee9eaa34;0x5ab53ee1d50eef2c1dd3d5402789cd27bb52c1bb,0.004098360655737654,0.013568670711527675,0.04048538334252605,0.07699944842801965
2026-04-21,AAVE,91.88,138660936.73824924,2506228.6140841763,141167165.35233343,0.01775362286144219,55.32653164959518,12,binance;bitget;bybit;coinbase;crypto_com;gate;htx;kraken;kucoin;mexc;okx;upbit,eth,eth,5,balancer_ethereum;uniswap-v4-ethereum;uniswap_v3,0x1c60dc7ce348dc9f1e8992c027350acfda4ba66e2365aa87cbdd98c490185088;0x2187d779d9b173dd7202b38b54dca6eb04d1b32ca261980869195b5b9fa97ef8;0x3de27efa2f1aa663ae5d458857e731c129069f29;0x4674abc5796e1334b5075326b39b748bee9eaa34;0x5ab53ee1d50eef2c1dd3d5402789cd27bb52c1bb,0.013568670711527675,0.022638223770135024,0.026447540269917358,0.05006530256856778
2026-04-22,AAVE,93.96,90792014.63683036,2258743.059402286,93050757.69623265,0.02427431130411672,40.19581344540178,12,binance;bitget;bybit;coinbase;crypto_com;gate;htx;kraken;kucoin;mexc;okx;upbit,eth,eth,5,balancer_ethereum;uniswap-v4-ethereum;uniswap_v3,0x1c60dc7ce348dc9f1e8992c027350acfda4ba66e2365aa87cbdd98c490185088;0x2187d779d9b173dd7202b38b54dca6eb04d1b32ca261980869195b5b9fa97ef8;0x3de27efa2f1aa663ae5d458857e731c129069f29;0x4674abc5796e1334b5075326b39b748bee9eaa34;0x5ab53ee1d50eef2c1dd3d5402789cd27bb52c1bb,0.022638223770135024,0.003831417624521105,0.0018092805449128058,-0.0069178373776074276
2026-04-23,AAVE,94.32,81081089.40623158,1739335.8512882881,82820425.25751987,0.02100129099651491,46.61612036926427,12,binance;bitget;bybit;coinbase;crypto_com;gate;htx;kraken;kucoin;mexc;okx;upbit,eth,eth,5,balancer_ethereum;uniswap-v4-ethereum;uniswap_v3,0x1c60dc7ce348dc9f1e8992c027350acfda4ba66e2365aa87cbdd98c490185088;0x2187d779d9b173dd7202b38b54dca6eb04d1b32ca261980869195b5b9fa97ef8;0x3de27efa2f1aa663ae5d458857e731c129069f29;0x4674abc5796e1334b5075326b39b748bee9eaa34;0x5ab53ee1d50eef2c1dd3d5402789cd27bb52c1bb,0.003831417624521105,-0.00010602205258680719,0.023430873621713477,-0.015373197625105917
2026-04-24,AAVE,94.31,81477886.51949364,2109485.856683523,83587372.37617716,0.02523689639614437,38.62452372522231,12,binance;bitget;bybit;coinbase;crypto_com;gate;htx;kraken;kucoin;mexc;okx;upbit,eth,eth,5,balancer_ethereum;uniswap-v4-ethereum;uniswap_v3,0x1c60dc7ce348dc9f1e8992c027350acfda4ba66e2365aa87cbdd98c490185088;0x2187d779d9b173dd7202b38b54dca6eb04d1b32ca261980869195b5b9fa97ef8;0x3de27efa2f1aa663ae5d458857e731c129069f29;0x4674abc5796e1334b5075326b39b748bee9eaa34;0x5ab53ee1d50eef2c1dd3d5402789cd27bb52c1bb,-0.00010602205258680719,-0.0019085993001802803,0.03520305375888011,-0.023963524546707693
2026-04-25,AAVE,94.13,56910557.00040104,959803.006916204,57870360.007317245,0.0165853989295184,59.293997403958585,12,binance;bitget;bybit;coinbase;crypto_com;gate;htx;kraken;kucoin;mexc;okx;upbit,eth,eth,5,balancer_ethereum;uniswap-v4-ethereum;uniswap_v3,0x1c60dc7ce348dc9f1e8992c027350acfda4ba66e2365aa87cbdd98c490185088;0x2187d779d9b173dd7202b38b54dca6eb04d1b32ca261980869195b5b9fa97ef8;0x3de27efa2f1aa663ae5d458857e731c129069f29;0x4674abc5796e1334b5075326b39b748bee9eaa34;0x5ab53ee1d50eef2c1dd3d5402789cd27bb52c1bb,-0.0019085993001802803,0.025496653564219818,0.02496547328163179,-0.008498884521406569
2026-04-26,AAVE,96.53,58428241.903631456,1101696.2256939407,59529938.1293254,0.01850659114243607,53.03480264428468,12,binance;bitget;bybit;coinbase;crypto_com;gate;htx;kraken;kucoin;mexc;okx;upbit,eth,eth,5,balancer_ethereum;uniswap-v4-ethereum;uniswap_v3,0x1c60dc7ce348dc9f1e8992c027350acfda4ba66e2365aa87cbdd98c490185088;0x2187d779d9b173dd7202b38b54dca6eb04d1b32ca261980869195b5b9fa97ef8;0x3de27efa2f1aa663ae5d458857e731c129069f29;0x4674abc5796e1334b5075326b39b748bee9eaa34;0x5ab53ee1d50eef2c1dd3d5402789cd27bb52c1bb,0.025496653564219818,0.011395421112607496,-0.033357505438723734,-0.042473842328809686
2026-04-27,AAVE,97.63,94816521.78341566,3267679.4723416637,98084201.25575732,0.03331504391641114,29.016469511762992,12,binance;bitget;bybit;coinbase;crypto_com;gate;htx;kraken;kucoin;mexc;okx;upbit,eth,eth,5,balancer_ethereum;uniswap-v4-ethereum;uniswap_v3,0x1c60dc7ce348dc9f1e8992c027350acfda4ba66e2365aa87cbdd98c490185088;0x2187d779d9b173dd7202b38b54dca6eb04d1b32ca261980869195b5b9fa97ef8;0x3de27efa2f1aa663ae5d458857e731c129069f29;0x4674abc5796e1334b5075326b39b748bee9eaa34;0x5ab53ee1d50eef2c1dd3d5402789cd27bb52c1bb,0.011395421112607496,-0.011779166239885175,-0.04875550547987295,-0.05500358496363811
2026-04-28,AAVE,96.48,67843355.54005621,1155483.5940157066,68998839.13407192,0.016746420787898793,58.71425253583827,12,binance;bitget;bybit;coinbase;crypto_com;gate;htx;kraken;kucoin;mexc;okx;upbit,eth,eth,5,balancer_ethereum;uniswap-v4-ethereum;uniswap_v3,0x1c60dc7ce348dc9f1e8992c027350acfda4ba66e2365aa87cbdd98c490185088;0x2187d779d9b173dd7202b38b54dca6eb04d1b32ca261980869195b5b9fa97ef8;0x3de27efa2f1aa663ae5d458857e731c129069f29;0x4674abc5796e1334b5075326b39b748bee9eaa34;0x5ab53ee1d50eef2c1dd3d5402789cd27bb52c1bb,-0.011779166239885175,-0.03285655058043124,-0.045916252072968566,-0.0311981757877281
2026-04-29,AAVE,93.31,71083285.04688777,1702450.182719089,72785735.22960687,0.023389887831023623,41.753518410363256,12,binance;bitget;bybit;coinbase;crypto_com;gate;htx;kraken;kucoin;mexc;okx;upbit,eth,eth,5,balancer_ethereum;uniswap-v4-ethereum;uniswap_v3,0x1c60dc7ce348dc9f1e8992c027350acfda4ba66e2365aa87cbdd98c490185088;0x2187d779d9b173dd7202b38b54dca6eb04d1b32ca261980869195b5b9fa97ef8;0x3de27efa2f1aa663ae5d458857e731c129069f29;0x4674abc5796e1334b5075326b39b748bee9eaa34;0x5ab53ee1d50eef2c1dd3d5402789cd27bb52c1bb,-0.03285655058043124,-0.004715464580430817,0.00021433929911052196,0.011038473904190438
2026-04-30,AAVE,92.87,57629042.64493034,647214.2933204302,58276256.93825077,0.01110596883403502,89.0416717301988,12,binance;bitget;bybit;coinbase;crypto_com;gate;htx;kraken;kucoin;mexc;okx;upbit,eth,eth,5,balancer_ethereum;uniswap-v4-ethereum;uniswap_v3,0x1c60dc7ce348dc9f1e8992c027350acfda4ba66e2365aa87cbdd98c490185088;0x2187d779d9b173dd7202b38b54dca6eb04d1b32ca261980869195b5b9fa97ef8;0x3de27efa2f1aa663ae5d458857e731c129069f29;0x4674abc5796e1334b5075326b39b748bee9eaa34;0x5ab53ee1d50eef2c1dd3d5402789cd27bb52c1bb,-0.004715464580430817,-0.008829546678152389,-0.004737805534618222,-0.004845482933132361
2026-05-01,AAVE,92.05,65051637.963631675,686471.466419615,65738109.43005129,0.010442519147132696,94.76233339007857,12,binance;bitget;bybit;coinbase;crypto_com;gate;htx;kraken;kucoin;mexc;okx;upbit,eth,eth,5,balancer_ethereum;uniswap-v4-ethereum;uniswap_v3,0x1c60dc7ce348dc9f1e8992c027350acfda4ba66e2365aa87cbdd98c490185088;0x2187d779d9b173dd7202b38b54dca6eb04d1b32ca261980869195b5b9fa97ef8;0x3de27efa2f1aa663ae5d458857e731c129069f29;0x4674abc5796e1334b5075326b39b748bee9eaa34;0x5ab53ee1d50eef2c1dd3d5402789cd27bb52c1bb,-0.008829546678152389,0.013905486148832136,0.0022813688212928174,0.0412819120043455
2026-05-02,AAVE,93.33,41517545.297893405,476205.3228134702,41993750.62070688,0.01133990929066136,87.18412690686333,12,binance;bitget;bybit;coinbase;crypto_com;gate;htx;kraken;kucoin;mexc;okx;upbit,eth,eth,5,balancer_ethereum;uniswap-v4-ethereum;uniswap_v3,0x1c60dc7ce348dc9f1e8992c027350acfda4ba66e2365aa87cbdd98c490185088;0x2187d779d9b173dd7202b38b54dca6eb04d1b32ca261980869195b5b9fa97ef8;0x3de27efa2f1aa663ae5d458857e731c129069f29;0x4674abc5796e1334b5075326b39b748bee9eaa34;0x5ab53ee1d50eef2c1dd3d5402789cd27bb52c1bb,0.013905486148832136,-0.009643201542912205,0.0015000535733418197,0.026036644165863043
2026-05-03,AAVE,92.43,65330237.23384772,518898.44878369867,65849135.68263142,0.0078801102460114,125.90177786613589,12,binance;bitget;bybit;coinbase;crypto_com;gate;htx;kraken;kucoin;mexc;okx;upbit,eth,eth,5,balancer_ethereum;uniswap-v4-ethereum;uniswap_v3,0x1c60dc7ce348dc9f1e8992c027350acfda4ba66e2365aa87cbdd98c490185088;0x2187d779d9b173dd7202b38b54dca6eb04d1b32ca261980869195b5b9fa97ef8;0x3de27efa2f1aa663ae5d458857e731c129069f29;0x4674abc5796e1334b5075326b39b748bee9eaa34;0x5ab53ee1d50eef2c1dd3d5402789cd27bb52c1bb,-0.009643201542912205,-0.0018392296873309677,0.020664286487071193,0.10516066212268749
2026-05-04,AAVE,92.26,88374644.33856557,1166406.0370217161,89541050.37558728,0.013026494910760264,75.76662117097754,12,binance;bitget;bybit;coinbase;crypto_com;gate;htx;kraken;kucoin;mexc;okx;upbit,eth,eth,5,balancer_ethereum;uniswap-v4-ethereum;uniswap_v3,0x1c60dc7ce348dc9f1e8992c027350acfda4ba66e2365aa87cbdd98c490185088;0x2187d779d9b173dd7202b38b54dca6eb04d1b32ca261980869195b5b9fa97ef8;0x3de27efa2f1aa663ae5d458857e731c129069f29;0x4674abc5796e1334b5075326b39b748bee9eaa34;0x5ab53ee1d50eef2c1dd3d5402789cd27bb52c1bb,-0.0018392296873309677,0.013115109473227804,0.001734229351831651,0.09690006503360071
2026-05-05,AAVE,93.47,72654714.17999451,654699.1726312088,73309413.35262571,0.008930628996879833,110.97419580965442,12,binance;bitget;bybit;coinbase;crypto_com;gate;htx;kraken;kucoin;mexc;okx;upbit,eth,eth,5,balancer_ethereum;uniswap-v4-ethereum;uniswap_v3,0x1c60dc7ce348dc9f1e8992c027350acfda4ba66e2365aa87cbdd98c490185088;0x2187d779d9b173dd7202b38b54dca6eb04d1b32ca261980869195b5b9fa97ef8;0x3de27efa2f1aa663ae5d458857e731c129069f29;0x4674abc5796e1334b5075326b39b748bee9eaa34;0x5ab53ee1d50eef2c1dd3d5402789cd27bb52c1bb,0.013115109473227804,0.009307799293891028,0.025462715309725104,0.034021611212153635
2026-05-06,AAVE,94.34,90093071.35469873,1251236.0585827287,91344307.41328146,0.01369801900102643,72.0032568888295,12,binance;bitget;bybit;coinbase;crypto_com;gate;htx;kraken;kucoin;mexc;okx;upbit,eth,eth,5,balancer_ethereum;uniswap-v4-ethereum;uniswap_v3,0x1c60dc7ce348dc9f1e8992c027350acfda4ba66e2365aa87cbdd98c490185088;0x2187d779d9b173dd7202b38b54dca6eb04d1b32ca261980869195b5b9fa97ef8;0x3de27efa2f1aa663ae5d458857e731c129069f29;0x4674abc5796e1334b5075326b39b748bee9eaa34;0x5ab53ee1d50eef2c1dd3d5402789cd27bb52c1bb,0.009307799293891028,-0.020351918592325657,0.015051939792240843,0.022259910960356066
2026-05-07,AAVE,92.42,63676195.55147288,909156.3748890463,64585351.926361926,0.014076820018347756,70.03877144813943,12,binance;bitget;bybit;coinbase;crypto_com;gate;htx;kraken;kucoin;mexc;okx;upbit,eth,eth,5,balancer_ethereum;uniswap-v4-ethereum;uniswap_v3,0x1c60dc7ce348dc9f1e8992c027350acfda4ba66e2365aa87cbdd98c490185088;0x2187d779d9b173dd7202b38b54dca6eb04d1b32ca261980869195b5b9fa97ef8;0x3de27efa2f1aa663ae5d458857e731c129069f29;0x4674abc5796e1334b5075326b39b748bee9eaa34;0x5ab53ee1d50eef2c1dd3d5402789cd27bb52c1bb,-0.020351918592325657,0.03711317896559185,0.10528024237178113,0.06438000432806756
2026-05-08,AAVE,95.85,72801868.84649545,1090274.7106708465,73892143.5571663,0.014754947659995285,66.7738764679779,12,binance;bitget;bybit;coinbase;crypto_com;gate;htx;kraken;kucoin;mexc;okx;upbit,eth,eth,5,balancer_ethereum;uniswap-v4-ethereum;uniswap_v3,0x1c60dc7ce348dc9f1e8992c027350acfda4ba66e2365aa87cbdd98c490185088;0x2187d779d9b173dd7202b38b54dca6eb04d1b32ca261980869195b5b9fa97ef8;0x3de27efa2f1aa663ae5d458857e731c129069f29;0x4674abc5796e1334b5075326b39b748bee9eaa34;0x5ab53ee1d50eef2c1dd3d5402789cd27bb52c1bb,0.03711317896559185,-0.0009389671361501595,0.05581637976004172,-0.03088158581116318
2026-05-09,AAVE,95.76,100144048.57886079,1841627.2496962934,101985675.82855709,0.01805770501332127,54.378022803135515,12,binance;bitget;bybit;coinbase;crypto_com;gate;htx;kraken;kucoin;mexc;okx;upbit,eth,eth,5,balancer_ethereum;uniswap-v4-ethereum;uniswap_v3,0x1c60dc7ce348dc9f1e8992c027350acfda4ba66e2365aa87cbdd98c490185088;0x2187d779d9b173dd7202b38b54dca6eb04d1b32ca261980869195b5b9fa97ef8;0x3de27efa2f1aa663ae5d458857e731c129069f29;0x4674abc5796e1334b5075326b39b748bee9eaa34;0x5ab53ee1d50eef2c1dd3d5402789cd27bb52c1bb,-0.0009389671361501595,0.06672932330827064,0.009294068504594799,-0.05973266499582286
2026-05-10,AAVE,102.15,131842136.20096251,4065069.6134286188,135907205.81439114,0.029910626070705156,32.43293442391072,12,binance;bitget;bybit;coinbase;crypto_com;gate;htx;kraken;kucoin;mexc;okx;upbit,eth,eth,5,balancer_ethereum;uniswap-v4-ethereum;uniswap_v3,0x1c60dc7ce348dc9f1e8992c027350acfda4ba66e2365aa87cbdd98c490185088;0x2187d779d9b173dd7202b38b54dca6eb04d1b32ca261980869195b5b9fa97ef8;0x3de27efa2f1aa663ae5d458857e731c129069f29;0x4674abc5796e1334b5075326b39b748bee9eaa34;0x5ab53ee1d50eef2c1dd3d5402789cd27bb52c1bb,0.06672932330827064,-0.009300048947626038,-0.0558981889378366,-0.12687224669603536
2026-05-11,AAVE,101.2,131949662.57820722,2406000.649911323,134355663.22811854,0.01790769806127372,54.84190645712022,12,binance;bitget;bybit;coinbase;crypto_com;gate;htx;kraken;kucoin;mexc;okx;upbit,eth,eth,5,balancer_ethereum;uniswap-v4-ethereum;uniswap_v3,0x1c60dc7ce348dc9f1e8992c027350acfda4ba66e2365aa87cbdd98c490185088;0x2187d779d9b173dd7202b38b54dca6eb04d1b32ca261980869195b5b9fa97ef8;0x3de27efa2f1aa663ae5d458857e731c129069f29;0x4674abc5796e1334b5075326b39b748bee9eaa34;0x5ab53ee1d50eef2c1dd3d5402789cd27bb52c1bb,-0.009300048947626038,-0.04496047430830041,-0.02796442687747036,-0.11600790513834003
2026-05-12,AAVE,96.65,114800934.77918918,1392667.157677095,116193601.93686628,0.011985747360115402,82.43242769555354,12,binance;bitget;bybit;coinbase;crypto_com;gate;htx;kraken;kucoin;mexc;okx;upbit,eth,eth,5,balancer_ethereum;uniswap-v4-ethereum;uniswap_v3,0x1c60dc7ce348dc9f1e8992c027350acfda4ba66e2365aa87cbdd98c490185088;0x2187d779d9b173dd7202b38b54dca6eb04d1b32ca261980869195b5b9fa97ef8;0x3de27efa2f1aa663ae5d458857e731c129069f29;0x4674abc5796e1334b5075326b39b748bee9eaa34;0x5ab53ee1d50eef2c1dd3d5402789cd27bb52c1bb,-0.04496047430830041,-0.0021727884117952456,-0.03890325918261772,-0.09539575788929122
2026-05-13,AAVE,96.44,102747041.60683124,2049752.392998353,104796793.99982959,0.019559304390568345,50.126562582778156,12,binance;bitget;bybit;coinbase;crypto_com;gate;htx;kraken;kucoin;mexc;okx;upbit,eth,eth,5,balancer_ethereum;uniswap-v4-ethereum;uniswap_v3,0x1c60dc7ce348dc9f1e8992c027350acfda4ba66e2365aa87cbdd98c490185088;0x2187d779d9b173dd7202b38b54dca6eb04d1b32ca261980869195b5b9fa97ef8;0x3de27efa2f1aa663ae5d458857e731c129069f29;0x4674abc5796e1334b5075326b39b748bee9eaa34;0x5ab53ee1d50eef2c1dd3d5402789cd27bb52c1bb,-0.0021727884117952456,0.020012442969722155,-0.06636250518457065,-0.08689340522604727
2026-05-14,AAVE,98.37,75222378.42327468,2279652.705631035,77502031.12890571,0.029414102732861144,32.99729745564566,12,binance;bitget;bybit;coinbase;crypto_com;gate;htx;kraken;kucoin;mexc;okx;upbit,eth,eth,5,balancer_ethereum;uniswap-v4-ethereum;uniswap_v3,0x1c60dc7ce348dc9f1e8992c027350acfda4ba66e2365aa87cbdd98c490185088;0x2187d779d9b173dd7202b38b54dca6eb04d1b32ca261980869195b5b9fa97ef8;0x3de27efa2f1aa663ae5d458857e731c129069f29;0x4674abc5796e1334b5075326b39b748bee9eaa34;0x5ab53ee1d50eef2c1dd3d5402789cd27bb52c1bb,0.020012442969722155,-0.055708041069431724,-0.09332113449222335,-0.10379180644505448
2026-05-15,AAVE,92.89,65405658.61540978,2090532.162586984,67496190.77799676,0.03097259472705653,31.28660720267122,12,binance;bitget;bybit;coinbase;crypto_com;gate;htx;kraken;kucoin;mexc;okx;upbit,eth,eth,5,balancer_ethereum;uniswap-v4-ethereum;uniswap_v3,0x1c60dc7ce348dc9f1e8992c027350acfda4ba66e2365aa87cbdd98c490185088;0x2187d779d9b173dd7202b38b54dca6eb04d1b32ca261980869195b5b9fa97ef8;0x3de27efa2f1aa663ae5d458857e731c129069f29;0x4674abc5796e1334b5075326b39b748bee9eaa34;0x5ab53ee1d50eef2c1dd3d5402789cd27bb52c1bb,-0.055708041069431724,-0.0306814511788136,-0.03692539562923891,-0.07234363225320273
2026-05-16,AAVE,90.04,48690685.55624004,2053082.4112703963,50743767.96751043,0.04045979424675199,23.715894349370735,12,binance;bitget;bybit;coinbase;crypto_com;gate;htx;kraken;kucoin;mexc;okx;upbit,eth,eth,5,balancer_ethereum;uniswap-v4-ethereum;uniswap_v3,0x1c60dc7ce348dc9f1e8992c027350acfda4ba66e2365aa87cbdd98c490185088;0x2187d779d9b173dd7202b38b54dca6eb04d1b32ca261980869195b5b9fa97ef8;0x3de27efa2f1aa663ae5d458857e731c129069f29;0x4674abc5796e1334b5075326b39b748bee9eaa34;0x5ab53ee1d50eef2c1dd3d5402789cd27bb52c1bb,-0.0306814511788136,-0.009440248778320837,-0.028987116836961313,-0.03720568636161714
2026-05-17,AAVE,89.19,41837068.503612675,1351480.2985136907,43188548.80212636,0.031292561014394434,30.956476797792444,12,binance;bitget;bybit;coinbase;crypto_com;gate;htx;kraken;kucoin;mexc;okx;upbit,eth,eth,5,balancer_ethereum;uniswap-v4-ethereum;uniswap_v3,0x1c60dc7ce348dc9f1e8992c027350acfda4ba66e2365aa87cbdd98c490185088;0x2187d779d9b173dd7202b38b54dca6eb04d1b32ca261980869195b5b9fa97ef8;0x3de27efa2f1aa663ae5d458857e731c129069f29;0x4674abc5796e1334b5075326b39b748bee9eaa34;0x5ab53ee1d50eef2c1dd3d5402789cd27bb52c1bb,-0.009440248778320837,0.003027245206861817,-0.01266958179168065,-0.04036326942482338
2026-05-18,AAVE,89.46,52367751.55314333,1851566.2459023802,54219317.79904571,0.03414956736941771,28.282947838909948,12,binance;bitget;bybit;coinbase;crypto_com;gate;htx;kraken;kucoin;mexc;okx;upbit,eth,eth,5,balancer_ethereum;uniswap-v4-ethereum;uniswap_v3,0x1c60dc7ce348dc9f1e8992c027350acfda4ba66e2365aa87cbdd98c490185088;0x2187d779d9b173dd7202b38b54dca6eb04d1b32ca261980869195b5b9fa97ef8;0x3de27efa2f1aa663ae5d458857e731c129069f29;0x4674abc5796e1334b5075326b39b748bee9eaa34;0x5ab53ee1d50eef2c1dd3d5402789cd27bb52c1bb,0.003027245206861817,-0.022691705790297223,-0.014531634249944081,-0.034428794992175216
2026-05-19,AAVE,87.43,41265690.345372565,1291070.3335826115,42556760.678955175,0.030337608243314,31.962387541555344,12,binance;bitget;bybit;coinbase;crypto_com;gate;htx;kraken;kucoin;mexc;okx;upbit,eth,eth,5,balancer_ethereum;uniswap-v4-ethereum;uniswap_v3,0x1c60dc7ce348dc9f1e8992c027350acfda4ba66e2365aa87cbdd98c490185088;0x2187d779d9b173dd7202b38b54dca6eb04d1b32ca261980869195b5b9fa97ef8;0x3de27efa2f1aa663ae5d458857e731c129069f29;0x4674abc5796e1334b5075326b39b748bee9eaa34;0x5ab53ee1d50eef2c1dd3d5402789cd27bb52c1bb,-0.022691705790297223,0.007205764611689203,-0.014411529223378738,-0.018643486217545524
2026-05-20,AAVE,88.06,38020301.62197055,1521441.6050824316,39541743.22705298,0.03847684702078381,24.98965553128187,12,binance;bitget;bybit;coinbase;crypto_com;gate;htx;kraken;kucoin;mexc;okx;upbit,eth,eth,5,balancer_ethereum;uniswap-v4-ethereum;uniswap_v3,0x1c60dc7ce348dc9f1e8992c027350acfda4ba66e2365aa87cbdd98c490185088;0x2187d779d9b173dd7202b38b54dca6eb04d1b32ca261980869195b5b9fa97ef8;0x3de27efa2f1aa663ae5d458857e731c129069f29;0x4674abc5796e1334b5075326b39b748bee9eaa34;0x5ab53ee1d50eef2c1dd3d5402789cd27bb52c1bb,0.007205764611689203,0.0011355893708833165,-0.015557574381103834,-0.054508289802407406
2026-05-21,AAVE,88.16,41502805.79337216,2270101.448196288,43772907.241568446,0.051860879051700545,18.28235730449327,12,binance;bitget;bybit;coinbase;crypto_com;gate;htx;kraken;kucoin;mexc;okx;upbit,eth,eth,5,balancer_ethereum;uniswap-v4-ethereum;uniswap_v3,0x1c60dc7ce348dc9f1e8992c027350acfda4ba66e2365aa87cbdd98c490185088;0x2187d779d9b173dd7202b38b54dca6eb04d1b32ca261980869195b5b9fa97ef8;0x3de27efa2f1aa663ae5d458857e731c129069f29;0x4674abc5796e1334b5075326b39b748bee9eaa34;0x5ab53ee1d50eef2c1dd3d5402789cd27bb52c1bb,0.0011355893708833165,-0.022572595281306618,-0.029151542649727746,-0.08325771324863884
2026-05-22,AAVE,86.17,46934100.812476344,3148234.179576452,50082334.99205279,0.06286117011269587,14.908071679340775,12,binance;bitget;bybit;coinbase;crypto_com;gate;htx;kraken;kucoin;mexc;okx;upbit,eth,eth,5,balancer_ethereum;uniswap-v4-ethereum;uniswap_v3,0x1c60dc7ce348dc9f1e8992c027350acfda4ba66e2365aa87cbdd98c490185088;0x2187d779d9b173dd7202b38b54dca6eb04d1b32ca261980869195b5b9fa97ef8;0x3de27efa2f1aa663ae5d458857e731c129069f29;0x4674abc5796e1334b5075326b39b748bee9eaa34;0x5ab53ee1d50eef2c1dd3d5402789cd27bb52c1bb,-0.022572595281306618,0.006034582801438981,0.002437043054427157,-0.042706278287106936
2026-05-23,AAVE,86.69,37558616.68633589,2835036.1860211445,40393652.87235703,0.07018518961332341,13.24802020924038,12,binance;bitget;bybit;coinbase;crypto_com;gate;htx;kraken;kucoin;mexc;okx;upbit,eth,eth,5,balancer_ethereum;uniswap-v4-ethereum;uniswap_v3,0x1c60dc7ce348dc9f1e8992c027350acfda4ba66e2365aa87cbdd98c490185088;0x2187d779d9b173dd7202b38b54dca6eb04d1b32ca261980869195b5b9fa97ef8;0x3de27efa2f1aa663ae5d458857e731c129069f29;0x4674abc5796e1334b5075326b39b748bee9eaa34;0x5ab53ee1d50eef2c1dd3d5402789cd27bb52c1bb,0.006034582801438981,-0.012688891452301232,-0.010266466720498357,-0.04475718075902635
2026-05-24,AAVE,85.59,30629542.14493128,1492255.109753342,32121797.25468462,0.04645615243511048,20.52567415902104,12,binance;bitget;bybit;coinbase;crypto_com;gate;htx;kraken;kucoin;mexc;okx;upbit,eth,eth,5,balancer_ethereum;uniswap-v4-ethereum;uniswap_v3,0x1c60dc7ce348dc9f1e8992c027350acfda4ba66e2365aa87cbdd98c490185088;0x2187d779d9b173dd7202b38b54dca6eb04d1b32ca261980869195b5b9fa97ef8;0x3de27efa2f1aa663ae5d458857e731c129069f29;0x4674abc5796e1334b5075326b39b748bee9eaa34;0x5ab53ee1d50eef2c1dd3d5402789cd27bb52c1bb,-0.012688891452301232,0.009230050239513954,-0.027222806402617095,-0.04007477509054802
2026-05-25,AAVE,86.38,28633112.35416359,1189937.0998250435,29823049.453988634,0.03989991371140275,24.06271084276095,12,binance;bitget;bybit;coinbase;crypto_com;gate;htx;kraken;kucoin;mexc;okx;upbit,eth,eth,5,balancer_ethereum;uniswap-v4-ethereum;uniswap_v3,0x1c60dc7ce348dc9f1e8992c027350acfda4ba66e2365aa87cbdd98c490185088;0x2187d779d9b173dd7202b38b54dca6eb04d1b32ca261980869195b5b9fa97ef8;0x3de27efa2f1aa663ae5d458857e731c129069f29;0x4674abc5796e1334b5075326b39b748bee9eaa34;0x5ab53ee1d50eef2c1dd3d5402789cd27bb52c1bb,0.009230050239513954,-0.006714517249363228,-0.06436675156286176,-0.07038666357953227
2026-05-26,AAVE,85.8,37482503.92046031,2345177.8705867073,39827681.79104702,0.0588831125770892,15.982797889476542,12,binance;bitget;bybit;coinbase;crypto_com;gate;htx;kraken;kucoin;mexc;okx;upbit,eth,eth,5,balancer_ethereum;uniswap-v4-ethereum;uniswap_v3,0x1c60dc7ce348dc9f1e8992c027350acfda4ba66e2365aa87cbdd98c490185088;0x2187d779d9b173dd7202b38b54dca6eb04d1b32ca261980869195b5b9fa97ef8;0x3de27efa2f1aa663ae5d458857e731c129069f29;0x4674abc5796e1334b5075326b39b748bee9eaa34;0x5ab53ee1d50eef2c1dd3d5402789cd27bb52c1bb,-0.006714517249363228,-0.02960372960372948,-0.03857808857808864,-0.14137529137529137
2026-05-27,AAVE,83.26,41719817.283856675,2917459.457951234,44637276.74180791,0.06535926183011743,14.300050398353823,12,binance;bitget;bybit;coinbase;crypto_com;gate;htx;kraken;kucoin;mexc;okx;upbit,eth,eth,5,balancer_ethereum;uniswap-v4-ethereum;uniswap_v3,0x1c60dc7ce348dc9f1e8992c027350acfda4ba66e2365aa87cbdd98c490185088;0x2187d779d9b173dd7202b38b54dca6eb04d1b32ca261980869195b5b9fa97ef8;0x3de27efa2f1aa663ae5d458857e731c129069f29;0x4674abc5796e1334b5075326b39b748bee9eaa34;0x5ab53ee1d50eef2c1dd3d5402789cd27bb52c1bb,-0.02960372960372948,-0.02930578909440318,-0.005404756185443227,-0.10677396108575543
2026-05-28,AAVE,80.82,52452886.25831613,4384108.702589707,56836994.960905835,0.07713477296970445,11.96432155692947,12,binance;bitget;bybit;coinbase;crypto_com;gate;htx;kraken;kucoin;mexc;okx;upbit,eth,eth,5,balancer_ethereum;uniswap-v4-ethereum;uniswap_v3,0x1c60dc7ce348dc9f1e8992c027350acfda4ba66e2365aa87cbdd98c490185088;0x2187d779d9b173dd7202b38b54dca6eb04d1b32ca261980869195b5b9fa97ef8;0x3de27efa2f1aa663ae5d458857e731c129069f29;0x4674abc5796e1334b5075326b39b748bee9eaa34;0x5ab53ee1d50eef2c1dd3d5402789cd27bb52c1bb,-0.02930578909440318,0.02066320217767892,0.01658005444196986,-0.11717396683989112
2026-05-29,AAVE,82.49,39219579.35762139,2692065.237796528,41911644.59541792,0.06423191606494115,14.568584299882293,12,binance;bitget;bybit;coinbase;crypto_com;gate;htx;kraken;kucoin;mexc;okx;upbit,eth,eth,5,balancer_ethereum;uniswap-v4-ethereum;uniswap_v3,0x1c60dc7ce348dc9f1e8992c027350acfda4ba66e2365aa87cbdd98c490185088;0x2187d779d9b173dd7202b38b54dca6eb04d1b32ca261980869195b5b9fa97ef8;0x3de27efa2f1aa663ae5d458857e731c129069f29;0x4674abc5796e1334b5075326b39b748bee9eaa34;0x5ab53ee1d50eef2c1dd3d5402789cd27bb52c1bb,0.02066320217767892,0.0038792580918900477,-0.02654867256637161,-0.2451206206812946
2026-05-30,AAVE,82.81,30164784.454666,927343.6799686131,31092128.134634614,0.029825674072647745,32.528160924854696,12,binance;bitget;bybit;coinbase;crypto_com;gate;htx;kraken;kucoin;mexc;okx;upbit,eth,eth,5,balancer_ethereum;uniswap-v4-ethereum;uniswap_v3,0x1c60dc7ce348dc9f1e8992c027350acfda4ba66e2365aa87cbdd98c490185088;0x2187d779d9b173dd7202b38b54dca6eb04d1b32ca261980869195b5b9fa97ef8;0x3de27efa2f1aa663ae5d458857e731c129069f29;0x4674abc5796e1334b5075326b39b748bee9eaa34;0x5ab53ee1d50eef2c1dd3d5402789cd27bb52c1bb,0.0038792580918900477,-0.00784929356357933,-0.11037314334017634,-0.26385702209878037
2026-05-31,AAVE,82.16,28047810.66208554,1124701.6071252816,29172512.269210823,0.03855347104652043,24.938001763663586,12,binance;bitget;bybit;coinbase;crypto_com;gate;htx;kraken;kucoin;mexc;okx;upbit,eth,eth,5,balancer_ethereum;uniswap-v4-ethereum;uniswap_v3,0x1c60dc7ce348dc9f1e8992c027350acfda4ba66e2365aa87cbdd98c490185088;0x2187d779d9b173dd7202b38b54dca6eb04d1b32ca261980869195b5b9fa97ef8;0x3de27efa2f1aa663ae5d458857e731c129069f29;0x4674abc5796e1334b5075326b39b748bee9eaa34;0x5ab53ee1d50eef2c1dd3d5402789cd27bb52c1bb,-0.00784929356357933,-0.02263875365141188,-0.09481499513145075,-0.22444011684518017
2026-06-01,AAVE,80.3,52971268.68599367,2653398.5562457633,55624667.24223944,0.04770183243866428,19.96355525305689,12,binance;bitget;bybit;coinbase;crypto_com;gate;htx;kraken;kucoin;mexc;okx;upbit,eth,eth,5,balancer_ethereum;uniswap-v4-ethereum;uniswap_v3,0x1c60dc7ce348dc9f1e8992c027350acfda4ba66e2365aa87cbdd98c490185088;0x2187d779d9b173dd7202b38b54dca6eb04d1b32ca261980869195b5b9fa97ef8;0x3de27efa2f1aa663ae5d458857e731c129069f29;0x4674abc5796e1334b5075326b39b748bee9eaa34;0x5ab53ee1d50eef2c1dd3d5402789cd27bb52c1bb,-0.02263875365141188,-0.0825653798256537,-0.11145703611457036,-0.20958904109589038
2026-06-02,AAVE,73.67,72275551.1889261,4298486.207124942,76574037.39605105,0.05613503418779661,16.814187066397,12,binance;bitget;bybit;coinbase;crypto_com;gate;htx;kraken;kucoin;mexc;okx;upbit,eth,eth,5,balancer_ethereum;uniswap-v4-ethereum;uniswap_v3,0x1c60dc7ce348dc9f1e8992c027350acfda4ba66e2365aa87cbdd98c490185088;0x2187d779d9b173dd7202b38b54dca6eb04d1b32ca261980869195b5b9fa97ef8;0x3de27efa2f1aa663ae5d458857e731c129069f29;0x4674abc5796e1334b5075326b39b748bee9eaa34;0x5ab53ee1d50eef2c1dd3d5402789cd27bb52c1bb,-0.0825653798256537,0.009501832496267237,-0.15474412922492198,-0.1570517171168725
2026-06-03,AAVE,74.37,59380465.61478441,2878759.2466152026,62259224.86139961,0.046238276384324505,20.627103737348992,12,binance;bitget;bybit;coinbase;crypto_com;gate;htx;kraken;kucoin;mexc;okx;upbit,eth,eth,5,balancer_ethereum;uniswap-v4-ethereum;uniswap_v3,0x1c60dc7ce348dc9f1e8992c027350acfda4ba66e2365aa87cbdd98c490185088;0x2187d779d9b173dd7202b38b54dca6eb04d1b32ca261980869195b5b9fa97ef8;0x3de27efa2f1aa663ae5d458857e731c129069f29;0x4674abc5796e1334b5075326b39b748bee9eaa34;0x5ab53ee1d50eef2c1dd3d5402789cd27bb52c1bb,0.009501832496267237,-0.04060777195105569,-0.18031464300121025,-0.1758773699072207
2026-06-04,AAVE,71.35,50667577.38606314,3075535.4806996626,53743112.86676281,0.05722659735628589,16.47439208684942,12,binance;bitget;bybit;coinbase;crypto_com;gate;htx;kraken;kucoin;mexc;okx;upbit,eth,eth,5,balancer_ethereum;uniswap-v4-ethereum;uniswap_v3,0x1c60dc7ce348dc9f1e8992c027350acfda4ba66e2365aa87cbdd98c490185088;0x2187d779d9b173dd7202b38b54dca6eb04d1b32ca261980869195b5b9fa97ef8;0x3de27efa2f1aa663ae5d458857e731c129069f29;0x4674abc5796e1334b5075326b39b748bee9eaa34;0x5ab53ee1d50eef2c1dd3d5402789cd27bb52c1bb,-0.04060777195105569,-0.12725998598458288,-0.10693763139453394,-0.09824807288016801
2026-06-05,AAVE,62.27,97511034.36467396,10105677.59915876,107616711.96383272,0.09390435197978382,9.649133708044594,12,binance;bitget;bybit;coinbase;crypto_com;gate;htx;kraken;kucoin;mexc;okx;upbit,eth,eth,5,balancer_ethereum;uniswap-v4-ethereum;uniswap_v3,0x1c60dc7ce348dc9f1e8992c027350acfda4ba66e2365aa87cbdd98c490185088;0x2187d779d9b173dd7202b38b54dca6eb04d1b32ca261980869195b5b9fa97ef8;0x3de27efa2f1aa663ae5d458857e731c129069f29;0x4674abc5796e1334b5075326b39b748bee9eaa34;0x5ab53ee1d50eef2c1dd3d5402789cd27bb52c1bb,-0.12725998598458288,-0.021037417697125416,0.019270916974466035,0.031475831058294546
2026-06-06,AAVE,60.96,46965626.37852433,1830623.9019342144,48796250.28045855,0.03751566752389015,25.65552996926405,12,binance;bitget;bybit;coinbase;crypto_com;gate;htx;kraken;kucoin;mexc;okx;upbit,eth,eth,5,balancer_ethereum;uniswap-v4-ethereum;uniswap_v3,0x1c60dc7ce348dc9f1e8992c027350acfda4ba66e2365aa87cbdd98c490185088;0x2187d779d9b173dd7202b38b54dca6eb04d1b32ca261980869195b5b9fa97ef8;0x3de27efa2f1aa663ae5d458857e731c129069f29;0x4674abc5796e1334b5075326b39b748bee9eaa34;0x5ab53ee1d50eef2c1dd3d5402789cd27bb52c1bb,-0.021037417697125416,0.04527559055118102,0.01870078740157477,0.10154199475065617
2026-06-07,AAVE,63.72,50961674.36150836,1844082.1140168924,52805756.47552525,0.0349219902733824,27.63525223424055,12,binance;bitget;bybit;coinbase;crypto_com;gate;htx;kraken;kucoin;mexc;okx;upbit,eth,eth,5,balancer_ethereum;uniswap-v4-ethereum;uniswap_v3,0x1c60dc7ce348dc9f1e8992c027350acfda4ba66e2365aa87cbdd98c490185088;0x2187d779d9b173dd7202b38b54dca6eb04d1b32ca261980869195b5b9fa97ef8;0x3de27efa2f1aa663ae5d458857e731c129069f29;0x4674abc5796e1334b5075326b39b748bee9eaa34;0x5ab53ee1d50eef2c1dd3d5402789cd27bb52c1bb,0.04527559055118102,-0.003923414940364078,-0.03813559322033899,0.07281858129315766
2026-06-08,AAVE,63.47,30855956.147069808,2053179.504493309,32909135.651563115,0.06238934763380172,15.028377245897238,12,binance;bitget;bybit;coinbase;crypto_com;gate;htx;kraken;kucoin;mexc;okx;upbit,eth,eth,5,balancer_ethereum;uniswap-v4-ethereum;uniswap_v3,0x1c60dc7ce348dc9f1e8992c027350acfda4ba66e2365aa87cbdd98c490185088;0x2187d779d9b173dd7202b38b54dca6eb04d1b32ca261980869195b5b9fa97ef8;0x3de27efa2f1aa663ae5d458857e731c129069f29;0x4674abc5796e1334b5075326b39b748bee9eaa34;0x5ab53ee1d50eef2c1dd3d5402789cd27bb52c1bb,-0.003923414940364078,-0.0215850007877737,0.013707263273987857,0.16196628328344098
2026-06-09,AAVE,62.1,31221008.203966174,1256055.9438121375,32477064.14777831,0.03867516897761406,24.85638347382062,12,binance;bitget;bybit;coinbase;crypto_com;gate;htx;kraken;kucoin;mexc;okx;upbit,eth,eth,5,balancer_ethereum;uniswap-v4-ethereum;uniswap_v3,0x1c60dc7ce348dc9f1e8992c027350acfda4ba66e2365aa87cbdd98c490185088;0x2187d779d9b173dd7202b38b54dca6eb04d1b32ca261980869195b5b9fa97ef8;0x3de27efa2f1aa663ae5d458857e731c129069f29;0x4674abc5796e1334b5075326b39b748bee9eaa34;0x5ab53ee1d50eef2c1dd3d5402789cd27bb52c1bb,-0.0215850007877737,-0.013043478260869601,0.034299516908212535,0.22270531400966198
2026-06-10,AAVE,61.29,36753092.78557783,1889789.3911517663,38642882.1767296,0.04890394516922914,19.4482480204728,12,binance;bitget;bybit;coinbase;crypto_com;gate;htx;kraken;kucoin;mexc;okx;upbit,eth,eth,5,balancer_ethereum;uniswap-v4-ethereum;uniswap_v3,0x1c60dc7ce348dc9f1e8992c027350acfda4ba66e2365aa87cbdd98c490185088;0x2187d779d9b173dd7202b38b54dca6eb04d1b32ca261980869195b5b9fa97ef8;0x3de27efa2f1aa663ae5d458857e731c129069f29;0x4674abc5796e1334b5075326b39b748bee9eaa34;0x5ab53ee1d50eef2c1dd3d5402789cd27bb52c1bb,-0.013043478260869601,0.049763419807472786,0.0956110295317345,0.2059063468755098
2026-06-11,AAVE,64.34,34209469.193486,1336228.042253724,35545697.23573972,0.037591836598163626,25.601520183476495,12,binance;bitget;bybit;coinbase;crypto_com;gate;htx;kraken;kucoin;mexc;okx;upbit,eth,eth,5,balancer_ethereum;uniswap-v4-ethereum;uniswap_v3,0x1c60dc7ce348dc9f1e8992c027350acfda4ba66e2365aa87cbdd98c490185088;0x2187d779d9b173dd7202b38b54dca6eb04d1b32ca261980869195b5b9fa97ef8;0x3de27efa2f1aa663ae5d458857e731c129069f29;0x4674abc5796e1334b5075326b39b748bee9eaa34;0x5ab53ee1d50eef2c1dd3d5402789cd27bb52c1bb,0.049763419807472786,-0.0017096673919800853,0.062480571961454734,0.16381722101336638
2026-06-12,AAVE,64.23,25270341.802577045,957171.8703603218,26227513.672937367,0.03649495267818586,26.40104936751241,12,binance;bitget;bybit;coinbase;crypto_com;gate;htx;kraken;kucoin;mexc;okx;upbit,eth,eth,5,balancer_ethereum;uniswap-v4-ethereum;uniswap_v3,0x1c60dc7ce348dc9f1e8992c027350acfda4ba66e2365aa87cbdd98c490185088;0x2187d779d9b173dd7202b38b54dca6eb04d1b32ca261980869195b5b9fa97ef8;0x3de27efa2f1aa663ae5d458857e731c129069f29;0x4674abc5796e1334b5075326b39b748bee9eaa34;0x5ab53ee1d50eef2c1dd3d5402789cd27bb52c1bb,-0.0017096673919800853,0.045461622294877824,0.1482173439202863,0.14666043904717418
2026-06-13,AAVE,67.15,24859747.98576185,1403247.960887837,26262995.94664969,0.05343061255229132,17.715862540810715,12,binance;bitget;bybit;coinbase;crypto_com;gate;htx;kraken;kucoin;mexc;okx;upbit,eth,eth,5,balancer_ethereum;uniswap-v4-ethereum;uniswap_v3,0x1c60dc7ce348dc9f1e8992c027350acfda4ba66e2365aa87cbdd98c490185088;0x2187d779d9b173dd7202b38b54dca6eb04d1b32ca261980869195b5b9fa97ef8;0x3de27efa2f1aa663ae5d458857e731c129069f29;0x4674abc5796e1334b5075326b39b748bee9eaa34;0x5ab53ee1d50eef2c1dd3d5402789cd27bb52c1bb,0.045461622294877824,0.01801935964259105,0.13075204765450477,0.13164556962025298
2026-06-14,AAVE,68.36,21465985.01775284,1053744.7635714614,22519729.7813243,0.04679206961201355,20.371142766107887,12,binance;bitget;bybit;coinbase;crypto_com;gate;htx;kraken;kucoin;mexc;okx;upbit,eth,eth,5,balancer_ethereum;uniswap-v4-ethereum;uniswap_v3,0x1c60dc7ce348dc9f1e8992c027350acfda4ba66e2365aa87cbdd98c490185088;0x2187d779d9b173dd7202b38b54dca6eb04d1b32ca261980869195b5b9fa97ef8;0x3de27efa2f1aa663ae5d458857e731c129069f29;0x4674abc5796e1334b5075326b39b748bee9eaa34;0x5ab53ee1d50eef2c1dd3d5402789cd27bb52c1bb,0.01801935964259105,0.07884727911059097,0.08118782913984779,0.08206553540081929
2026-06-15,AAVE,73.75,55051292.57845956,3259822.9678606302,58311115.54632019,0.05590397194975883,16.887816645634853,12,binance;bitget;bybit;coinbase;crypto_com;gate;htx;kraken;kucoin;mexc;okx;upbit,eth,eth,5,balancer_ethereum;uniswap-v4-ethereum;uniswap_v3,0x1c60dc7ce348dc9f1e8992c027350acfda4ba66e2365aa87cbdd98c490185088;0x2187d779d9b173dd7202b38b54dca6eb04d1b32ca261980869195b5b9fa97ef8;0x3de27efa2f1aa663ae5d458857e731c129069f29;0x4674abc5796e1334b5075326b39b748bee9eaa34;0x5ab53ee1d50eef2c1dd3d5402789cd27bb52c1bb,0.07884727911059097,0.029559322033898328,0.01532203389830511,0.017898305084745658
2026-06-16,AAVE,75.93,38515062.738504276,2117988.775155411,40633051.513659686,0.05212477764421417,18.18473411676989,12,binance;bitget;bybit;coinbase;crypto_com;gate;htx;kraken;kucoin;mexc;okx;upbit,eth,eth,5,balancer_ethereum;uniswap-v4-ethereum;uniswap_v3,0x1c60dc7ce348dc9f1e8992c027350acfda4ba66e2365aa87cbdd98c490185088;0x2187d779d9b173dd7202b38b54dca6eb04d1b32ca261980869195b5b9fa97ef8;0x3de27efa2f1aa663ae5d458857e731c129069f29;0x4674abc5796e1334b5075326b39b748bee9eaa34;0x5ab53ee1d50eef2c1dd3d5402789cd27bb52c1bb,0.029559322033898328,-0.026603450546556218,-0.030027657052548395,-0.045699986829975114
2026-06-17,AAVE,73.91,40945740.462369055,2054653.9004701553,43000394.36283921,0.04778221062655602,19.928290819684843,12,binance;bitget;bybit;coinbase;crypto_com;gate;htx;kraken;kucoin;mexc;okx;upbit,eth,eth,5,balancer_ethereum;uniswap-v4-ethereum;uniswap_v3,0x1c60dc7ce348dc9f1e8992c027350acfda4ba66e2365aa87cbdd98c490185088;0x2187d779d9b173dd7202b38b54dca6eb04d1b32ca261980869195b5b9fa97ef8;0x3de27efa2f1aa663ae5d458857e731c129069f29;0x4674abc5796e1334b5075326b39b748bee9eaa34;0x5ab53ee1d50eef2c1dd3d5402789cd27bb52c1bb,-0.026603450546556218,0.013124069814639316,0.028142335272628882,0.08726829928291169
2026-06-18,AAVE,74.88,30504284.69334825,1843182.6396190356,32347467.33296729,0.05698074042849516,16.54978949869728,12,binance;bitget;bybit;coinbase;crypto_com;gate;htx;kraken;kucoin;mexc;okx;upbit,eth,eth,5,balancer_ethereum;uniswap-v4-ethereum;uniswap_v3,0x1c60dc7ce348dc9f1e8992c027350acfda4ba66e2365aa87cbdd98c490185088;0x2187d779d9b173dd7202b38b54dca6eb04d1b32ca261980869195b5b9fa97ef8;0x3de27efa2f1aa663ae5d458857e731c129069f29;0x4674abc5796e1334b5075326b39b748bee9eaa34;0x5ab53ee1d50eef2c1dd3d5402789cd27bb52c1bb,0.013124069814639316,-0.016426282051281937,-0.012152777777777679,0.10136217948717952
2026-06-19,AAVE,73.65,28006517.21819193,1681905.1637179789,29688422.381909907,0.05665188746246135,16.651662544564285,12,binance;bitget;bybit;coinbase;crypto_com;gate;htx;kraken;kucoin;mexc;okx;upbit,eth,eth,5,balancer_ethereum;uniswap-v4-ethereum;uniswap_v3,0x1c60dc7ce348dc9f1e8992c027350acfda4ba66e2365aa87cbdd98c490185088;0x2187d779d9b173dd7202b38b54dca6eb04d1b32ca261980869195b5b9fa97ef8;0x3de27efa2f1aa663ae5d458857e731c129069f29;0x4674abc5796e1334b5075326b39b748bee9eaa34;0x5ab53ee1d50eef2c1dd3d5402789cd27bb52c1bb,-0.016426282051281937,0.03177189409368619,0.01928038017651046,0.2924643584521385
2026-06-20,AAVE,75.99,23116115.434201945,2333330.077745492,25449445.511947438,0.09168490828808401,9.906920437307857,12,binance;bitget;bybit;coinbase;crypto_com;gate;htx;kraken;kucoin;mexc;okx;upbit,eth,eth,5,balancer_ethereum;uniswap-v4-ethereum;uniswap_v3,0x1c60dc7ce348dc9f1e8992c027350acfda4ba66e2365aa87cbdd98c490185088;0x2187d779d9b173dd7202b38b54dca6eb04d1b32ca261980869195b5b9fa97ef8;0x3de27efa2f1aa663ae5d458857e731c129069f29;0x4674abc5796e1334b5075326b39b748bee9eaa34;0x5ab53ee1d50eef2c1dd3d5402789cd27bb52c1bb,0.03177189409368619,-0.026582445058560333,-0.04645348072114752,0.23726806158705105
2026-06-21,AAVE,73.97,20832135.57397789,1253945.2140978645,22086080.788075756,0.05677536119377358,16.613274120564604,12,binance;bitget;bybit;coinbase;crypto_com;gate;htx;kraken;kucoin;mexc;okx;upbit,eth,eth,5,balancer_ethereum;uniswap-v4-ethereum;uniswap_v3,0x1c60dc7ce348dc9f1e8992c027350acfda4ba66e2365aa87cbdd98c490185088;0x2187d779d9b173dd7202b38b54dca6eb04d1b32ca261980869195b5b9fa97ef8;0x3de27efa2f1aa663ae5d458857e731c129069f29;0x4674abc5796e1334b5075326b39b748bee9eaa34;0x5ab53ee1d50eef2c1dd3d5402789cd27bb52c1bb,-0.026582445058560333,0.014870893605515745,0.08638637285385964,0.23969176693254024
2026-06-22,AAVE,75.07,27144890.40146183,1666070.9397630123,28810961.34122484,0.057827676071991234,16.29275786139275,12,binance;bitget;bybit;coinbase;crypto_com;gate;htx;kraken;kucoin;mexc;okx;upbit,eth,eth,5,balancer_ethereum;uniswap-v4-ethereum;uniswap_v3,0x1c60dc7ce348dc9f1e8992c027350acfda4ba66e2365aa87cbdd98c490185088;0x2187d779d9b173dd7202b38b54dca6eb04d1b32ca261980869195b5b9fa97ef8;0x3de27efa2f1aa663ae5d458857e731c129069f29;0x4674abc5796e1334b5075326b39b748bee9eaa34;0x5ab53ee1d50eef2c1dd3d5402789cd27bb52c1bb,0.014870893605515745,-0.03476755028639933,0.09857466364726264,0.21886239509790872
2026-06-23,AAVE,72.46,35011972.26102445,2238343.271918284,37250315.532942735,0.06008924326932962,15.641913686911312,12,binance;bitget;bybit;coinbase;crypto_com;gate;htx;kraken;kucoin;mexc;okx;upbit,eth,eth,5,balancer_ethereum;uniswap-v4-ethereum;uniswap_v3,0x1c60dc7ce348dc9f1e8992c027350acfda4ba66e2365aa87cbdd98c490185088;0x2187d779d9b173dd7202b38b54dca6eb04d1b32ca261980869195b5b9fa97ef8;0x3de27efa2f1aa663ae5d458857e731c129069f29;0x4674abc5796e1334b5075326b39b748bee9eaa34;0x5ab53ee1d50eef2c1dd3d5402789cd27bb52c1bb,-0.03476755028639933,0.10902566933480551,0.31369031189621865,0.175407121170301
2026-06-24,AAVE,80.36,83590128.87603702,7789394.304856613,91379523.18089363,0.08524222969993876,10.731274551593744,12,binance;bitget;bybit;coinbase;crypto_com;gate;htx;kraken;kucoin;mexc;okx;upbit,eth,eth,5,balancer_ethereum;uniswap-v4-ethereum;uniswap_v3,0x1c60dc7ce348dc9f1e8992c027350acfda4ba66e2365aa87cbdd98c490185088;0x2187d779d9b173dd7202b38b54dca6eb04d1b32ca261980869195b5b9fa97ef8;0x3de27efa2f1aa663ae5d458857e731c129069f29;0x4674abc5796e1334b5075326b39b748bee9eaa34;0x5ab53ee1d50eef2c1dd3d5402789cd27bb52c1bb,0.10902566933480551,0.026256844201095086,0.16998506719761064,0.03546540567446477
2026-06-25,AAVE,82.47,123633357.05870883,8926600.038049484,132559957.09675832,0.06734009450179415,13.849994010230514,12,binance;bitget;bybit;coinbase;crypto_com;gate;htx;kraken;kucoin;mexc;okx;upbit,eth,eth,5,balancer_ethereum;uniswap-v4-ethereum;uniswap_v3,0x1c60dc7ce348dc9f1e8992c027350acfda4ba66e2365aa87cbdd98c490185088;0x2187d779d9b173dd7202b38b54dca6eb04d1b32ca261980869195b5b9fa97ef8;0x3de27efa2f1aa663ae5d458857e731c129069f29;0x4674abc5796e1334b5075326b39b748bee9eaa34;0x5ab53ee1d50eef2c1dd3d5402789cd27bb52c1bb,0.026256844201095086,0.15423790469261545,0.11191948587365097,0.04571359282163212
2026-06-26,AAVE,95.19,145961416.57802036,9987656.15068581,155949072.72870618,0.06404434457946823,14.614181182839161,12,binance;bitget;bybit;coinbase;crypto_com;gate;htx;kraken;kucoin;mexc;okx;upbit,eth,eth,5,balancer_ethereum;uniswap-v4-ethereum;uniswap_v3,0x1c60dc7ce348dc9f1e8992c027350acfda4ba66e2365aa87cbdd98c490185088;0x2187d779d9b173dd7202b38b54dca6eb04d1b32ca261980869195b5b9fa97ef8;0x3de27efa2f1aa663ae5d458857e731c129069f29;0x4674abc5796e1334b5075326b39b748bee9eaa34;0x5ab53ee1d50eef2c1dd3d5402789cd27bb52c1bb,0.15423790469261545,-0.012291207059565101,-0.03876457611093598,-0.07973526630948635
2026-06-27,AAVE,94.02,86739348.26394476,6704032.056448724,93443380.32039349,0.07174432296287131,12.938385069401434,12,binance;bitget;bybit;coinbase;crypto_com;gate;htx;kraken;kucoin;mexc;okx;upbit,eth,eth,5,balancer_ethereum;uniswap-v4-ethereum;uniswap_v3,0x1c60dc7ce348dc9f1e8992c027350acfda4ba66e2365aa87cbdd98c490185088;0x2187d779d9b173dd7202b38b54dca6eb04d1b32ca261980869195b5b9fa97ef8;0x3de27efa2f1aa663ae5d458857e731c129069f29;0x4674abc5796e1334b5075326b39b748bee9eaa34;0x5ab53ee1d50eef2c1dd3d5402789cd27bb52c1bb,-0.012291207059565101,-0.024675600935970987,-0.09412890874282065,-0.057009146990002146
2026-06-28,AAVE,91.7,66195498.17270469,4299817.307025874,70495315.47973056,0.0609943693104288,15.39495598209293,12,binance;bitget;bybit;coinbase;crypto_com;gate;htx;kraken;kucoin;mexc;okx;upbit,eth,eth,5,balancer_ethereum;uniswap-v4-ethereum;uniswap_v3,0x1c60dc7ce348dc9f1e8992c027350acfda4ba66e2365aa87cbdd98c490185088;0x2187d779d9b173dd7202b38b54dca6eb04d1b32ca261980869195b5b9fa97ef8;0x3de27efa2f1aa663ae5d458857e731c129069f29;0x4674abc5796e1334b5075326b39b748bee9eaa34;0x5ab53ee1d50eef2c1dd3d5402789cd27bb52c1bb,-0.024675600935970987,-0.0021810250817885235,-0.09258451472191942,-0.02813522355507081
2026-06-29,AAVE,91.5,66994777.7670532,3933083.6097691446,70927861.37682235,0.055451884963422696,17.033652068989582,12,binance;bitget;bybit;coinbase;crypto_com;gate;htx;kraken;kucoin;mexc;okx;upbit,eth,eth,5,balancer_ethereum;uniswap-v4-ethereum;uniswap_v3,0x1c60dc7ce348dc9f1e8992c027350acfda4ba66e2365aa87cbdd98c490185088;0x2187d779d9b173dd7202b38b54dca6eb04d1b32ca261980869195b5b9fa97ef8;0x3de27efa2f1aa663ae5d458857e731c129069f29;0x4674abc5796e1334b5075326b39b748bee9eaa34;0x5ab53ee1d50eef2c1dd3d5402789cd27bb52c1bb,-0.0021810250817885235,-0.06918032786885242,-0.057486338797814285,0.030054644808743092
2026-06-30,AAVE,85.17,49595276.39445446,2257006.171142002,51852282.56559646,0.043527614590288186,21.973921484388406,12,binance;bitget;bybit;coinbase;crypto_com;gate;htx;kraken;kucoin;mexc;okx;upbit,eth,eth,5,balancer_ethereum;uniswap-v4-ethereum;uniswap_v3,0x1c60dc7ce348dc9f1e8992c027350acfda4ba66e2365aa87cbdd98c490185088;0x2187d779d9b173dd7202b38b54dca6eb04d1b32ca261980869195b5b9fa97ef8;0x3de27efa2f1aa663ae5d458857e731c129069f29;0x4674abc5796e1334b5075326b39b748bee9eaa34;0x5ab53ee1d50eef2c1dd3d5402789cd27bb52c1bb,-0.06918032786885242,-0.023012797933544715,0.028531172948221162,0.05600563578724893
2026-07-01,AAVE,83.21,54552273.901766956,2441341.0626805536,56993614.96444751,0.04283534329597195,22.345208023441604,12,binance;bitget;bybit;coinbase;crypto_com;gate;htx;kraken;kucoin;mexc;okx;upbit,eth,eth,5,balancer_ethereum;uniswap-v4-ethereum;uniswap_v3,0x1c60dc7ce348dc9f1e8992c027350acfda4ba66e2365aa87cbdd98c490185088;0x2187d779d9b173dd7202b38b54dca6eb04d1b32ca261980869195b5b9fa97ef8;0x3de27efa2f1aa663ae5d458857e731c129069f29;0x4674abc5796e1334b5075326b39b748bee9eaa34;0x5ab53ee1d50eef2c1dd3d5402789cd27bb52c1bb,-0.023012797933544715,0.03641389256099026,0.06549693546448743,
2026-07-02,AAVE,86.24,47857701.490025036,2116253.8177731684,49973955.30779821,0.04234713471725014,22.61434856636591,12,binance;bitget;bybit;coinbase;crypto_com;gate;htx;kraken;kucoin;mexc;okx;upbit,eth,eth,5,balancer_ethereum;uniswap-v4-ethereum;uniswap_v3,0x1c60dc7ce348dc9f1e8992c027350acfda4ba66e2365aa87cbdd98c490185088;0x2187d779d9b173dd7202b38b54dca6eb04d1b32ca261980869195b5b9fa97ef8;0x3de27efa2f1aa663ae5d458857e731c129069f29;0x4674abc5796e1334b5075326b39b748bee9eaa34;0x5ab53ee1d50eef2c1dd3d5402789cd27bb52c1bb,0.03641389256099026,0.0157699443413728,0.03339517625231925,
2026-07-03,AAVE,87.6,57910477.80634691,2421530.774130147,60332008.58047706,0.04013675047632567,23.914822155068126,12,binance;bitget;bybit;coinbase;crypto_com;gate;htx;kraken;kucoin;mexc;okx;upbit,eth,eth,5,balancer_ethereum;uniswap-v4-ethereum;uniswap_v3,0x1c60dc7ce348dc9f1e8992c027350acfda4ba66e2365aa87cbdd98c490185088;0x2187d779d9b173dd7202b38b54dca6eb04d1b32ca261980869195b5b9fa97ef8;0x3de27efa2f1aa663ae5d458857e731c129069f29;0x4674abc5796e1334b5075326b39b748bee9eaa34;0x5ab53ee1d50eef2c1dd3d5402789cd27bb52c1bb,0.0157699443413728,0.012100456621004563,0.07591324200913241,
2026-07-04,AAVE,88.66,29143418.279821623,2223168.0701003633,31366586.349921986,0.07087695311497907,13.108958639598473,12,binance;bitget;bybit;coinbase;crypto_com;gate;htx;kraken;kucoin;mexc;okx;upbit,eth,eth,5,balancer_ethereum;uniswap-v4-ethereum;uniswap_v3,0x1c60dc7ce348dc9f1e8992c027350acfda4ba66e2365aa87cbdd98c490185088;0x2187d779d9b173dd7202b38b54dca6eb04d1b32ca261980869195b5b9fa97ef8;0x3de27efa2f1aa663ae5d458857e731c129069f29;0x4674abc5796e1334b5075326b39b748bee9eaa34;0x5ab53ee1d50eef2c1dd3d5402789cd27bb52c1bb,0.012100456621004563,0.005188360027069905,0.014437175727498364,
2026-07-05,AAVE,89.12,22193704.35730242,1354596.7086580582,23548301.065960478,0.05752417997645502,16.383994007551358,12,binance;bitget;bybit;coinbase;crypto_com;gate;htx;kraken;kucoin;mexc;okx;upbit,eth,eth,5,balancer_ethereum;uniswap-v4-ethereum;uniswap_v3,0x1c60dc7ce348dc9f1e8992c027350acfda4ba66e2365aa87cbdd98c490185088;0x2187d779d9b173dd7202b38b54dca6eb04d1b32ca261980869195b5b9fa97ef8;0x3de27efa2f1aa663ae5d458857e731c129069f29;0x4674abc5796e1334b5075326b39b748bee9eaa34;0x5ab53ee1d50eef2c1dd3d5402789cd27bb52c1bb,0.005188360027069905,0.05756283662477557,,
2026-07-06,AAVE,94.25,63659135.12225863,4920187.468575437,68579322.59083407,0.07174447461271719,12.93835560714725,12,binance;bitget;bybit;coinbase;crypto_com;gate;htx;kraken;kucoin;mexc;okx;upbit,eth,eth,5,balancer_ethereum;uniswap-v4-ethereum;uniswap_v3,0x1c60dc7ce348dc9f1e8992c027350acfda4ba66e2365aa87cbdd98c490185088;0x2187d779d9b173dd7202b38b54dca6eb04d1b32ca261980869195b5b9fa97ef8;0x3de27efa2f1aa663ae5d458857e731c129069f29;0x4674abc5796e1334b5075326b39b748bee9eaa34;0x5ab53ee1d50eef2c1dd3d5402789cd27bb52c1bb,0.05756283662477557,-0.045729442970822265,,
2026-07-07,AAVE,89.94,51599475.158607826,701696.4398489366,52301171.59845676,0.013416457383330232,73.53532414916673,12,binance;bitget;bybit;coinbase;crypto_com;gate;htx;kraken;kucoin;mexc;okx;upbit,eth,eth,5,balancer_ethereum;uniswap-v4-ethereum;uniswap_v3,0x1c60dc7ce348dc9f1e8992c027350acfda4ba66e2365aa87cbdd98c490185088;0x2187d779d9b173dd7202b38b54dca6eb04d1b32ca261980869195b5b9fa97ef8;0x3de27efa2f1aa663ae5d458857e731c129069f29;0x4674abc5796e1334b5075326b39b748bee9eaa34;0x5ab53ee1d50eef2c1dd3d5402789cd27bb52c1bb,-0.045729442970822265,,,
2026-01-17,ARB,0.2166,24732399.309779186,10702844.523636403,35435243.83341559,0.3020395336900031,2.3108248704500562,12,binance;bitget;bybit;coinbase;crypto_com;gate;htx;kraken;kucoin;mexc;okx;upbit,arbitrum,arbitrum,5,camelot-v3;uniswap_v3_arbitrum,0x689c96ceab93f5e131631d225d75dea3fd37747e;0xc6f780497a95e246eb9449f5e4770916dcd6396a;0xcda53b1f66614552f834ceef361a8d12a0b8dad8;0xe51635ae8136abac44906a8f230c2d235e9c195f;0xfae2ae0a9f87fd35b5b0e24b47bac796a7eefea1,,-0.04847645429362868,-0.16020313942751607,-0.18605724838411808
2026-01-18,ARB,0.2061,24935740.65940801,13530179.53880893,38465920.198216945,0.3517445954519531,1.8429718975926552,12,binance;bitget;bybit;coinbase;crypto_com;gate;htx;kraken;kucoin;mexc;okx;upbit,arbitrum,arbitrum,5,camelot-v3;uniswap_v3_arbitrum,0x689c96ceab93f5e131631d225d75dea3fd37747e;0xc6f780497a95e246eb9449f5e4770916dcd6396a;0xcda53b1f66614552f834ceef361a8d12a0b8dad8;0xe51635ae8136abac44906a8f230c2d235e9c195f;0xfae2ae0a9f87fd35b5b0e24b47bac796a7eefea1,-0.04847645429362868,-0.061620572537603224,-0.10189228529839889,-0.1882581271227559
2026-01-19,ARB,0.1934,57084768.58320874,12106011.158696765,69190779.74190551,0.17496567033721025,4.7154069028095975,12,binance;bitget;bybit;coinbase;crypto_com;gate;htx;kraken;kucoin;mexc;okx;upbit,arbitrum,arbitrum,5,camelot-v3;uniswap_v3_arbitrum,0x689c96ceab93f5e131631d225d75dea3fd37747e;0xc6f780497a95e246eb9449f5e4770916dcd6396a;0xcda53b1f66614552f834ceef361a8d12a0b8dad8;0xe51635ae8136abac44906a8f230c2d235e9c195f;0xfae2ae0a9f87fd35b5b0e24b47bac796a7eefea1,-0.061620572537603224,-0.05946225439503616,-0.08169596690796266,-0.12047569803516023
2026-01-20,ARB,0.1819,32362182.846600123,16877825.35197712,49240008.19857724,0.34276650166083433,1.9174379501923875,12,binance;bitget;bybit;coinbase;crypto_com;gate;htx;kraken;kucoin;mexc;okx;upbit,arbitrum,arbitrum,5,camelot-v3;uniswap_v3_arbitrum,0x689c96ceab93f5e131631d225d75dea3fd37747e;0xc6f780497a95e246eb9449f5e4770916dcd6396a;0xcda53b1f66614552f834ceef361a8d12a0b8dad8;0xe51635ae8136abac44906a8f230c2d235e9c195f;0xfae2ae0a9f87fd35b5b0e24b47bac796a7eefea1,-0.05946225439503616,0.017592083562396832,-0.028037383177570097,-0.056074766355140304
2026-01-21,ARB,0.1851,30899629.09352524,15699478.670290548,46599107.76381579,0.33690513453309495,1.9681945969326498,12,binance;bitget;bybit;coinbase;crypto_com;gate;htx;kraken;kucoin;mexc;okx;upbit,arbitrum,arbitrum,5,camelot-v3;uniswap_v3_arbitrum,0x689c96ceab93f5e131631d225d75dea3fd37747e;0xc6f780497a95e246eb9449f5e4770916dcd6396a;0xcda53b1f66614552f834ceef361a8d12a0b8dad8;0xe51635ae8136abac44906a8f230c2d235e9c195f;0xfae2ae0a9f87fd35b5b0e24b47bac796a7eefea1,0.017592083562396832,-0.040518638573743826,-0.04754186925985937,-0.07239330091842244
2026-01-22,ARB,0.1776,27423219.5707345,9580021.764848027,37003241.335582525,0.25889682684732335,2.8625425123102035,12,binance;bitget;bybit;coinbase;crypto_com;gate;htx;kraken;kucoin;mexc;okx;upbit,arbitrum,arbitrum,5,camelot-v3;uniswap_v3_arbitrum,0x689c96ceab93f5e131631d225d75dea3fd37747e;0xc6f780497a95e246eb9449f5e4770916dcd6396a;0xcda53b1f66614552f834ceef361a8d12a0b8dad8;0xe51635ae8136abac44906a8f230c2d235e9c195f;0xfae2ae0a9f87fd35b5b0e24b47bac796a7eefea1,-0.040518638573743826,-0.0045045045045044585,-0.05799549549549554,-0.10810810810810811
2026-01-23,ARB,0.1768,21234778.643901307,8351185.200567622,29585963.84446893,0.28226848530164983,2.5427263476875117,12,binance;bitget;bybit;coinbase;crypto_com;gate;htx;kraken;kucoin;mexc;okx;upbit,arbitrum,arbitrum,5,camelot-v3;uniswap_v3_arbitrum,0x689c96ceab93f5e131631d225d75dea3fd37747e;0xc6f780497a95e246eb9449f5e4770916dcd6396a;0xcda53b1f66614552f834ceef361a8d12a0b8dad8;0xe51635ae8136abac44906a8f230c2d235e9c195f;0xfae2ae0a9f87fd35b5b0e24b47bac796a7eefea1,-0.0045045045045044585,-0.002828054298642524,-0.03789592760181004,-0.12160633484162908
2026-01-24,ARB,0.1763,12927223.324242366,3598688.673535704,16525911.997778071,0.217760367719467,3.5922038545060904,12,binance;bitget;bybit;coinbase;crypto_com;gate;htx;kraken;kucoin;mexc;okx;upbit,arbitrum,arbitrum,5,camelot-v3;uniswap_v3_arbitrum,0x689c96ceab93f5e131631d225d75dea3fd37747e;0xc6f780497a95e246eb9449f5e4770916dcd6396a;0xcda53b1f66614552f834ceef361a8d12a0b8dad8;0xe51635ae8136abac44906a8f230c2d235e9c195f;0xfae2ae0a9f87fd35b5b0e24b47bac796a7eefea1,-0.002828054298642524,-0.05104934770277936,-0.026091888825865106,-0.20476460578559286
2026-01-25,ARB,0.1673,25837770.308961764,7281549.205200995,33119319.51416276,0.2198580560233793,3.5483891656608746,12,binance;bitget;bybit;coinbase;crypto_com;gate;htx;kraken;kucoin;mexc;okx;upbit,arbitrum,arbitrum,5,camelot-v3;uniswap_v3_arbitrum,0x689c96ceab93f5e131631d225d75dea3fd37747e;0xc6f780497a95e246eb9449f5e4770916dcd6396a;0xcda53b1f66614552f834ceef361a8d12a0b8dad8;0xe51635ae8136abac44906a8f230c2d235e9c195f;0xfae2ae0a9f87fd35b5b0e24b47bac796a7eefea1,-0.05104934770277936,0.01673640167364021,0.026300059772863094,-0.19187089061566054
2026-01-26,ARB,0.1701,24096398.47188981,5674400.361957809,29770798.83384762,0.19060289223769014,4.24651010412243,12,binance;bitget;bybit;coinbase;crypto_com;gate;htx;kraken;kucoin;mexc;okx;upbit,arbitrum,arbitrum,5,camelot-v3;uniswap_v3_arbitrum,0x689c96ceab93f5e131631d225d75dea3fd37747e;0xc6f780497a95e246eb9449f5e4770916dcd6396a;0xcda53b1f66614552f834ceef361a8d12a0b8dad8;0xe51635ae8136abac44906a8f230c2d235e9c195f;0xfae2ae0a9f87fd35b5b0e24b47bac796a7eefea1,0.01673640167364021,0.009406231628453776,-0.06878306878306872,-0.19341563786008242
2026-01-27,ARB,0.1717,17495085.790190607,2870819.043594821,20365904.83378543,0.1409620179915777,6.09410956403695,12,binance;bitget;bybit;coinbase;crypto_com;gate;htx;kraken;kucoin;mexc;okx;upbit,arbitrum,arbitrum,5,camelot-v3;uniswap_v3_arbitrum,0x689c96ceab93f5e131631d225d75dea3fd37747e;0xc6f780497a95e246eb9449f5e4770916dcd6396a;0xcda53b1f66614552f834ceef361a8d12a0b8dad8;0xe51635ae8136abac44906a8f230c2d235e9c195f;0xfae2ae0a9f87fd35b5b0e24b47bac796a7eefea1,0.009406231628453776,0.0,-0.09551543389633077,-0.23995340710541635
2026-01-28,ARB,0.1717,23165841.685658194,5320606.922402617,28486448.60806081,0.1867767721981688,4.35398480352261,12,binance;bitget;bybit;coinbase;crypto_com;gate;htx;kraken;kucoin;mexc;okx;upbit,arbitrum,arbitrum,5,camelot-v3;uniswap_v3_arbitrum,0x689c96ceab93f5e131631d225d75dea3fd37747e;0xc6f780497a95e246eb9449f5e4770916dcd6396a;0xcda53b1f66614552f834ceef361a8d12a0b8dad8;0xe51635ae8136abac44906a8f230c2d235e9c195f;0xfae2ae0a9f87fd35b5b0e24b47bac796a7eefea1,0.0,-0.07746068724519495,-0.18345952242283048,-0.25276645311589985
2026-01-29,ARB,0.1584,35348676.5855313,6629821.536658284,41978498.12218959,0.15793374782871994,5.331768945827244,12,binance;bitget;bybit;coinbase;crypto_com;gate;htx;kraken;kucoin;mexc;okx;upbit,arbitrum,arbitrum,5,camelot-v3;uniswap_v3_arbitrum,0x689c96ceab93f5e131631d225d75dea3fd37747e;0xc6f780497a95e246eb9449f5e4770916dcd6396a;0xcda53b1f66614552f834ceef361a8d12a0b8dad8;0xe51635ae8136abac44906a8f230c2d235e9c195f;0xfae2ae0a9f87fd35b5b0e24b47bac796a7eefea1,-0.07746068724519495,-0.019570707070707183,-0.14646464646464663,-0.32007575757575757
2026-01-30,ARB,0.1553,39039389.560888335,9577313.672656942,48616703.23354527,0.19699636206612722,4.076235873149387,12,binance;bitget;bybit;coinbase;crypto_com;gate;htx;kraken;kucoin;mexc;okx;upbit,arbitrum,arbitrum,5,camelot-v3;uniswap_v3_arbitrum,0x689c96ceab93f5e131631d225d75dea3fd37747e;0xc6f780497a95e246eb9449f5e4770916dcd6396a;0xcda53b1f66614552f834ceef361a8d12a0b8dad8;0xe51635ae8136abac44906a8f230c2d235e9c195f;0xfae2ae0a9f87fd35b5b0e24b47bac796a7eefea1,-0.019570707070707183,-0.09723116548615585,-0.1165486155827431,-0.22537025112685116
2026-01-31,ARB,0.1402,65454547.48258366,19219234.918969475,84673782.40155312,0.2269797613129533,3.4056791416800736,12,binance;bitget;bybit;coinbase;crypto_com;gate;htx;kraken;kucoin;mexc;okx;upbit,arbitrum,arbitrum,5,camelot-v3;uniswap_v3_arbitrum,0x689c96ceab93f5e131631d225d75dea3fd37747e;0xc6f780497a95e246eb9449f5e4770916dcd6396a;0xcda53b1f66614552f834ceef361a8d12a0b8dad8;0xe51635ae8136abac44906a8f230c2d235e9c195f;0xfae2ae0a9f87fd35b5b0e24b47bac796a7eefea1,-0.09723116548615585,-0.03566333808844513,-0.06918687589158334,-0.14407988587731813
2026-02-01,ARB,0.1352,44432010.51898388,12234092.035762262,56666102.554746136,0.21589789105299215,3.6318192138085776,12,binance;bitget;bybit;coinbase;crypto_com;gate;htx;kraken;kucoin;mexc;okx;upbit,arbitrum,arbitrum,5,camelot-v3;uniswap_v3_arbitrum,0x689c96ceab93f5e131631d225d75dea3fd37747e;0xc6f780497a95e246eb9449f5e4770916dcd6396a;0xcda53b1f66614552f834ceef361a8d12a0b8dad8;0xe51635ae8136abac44906a8f230c2d235e9c195f;0xfae2ae0a9f87fd35b5b0e24b47bac796a7eefea1,-0.03566333808844513,0.014792899408283988,-0.05103550295857984,-0.13831360946745552
2026-02-02,ARB,0.1372,51652398.4851455,23297499.13387963,74949897.61902514,0.31084097342336914,2.217079103139945,12,binance;bitget;bybit;coinbase;crypto_com;gate;htx;kraken;kucoin;mexc;okx;upbit,arbitrum,arbitrum,5,camelot-v3;uniswap_v3_arbitrum,0x689c96ceab93f5e131631d225d75dea3fd37747e;0xc6f780497a95e246eb9449f5e4770916dcd6396a;0xcda53b1f66614552f834ceef361a8d12a0b8dad8;0xe51635ae8136abac44906a8f230c2d235e9c195f;0xfae2ae0a9f87fd35b5b0e24b47bac796a7eefea1,0.014792899408283988,-0.04883381924198238,-0.21501457725947515,-0.17492711370262393
2026-02-03,ARB,0.1305,56422165.719399884,19651742.75753085,76073908.47693074,0.25832434734821336,2.871102396136243,12,binance;bitget;bybit;coinbase;crypto_com;gate;htx;kraken;kucoin;mexc;okx;upbit,arbitrum,arbitrum,5,camelot-v3;uniswap_v3_arbitrum,0x689c96ceab93f5e131631d225d75dea3fd37747e;0xc6f780497a95e246eb9449f5e4770916dcd6396a;0xcda53b1f66614552f834ceef361a8d12a0b8dad8;0xe51635ae8136abac44906a8f230c2d235e9c195f;0xfae2ae0a9f87fd35b5b0e24b47bac796a7eefea1,-0.04883381924198238,-0.01685823754789273,-0.07816091954022986,-0.15708812260536398
2026-02-04,ARB,0.1283,48384514.185268745,15390686.220811006,63775200.406079754,0.24132713222087807,3.1437528834707895,12,binance;bitget;bybit;coinbase;crypto_com;gate;htx;kraken;kucoin;mexc;okx;upbit,arbitrum,arbitrum,5,camelot-v3;uniswap_v3_arbitrum,0x689c96ceab93f5e131631d225d75dea3fd37747e;0xc6f780497a95e246eb9449f5e4770916dcd6396a;0xcda53b1f66614552f834ceef361a8d12a0b8dad8;0xe51635ae8136abac44906a8f230c2d235e9c195f;0xfae2ae0a9f87fd35b5b0e24b47bac796a7eefea1,-0.01685823754789273,-0.16056118472330472,-0.06469212782540923,-0.15588464536243185
2026-02-05,ARB,0.1077,86845162.43164265,24870307.3224391,111715469.75408176,0.22262187481452553,3.491921563562147,12,binance;bitget;bybit;coinbase;crypto_com;gate;htx;kraken;kucoin;mexc;okx;upbit,arbitrum,arbitrum,5,camelot-v3;uniswap_v3_arbitrum,0x689c96ceab93f5e131631d225d75dea3fd37747e;0xc6f780497a95e246eb9449f5e4770916dcd6396a;0xcda53b1f66614552f834ceef361a8d12a0b8dad8;0xe51635ae8136abac44906a8f230c2d235e9c195f;0xfae2ae0a9f87fd35b5b0e24b47bac796a7eefea1,-0.16056118472330472,0.11699164345403901,0.0817084493964717,0.0371402042711233
2026-02-06,ARB,0.1203,76595726.19455826,22174949.098003503,98770675.29256177,0.22450944100888875,3.4541556716111907,12,binance;bitget;bybit;coinbase;crypto_com;gate;htx;kraken;kucoin;mexc;okx;upbit,arbitrum,arbitrum,5,camelot-v3;uniswap_v3_arbitrum,0x689c96ceab93f5e131631d225d75dea3fd37747e;0xc6f780497a95e246eb9449f5e4770916dcd6396a;0xcda53b1f66614552f834ceef361a8d12a0b8dad8;0xe51635ae8136abac44906a8f230c2d235e9c195f;0xfae2ae0a9f87fd35b5b0e24b47bac796a7eefea1,0.11699164345403901,-0.0024937655860349794,-0.05901911886949296,-0.03990024937655856
2026-02-07,ARB,0.12,38127575.82481417,16815016.63814436,54942592.46295853,0.3060470189767764,2.267471786993235,12,binance;bitget;bybit;coinbase;crypto_com;gate;htx;kraken;kucoin;mexc;okx;upbit,arbitrum,arbitrum,5,camelot-v3;uniswap_v3_arbitrum,0x689c96ceab93f5e131631d225d75dea3fd37747e;0xc6f780497a95e246eb9449f5e4770916dcd6396a;0xcda53b1f66614552f834ceef361a8d12a0b8dad8;0xe51635ae8136abac44906a8f230c2d235e9c195f;0xfae2ae0a9f87fd35b5b0e24b47bac796a7eefea1,-0.0024937655860349794,-0.029166666666666563,-0.08333333333333326,0.004166666666666652
2026-02-08,ARB,0.1165,17740418.548312202,3373249.5011800006,21113668.049492203,0.15976615210927925,5.259148053562716,12,binance;bitget;bybit;coinbase;crypto_com;gate;htx;kraken;kucoin;mexc;okx;upbit,arbitrum,arbitrum,5,camelot-v3;uniswap_v3_arbitrum,0x689c96ceab93f5e131631d225d75dea3fd37747e;0xc6f780497a95e246eb9449f5e4770916dcd6396a;0xcda53b1f66614552f834ceef361a8d12a0b8dad8;0xe51635ae8136abac44906a8f230c2d235e9c195f;0xfae2ae0a9f87fd35b5b0e24b47bac796a7eefea1,-0.029166666666666563,-0.02832618025751088,-0.07038626609442067,-0.016309012875536544
2026-02-09,ARB,0.1132,27760096.0766728,5164980.133650349,32925076.210323147,0.15687071157122942,5.374676253992356,12,binance;bitget;bybit;coinbase;crypto_com;gate;htx;kraken;kucoin;mexc;okx;upbit,arbitrum,arbitrum,5,camelot-v3;uniswap_v3_arbitrum,0x689c96ceab93f5e131631d225d75dea3fd37747e;0xc6f780497a95e246eb9449f5e4770916dcd6396a;0xcda53b1f66614552f834ceef361a8d12a0b8dad8;0xe51635ae8136abac44906a8f230c2d235e9c195f;0xfae2ae0a9f87fd35b5b0e24b47bac796a7eefea1,-0.02832618025751088,-0.028268551236749095,-0.013250883392226132,0.01855123674911674
2026-02-10,ARB,0.11,21091431.317447577,5191122.922795894,26282554.240243472,0.19751211679598935,4.062980521002172,12,binance;bitget;bybit;coinbase;crypto_com;gate;htx;kraken;kucoin;mexc;okx;upbit,arbitrum,arbitrum,5,camelot-v3;uniswap_v3_arbitrum,0x689c96ceab93f5e131631d225d75dea3fd37747e;0xc6f780497a95e246eb9449f5e4770916dcd6396a;0xcda53b1f66614552f834ceef361a8d12a0b8dad8;0xe51635ae8136abac44906a8f230c2d235e9c195f;0xfae2ae0a9f87fd35b5b0e24b47bac796a7eefea1,-0.028268551236749095,-0.015454545454545499,0.050000000000000044,0.025454545454545396
2026-02-11,ARB,0.1083,27938693.561881207,9126404.436240945,37065097.998122156,0.24622636736865824,3.0613034691884438,12,binance;bitget;bybit;coinbase;crypto_com;gate;htx;kraken;kucoin;mexc;okx;upbit,arbitrum,arbitrum,5,camelot-v3;uniswap_v3_arbitrum,0x689c96ceab93f5e131631d225d75dea3fd37747e;0xc6f780497a95e246eb9449f5e4770916dcd6396a;0xcda53b1f66614552f834ceef361a8d12a0b8dad8;0xe51635ae8136abac44906a8f230c2d235e9c195f;0xfae2ae0a9f87fd35b5b0e24b47bac796a7eefea1,-0.015454545454545499,0.0313942751615881,0.11265004616805174,-0.005540166204986097
2026-02-12,ARB,0.1117,21118068.405294616,6758824.235412782,27876892.640707396,0.24245256896183506,3.1245180625717026,12,binance;bitget;bybit;coinbase;crypto_com;gate;htx;kraken;kucoin;mexc;okx;upbit,arbitrum,arbitrum,5,camelot-v3;uniswap_v3_arbitrum,0x689c96ceab93f5e131631d225d75dea3fd37747e;0xc6f780497a95e246eb9449f5e4770916dcd6396a;0xcda53b1f66614552f834ceef361a8d12a0b8dad8;0xe51635ae8136abac44906a8f230c2d235e9c195f;0xfae2ae0a9f87fd35b5b0e24b47bac796a7eefea1,0.0313942751615881,0.03401969561324991,0.025962399283795845,-0.12264995523724254
2026-02-13,ARB,0.1155,19311621.01214002,5062690.721286233,24374311.733426254,0.20770599706179188,3.8144974827207476,12,binance;bitget;bybit;coinbase;crypto_com;gate;htx;kraken;kucoin;mexc;okx;upbit,arbitrum,arbitrum,5,camelot-v3;uniswap_v3_arbitrum,0x689c96ceab93f5e131631d225d75dea3fd37747e;0xc6f780497a95e246eb9449f5e4770916dcd6396a;0xcda53b1f66614552f834ceef361a8d12a0b8dad8;0xe51635ae8136abac44906a8f230c2d235e9c195f;0xfae2ae0a9f87fd35b5b0e24b47bac796a7eefea1,0.03401969561324991,0.043290043290043156,-0.0017316017316018062,-0.1601731601731602
2026-02-14,ARB,0.1205,13256640.263077322,4163967.5747763277,17420607.83785365,0.23902538955778246,3.1836559783464256,12,binance;bitget;bybit;coinbase;crypto_com;gate;htx;kraken;kucoin;mexc;okx;upbit,arbitrum,arbitrum,5,camelot-v3;uniswap_v3_arbitrum,0x689c96ceab93f5e131631d225d75dea3fd37747e;0xc6f780497a95e246eb9449f5e4770916dcd6396a;0xcda53b1f66614552f834ceef361a8d12a0b8dad8;0xe51635ae8136abac44906a8f230c2d235e9c195f;0xfae2ae0a9f87fd35b5b0e24b47bac796a7eefea1,0.043290043290043156,-0.0489626556016598,-0.06390041493775933,-0.18423236514522823
2026-02-15,ARB,0.1146,17048989.570251524,6889962.59538697,23938952.165638495,0.2878138753824275,2.4744676526497136,12,binance;bitget;bybit;coinbase;crypto_com;gate;htx;kraken;kucoin;mexc;okx;upbit,arbitrum,arbitrum,5,camelot-v3;uniswap_v3_arbitrum,0x689c96ceab93f5e131631d225d75dea3fd37747e;0xc6f780497a95e246eb9449f5e4770916dcd6396a;0xcda53b1f66614552f834ceef361a8d12a0b8dad8;0xe51635ae8136abac44906a8f230c2d235e9c195f;0xfae2ae0a9f87fd35b5b0e24b47bac796a7eefea1,-0.0489626556016598,0.00610820244328103,-0.0602094240837695,-0.1745200698080278
2026-02-16,ARB,0.1153,14067345.451768532,4843480.833345366,18910826.285113897,0.2561221154655747,2.904387554281348,12,binance;bitget;bybit;coinbase;crypto_com;gate;htx;kraken;kucoin;mexc;okx;upbit,arbitrum,arbitrum,5,camelot-v3;uniswap_v3_arbitrum,0x689c96ceab93f5e131631d225d75dea3fd37747e;0xc6f780497a95e246eb9449f5e4770916dcd6396a;0xcda53b1f66614552f834ceef361a8d12a0b8dad8;0xe51635ae8136abac44906a8f230c2d235e9c195f;0xfae2ae0a9f87fd35b5b0e24b47bac796a7eefea1,0.00610820244328103,-0.021682567215958404,-0.15004336513443184,-0.18820468343451857
2026-02-17,ARB,0.1128,11453894.0204066,4549830.97015265,16003724.99055925,0.2842982476165167,2.5174328663076277,12,binance;bitget;bybit;coinbase;crypto_com;gate;htx;kraken;kucoin;mexc;okx;upbit,arbitrum,arbitrum,5,camelot-v3;uniswap_v3_arbitrum,0x689c96ceab93f5e131631d225d75dea3fd37747e;0xc6f780497a95e246eb9449f5e4770916dcd6396a;0xcda53b1f66614552f834ceef361a8d12a0b8dad8;0xe51635ae8136abac44906a8f230c2d235e9c195f;0xfae2ae0a9f87fd35b5b0e24b47bac796a7eefea1,-0.021682567215958404,-0.04521276595744672,-0.1400709219858156,-0.18351063829787229
2026-02-18,ARB,0.1077,15021655.772984767,4166164.2215609965,19187819.994545765,0.2171254588976366,3.605632177254018,12,binance;bitget;bybit;coinbase;crypto_com;gate;htx;kraken;kucoin;mexc;okx;upbit,arbitrum,arbitrum,5,camelot-v3;uniswap_v3_arbitrum,0x689c96ceab93f5e131631d225d75dea3fd37747e;0xc6f780497a95e246eb9449f5e4770916dcd6396a;0xcda53b1f66614552f834ceef361a8d12a0b8dad8;0xe51635ae8136abac44906a8f230c2d235e9c195f;0xfae2ae0a9f87fd35b5b0e24b47bac796a7eefea1,-0.04521276595744672,-0.09006499535747448,-0.08727948003714026,-0.06406685236768805
2026-02-19,ARB,0.098,32992712.14558351,3275963.2440982563,36268675.389681764,0.09032486598697921,10.07114844924492,12,binance;bitget;bybit;coinbase;crypto_com;gate;htx;kraken;kucoin;mexc;okx;upbit,arbitrum,arbitrum,5,camelot-v3;uniswap_v3_arbitrum,0x689c96ceab93f5e131631d225d75dea3fd37747e;0xc6f780497a95e246eb9449f5e4770916dcd6396a;0xcda53b1f66614552f834ceef361a8d12a0b8dad8;0xe51635ae8136abac44906a8f230c2d235e9c195f;0xfae2ae0a9f87fd35b5b0e24b47bac796a7eefea1,-0.09006499535747448,-0.010204081632653073,-0.03469387755102038,0.021428571428571352
2026-02-20,ARB,0.097,49403594.7503024,4525091.30151634,53928686.051818736,0.08390879943131364,10.917701203895588,12,binance;bitget;bybit;coinbase;crypto_com;gate;htx;kraken;kucoin;mexc;okx;upbit,arbitrum,arbitrum,5,camelot-v3;uniswap_v3_arbitrum,0x689c96ceab93f5e131631d225d75dea3fd37747e;0xc6f780497a95e246eb9449f5e4770916dcd6396a;0xcda53b1f66614552f834ceef361a8d12a0b8dad8;0xe51635ae8136abac44906a8f230c2d235e9c195f;0xfae2ae0a9f87fd35b5b0e24b47bac796a7eefea1,-0.010204081632653073,0.013402061855670055,-0.035051546391752564,0.035051546391752675
2026-02-21,ARB,0.0983,29259487.39372515,5952515.824024827,35212003.217749976,0.16904791775732403,4.915482504999236,12,binance;bitget;bybit;coinbase;crypto_com;gate;htx;kraken;kucoin;mexc;okx;upbit,arbitrum,arbitrum,5,camelot-v3;uniswap_v3_arbitrum,0x689c96ceab93f5e131631d225d75dea3fd37747e;0xc6f780497a95e246eb9449f5e4770916dcd6396a;0xcda53b1f66614552f834ceef361a8d12a0b8dad8;0xe51635ae8136abac44906a8f230c2d235e9c195f;0xfae2ae0a9f87fd35b5b0e24b47bac796a7eefea1,0.013402061855670055,-0.03763987792472023,-0.06307222787385547,0.014242115971515812
2026-02-22,ARB,0.0946,15326903.788106943,1924089.7713567265,17250993.55946367,0.11153501186609603,7.965794536343041,12,binance;bitget;bybit;coinbase;crypto_com;gate;htx;kraken;kucoin;mexc;okx;upbit,arbitrum,arbitrum,5,camelot-v3;uniswap_v3_arbitrum,0x689c96ceab93f5e131631d225d75dea3fd37747e;0xc6f780497a95e246eb9449f5e4770916dcd6396a;0xcda53b1f66614552f834ceef361a8d12a0b8dad8;0xe51635ae8136abac44906a8f230c2d235e9c195f;0xfae2ae0a9f87fd35b5b0e24b47bac796a7eefea1,-0.03763987792472023,-0.010570824524312905,0.06553911205074003,0.051797040169133224
2026-02-23,ARB,0.0936,30989721.018939927,5964228.221180989,36953949.24012092,0.16139623352368587,5.195931454950862,12,binance;bitget;bybit;coinbase;crypto_com;gate;htx;kraken;kucoin;mexc;okx;upbit,arbitrum,arbitrum,5,camelot-v3;uniswap_v3_arbitrum,0x689c96ceab93f5e131631d225d75dea3fd37747e;0xc6f780497a95e246eb9449f5e4770916dcd6396a;0xcda53b1f66614552f834ceef361a8d12a0b8dad8;0xe51635ae8136abac44906a8f230c2d235e9c195f;0xfae2ae0a9f87fd35b5b0e24b47bac796a7eefea1,-0.010570824524312905,-0.01602564102564108,0.06944444444444442,0.08760683760683752
2026-02-24,ARB,0.0921,22050137.117398035,4962859.860478449,27012996.977876484,0.18372118667702836,4.443030377100407,12,binance;bitget;bybit;coinbase;crypto_com;gate;htx;kraken;kucoin;mexc;okx;upbit,arbitrum,arbitrum,5,camelot-v3;uniswap_v3_arbitrum,0x689c96ceab93f5e131631d225d75dea3fd37747e;0xc6f780497a95e246eb9449f5e4770916dcd6396a;0xcda53b1f66614552f834ceef361a8d12a0b8dad8;0xe51635ae8136abac44906a8f230c2d235e9c195f;0xfae2ae0a9f87fd35b5b0e24b47bac796a7eefea1,-0.01602564102564108,0.09446254071661242,0.0901194353963084,0.11509229098805651
2026-02-25,ARB,0.1008,37575317.10507825,10869296.68166514,48444613.78674339,0.22436543161459704,3.4570145802038996,12,binance;bitget;bybit;coinbase;crypto_com;gate;htx;kraken;kucoin;mexc;okx;upbit,arbitrum,arbitrum,5,camelot-v3;uniswap_v3_arbitrum,0x689c96ceab93f5e131631d225d75dea3fd37747e;0xc6f780497a95e246eb9449f5e4770916dcd6396a;0xcda53b1f66614552f834ceef361a8d12a0b8dad8;0xe51635ae8136abac44906a8f230c2d235e9c195f;0xfae2ae0a9f87fd35b5b0e24b47bac796a7eefea1,0.09446254071661242,-0.006944444444444531,-0.010912698412698485,0.039682539682539764
2026-02-26,ARB,0.1001,28929480.941096418,8815114.145681856,37744595.086778276,0.23354639585919792,3.281804462539798,12,binance;bitget;bybit;coinbase;crypto_com;gate;htx;kraken;kucoin;mexc;okx;upbit,arbitrum,arbitrum,5,camelot-v3;uniswap_v3_arbitrum,0x689c96ceab93f5e131631d225d75dea3fd37747e;0xc6f780497a95e246eb9449f5e4770916dcd6396a;0xcda53b1f66614552f834ceef361a8d12a0b8dad8;0xe51635ae8136abac44906a8f230c2d235e9c195f;0xfae2ae0a9f87fd35b5b0e24b47bac796a7eefea1,-0.006944444444444531,0.0029970029970030065,-0.005994005994005902,0.02697302697302706
2026-02-27,ARB,0.1004,59726488.56915622,13393112.992420703,73119601.56157693,0.18316720422965965,4.459492621540343,12,binance;bitget;bybit;coinbase;crypto_com;gate;htx;kraken;kucoin;mexc;okx;upbit,arbitrum,arbitrum,5,camelot-v3;uniswap_v3_arbitrum,0x689c96ceab93f5e131631d225d75dea3fd37747e;0xc6f780497a95e246eb9449f5e4770916dcd6396a;0xcda53b1f66614552f834ceef361a8d12a0b8dad8;0xe51635ae8136abac44906a8f230c2d235e9c195f;0xfae2ae0a9f87fd35b5b0e24b47bac796a7eefea1,0.0029970029970030065,-0.006972111553784965,0.013944223107569709,-0.003984063745019917
2026-02-28,ARB,0.0997,36699455.934257366,9190643.91234348,45890099.846600845,0.2002750907726396,3.9931321770576074,12,binance;bitget;bybit;coinbase;crypto_com;gate;htx;kraken;kucoin;mexc;okx;upbit,arbitrum,arbitrum,5,camelot-v3;uniswap_v3_arbitrum,0x689c96ceab93f5e131631d225d75dea3fd37747e;0xc6f780497a95e246eb9449f5e4770916dcd6396a;0xcda53b1f66614552f834ceef361a8d12a0b8dad8;0xe51635ae8136abac44906a8f230c2d235e9c195f;0xfae2ae0a9f87fd35b5b0e24b47bac796a7eefea1,-0.006972111553784965,-0.0020060180541624506,0.030090270812437314,-0.029087261785356033
2026-03-01,ARB,0.0995,30480058.108280934,8638577.475781508,39118635.58406244,0.22083023466444732,3.5283654274945877,12,binance;bitget;bybit;coinbase;crypto_com;gate;htx;kraken;kucoin;mexc;okx;upbit,arbitrum,arbitrum,5,camelot-v3;uniswap_v3_arbitrum,0x689c96ceab93f5e131631d225d75dea3fd37747e;0xc6f780497a95e246eb9449f5e4770916dcd6396a;0xcda53b1f66614552f834ceef361a8d12a0b8dad8;0xe51635ae8136abac44906a8f230c2d235e9c195f;0xfae2ae0a9f87fd35b5b0e24b47bac796a7eefea1,-0.0020060180541624506,0.02311557788944718,0.05326633165829153,-0.05025125628140703
2026-03-02,ARB,0.1018,26964308.489750415,7978017.095367587,34942325.585118,0.22831957981541556,3.3798258599128803,12,binance;bitget;bybit;coinbase;crypto_com;gate;htx;kraken;kucoin;mexc;okx;upbit,arbitrum,arbitrum,5,camelot-v3;uniswap_v3_arbitrum,0x689c96ceab93f5e131631d225d75dea3fd37747e;0xc6f780497a95e246eb9449f5e4770916dcd6396a;0xcda53b1f66614552f834ceef361a8d12a0b8dad8;0xe51635ae8136abac44906a8f230c2d235e9c195f;0xfae2ae0a9f87fd35b5b0e24b47bac796a7eefea1,0.02311557788944718,0.008840864440078589,0.00982318271119853,-0.04223968565815317
2026-03-03,ARB,0.1027,22184031.400249932,5373329.476199014,27557360.876448944,0.19498708531233722,4.128544787456896,12,binance;bitget;bybit;coinbase;crypto_com;gate;htx;kraken;kucoin;mexc;okx;upbit,arbitrum,arbitrum,5,camelot-v3;uniswap_v3_arbitrum,0x689c96ceab93f5e131631d225d75dea3fd37747e;0xc6f780497a95e246eb9449f5e4770916dcd6396a;0xcda53b1f66614552f834ceef361a8d12a0b8dad8;0xe51635ae8136abac44906a8f230c2d235e9c195f;0xfae2ae0a9f87fd35b5b0e24b47bac796a7eefea1,0.008840864440078589,0.020447906523855863,-0.02629016553067176,-0.04089581304771173
2026-03-04,ARB,0.1048,26460687.599049255,7309004.819061485,33769692.41811074,0.21643681939909093,3.6202859697179606,12,binance;bitget;bybit;coinbase;crypto_com;gate;htx;kraken;kucoin;mexc;okx;upbit,arbitrum,arbitrum,5,camelot-v3;uniswap_v3_arbitrum,0x689c96ceab93f5e131631d225d75dea3fd37747e;0xc6f780497a95e246eb9449f5e4770916dcd6396a;0xcda53b1f66614552f834ceef361a8d12a0b8dad8;0xe51635ae8136abac44906a8f230c2d235e9c195f;0xfae2ae0a9f87fd35b5b0e24b47bac796a7eefea1,0.020447906523855863,-0.01908396946564883,-0.07633587786259544,-0.04580152671755722
2026-03-05,ARB,0.1028,17364594.64773951,6554819.344563057,23919413.992302567,0.2740376226053215,2.649133978367032,12,binance;bitget;bybit;coinbase;crypto_com;gate;htx;kraken;kucoin;mexc;okx;upbit,arbitrum,arbitrum,5,camelot-v3;uniswap_v3_arbitrum,0x689c96ceab93f5e131631d225d75dea3fd37747e;0xc6f780497a95e246eb9449f5e4770916dcd6396a;0xcda53b1f66614552f834ceef361a8d12a0b8dad8;0xe51635ae8136abac44906a8f230c2d235e9c195f;0xfae2ae0a9f87fd35b5b0e24b47bac796a7eefea1,-0.01908396946564883,-0.027237354085603127,-0.08073929961089499,-0.017509727626459082
2026-03-06,ARB,0.1,17439352.707958262,6905347.106019815,24344699.813978076,0.2836488910844959,2.5254853145260876,12,binance;bitget;bybit;coinbase;crypto_com;gate;htx;kraken;kucoin;mexc;okx;upbit,arbitrum,arbitrum,5,camelot-v3;uniswap_v3_arbitrum,0x689c96ceab93f5e131631d225d75dea3fd37747e;0xc6f780497a95e246eb9449f5e4770916dcd6396a;0xcda53b1f66614552f834ceef361a8d12a0b8dad8;0xe51635ae8136abac44906a8f230c2d235e9c195f;0xfae2ae0a9f87fd35b5b0e24b47bac796a7eefea1,-0.027237354085603127,-0.03200000000000003,-0.025000000000000022,0.026999999999999913
2026-03-07,ARB,0.0968,10602512.276746564,3770053.976718176,14372566.25346474,0.2623090344641371,2.812297209064372,12,binance;bitget;bybit;coinbase;crypto_com;gate;htx;kraken;kucoin;mexc;okx;upbit,arbitrum,arbitrum,5,camelot-v3;uniswap_v3_arbitrum,0x689c96ceab93f5e131631d225d75dea3fd37747e;0xc6f780497a95e246eb9449f5e4770916dcd6396a;0xcda53b1f66614552f834ceef361a8d12a0b8dad8;0xe51635ae8136abac44906a8f230c2d235e9c195f;0xfae2ae0a9f87fd35b5b0e24b47bac796a7eefea1,-0.03200000000000003,-0.023760330578512345,0.017561983471074516,0.044421487603305776
2026-03-08,ARB,0.0945,14954490.95497027,6841513.154566847,21796004.109537117,0.3138884136828207,2.185845531114392,12,binance;bitget;bybit;coinbase;crypto_com;gate;htx;kraken;kucoin;mexc;okx;upbit,arbitrum,arbitrum,5,camelot-v3;uniswap_v3_arbitrum,0x689c96ceab93f5e131631d225d75dea3fd37747e;0xc6f780497a95e246eb9449f5e4770916dcd6396a;0xcda53b1f66614552f834ceef361a8d12a0b8dad8;0xe51635ae8136abac44906a8f230c2d235e9c195f;0xfae2ae0a9f87fd35b5b0e24b47bac796a7eefea1,-0.023760330578512345,0.031746031746031855,0.05820105820105814,0.10052910052910047
2026-03-09,ARB,0.0975,17002321.604530197,10575973.049757708,27578294.654287905,0.3834890149059069,1.6076366235558548,12,binance;bitget;bybit;coinbase;crypto_com;gate;htx;kraken;kucoin;mexc;okx;upbit,arbitrum,arbitrum,5,camelot-v3;uniswap_v3_arbitrum,0x689c96ceab93f5e131631d225d75dea3fd37747e;0xc6f780497a95e246eb9449f5e4770916dcd6396a;0xcda53b1f66614552f834ceef361a8d12a0b8dad8;0xe51635ae8136abac44906a8f230c2d235e9c195f;0xfae2ae0a9f87fd35b5b0e24b47bac796a7eefea1,0.031746031746031855,0.01025641025641022,0.03589743589743599,0.13230769230769224
2026-03-10,ARB,0.0985,16384169.043197045,8176513.448220974,24560682.49141802,0.3329106775057251,2.0038087317965427,12,binance;bitget;bybit;coinbase;crypto_com;gate;htx;kraken;kucoin;mexc;okx;upbit,arbitrum,arbitrum,5,camelot-v3;uniswap_v3_arbitrum,0x689c96ceab93f5e131631d225d75dea3fd37747e;0xc6f780497a95e246eb9449f5e4770916dcd6396a;0xcda53b1f66614552f834ceef361a8d12a0b8dad8;0xe51635ae8136abac44906a8f230c2d235e9c195f;0xfae2ae0a9f87fd35b5b0e24b47bac796a7eefea1,0.01025641025641022,0.015228426395939021,0.04263959390862948,0.09543147208121816
2026-03-11,ARB,0.1,17253608.295269728,7170269.288599421,24423877.583869148,0.29357620484206226,2.4062706156242424,12,binance;bitget;bybit;coinbase;crypto_com;gate;htx;kraken;kucoin;mexc;okx;upbit,arbitrum,arbitrum,5,camelot-v3;uniswap_v3_arbitrum,0x689c96ceab93f5e131631d225d75dea3fd37747e;0xc6f780497a95e246eb9449f5e4770916dcd6396a;0xcda53b1f66614552f834ceef361a8d12a0b8dad8;0xe51635ae8136abac44906a8f230c2d235e9c195f;0xfae2ae0a9f87fd35b5b0e24b47bac796a7eefea1,0.015228426395939021,0.010000000000000009,0.010999999999999899,0.029999999999999805
2026-03-12,ARB,0.101,12474168.59762039,6107218.850523493,18581387.448143885,0.3286739952851879,2.042528506498689,12,binance;bitget;bybit;coinbase;crypto_com;gate;htx;kraken;kucoin;mexc;okx;upbit,arbitrum,arbitrum,5,camelot-v3;uniswap_v3_arbitrum,0x689c96ceab93f5e131631d225d75dea3fd37747e;0xc6f780497a95e246eb9449f5e4770916dcd6396a;0xcda53b1f66614552f834ceef361a8d12a0b8dad8;0xe51635ae8136abac44906a8f230c2d235e9c195f;0xfae2ae0a9f87fd35b5b0e24b47bac796a7eefea1,0.010000000000000009,0.016831683168316847,0.029702970297029507,-0.015841584158415856
2026-03-13,ARB,0.1027,21675978.728775203,9571894.043466864,31247872.77224207,0.30632146108741565,2.2645443660724367,12,binance;bitget;bybit;coinbase;crypto_com;gate;htx;kraken;kucoin;mexc;okx;upbit,arbitrum,arbitrum,5,camelot-v3;uniswap_v3_arbitrum,0x689c96ceab93f5e131631d225d75dea3fd37747e;0xc6f780497a95e246eb9449f5e4770916dcd6396a;0xcda53b1f66614552f834ceef361a8d12a0b8dad8;0xe51635ae8136abac44906a8f230c2d235e9c195f;0xfae2ae0a9f87fd35b5b0e24b47bac796a7eefea1,0.016831683168316847,-0.015579357351509282,0.07497565725413824,-0.027263875365141188
2026-03-14,ARB,0.1011,10160349.811243724,3167723.6694102306,13328073.480653955,0.23767303459185335,3.2074608998755836,12,binance;bitget;bybit;coinbase;crypto_com;gate;htx;kraken;kucoin;mexc;okx;upbit,arbitrum,arbitrum,5,camelot-v3;uniswap_v3_arbitrum,0x689c96ceab93f5e131631d225d75dea3fd37747e;0xc6f780497a95e246eb9449f5e4770916dcd6396a;0xcda53b1f66614552f834ceef361a8d12a0b8dad8;0xe51635ae8136abac44906a8f230c2d235e9c195f;0xfae2ae0a9f87fd35b5b0e24b47bac796a7eefea1,-0.015579357351509282,0.028684470820969254,0.06726013847675572,-0.047477744807121636
2026-03-15,ARB,0.104,15705617.448629128,5260381.759327986,20965999.207957115,0.25090059897224176,2.9856421391430574,12,binance;bitget;bybit;coinbase;crypto_com;gate;htx;kraken;kucoin;mexc;okx;upbit,arbitrum,arbitrum,5,camelot-v3;uniswap_v3_arbitrum,0x689c96ceab93f5e131631d225d75dea3fd37747e;0xc6f780497a95e246eb9449f5e4770916dcd6396a;0xcda53b1f66614552f834ceef361a8d12a0b8dad8;0xe51635ae8136abac44906a8f230c2d235e9c195f;0xfae2ae0a9f87fd35b5b0e24b47bac796a7eefea1,0.028684470820969254,0.06153846153846154,-0.009615384615384581,-0.11057692307692302
2026-03-16,ARB,0.1104,24931416.41202662,7688718.946660826,32620135.358687446,0.2357046916610404,3.242596924791251,12,binance;bitget;bybit;coinbase;crypto_com;gate;htx;kraken;kucoin;mexc;okx;upbit,arbitrum,arbitrum,5,camelot-v3;uniswap_v3_arbitrum,0x689c96ceab93f5e131631d225d75dea3fd37747e;0xc6f780497a95e246eb9449f5e4770916dcd6396a;0xcda53b1f66614552f834ceef361a8d12a0b8dad8;0xe51635ae8136abac44906a8f230c2d235e9c195f;0xfae2ae0a9f87fd35b5b0e24b47bac796a7eefea1,0.06153846153846154,-0.02264492753623193,-0.09963768115942029,-0.11684782608695643
2026-03-17,ARB,0.1079,15338690.76199343,3601088.5021136357,18939779.264107067,0.19013360461587261,4.259459536468067,12,binance;bitget;bybit;coinbase;crypto_com;gate;htx;kraken;kucoin;mexc;okx;upbit,arbitrum,arbitrum,5,camelot-v3;uniswap_v3_arbitrum,0x689c96ceab93f5e131631d225d75dea3fd37747e;0xc6f780497a95e246eb9449f5e4770916dcd6396a;0xcda53b1f66614552f834ceef361a8d12a0b8dad8;0xe51635ae8136abac44906a8f230c2d235e9c195f;0xfae2ae0a9f87fd35b5b0e24b47bac796a7eefea1,-0.02264492753623193,-0.0454124189063948,-0.07414272474513428,-0.09453197405004632
2026-03-18,ARB,0.103,15820359.287603822,3834262.0766998194,19654621.36430364,0.1950819609104012,4.12605058578065,12,binance;bitget;bybit;coinbase;crypto_com;gate;htx;kraken;kucoin;mexc;okx;upbit,arbitrum,arbitrum,5,camelot-v3;uniswap_v3_arbitrum,0x689c96ceab93f5e131631d225d75dea3fd37747e;0xc6f780497a95e246eb9449f5e4770916dcd6396a;0xcda53b1f66614552f834ceef361a8d12a0b8dad8;0xe51635ae8136abac44906a8f230c2d235e9c195f;0xfae2ae0a9f87fd35b5b0e24b47bac796a7eefea1,-0.0454124189063948,-0.03495145631067953,-0.06504854368932034,-0.04077669902912617
2026-03-19,ARB,0.0994,12921384.876818385,3765842.180219307,16687227.057037693,0.2256721363799683,3.4312072196466548,12,binance;bitget;bybit;coinbase;crypto_com;gate;htx;kraken;kucoin;mexc;okx;upbit,arbitrum,arbitrum,5,camelot-v3;uniswap_v3_arbitrum,0x689c96ceab93f5e131631d225d75dea3fd37747e;0xc6f780497a95e246eb9449f5e4770916dcd6396a;0xcda53b1f66614552f834ceef361a8d12a0b8dad8;0xe51635ae8136abac44906a8f230c2d235e9c195f;0xfae2ae0a9f87fd35b5b0e24b47bac796a7eefea1,-0.03495145631067953,0.005030181086519203,-0.06941649899396385,-0.05633802816901412
2026-03-20,ARB,0.0999,10727202.587587126,3514319.9630826265,14241522.550669752,0.2467657478741523,3.052426273155173,12,binance;bitget;bybit;coinbase;crypto_com;gate;htx;kraken;kucoin;mexc;okx;upbit,arbitrum,arbitrum,5,camelot-v3;uniswap_v3_arbitrum,0x689c96ceab93f5e131631d225d75dea3fd37747e;0xc6f780497a95e246eb9449f5e4770916dcd6396a;0xcda53b1f66614552f834ceef361a8d12a0b8dad8;0xe51635ae8136abac44906a8f230c2d235e9c195f;0xfae2ae0a9f87fd35b5b0e24b47bac796a7eefea1,0.005030181086519203,-0.03603603603603611,-0.024024024024024038,-0.0990990990990992
2026-03-21,ARB,0.0963,9738389.799114607,2284367.4092677035,12022757.20838231,0.1900036214384363,4.263057579794674,12,binance;bitget;bybit;coinbase;crypto_com;gate;htx;kraken;kucoin;mexc;okx;upbit,arbitrum,arbitrum,5,camelot-v3;uniswap_v3_arbitrum,0x689c96ceab93f5e131631d225d75dea3fd37747e;0xc6f780497a95e246eb9449f5e4770916dcd6396a;0xcda53b1f66614552f834ceef361a8d12a0b8dad8;0xe51635ae8136abac44906a8f230c2d235e9c195f;0xfae2ae0a9f87fd35b5b0e24b47bac796a7eefea1,-0.03603603603603611,-0.039460020768431914,0.014537902388369606,-0.0664589823468329
2026-03-22,ARB,0.0925,16858075.33177353,3392878.933322938,20250954.26509647,0.16754168168611858,4.968663976248327,12,binance;bitget;bybit;coinbase;crypto_com;gate;htx;kraken;kucoin;mexc;okx;upbit,arbitrum,arbitrum,5,camelot-v3;uniswap_v3_arbitrum,0x689c96ceab93f5e131631d225d75dea3fd37747e;0xc6f780497a95e246eb9449f5e4770916dcd6396a;0xcda53b1f66614552f834ceef361a8d12a0b8dad8;0xe51635ae8136abac44906a8f230c2d235e9c195f;0xfae2ae0a9f87fd35b5b0e24b47bac796a7eefea1,-0.039460020768431914,0.05405405405405417,0.06810810810810808,-0.044324324324324205
2026-03-23,ARB,0.0975,21487153.983937483,8216204.710410952,29703358.694348436,0.27660860830442796,2.615216482704063,12,binance;bitget;bybit;coinbase;crypto_com;gate;htx;kraken;kucoin;mexc;okx;upbit,arbitrum,arbitrum,5,camelot-v3;uniswap_v3_arbitrum,0x689c96ceab93f5e131631d225d75dea3fd37747e;0xc6f780497a95e246eb9449f5e4770916dcd6396a;0xcda53b1f66614552f834ceef361a8d12a0b8dad8;0xe51635ae8136abac44906a8f230c2d235e9c195f;0xfae2ae0a9f87fd35b5b0e24b47bac796a7eefea1,0.05405405405405417,0.0020512820512819108,-0.037948717948718014,-0.0656410256410257
2026-03-24,ARB,0.0977,13511923.408237452,6276691.301508103,19788614.709745556,0.3171869983610798,2.1527143456921225,12,binance;bitget;bybit;coinbase;crypto_com;gate;htx;kraken;kucoin;mexc;okx;upbit,arbitrum,arbitrum,5,camelot-v3;uniswap_v3_arbitrum,0x689c96ceab93f5e131631d225d75dea3fd37747e;0xc6f780497a95e246eb9449f5e4770916dcd6396a;0xcda53b1f66614552f834ceef361a8d12a0b8dad8;0xe51635ae8136abac44906a8f230c2d235e9c195f;0xfae2ae0a9f87fd35b5b0e24b47bac796a7eefea1,0.0020512820512819108,0.011258955987717645,-0.07881269191402251,-0.04912998976458549
2026-03-25,ARB,0.0988,12105584.883366328,4703072.505135514,16808657.38850184,0.27980060491641084,2.5739736885084485,12,binance;bitget;bybit;coinbase;crypto_com;gate;htx;kraken;kucoin;mexc;okx;upbit,arbitrum,arbitrum,5,camelot-v3;uniswap_v3_arbitrum,0x689c96ceab93f5e131631d225d75dea3fd37747e;0xc6f780497a95e246eb9449f5e4770916dcd6396a;0xcda53b1f66614552f834ceef361a8d12a0b8dad8;0xe51635ae8136abac44906a8f230c2d235e9c195f;0xfae2ae0a9f87fd35b5b0e24b47bac796a7eefea1,0.011258955987717645,-0.0506072874493928,-0.09008097165991913,-0.04453441295546556
2026-03-26,ARB,0.0938,12497524.71000018,3997645.510167245,16495170.220167425,0.24235248601918757,3.1262213415909743,12,binance;bitget;bybit;coinbase;crypto_com;gate;htx;kraken;kucoin;mexc;okx;upbit,arbitrum,arbitrum,5,camelot-v3;uniswap_v3_arbitrum,0x689c96ceab93f5e131631d225d75dea3fd37747e;0xc6f780497a95e246eb9449f5e4770916dcd6396a;0xcda53b1f66614552f834ceef361a8d12a0b8dad8;0xe51635ae8136abac44906a8f230c2d235e9c195f;0xfae2ae0a9f87fd35b5b0e24b47bac796a7eefea1,-0.0506072874493928,-0.04051172707889128,-0.05756929637526642,-0.030916844349680117
2026-03-27,ARB,0.09,10122825.443342647,4082429.3316589375,14205254.775001584,0.287388673861957,2.4796082481675517,12,binance;bitget;bybit;coinbase;crypto_com;gate;htx;kraken;kucoin;mexc;okx;upbit,arbitrum,arbitrum,5,camelot-v3;uniswap_v3_arbitrum,0x689c96ceab93f5e131631d225d75dea3fd37747e;0xc6f780497a95e246eb9449f5e4770916dcd6396a;0xcda53b1f66614552f834ceef361a8d12a0b8dad8;0xe51635ae8136abac44906a8f230c2d235e9c195f;0xfae2ae0a9f87fd35b5b0e24b47bac796a7eefea1,-0.04051172707889128,-0.0011111111111111738,0.012222222222222356,0.026666666666666616
2026-03-28,ARB,0.0899,8397820.198520038,3006375.968801224,11404196.167321263,0.26362015565954555,2.7933366570477953,12,binance;bitget;bybit;coinbase;crypto_com;gate;htx;kraken;kucoin;mexc;okx;upbit,arbitrum,arbitrum,5,camelot-v3;uniswap_v3_arbitrum,0x689c96ceab93f5e131631d225d75dea3fd37747e;0xc6f780497a95e246eb9449f5e4770916dcd6396a;0xcda53b1f66614552f834ceef361a8d12a0b8dad8;0xe51635ae8136abac44906a8f230c2d235e9c195f;0xfae2ae0a9f87fd35b5b0e24b47bac796a7eefea1,-0.0011111111111111738,-0.016685205784204515,0.033370411568409475,0.031145717463848754
2026-03-29,ARB,0.0884,9162071.160808448,3066076.4459391055,12228147.606747553,0.2507392406881995,2.9882070203902584,12,binance;bitget;bybit;coinbase;crypto_com;gate;htx;kraken;kucoin;mexc;okx;upbit,arbitrum,arbitrum,5,camelot-v3;uniswap_v3_arbitrum,0x689c96ceab93f5e131631d225d75dea3fd37747e;0xc6f780497a95e246eb9449f5e4770916dcd6396a;0xcda53b1f66614552f834ceef361a8d12a0b8dad8;0xe51635ae8136abac44906a8f230c2d235e9c195f;0xfae2ae0a9f87fd35b5b0e24b47bac796a7eefea1,-0.016685205784204515,0.030542986425339258,0.0678733031674208,0.06561085972850678
2026-03-30,ARB,0.0911,11935472.19475827,5005951.316916737,16941423.511675008,0.2954858730417156,2.3842565456888143,12,binance;bitget;bybit;coinbase;crypto_com;gate;htx;kraken;kucoin;mexc;okx;upbit,arbitrum,arbitrum,5,camelot-v3;uniswap_v3_arbitrum,0x689c96ceab93f5e131631d225d75dea3fd37747e;0xc6f780497a95e246eb9449f5e4770916dcd6396a;0xcda53b1f66614552f834ceef361a8d12a0b8dad8;0xe51635ae8136abac44906a8f230c2d235e9c195f;0xfae2ae0a9f87fd35b5b0e24b47bac796a7eefea1,0.030542986425339258,0.019758507135016368,-0.002195389681668547,0.028540065861690556
2026-03-31,ARB,0.0929,9310929.2933539,4675233.89268657,13986163.18604047,0.3342756573405994,1.9915429916605691,12,binance;bitget;bybit;coinbase;crypto_com;gate;htx;kraken;kucoin;mexc;okx;upbit,arbitrum,arbitrum,5,camelot-v3;uniswap_v3_arbitrum,0x689c96ceab93f5e131631d225d75dea3fd37747e;0xc6f780497a95e246eb9449f5e4770916dcd6396a;0xcda53b1f66614552f834ceef361a8d12a0b8dad8;0xe51635ae8136abac44906a8f230c2d235e9c195f;0xfae2ae0a9f87fd35b5b0e24b47bac796a7eefea1,0.019758507135016368,0.016146393972013007,-0.005382131324004336,0.0968783638320776
2026-04-01,ARB,0.0944,10996397.770570586,5047592.1134779155,16043989.884048501,0.31460952979635126,2.178543258518921,12,binance;bitget;bybit;coinbase;crypto_com;gate;htx;kraken;kucoin;mexc;okx;upbit,arbitrum,arbitrum,5,camelot-v3;uniswap_v3_arbitrum,0x689c96ceab93f5e131631d225d75dea3fd37747e;0xc6f780497a95e246eb9449f5e4770916dcd6396a;0xcda53b1f66614552f834ceef361a8d12a0b8dad8;0xe51635ae8136abac44906a8f230c2d235e9c195f;0xfae2ae0a9f87fd35b5b0e24b47bac796a7eefea1,0.016146393972013007,-0.037076271186440746,-0.018008474576271083,0.11758474576271194
2026-04-02,ARB,0.0909,12296237.787460221,5665605.722052767,17961843.509512987,0.3154245119133867,2.17033065672015,12,binance;bitget;bybit;coinbase;crypto_com;gate;htx;kraken;kucoin;mexc;okx;upbit,arbitrum,arbitrum,5,camelot-v3;uniswap_v3_arbitrum,0x689c96ceab93f5e131631d225d75dea3fd37747e;0xc6f780497a95e246eb9449f5e4770916dcd6396a;0xcda53b1f66614552f834ceef361a8d12a0b8dad8;0xe51635ae8136abac44906a8f230c2d235e9c195f;0xfae2ae0a9f87fd35b5b0e24b47bac796a7eefea1,-0.037076271186440746,0.01650165016501659,0.03630363036303641,0.18811881188118806
2026-04-03,ARB,0.0924,11039177.165188707,4802579.750363526,15841756.915552232,0.30315954069770623,2.298593201779337,12,binance;bitget;bybit;coinbase;crypto_com;gate;htx;kraken;kucoin;mexc;okx;upbit,arbitrum,arbitrum,5,camelot-v3;uniswap_v3_arbitrum,0x689c96ceab93f5e131631d225d75dea3fd37747e;0xc6f780497a95e246eb9449f5e4770916dcd6396a;0xcda53b1f66614552f834ceef361a8d12a0b8dad8;0xe51635ae8136abac44906a8f230c2d235e9c195f;0xfae2ae0a9f87fd35b5b0e24b47bac796a7eefea1,0.01650165016501659,0.0032467532467532756,0.01406926406926412,0.26082251082251084
2026-04-04,ARB,0.0927,7104323.091285074,2691583.518230455,9795906.60951553,0.27476614728195853,2.6394585355299376,12,binance;bitget;bybit;coinbase;crypto_com;gate;htx;kraken;kucoin;mexc;okx;upbit,arbitrum,arbitrum,5,camelot-v3;uniswap_v3_arbitrum,0x689c96ceab93f5e131631d225d75dea3fd37747e;0xc6f780497a95e246eb9449f5e4770916dcd6396a;0xcda53b1f66614552f834ceef361a8d12a0b8dad8;0xe51635ae8136abac44906a8f230c2d235e9c195f;0xfae2ae0a9f87fd35b5b0e24b47bac796a7eefea1,0.0032467532467532756,0.016181229773462702,0.09924487594390508,0.24703344120819826
2026-04-05,ARB,0.0942,9063572.658788033,3355340.711863065,12418913.370651098,0.2701798951100302,2.7012376497990425,12,binance;bitget;bybit;coinbase;crypto_com;gate;htx;kraken;kucoin;mexc;okx;upbit,arbitrum,arbitrum,5,camelot-v3;uniswap_v3_arbitrum,0x689c96ceab93f5e131631d225d75dea3fd37747e;0xc6f780497a95e246eb9449f5e4770916dcd6396a;0xcda53b1f66614552f834ceef361a8d12a0b8dad8;0xe51635ae8136abac44906a8f230c2d235e9c195f;0xfae2ae0a9f87fd35b5b0e24b47bac796a7eefea1,0.016181229773462702,-0.005307855626326963,0.11995753715498925,0.17834394904458595
2026-04-06,ARB,0.0937,15760129.487940697,7421438.675633612,23181568.16357431,0.32014394467476437,2.1235949223275314,12,binance;bitget;bybit;coinbase;crypto_com;gate;htx;kraken;kucoin;mexc;okx;upbit,arbitrum,arbitrum,5,camelot-v3;uniswap_v3_arbitrum,0x689c96ceab93f5e131631d225d75dea3fd37747e;0xc6f780497a95e246eb9449f5e4770916dcd6396a;0xcda53b1f66614552f834ceef361a8d12a0b8dad8;0xe51635ae8136abac44906a8f230c2d235e9c195f;0xfae2ae0a9f87fd35b5b0e24b47bac796a7eefea1,-0.005307855626326963,0.08751334044823911,0.15261472785485575,0.21237993596584848
2026-04-07,ARB,0.1019,19964528.15728258,7776843.064487719,27741371.221770298,0.2803337658516595,2.5671764225832034,12,binance;bitget;bybit;coinbase;crypto_com;gate;htx;kraken;kucoin;mexc;okx;upbit,arbitrum,arbitrum,5,camelot-v3;uniswap_v3_arbitrum,0x689c96ceab93f5e131631d225d75dea3fd37747e;0xc6f780497a95e246eb9449f5e4770916dcd6396a;0xcda53b1f66614552f834ceef361a8d12a0b8dad8;0xe51635ae8136abac44906a8f230c2d235e9c195f;0xfae2ae0a9f87fd35b5b0e24b47bac796a7eefea1,0.08751334044823911,0.03532875368007837,0.14327772325809618,0.08145240431795875
2026-04-08,ARB,0.1055,26105440.71145985,9138364.826918935,35243805.53837878,0.2592899571236058,2.856686202170535,12,binance;bitget;bybit;coinbase;crypto_com;gate;htx;kraken;kucoin;mexc;okx;upbit,arbitrum,arbitrum,5,camelot-v3;uniswap_v3_arbitrum,0x689c96ceab93f5e131631d225d75dea3fd37747e;0xc6f780497a95e246eb9449f5e4770916dcd6396a;0xcda53b1f66614552f834ceef361a8d12a0b8dad8;0xe51635ae8136abac44906a8f230c2d235e9c195f;0xfae2ae0a9f87fd35b5b0e24b47bac796a7eefea1,0.03532875368007837,0.023696682464454888,0.0957345971563981,0.08909952606635074
2026-04-09,ARB,0.108,26299503.608479522,10094245.964241315,36393749.57272084,0.2773620768058348,2.60539555917748,12,binance;bitget;bybit;coinbase;crypto_com;gate;htx;kraken;kucoin;mexc;okx;upbit,arbitrum,arbitrum,5,camelot-v3;uniswap_v3_arbitrum,0x689c96ceab93f5e131631d225d75dea3fd37747e;0xc6f780497a95e246eb9449f5e4770916dcd6396a;0xcda53b1f66614552f834ceef361a8d12a0b8dad8;0xe51635ae8136abac44906a8f230c2d235e9c195f;0xfae2ae0a9f87fd35b5b0e24b47bac796a7eefea1,0.023696682464454888,0.07870370370370372,0.0277777777777779,0.19444444444444442
2026-04-10,ARB,0.1165,36116494.075455576,13039292.555773852,49155786.63122943,0.26526465039804265,2.7698200589466064,12,binance;bitget;bybit;coinbase;crypto_com;gate;htx;kraken;kucoin;mexc;okx;upbit,arbitrum,arbitrum,5,camelot-v3;uniswap_v3_arbitrum,0x689c96ceab93f5e131631d225d75dea3fd37747e;0xc6f780497a95e246eb9449f5e4770916dcd6396a;0xcda53b1f66614552f834ceef361a8d12a0b8dad8;0xe51635ae8136abac44906a8f230c2d235e9c195f;0xfae2ae0a9f87fd35b5b0e24b47bac796a7eefea1,0.07870370370370372,-0.007725321888412129,-0.02489270386266096,0.1270386266094421
2026-04-11,ARB,0.1156,39376892.65402168,11161795.286793726,50538687.940815404,0.2208564515933818,3.5278278845170314,12,binance;bitget;bybit;coinbase;crypto_com;gate;htx;kraken;kucoin;mexc;okx;upbit,arbitrum,arbitrum,5,camelot-v3;uniswap_v3_arbitrum,0x689c96ceab93f5e131631d225d75dea3fd37747e;0xc6f780497a95e246eb9449f5e4770916dcd6396a;0xcda53b1f66614552f834ceef361a8d12a0b8dad8;0xe51635ae8136abac44906a8f230c2d235e9c195f;0xfae2ae0a9f87fd35b5b0e24b47bac796a7eefea1,-0.007725321888412129,-0.03979238754325254,-0.04671280276816603,0.11764705882352944
2026-04-12,ARB,0.111,17001804.53218772,4736844.0492412755,21738648.581428993,0.21789965606637993,3.589268372664915,12,binance;bitget;bybit;coinbase;crypto_com;gate;htx;kraken;kucoin;mexc;okx;upbit,arbitrum,arbitrum,5,camelot-v3;uniswap_v3_arbitrum,0x689c96ceab93f5e131631d225d75dea3fd37747e;0xc6f780497a95e246eb9449f5e4770916dcd6396a;0xcda53b1f66614552f834ceef361a8d12a0b8dad8;0xe51635ae8136abac44906a8f230c2d235e9c195f;0xfae2ae0a9f87fd35b5b0e24b47bac796a7eefea1,-0.03979238754325254,0.023423423423423406,0.03513513513513522,0.09459459459459452
2026-04-13,ARB,0.1136,16109585.575185306,5356964.220373286,21466549.795558594,0.24954938131145957,3.007222918144253,12,binance;bitget;bybit;coinbase;crypto_com;gate;htx;kraken;kucoin;mexc;okx;upbit,arbitrum,arbitrum,5,camelot-v3;uniswap_v3_arbitrum,0x689c96ceab93f5e131631d225d75dea3fd37747e;0xc6f780497a95e246eb9449f5e4770916dcd6396a;0xcda53b1f66614552f834ceef361a8d12a0b8dad8;0xe51635ae8136abac44906a8f230c2d235e9c195f;0xfae2ae0a9f87fd35b5b0e24b47bac796a7eefea1,0.023423423423423406,-0.029929577464788748,0.13556338028169002,0.11795774647887325
2026-04-14,ARB,0.1102,15803694.387000974,6649457.800276291,22453152.187277265,0.29614807510386465,2.3766891770249776,12,binance;bitget;bybit;coinbase;crypto_com;gate;htx;kraken;kucoin;mexc;okx;upbit,arbitrum,arbitrum,5,camelot-v3;uniswap_v3_arbitrum,0x689c96ceab93f5e131631d225d75dea3fd37747e;0xc6f780497a95e246eb9449f5e4770916dcd6396a;0xcda53b1f66614552f834ceef361a8d12a0b8dad8;0xe51635ae8136abac44906a8f230c2d235e9c195f;0xfae2ae0a9f87fd35b5b0e24b47bac796a7eefea1,-0.029929577464788748,0.042649727767695156,0.19147005444646092,0.13702359346642456
2026-04-15,ARB,0.1149,24319335.91968333,9895762.098139362,34215098.01782269,0.2892220882425836,2.4575505836236644,12,binance;bitget;bybit;coinbase;crypto_com;gate;htx;kraken;kucoin;mexc;okx;upbit,arbitrum,arbitrum,5,camelot-v3;uniswap_v3_arbitrum,0x689c96ceab93f5e131631d225d75dea3fd37747e;0xc6f780497a95e246eb9449f5e4770916dcd6396a;0xcda53b1f66614552f834ceef361a8d12a0b8dad8;0xe51635ae8136abac44906a8f230c2d235e9c195f;0xfae2ae0a9f87fd35b5b0e24b47bac796a7eefea1,0.042649727767695156,0.12271540469973896,0.12445604873803306,0.11836379460400348
2026-04-16,ARB,0.129,41644072.32389745,12625556.059184719,54269628.38308217,0.23264496985427244,3.2983951066141453,12,binance;bitget;bybit;coinbase;crypto_com;gate;htx;kraken;kucoin;mexc;okx;upbit,arbitrum,arbitrum,5,camelot-v3;uniswap_v3_arbitrum,0x689c96ceab93f5e131631d225d75dea3fd37747e;0xc6f780497a95e246eb9449f5e4770916dcd6396a;0xcda53b1f66614552f834ceef361a8d12a0b8dad8;0xe51635ae8136abac44906a8f230c2d235e9c195f;0xfae2ae0a9f87fd35b5b0e24b47bac796a7eefea1,0.12271540469973896,0.01782945736434116,-0.058139534883721034,-0.003875968992248069
2026-04-17,ARB,0.1313,38623424.43975097,15940757.892993959,54564182.332744926,0.29214692150582505,2.4229352643719753,12,binance;bitget;bybit;coinbase;crypto_com;gate;htx;kraken;kucoin;mexc;okx;upbit,arbitrum,arbitrum,5,camelot-v3;uniswap_v3_arbitrum,0x689c96ceab93f5e131631d225d75dea3fd37747e;0xc6f780497a95e246eb9449f5e4770916dcd6396a;0xcda53b1f66614552f834ceef361a8d12a0b8dad8;0xe51635ae8136abac44906a8f230c2d235e9c195f;0xfae2ae0a9f87fd35b5b0e24b47bac796a7eefea1,0.01782945736434116,-0.015993907083015957,-0.03274942878903275,-0.01980198019801971
2026-04-18,ARB,0.1292,19912027.007895738,9637780.350074751,29549807.35797049,0.32615374554972,2.0660386815872287,12,binance;bitget;bybit;coinbase;crypto_com;gate;htx;kraken;kucoin;mexc;okx;upbit,arbitrum,arbitrum,5,camelot-v3;uniswap_v3_arbitrum,0x689c96ceab93f5e131631d225d75dea3fd37747e;0xc6f780497a95e246eb9449f5e4770916dcd6396a;0xcda53b1f66614552f834ceef361a8d12a0b8dad8;0xe51635ae8136abac44906a8f230c2d235e9c195f;0xfae2ae0a9f87fd35b5b0e24b47bac796a7eefea1,-0.015993907083015957,-0.059597523219814375,-0.030185758513932015,0.0
2026-04-19,ARB,0.1215,15138531.104479551,10635151.510879472,25773682.615359023,0.4126360857932574,1.4234429184194737,12,binance;bitget;bybit;coinbase;crypto_com;gate;htx;kraken;kucoin;mexc;okx;upbit,arbitrum,arbitrum,5,camelot-v3;uniswap_v3_arbitrum,0x689c96ceab93f5e131631d225d75dea3fd37747e;0xc6f780497a95e246eb9449f5e4770916dcd6396a;0xcda53b1f66614552f834ceef361a8d12a0b8dad8;0xe51635ae8136abac44906a8f230c2d235e9c195f;0xfae2ae0a9f87fd35b5b0e24b47bac796a7eefea1,-0.059597523219814375,0.04526748971193428,0.057613168724279795,0.0658436213991771
2026-04-20,ARB,0.127,15632450.192168936,10797671.341273168,26430121.533442102,0.40853657549818095,1.4477612531523574,12,binance;bitget;bybit;coinbase;crypto_com;gate;htx;kraken;kucoin;mexc;okx;upbit,arbitrum,arbitrum,5,camelot-v3;uniswap_v3_arbitrum,0x689c96ceab93f5e131631d225d75dea3fd37747e;0xc6f780497a95e246eb9449f5e4770916dcd6396a;0xcda53b1f66614552f834ceef361a8d12a0b8dad8;0xe51635ae8136abac44906a8f230c2d235e9c195f;0xfae2ae0a9f87fd35b5b0e24b47bac796a7eefea1,0.04526748971193428,-0.013385826771653564,0.011811023622047223,-0.0023622047244094
2026-04-21,ARB,0.1253,12726549.758460848,6766853.5234727515,19493403.2819336,0.34713556302117043,1.880718965515538,12,binance;bitget;bybit;coinbase;crypto_com;gate;htx;kraken;kucoin;mexc;okx;upbit,arbitrum,arbitrum,5,camelot-v3;uniswap_v3_arbitrum,0x689c96ceab93f5e131631d225d75dea3fd37747e;0xc6f780497a95e246eb9449f5e4770916dcd6396a;0xcda53b1f66614552f834ceef361a8d12a0b8dad8;0xe51635ae8136abac44906a8f230c2d235e9c195f;0xfae2ae0a9f87fd35b5b0e24b47bac796a7eefea1,-0.013385826771653564,0.025538707102952918,0.02713487629688749,-0.006384676775738174
2026-04-22,ARB,0.1285,20933919.462986756,10609537.262978157,31543456.72596491,0.3363466900647241,1.973122761539789,12,binance;bitget;bybit;coinbase;crypto_com;gate;htx;kraken;kucoin;mexc;okx;upbit,arbitrum,arbitrum,5,camelot-v3;uniswap_v3_arbitrum,0x689c96ceab93f5e131631d225d75dea3fd37747e;0xc6f780497a95e246eb9449f5e4770916dcd6396a;0xcda53b1f66614552f834ceef361a8d12a0b8dad8;0xe51635ae8136abac44906a8f230c2d235e9c195f;0xfae2ae0a9f87fd35b5b0e24b47bac796a7eefea1,0.025538707102952918,0.0,0.005447470817120603,-0.024902723735408583
2026-04-23,ARB,0.1285,20799077.653003015,9927483.041023534,30726560.69402655,0.32309125449739984,2.0951007991708046,12,binance;bitget;bybit;coinbase;crypto_com;gate;htx;kraken;kucoin;mexc;okx;upbit,arbitrum,arbitrum,5,camelot-v3;uniswap_v3_arbitrum,0x689c96ceab93f5e131631d225d75dea3fd37747e;0xc6f780497a95e246eb9449f5e4770916dcd6396a;0xcda53b1f66614552f834ceef361a8d12a0b8dad8;0xe51635ae8136abac44906a8f230c2d235e9c195f;0xfae2ae0a9f87fd35b5b0e24b47bac796a7eefea1,0.0,0.0015564202334630295,0.0077821011673151474,-0.036575875486381415
2026-04-24,ARB,0.1287,18339787.883217737,8369363.800996819,26709151.684214555,0.3133519139787288,2.191300117821788,12,binance;bitget;bybit;coinbase;crypto_com;gate;htx;kraken;kucoin;mexc;okx;upbit,arbitrum,arbitrum,5,camelot-v3;uniswap_v3_arbitrum,0x689c96ceab93f5e131631d225d75dea3fd37747e;0xc6f780497a95e246eb9449f5e4770916dcd6396a;0xcda53b1f66614552f834ceef361a8d12a0b8dad8;0xe51635ae8136abac44906a8f230c2d235e9c195f;0xfae2ae0a9f87fd35b5b0e24b47bac796a7eefea1,0.0015564202334630295,0.0038850038850037905,-0.015540015540015606,-0.03962703962703973
2026-04-25,ARB,0.1292,11709330.936231023,5365757.823790393,17075088.760021415,0.3142447983259364,2.1822324675770597,12,binance;bitget;bybit;coinbase;crypto_com;gate;htx;kraken;kucoin;mexc;okx;upbit,arbitrum,arbitrum,5,camelot-v3;uniswap_v3_arbitrum,0x689c96ceab93f5e131631d225d75dea3fd37747e;0xc6f780497a95e246eb9449f5e4770916dcd6396a;0xcda53b1f66614552f834ceef361a8d12a0b8dad8;0xe51635ae8136abac44906a8f230c2d235e9c195f;0xfae2ae0a9f87fd35b5b0e24b47bac796a7eefea1,0.0038850038850037905,0.0023219814241486336,-0.03637770897832826,-0.051083591331269385
2026-04-26,ARB,0.1295,12911258.076766636,6063948.170083195,18975206.24684983,0.31957218757977407,2.1291834485764576,12,binance;bitget;bybit;coinbase;crypto_com;gate;htx;kraken;kucoin;mexc;okx;upbit,arbitrum,arbitrum,5,camelot-v3;uniswap_v3_arbitrum,0x689c96ceab93f5e131631d225d75dea3fd37747e;0xc6f780497a95e246eb9449f5e4770916dcd6396a;0xcda53b1f66614552f834ceef361a8d12a0b8dad8;0xe51635ae8136abac44906a8f230c2d235e9c195f;0xfae2ae0a9f87fd35b5b0e24b47bac796a7eefea1,0.0023219814241486336,-0.021621621621621623,-0.032432432432432545,-0.0942084942084942
2026-04-27,ARB,0.1267,12654408.842104107,5183301.435801147,17837710.277905256,0.2905810978565708,2.4413800738463522,12,binance;bitget;bybit;coinbase;crypto_com;gate;htx;kraken;kucoin;mexc;okx;upbit,arbitrum,arbitrum,5,camelot-v3;uniswap_v3_arbitrum,0x689c96ceab93f5e131631d225d75dea3fd37747e;0xc6f780497a95e246eb9449f5e4770916dcd6396a;0xcda53b1f66614552f834ceef361a8d12a0b8dad8;0xe51635ae8136abac44906a8f230c2d235e9c195f;0xfae2ae0a9f87fd35b5b0e24b47bac796a7eefea1,-0.021621621621621623,-0.017363851617995363,-0.022888713496448387,-0.08129439621152335
2026-04-28,ARB,0.1245,13566110.762003347,4550410.965421764,18116521.727425113,0.2511746478648421,2.9812935282310145,12,binance;bitget;bybit;coinbase;crypto_com;gate;htx;kraken;kucoin;mexc;okx;upbit,arbitrum,arbitrum,5,camelot-v3;uniswap_v3_arbitrum,0x689c96ceab93f5e131631d225d75dea3fd37747e;0xc6f780497a95e246eb9449f5e4770916dcd6396a;0xcda53b1f66614552f834ceef361a8d12a0b8dad8;0xe51635ae8136abac44906a8f230c2d235e9c195f;0xfae2ae0a9f87fd35b5b0e24b47bac796a7eefea1,-0.017363851617995363,0.006425702811244882,-0.0072289156626506035,-0.03614457831325302
2026-04-29,ARB,0.1253,20539662.871564843,10584831.057910532,31124493.929475375,0.3400804228944116,1.940480935330055,12,binance;bitget;bybit;coinbase;crypto_com;gate;htx;kraken;kucoin;mexc;okx;upbit,arbitrum,arbitrum,5,camelot-v3;uniswap_v3_arbitrum,0x689c96ceab93f5e131631d225d75dea3fd37747e;0xc6f780497a95e246eb9449f5e4770916dcd6396a;0xcda53b1f66614552f834ceef361a8d12a0b8dad8;0xe51635ae8136abac44906a8f230c2d235e9c195f;0xfae2ae0a9f87fd35b5b0e24b47bac796a7eefea1,0.006425702811244882,-0.011971268954509173,-0.02154828411811649,0.022346368715083775
2026-04-30,ARB,0.1238,13184676.23872911,6225052.682350731,19409728.92107984,0.3207181670419953,2.118002354600195,12,binance;bitget;bybit;coinbase;crypto_com;gate;htx;kraken;kucoin;mexc;okx;upbit,arbitrum,arbitrum,5,camelot-v3;uniswap_v3_arbitrum,0x689c96ceab93f5e131631d225d75dea3fd37747e;0xc6f780497a95e246eb9449f5e4770916dcd6396a;0xcda53b1f66614552f834ceef361a8d12a0b8dad8;0xe51635ae8136abac44906a8f230c2d235e9c195f;0xfae2ae0a9f87fd35b5b0e24b47bac796a7eefea1,-0.011971268954509173,-0.001615508885298822,-0.05250403877221321,0.022617124394184174
2026-05-01,ARB,0.1236,14188726.235666895,6153747.37619092,20342473.611857817,0.30250732991507207,2.3057050230179437,12,binance;bitget;bybit;coinbase;crypto_com;gate;htx;kraken;kucoin;mexc;okx;upbit,arbitrum,arbitrum,5,camelot-v3;uniswap_v3_arbitrum,0x689c96ceab93f5e131631d225d75dea3fd37747e;0xc6f780497a95e246eb9449f5e4770916dcd6396a;0xcda53b1f66614552f834ceef361a8d12a0b8dad8;0xe51635ae8136abac44906a8f230c2d235e9c195f;0xfae2ae0a9f87fd35b5b0e24b47bac796a7eefea1,-0.001615508885298822,-0.008090614886731351,-0.058252427184465994,0.15372168284789645
2026-05-02,ARB,0.1226,9835261.250476258,4067312.0754645807,13902573.325940838,0.2925582178283049,2.418123091612744,12,binance;bitget;bybit;coinbase;crypto_com;gate;htx;kraken;kucoin;mexc;okx;upbit,arbitrum,arbitrum,5,camelot-v3;uniswap_v3_arbitrum,0x689c96ceab93f5e131631d225d75dea3fd37747e;0xc6f780497a95e246eb9449f5e4770916dcd6396a;0xcda53b1f66614552f834ceef361a8d12a0b8dad8;0xe51635ae8136abac44906a8f230c2d235e9c195f;0xfae2ae0a9f87fd35b5b0e24b47bac796a7eefea1,-0.008090614886731351,-0.04323001631321366,-0.021207177814029365,0.16231647634584
2026-05-03,ARB,0.1173,17926230.931430954,5042201.494061098,22968432.425492052,0.21952745405754784,3.5552389075575754,12,binance;bitget;bybit;coinbase;crypto_com;gate;htx;kraken;kucoin;mexc;okx;upbit,arbitrum,arbitrum,5,camelot-v3;uniswap_v3_arbitrum,0x689c96ceab93f5e131631d225d75dea3fd37747e;0xc6f780497a95e246eb9449f5e4770916dcd6396a;0xcda53b1f66614552f834ceef361a8d12a0b8dad8;0xe51635ae8136abac44906a8f230c2d235e9c195f;0xfae2ae0a9f87fd35b5b0e24b47bac796a7eefea1,-0.04323001631321366,-0.007672634271099765,0.09207161125319674,0.22847399829497017
2026-05-04,ARB,0.1164,20419921.80996842,7733978.182315632,28153899.992284052,0.2747036177735671,2.640286968569452,12,binance;bitget;bybit;coinbase;crypto_com;gate;htx;kraken;kucoin;mexc;okx;upbit,arbitrum,arbitrum,5,camelot-v3;uniswap_v3_arbitrum,0x689c96ceab93f5e131631d225d75dea3fd37747e;0xc6f780497a95e246eb9449f5e4770916dcd6396a;0xcda53b1f66614552f834ceef361a8d12a0b8dad8;0xe51635ae8136abac44906a8f230c2d235e9c195f;0xfae2ae0a9f87fd35b5b0e24b47bac796a7eefea1,-0.007672634271099765,0.030927835051546282,0.08762886597938135,0.21134020618556693
2026-05-05,ARB,0.12,13843891.250306688,6376765.008957257,20220656.259263944,0.31535895409110615,2.17098971513935,12,binance;bitget;bybit;coinbase;crypto_com;gate;htx;kraken;kucoin;mexc;okx;upbit,arbitrum,arbitrum,5,camelot-v3;uniswap_v3_arbitrum,0x689c96ceab93f5e131631d225d75dea3fd37747e;0xc6f780497a95e246eb9449f5e4770916dcd6396a;0xcda53b1f66614552f834ceef361a8d12a0b8dad8;0xe51635ae8136abac44906a8f230c2d235e9c195f;0xfae2ae0a9f87fd35b5b0e24b47bac796a7eefea1,0.030927835051546282,0.0674999999999999,0.18833333333333346,0.13583333333333347
2026-05-06,ARB,0.1281,24979469.269627295,12173986.589949194,37153455.85957649,0.32766767742848574,2.0518725797061634,12,binance;bitget;bybit;coinbase;crypto_com;gate;htx;kraken;kucoin;mexc;okx;upbit,arbitrum,arbitrum,5,camelot-v3;uniswap_v3_arbitrum,0x689c96ceab93f5e131631d225d75dea3fd37747e;0xc6f780497a95e246eb9449f5e4770916dcd6396a;0xcda53b1f66614552f834ceef361a8d12a0b8dad8;0xe51635ae8136abac44906a8f230c2d235e9c195f;0xfae2ae0a9f87fd35b5b0e24b47bac796a7eefea1,0.0674999999999999,-0.011709601873536313,0.11241217798594838,0.030444964871194413
2026-05-07,ARB,0.1266,24098954.460575446,16664129.77241816,40763084.2329936,0.4088044387703674,1.4461573925368205,12,binance;bitget;bybit;coinbase;crypto_com;gate;htx;kraken;kucoin;mexc;okx;upbit,arbitrum,arbitrum,5,camelot-v3;uniswap_v3_arbitrum,0x689c96ceab93f5e131631d225d75dea3fd37747e;0xc6f780497a95e246eb9449f5e4770916dcd6396a;0xcda53b1f66614552f834ceef361a8d12a0b8dad8;0xe51635ae8136abac44906a8f230c2d235e9c195f;0xfae2ae0a9f87fd35b5b0e24b47bac796a7eefea1,-0.011709601873536313,0.12638230647709325,0.13823064770932092,0.03791469194312791
2026-05-08,ARB,0.1426,42112734.63089311,18633100.230520066,60745834.86141318,0.3067387298739084,2.2601034776764957,12,binance;bitget;bybit;coinbase;crypto_com;gate;htx;kraken;kucoin;mexc;okx;upbit,arbitrum,arbitrum,5,camelot-v3;uniswap_v3_arbitrum,0x689c96ceab93f5e131631d225d75dea3fd37747e;0xc6f780497a95e246eb9449f5e4770916dcd6396a;0xcda53b1f66614552f834ceef361a8d12a0b8dad8;0xe51635ae8136abac44906a8f230c2d235e9c195f;0xfae2ae0a9f87fd35b5b0e24b47bac796a7eefea1,0.12638230647709325,-0.0007012622720898865,-0.011220196353436296,-0.12482468443197758
2026-05-09,ARB,0.1425,30851391.86229829,9227065.535975913,40078457.398274206,0.2302250669052256,3.3435756733286555,12,binance;bitget;bybit;coinbase;crypto_com;gate;htx;kraken;kucoin;mexc;okx;upbit,arbitrum,arbitrum,5,camelot-v3;uniswap_v3_arbitrum,0x689c96ceab93f5e131631d225d75dea3fd37747e;0xc6f780497a95e246eb9449f5e4770916dcd6396a;0xcda53b1f66614552f834ceef361a8d12a0b8dad8;0xe51635ae8136abac44906a8f230c2d235e9c195f;0xfae2ae0a9f87fd35b5b0e24b47bac796a7eefea1,-0.0007012622720898865,0.011228070175438809,-0.0435087719298245,-0.16140350877192977
2026-05-10,ARB,0.1441,25470742.749806758,7048715.756207357,32519458.506014116,0.2167537861955412,3.6135295606687343,12,binance;bitget;bybit;coinbase;crypto_com;gate;htx;kraken;kucoin;mexc;okx;upbit,arbitrum,arbitrum,5,camelot-v3;uniswap_v3_arbitrum,0x689c96ceab93f5e131631d225d75dea3fd37747e;0xc6f780497a95e246eb9449f5e4770916dcd6396a;0xcda53b1f66614552f834ceef361a8d12a0b8dad8;0xe51635ae8136abac44906a8f230c2d235e9c195f;0xfae2ae0a9f87fd35b5b0e24b47bac796a7eefea1,0.011228070175438809,-0.021512838306731563,-0.08396946564885499,-0.19153365718251214
2026-05-11,ARB,0.141,13779505.147137437,5023868.039301913,18803373.18643935,0.2671790848104337,2.742807939886127,12,binance;bitget;bybit;coinbase;crypto_com;gate;htx;kraken;kucoin;mexc;okx;upbit,arbitrum,arbitrum,5,camelot-v3;uniswap_v3_arbitrum,0x689c96ceab93f5e131631d225d75dea3fd37747e;0xc6f780497a95e246eb9449f5e4770916dcd6396a;0xcda53b1f66614552f834ceef361a8d12a0b8dad8;0xe51635ae8136abac44906a8f230c2d235e9c195f;0xfae2ae0a9f87fd35b5b0e24b47bac796a7eefea1,-0.021512838306731563,-0.033333333333333215,-0.06808510638297871,-0.16595744680851054
2026-05-12,ARB,0.1363,14588169.153505424,5480012.50004218,20068181.653547604,0.2730697077915595,2.662068590791196,12,binance;bitget;bybit;coinbase;crypto_com;gate;htx;kraken;kucoin;mexc;okx;upbit,arbitrum,arbitrum,5,camelot-v3;uniswap_v3_arbitrum,0x689c96ceab93f5e131631d225d75dea3fd37747e;0xc6f780497a95e246eb9449f5e4770916dcd6396a;0xcda53b1f66614552f834ceef361a8d12a0b8dad8;0xe51635ae8136abac44906a8f230c2d235e9c195f;0xfae2ae0a9f87fd35b5b0e24b47bac796a7eefea1,-0.033333333333333215,-0.031548055759354376,-0.08437270726338963,-0.16727806309611148
2026-05-13,ARB,0.132,14178421.114288755,6656254.246130991,20834675.360419746,0.31947962379947015,2.130090076191139,12,binance;bitget;bybit;coinbase;crypto_com;gate;htx;kraken;kucoin;mexc;okx;upbit,arbitrum,arbitrum,5,camelot-v3;uniswap_v3_arbitrum,0x689c96ceab93f5e131631d225d75dea3fd37747e;0xc6f780497a95e246eb9449f5e4770916dcd6396a;0xcda53b1f66614552f834ceef361a8d12a0b8dad8;0xe51635ae8136abac44906a8f230c2d235e9c195f;0xfae2ae0a9f87fd35b5b0e24b47bac796a7eefea1,-0.031548055759354376,-0.00454545454545463,-0.09469696969696972,-0.1659090909090909
2026-05-14,ARB,0.1314,12350253.744425818,5356526.968601979,17706780.713027798,0.3025127523413053,2.3056457695104555,12,binance;bitget;bybit;coinbase;crypto_com;gate;htx;kraken;kucoin;mexc;okx;upbit,arbitrum,arbitrum,5,camelot-v3;uniswap_v3_arbitrum,0x689c96ceab93f5e131631d225d75dea3fd37747e;0xc6f780497a95e246eb9449f5e4770916dcd6396a;0xcda53b1f66614552f834ceef361a8d12a0b8dad8;0xe51635ae8136abac44906a8f230c2d235e9c195f;0xfae2ae0a9f87fd35b5b0e24b47bac796a7eefea1,-0.00454545454545463,-0.05022831050228305,-0.11339421613394207,-0.1400304414003043
2026-05-15,ARB,0.1248,11572508.78885127,4606331.193569363,16178839.982420634,0.28471331681223394,2.512304978201956,12,binance;bitget;bybit;coinbase;crypto_com;gate;htx;kraken;kucoin;mexc;okx;upbit,arbitrum,arbitrum,5,camelot-v3;uniswap_v3_arbitrum,0x689c96ceab93f5e131631d225d75dea3fd37747e;0xc6f780497a95e246eb9449f5e4770916dcd6396a;0xcda53b1f66614552f834ceef361a8d12a0b8dad8;0xe51635ae8136abac44906a8f230c2d235e9c195f;0xfae2ae0a9f87fd35b5b0e24b47bac796a7eefea1,-0.05022831050228305,-0.04246794871794868,-0.05769230769230771,-0.1282051282051282
2026-05-16,ARB,0.1195,7870341.075030198,2667687.562075408,10538028.637105606,0.2531486347154319,2.9502484424777347,12,binance;bitget;bybit;coinbase;crypto_com;gate;htx;kraken;kucoin;mexc;okx;upbit,arbitrum,arbitrum,5,camelot-v3;uniswap_v3_arbitrum,0x689c96ceab93f5e131631d225d75dea3fd37747e;0xc6f780497a95e246eb9449f5e4770916dcd6396a;0xcda53b1f66614552f834ceef361a8d12a0b8dad8;0xe51635ae8136abac44906a8f230c2d235e9c195f;0xfae2ae0a9f87fd35b5b0e24b47bac796a7eefea1,-0.04246794871794868,-0.025104602510460206,-0.05020920502092041,-0.08451882845188285
2026-05-17,ARB,0.1165,13362002.595757706,4613141.313683215,17975143.90944092,0.2566400211828233,2.8965084065654265,12,binance;bitget;bybit;coinbase;crypto_com;gate;htx;kraken;kucoin;mexc;okx;upbit,arbitrum,arbitrum,5,camelot-v3;uniswap_v3_arbitrum,0x689c96ceab93f5e131631d225d75dea3fd37747e;0xc6f780497a95e246eb9449f5e4770916dcd6396a;0xcda53b1f66614552f834ceef361a8d12a0b8dad8;0xe51635ae8136abac44906a8f230c2d235e9c195f;0xfae2ae0a9f87fd35b5b0e24b47bac796a7eefea1,-0.025104602510460206,0.009442060085836923,-0.05493562231759663,-0.09270386266094421
2026-05-18,ARB,0.1176,11700632.07257149,4395951.160053727,16096583.232625216,0.2730984020971502,2.661683819168838,12,binance;bitget;bybit;coinbase;crypto_com;gate;htx;kraken;kucoin;mexc;okx;upbit,arbitrum,arbitrum,5,camelot-v3;uniswap_v3_arbitrum,0x689c96ceab93f5e131631d225d75dea3fd37747e;0xc6f780497a95e246eb9449f5e4770916dcd6396a;0xcda53b1f66614552f834ceef361a8d12a0b8dad8;0xe51635ae8136abac44906a8f230c2d235e9c195f;0xfae2ae0a9f87fd35b5b0e24b47bac796a7eefea1,0.009442060085836923,-0.03486394557823125,-0.03911564625850339,-0.07823129251700678
2026-05-19,ARB,0.1135,6029157.570290203,2508102.3064150237,8537259.876705227,0.2937830571678664,2.403872264249072,12,binance;bitget;bybit;coinbase;crypto_com;gate;htx;kraken;kucoin;mexc;okx;upbit,arbitrum,arbitrum,5,camelot-v3;uniswap_v3_arbitrum,0x689c96ceab93f5e131631d225d75dea3fd37747e;0xc6f780497a95e246eb9449f5e4770916dcd6396a;0xcda53b1f66614552f834ceef361a8d12a0b8dad8;0xe51635ae8136abac44906a8f230c2d235e9c195f;0xfae2ae0a9f87fd35b5b0e24b47bac796a7eefea1,-0.03486394557823125,-0.02995594713656391,-0.041409691629956,-0.041409691629956
2026-05-20,ARB,0.1101,10662727.522805082,3219312.552377989,13882040.075183071,0.23190485944015934,3.3121131761279012,12,binance;bitget;bybit;coinbase;crypto_com;gate;htx;kraken;kucoin;mexc;okx;upbit,arbitrum,arbitrum,5,camelot-v3;uniswap_v3_arbitrum,0x689c96ceab93f5e131631d225d75dea3fd37747e;0xc6f780497a95e246eb9449f5e4770916dcd6396a;0xcda53b1f66614552f834ceef361a8d12a0b8dad8;0xe51635ae8136abac44906a8f230c2d235e9c195f;0xfae2ae0a9f87fd35b5b0e24b47bac796a7eefea1,-0.02995594713656391,0.026339691189827485,-0.00635785649409637,-0.026339691189827374
2026-05-21,ARB,0.113,14112609.186717512,6551514.802036012,20664123.988753524,0.3170477880214851,2.154098649419481,12,binance;bitget;bybit;coinbase;crypto_com;gate;htx;kraken;kucoin;mexc;okx;upbit,arbitrum,arbitrum,5,camelot-v3;uniswap_v3_arbitrum,0x689c96ceab93f5e131631d225d75dea3fd37747e;0xc6f780497a95e246eb9449f5e4770916dcd6396a;0xcda53b1f66614552f834ceef361a8d12a0b8dad8;0xe51635ae8136abac44906a8f230c2d235e9c195f;0xfae2ae0a9f87fd35b5b0e24b47bac796a7eefea1,0.026339691189827485,-0.03716814159292048,-0.06460176991150446,-0.07610619469026547
2026-05-22,ARB,0.1088,14765770.729175925,7707280.815609863,22473051.54478579,0.342956576246456,1.9158210375921714,12,binance;bitget;bybit;coinbase;crypto_com;gate;htx;kraken;kucoin;mexc;okx;upbit,arbitrum,arbitrum,5,camelot-v3;uniswap_v3_arbitrum,0x689c96ceab93f5e131631d225d75dea3fd37747e;0xc6f780497a95e246eb9449f5e4770916dcd6396a;0xcda53b1f66614552f834ceef361a8d12a0b8dad8;0xe51635ae8136abac44906a8f230c2d235e9c195f;0xfae2ae0a9f87fd35b5b0e24b47bac796a7eefea1,-0.03716814159292048,0.005514705882353033,-0.003676470588235281,-0.051470588235294046
2026-05-23,ARB,0.1094,12037412.422377365,5095288.0428893035,17132700.465266667,0.2974013380563702,2.362459653125224,12,binance;bitget;bybit;coinbase;crypto_com;gate;htx;kraken;kucoin;mexc;okx;upbit,arbitrum,arbitrum,5,camelot-v3;uniswap_v3_arbitrum,0x689c96ceab93f5e131631d225d75dea3fd37747e;0xc6f780497a95e246eb9449f5e4770916dcd6396a;0xcda53b1f66614552f834ceef361a8d12a0b8dad8;0xe51635ae8136abac44906a8f230c2d235e9c195f;0xfae2ae0a9f87fd35b5b0e24b47bac796a7eefea1,0.005514705882353033,-0.03382084095063986,-0.005484460694698434,-0.054844606946983454
2026-05-24,ARB,0.1057,9721514.163167667,2561848.13901017,12283362.302177837,0.20856245024670117,3.794726945416757,12,binance;bitget;bybit;coinbase;crypto_com;gate;htx;kraken;kucoin;mexc;okx;upbit,arbitrum,arbitrum,5,camelot-v3;uniswap_v3_arbitrum,0x689c96ceab93f5e131631d225d75dea3fd37747e;0xc6f780497a95e246eb9449f5e4770916dcd6396a;0xcda53b1f66614552f834ceef361a8d12a0b8dad8;0xe51635ae8136abac44906a8f230c2d235e9c195f;0xfae2ae0a9f87fd35b5b0e24b47bac796a7eefea1,-0.03382084095063986,0.02554399243140959,0.014191106906338735,-0.018921475875118277
2026-05-25,ARB,0.1084,10543333.834137313,3916629.6663479507,14459963.500485264,0.2708602733483049,2.6919404519468935,12,binance;bitget;bybit;coinbase;crypto_com;gate;htx;kraken;kucoin;mexc;okx;upbit,arbitrum,arbitrum,5,camelot-v3;uniswap_v3_arbitrum,0x689c96ceab93f5e131631d225d75dea3fd37747e;0xc6f780497a95e246eb9449f5e4770916dcd6396a;0xcda53b1f66614552f834ceef361a8d12a0b8dad8;0xe51635ae8136abac44906a8f230c2d235e9c195f;0xfae2ae0a9f87fd35b5b0e24b47bac796a7eefea1,0.02554399243140959,0.0036900369003689537,-0.03690036900368998,-0.056273062730627266
2026-05-26,ARB,0.1088,13273930.663496144,7159562.786354116,20433493.44985026,0.35038368764136035,1.8540141429859105,12,binance;bitget;bybit;coinbase;crypto_com;gate;htx;kraken;kucoin;mexc;okx;upbit,arbitrum,arbitrum,5,camelot-v3;uniswap_v3_arbitrum,0x689c96ceab93f5e131631d225d75dea3fd37747e;0xc6f780497a95e246eb9449f5e4770916dcd6396a;0xcda53b1f66614552f834ceef361a8d12a0b8dad8;0xe51635ae8136abac44906a8f230c2d235e9c195f;0xfae2ae0a9f87fd35b5b0e24b47bac796a7eefea1,0.0036900369003689537,-0.014705882352941124,-0.051470588235294046,-0.14613970588235292
2026-05-27,ARB,0.1072,12615660.985088896,6434883.809106655,19050544.79419555,0.3377795164717431,1.9605110767089837,12,binance;bitget;bybit;coinbase;crypto_com;gate;htx;kraken;kucoin;mexc;okx;upbit,arbitrum,arbitrum,5,camelot-v3;uniswap_v3_arbitrum,0x689c96ceab93f5e131631d225d75dea3fd37747e;0xc6f780497a95e246eb9449f5e4770916dcd6396a;0xcda53b1f66614552f834ceef361a8d12a0b8dad8;0xe51635ae8136abac44906a8f230c2d235e9c195f;0xfae2ae0a9f87fd35b5b0e24b47bac796a7eefea1,-0.014705882352941124,-0.026119402985074647,-0.035447761194029814,-0.1324626865671642
2026-05-28,ARB,0.1044,12946311.057802025,6282167.294219828,19228478.352021854,0.32671161904807017,2.060803294702741,12,binance;bitget;bybit;coinbase;crypto_com;gate;htx;kraken;kucoin;mexc;okx;upbit,arbitrum,arbitrum,5,camelot-v3;uniswap_v3_arbitrum,0x689c96ceab93f5e131631d225d75dea3fd37747e;0xc6f780497a95e246eb9449f5e4770916dcd6396a;0xcda53b1f66614552f834ceef361a8d12a0b8dad8;0xe51635ae8136abac44906a8f230c2d235e9c195f;0xfae2ae0a9f87fd35b5b0e24b47bac796a7eefea1,-0.026119402985074647,-0.011494252873563315,-0.006704980842911934,-0.1446360153256705
2026-05-29,ARB,0.1032,11963412.959333796,5920596.1260930635,17884009.08542686,0.33105530744320516,2.0206433110019146,12,binance;bitget;bybit;coinbase;crypto_com;gate;htx;kraken;kucoin;mexc;okx;upbit,arbitrum,arbitrum,5,camelot-v3;uniswap_v3_arbitrum,0x689c96ceab93f5e131631d225d75dea3fd37747e;0xc6f780497a95e246eb9449f5e4770916dcd6396a;0xcda53b1f66614552f834ceef361a8d12a0b8dad8;0xe51635ae8136abac44906a8f230c2d235e9c195f;0xfae2ae0a9f87fd35b5b0e24b47bac796a7eefea1,-0.011494252873563315,0.0019379844961240345,-0.008720930232558155,-0.2209302325581396
2026-05-30,ARB,0.1034,8688394.819483895,4068337.8857069747,12756732.705190869,0.3189169185971513,2.1356128875156273,12,binance;bitget;bybit;coinbase;crypto_com;gate;htx;kraken;kucoin;mexc;okx;upbit,arbitrum,arbitrum,5,camelot-v3;uniswap_v3_arbitrum,0x689c96ceab93f5e131631d225d75dea3fd37747e;0xc6f780497a95e246eb9449f5e4770916dcd6396a;0xcda53b1f66614552f834ceef361a8d12a0b8dad8;0xe51635ae8136abac44906a8f230c2d235e9c195f;0xfae2ae0a9f87fd35b5b0e24b47bac796a7eefea1,0.0019379844961240345,0.0029013539651836506,-0.10154738878143144,-0.2272727272727273
2026-05-31,ARB,0.1037,9952607.911858514,4487894.39252432,14440502.304382835,0.310785199706121,2.2176564422810405,12,binance;bitget;bybit;coinbase;crypto_com;gate;htx;kraken;kucoin;mexc;okx;upbit,arbitrum,arbitrum,5,camelot-v3;uniswap_v3_arbitrum,0x689c96ceab93f5e131631d225d75dea3fd37747e;0xc6f780497a95e246eb9449f5e4770916dcd6396a;0xcda53b1f66614552f834ceef361a8d12a0b8dad8;0xe51635ae8136abac44906a8f230c2d235e9c195f;0xfae2ae0a9f87fd35b5b0e24b47bac796a7eefea1,0.0029013539651836506,-0.013500482160077154,-0.10318225650916102,-0.19864995178399236
2026-06-01,ARB,0.1023,15149043.75848999,7912323.890765552,23061367.649255544,0.3430986405969281,1.9146137048522989,12,binance;bitget;bybit;coinbase;crypto_com;gate;htx;kraken;kucoin;mexc;okx;upbit,arbitrum,arbitrum,5,camelot-v3;uniswap_v3_arbitrum,0x689c96ceab93f5e131631d225d75dea3fd37747e;0xc6f780497a95e246eb9449f5e4770916dcd6396a;0xcda53b1f66614552f834ceef361a8d12a0b8dad8;0xe51635ae8136abac44906a8f230c2d235e9c195f;0xfae2ae0a9f87fd35b5b0e24b47bac796a7eefea1,-0.013500482160077154,-0.0918866080156403,-0.1270772238514174,-0.19648093841642233
2026-06-02,ARB,0.0929,22825222.17367321,9809341.99887866,32634564.17255187,0.30058136971012644,2.326886163850994,12,binance;bitget;bybit;coinbase;crypto_com;gate;htx;kraken;kucoin;mexc;okx;upbit,arbitrum,arbitrum,5,camelot-v3;uniswap_v3_arbitrum,0x689c96ceab93f5e131631d225d75dea3fd37747e;0xc6f780497a95e246eb9449f5e4770916dcd6396a;0xcda53b1f66614552f834ceef361a8d12a0b8dad8;0xe51635ae8136abac44906a8f230c2d235e9c195f;0xfae2ae0a9f87fd35b5b0e24b47bac796a7eefea1,-0.0918866080156403,0.0010764262648008671,-0.1345532831001076,-0.13562970936490848
2026-06-03,ARB,0.093,19789450.803159423,9999085.664885497,29788536.46804492,0.3356689132952813,1.9791260387592688,12,binance;bitget;bybit;coinbase;crypto_com;gate;htx;kraken;kucoin;mexc;okx;upbit,arbitrum,arbitrum,5,camelot-v3;uniswap_v3_arbitrum,0x689c96ceab93f5e131631d225d75dea3fd37747e;0xc6f780497a95e246eb9449f5e4770916dcd6396a;0xcda53b1f66614552f834ceef361a8d12a0b8dad8;0xe51635ae8136abac44906a8f230c2d235e9c195f;0xfae2ae0a9f87fd35b5b0e24b47bac796a7eefea1,0.0010764262648008671,-0.03978494623655904,-0.14086021505376345,-0.1655913978494623
2026-06-04,ARB,0.0893,20374826.927643053,12848025.967046857,33222852.89468991,0.3867225372779587,1.5858332618490376,12,binance;bitget;bybit;coinbase;crypto_com;gate;htx;kraken;kucoin;mexc;okx;upbit,arbitrum,arbitrum,5,camelot-v3;uniswap_v3_arbitrum,0x689c96ceab93f5e131631d225d75dea3fd37747e;0xc6f780497a95e246eb9449f5e4770916dcd6396a;0xcda53b1f66614552f834ceef361a8d12a0b8dad8;0xe51635ae8136abac44906a8f230c2d235e9c195f;0xfae2ae0a9f87fd35b5b0e24b47bac796a7eefea1,-0.03978494623655904,-0.09966405375139986,-0.06942889137737973,-0.06494960806271
2026-06-05,ARB,0.0804,29060090.977372207,19978006.068570536,49038097.04594274,0.4073976616558667,1.4546041720895078,12,binance;bitget;bybit;coinbase;crypto_com;gate;htx;kraken;kucoin;mexc;okx;upbit,arbitrum,arbitrum,5,camelot-v3;uniswap_v3_arbitrum,0x689c96ceab93f5e131631d225d75dea3fd37747e;0xc6f780497a95e246eb9449f5e4770916dcd6396a;0xcda53b1f66614552f834ceef361a8d12a0b8dad8;0xe51635ae8136abac44906a8f230c2d235e9c195f;0xfae2ae0a9f87fd35b5b0e24b47bac796a7eefea1,-0.09966405375139986,-0.006218905472636815,0.02238805970149249,0.04353233830845782
2026-06-06,ARB,0.0799,13462922.051918792,8986102.259695265,22449024.31161406,0.40028921234880943,1.4981937288097746,12,binance;bitget;bybit;coinbase;crypto_com;gate;htx;kraken;kucoin;mexc;okx;upbit,arbitrum,arbitrum,5,camelot-v3;uniswap_v3_arbitrum,0x689c96ceab93f5e131631d225d75dea3fd37747e;0xc6f780497a95e246eb9449f5e4770916dcd6396a;0xcda53b1f66614552f834ceef361a8d12a0b8dad8;0xe51635ae8136abac44906a8f230c2d235e9c195f;0xfae2ae0a9f87fd35b5b0e24b47bac796a7eefea1,-0.006218905472636815,0.040050062578222745,0.005006257822277815,0.06633291614518155
2026-06-07,ARB,0.0831,18944827.50679291,8735735.879182756,27680563.385975666,0.3155909710858237,2.168658458635225,12,binance;bitget;bybit;coinbase;crypto_com;gate;htx;kraken;kucoin;mexc;okx;upbit,arbitrum,arbitrum,5,camelot-v3;uniswap_v3_arbitrum,0x689c96ceab93f5e131631d225d75dea3fd37747e;0xc6f780497a95e246eb9449f5e4770916dcd6396a;0xcda53b1f66614552f834ceef361a8d12a0b8dad8;0xe51635ae8136abac44906a8f230c2d235e9c195f;0xfae2ae0a9f87fd35b5b0e24b47bac796a7eefea1,0.040050062578222745,-0.010830324909747224,-0.06618531889290002,0.032490974729241895
2026-06-08,ARB,0.0822,9886013.874353975,5635204.077054069,15521217.951408044,0.3630645542570233,1.754331119011064,12,binance;bitget;bybit;coinbase;crypto_com;gate;htx;kraken;kucoin;mexc;okx;upbit,arbitrum,arbitrum,5,camelot-v3;uniswap_v3_arbitrum,0x689c96ceab93f5e131631d225d75dea3fd37747e;0xc6f780497a95e246eb9449f5e4770916dcd6396a;0xcda53b1f66614552f834ceef361a8d12a0b8dad8;0xe51635ae8136abac44906a8f230c2d235e9c195f;0xfae2ae0a9f87fd35b5b0e24b47bac796a7eefea1,-0.010830324909747224,-0.02311435523114358,0.015815085158150888,0.04987834549878345
2026-06-09,ARB,0.0803,12052496.549826458,5685917.706569297,17738414.256395757,0.32054261583834553,2.119709987343196,12,binance;bitget;bybit;coinbase;crypto_com;gate;htx;kraken;kucoin;mexc;okx;upbit,arbitrum,arbitrum,5,camelot-v3;uniswap_v3_arbitrum,0x689c96ceab93f5e131631d225d75dea3fd37747e;0xc6f780497a95e246eb9449f5e4770916dcd6396a;0xcda53b1f66614552f834ceef361a8d12a0b8dad8;0xe51635ae8136abac44906a8f230c2d235e9c195f;0xfae2ae0a9f87fd35b5b0e24b47bac796a7eefea1,-0.02311435523114358,-0.033623910336239016,0.044831880448318984,0.06600249066002495
2026-06-10,ARB,0.0776,14175208.027905898,6592470.3532402245,20767678.38114612,0.3174389660822743,2.1502118732985624,12,binance;bitget;bybit;coinbase;crypto_com;gate;htx;kraken;kucoin;mexc;okx;upbit,arbitrum,arbitrum,5,camelot-v3;uniswap_v3_arbitrum,0x689c96ceab93f5e131631d225d75dea3fd37747e;0xc6f780497a95e246eb9449f5e4770916dcd6396a;0xcda53b1f66614552f834ceef361a8d12a0b8dad8;0xe51635ae8136abac44906a8f230c2d235e9c195f;0xfae2ae0a9f87fd35b5b0e24b47bac796a7eefea1,-0.033623910336239016,0.0760309278350515,0.09793814432989678,0.10438144329896892
2026-06-11,ARB,0.0835,19330420.240628388,8663679.106661135,27994099.347289525,0.309482330514769,2.231202241293315,12,binance;bitget;bybit;coinbase;crypto_com;gate;htx;kraken;kucoin;mexc;okx;upbit,arbitrum,arbitrum,5,camelot-v3;uniswap_v3_arbitrum,0x689c96ceab93f5e131631d225d75dea3fd37747e;0xc6f780497a95e246eb9449f5e4770916dcd6396a;0xcda53b1f66614552f834ceef361a8d12a0b8dad8;0xe51635ae8136abac44906a8f230c2d235e9c195f;0xfae2ae0a9f87fd35b5b0e24b47bac796a7eefea1,0.0760309278350515,0.004790419161676551,0.02754491017964078,0.021556886227544814
2026-06-12,ARB,0.0839,9662999.434925275,4481123.7713397695,14144123.206265043,0.3168187738462916,2.156378606796711,12,binance;bitget;bybit;coinbase;crypto_com;gate;htx;kraken;kucoin;mexc;okx;upbit,arbitrum,arbitrum,5,camelot-v3;uniswap_v3_arbitrum,0x689c96ceab93f5e131631d225d75dea3fd37747e;0xc6f780497a95e246eb9449f5e4770916dcd6396a;0xcda53b1f66614552f834ceef361a8d12a0b8dad8;0xe51635ae8136abac44906a8f230c2d235e9c195f;0xfae2ae0a9f87fd35b5b0e24b47bac796a7eefea1,0.004790419161676551,0.015494636471990342,0.028605482717520836,0.0
2026-06-13,ARB,0.0852,8168862.132173693,4156247.236425758,12325109.36859945,0.33721787873254777,1.9654418198660044,12,binance;bitget;bybit;coinbase;crypto_com;gate;htx;kraken;kucoin;mexc;okx;upbit,arbitrum,arbitrum,5,camelot-v3;uniswap_v3_arbitrum,0x689c96ceab93f5e131631d225d75dea3fd37747e;0xc6f780497a95e246eb9449f5e4770916dcd6396a;0xcda53b1f66614552f834ceef361a8d12a0b8dad8;0xe51635ae8136abac44906a8f230c2d235e9c195f;0xfae2ae0a9f87fd35b5b0e24b47bac796a7eefea1,0.015494636471990342,0.007042253521126751,0.0046948356807512415,-0.007042253521126751
2026-06-14,ARB,0.0858,8671675.990528313,3421081.6571534886,12092757.647681803,0.28290335065214134,2.53477609118035,12,binance;bitget;bybit;coinbase;crypto_com;gate;htx;kraken;kucoin;mexc;okx;upbit,arbitrum,arbitrum,5,camelot-v3;uniswap_v3_arbitrum,0x689c96ceab93f5e131631d225d75dea3fd37747e;0xc6f780497a95e246eb9449f5e4770916dcd6396a;0xcda53b1f66614552f834ceef361a8d12a0b8dad8;0xe51635ae8136abac44906a8f230c2d235e9c195f;0xfae2ae0a9f87fd35b5b0e24b47bac796a7eefea1,0.007042253521126751,0.005827505827505908,-0.0011655011655011815,-0.045454545454545414
2026-06-15,ARB,0.0863,11739365.416654546,5031912.382126316,16771277.798780862,0.3000315445548279,2.33298287512985,12,binance;bitget;bybit;coinbase;crypto_com;gate;htx;kraken;kucoin;mexc;okx;upbit,arbitrum,arbitrum,5,camelot-v3;uniswap_v3_arbitrum,0x689c96ceab93f5e131631d225d75dea3fd37747e;0xc6f780497a95e246eb9449f5e4770916dcd6396a;0xcda53b1f66614552f834ceef361a8d12a0b8dad8;0xe51635ae8136abac44906a8f230c2d235e9c195f;0xfae2ae0a9f87fd35b5b0e24b47bac796a7eefea1,0.005827505827505908,-0.008111239860950192,-0.011587485515643148,-0.035921205098493725
2026-06-16,ARB,0.0856,9170002.006472956,3371122.669314622,12541124.67578758,0.2688054505847512,2.720162659740085,12,binance;bitget;bybit;coinbase;crypto_com;gate;htx;kraken;kucoin;mexc;okx;upbit,arbitrum,arbitrum,5,camelot-v3;uniswap_v3_arbitrum,0x689c96ceab93f5e131631d225d75dea3fd37747e;0xc6f780497a95e246eb9449f5e4770916dcd6396a;0xcda53b1f66614552f834ceef361a8d12a0b8dad8;0xe51635ae8136abac44906a8f230c2d235e9c195f;0xfae2ae0a9f87fd35b5b0e24b47bac796a7eefea1,-0.008111239860950192,0.001168224299065379,-0.01985981308411211,-0.07593457943925219
2026-06-17,ARB,0.0857,12626112.83754121,6816896.480085364,19443009.317626573,0.350609124787351,1.8521790486956464,12,binance;bitget;bybit;coinbase;crypto_com;gate;htx;kraken;kucoin;mexc;okx;upbit,arbitrum,arbitrum,5,camelot-v3;uniswap_v3_arbitrum,0x689c96ceab93f5e131631d225d75dea3fd37747e;0xc6f780497a95e246eb9449f5e4770916dcd6396a;0xcda53b1f66614552f834ceef361a8d12a0b8dad8;0xe51635ae8136abac44906a8f230c2d235e9c195f;0xfae2ae0a9f87fd35b5b0e24b47bac796a7eefea1,0.001168224299065379,-0.004667444574095625,-0.012835472578763163,-0.11201866977829633
2026-06-18,ARB,0.0853,10161474.349975899,5367285.539181208,15528759.889157107,0.3456351683902907,1.8932241029095789,12,binance;bitget;bybit;coinbase;crypto_com;gate;htx;kraken;kucoin;mexc;okx;upbit,arbitrum,arbitrum,5,camelot-v3;uniswap_v3_arbitrum,0x689c96ceab93f5e131631d225d75dea3fd37747e;0xc6f780497a95e246eb9449f5e4770916dcd6396a;0xcda53b1f66614552f834ceef361a8d12a0b8dad8;0xe51635ae8136abac44906a8f230c2d235e9c195f;0xfae2ae0a9f87fd35b5b0e24b47bac796a7eefea1,-0.004667444574095625,-0.016412661195779554,-0.0398593200468933,-0.14067995310668224
2026-06-19,ARB,0.0839,6947588.7802110575,3886030.998785816,10833619.778996874,0.35870106926954,1.7878366853948977,12,binance;bitget;bybit;coinbase;crypto_com;gate;htx;kraken;kucoin;mexc;okx;upbit,arbitrum,arbitrum,5,camelot-v3;uniswap_v3_arbitrum,0x689c96ceab93f5e131631d225d75dea3fd37747e;0xc6f780497a95e246eb9449f5e4770916dcd6396a;0xcda53b1f66614552f834ceef361a8d12a0b8dad8;0xe51635ae8136abac44906a8f230c2d235e9c195f;0xfae2ae0a9f87fd35b5b0e24b47bac796a7eefea1,-0.016412661195779554,0.008343265792610133,-0.008343265792610355,-0.11323003575685353
2026-06-20,ARB,0.0846,5738979.347334458,2769155.811759927,8508135.159094384,0.3254715351812393,2.072465306199968,12,binance;bitget;bybit;coinbase;crypto_com;gate;htx;kraken;kucoin;mexc;okx;upbit,arbitrum,arbitrum,5,camelot-v3;uniswap_v3_arbitrum,0x689c96ceab93f5e131631d225d75dea3fd37747e;0xc6f780497a95e246eb9449f5e4770916dcd6396a;0xcda53b1f66614552f834ceef361a8d12a0b8dad8;0xe51635ae8136abac44906a8f230c2d235e9c195f;0xfae2ae0a9f87fd35b5b0e24b47bac796a7eefea1,0.008343265792610133,-0.031914893617021156,-0.0650118203309692,-0.13238770685579182
2026-06-21,ARB,0.0819,5729072.644385744,2822826.2066631275,8551898.851048872,0.3300818047347361,2.0295520251521615,12,binance;bitget;bybit;coinbase;crypto_com;gate;htx;kraken;kucoin;mexc;okx;upbit,arbitrum,arbitrum,5,camelot-v3;uniswap_v3_arbitrum,0x689c96ceab93f5e131631d225d75dea3fd37747e;0xc6f780497a95e246eb9449f5e4770916dcd6396a;0xcda53b1f66614552f834ceef361a8d12a0b8dad8;0xe51635ae8136abac44906a8f230c2d235e9c195f;0xfae2ae0a9f87fd35b5b0e24b47bac796a7eefea1,-0.031914893617021156,0.015873015873015817,-0.07081807081807079,-0.09768009768009778
2026-06-22,ARB,0.0832,7547782.357566843,3411642.177611823,10959424.535178665,0.3112975655483361,2.212360489355408,12,binance;bitget;bybit;coinbase;crypto_com;gate;htx;kraken;kucoin;mexc;okx;upbit,arbitrum,arbitrum,5,camelot-v3;uniswap_v3_arbitrum,0x689c96ceab93f5e131631d225d75dea3fd37747e;0xc6f780497a95e246eb9449f5e4770916dcd6396a;0xcda53b1f66614552f834ceef361a8d12a0b8dad8;0xe51635ae8136abac44906a8f230c2d235e9c195f;0xfae2ae0a9f87fd35b5b0e24b47bac796a7eefea1,0.015873015873015817,-0.049278846153846034,-0.11899038461538458,-0.07692307692307698
2026-06-23,ARB,0.0791,9347188.593692347,3446232.6374585964,12793421.231150944,0.26937537467048295,2.7122918203761706,12,binance;bitget;bybit;coinbase;crypto_com;gate;htx;kraken;kucoin;mexc;okx;upbit,arbitrum,arbitrum,5,camelot-v3;uniswap_v3_arbitrum,0x689c96ceab93f5e131631d225d75dea3fd37747e;0xc6f780497a95e246eb9449f5e4770916dcd6396a;0xcda53b1f66614552f834ceef361a8d12a0b8dad8;0xe51635ae8136abac44906a8f230c2d235e9c195f;0xfae2ae0a9f87fd35b5b0e24b47bac796a7eefea1,-0.049278846153846034,-0.03792667509481673,-0.05941845764854625,-0.03792667509481673
2026-06-24,ARB,0.0761,12493681.775875727,4161841.751434365,16655523.527310092,0.24987757032135227,3.0019598346260574,12,binance;bitget;bybit;coinbase;crypto_com;gate;htx;kraken;kucoin;mexc;okx;upbit,arbitrum,arbitrum,5,camelot-v3;uniswap_v3_arbitrum,0x689c96ceab93f5e131631d225d75dea3fd37747e;0xc6f780497a95e246eb9449f5e4770916dcd6396a;0xcda53b1f66614552f834ceef361a8d12a0b8dad8;0xe51635ae8136abac44906a8f230c2d235e9c195f;0xfae2ae0a9f87fd35b5b0e24b47bac796a7eefea1,-0.03792667509481673,-0.036793692509855425,-0.035479632063074806,0.009198423127463773
2026-06-25,ARB,0.0733,11220629.245514475,4406994.916060325,15627624.1615748,0.28200031370707285,2.5460953459745,12,binance;bitget;bybit;coinbase;crypto_com;gate;htx;kraken;kucoin;mexc;okx;upbit,arbitrum,arbitrum,5,camelot-v3;uniswap_v3_arbitrum,0x689c96ceab93f5e131631d225d75dea3fd37747e;0xc6f780497a95e246eb9449f5e4770916dcd6396a;0xcda53b1f66614552f834ceef361a8d12a0b8dad8;0xe51635ae8136abac44906a8f230c2d235e9c195f;0xfae2ae0a9f87fd35b5b0e24b47bac796a7eefea1,-0.036793692509855425,0.01500682128240105,0.008185538881309462,0.05457025920873115
2026-06-26,ARB,0.0744,10806784.677234698,4287805.3927965,15094590.070031198,0.28406239406988,2.5203533479831113,12,binance;bitget;bybit;coinbase;crypto_com;gate;htx;kraken;kucoin;mexc;okx;upbit,arbitrum,arbitrum,5,camelot-v3;uniswap_v3_arbitrum,0x689c96ceab93f5e131631d225d75dea3fd37747e;0xc6f780497a95e246eb9449f5e4770916dcd6396a;0xcda53b1f66614552f834ceef361a8d12a0b8dad8;0xe51635ae8136abac44906a8f230c2d235e9c195f;0xfae2ae0a9f87fd35b5b0e24b47bac796a7eefea1,0.01500682128240105,-0.01344086021505364,0.032258064516129004,0.08870967741935498
2026-06-27,ARB,0.0734,6873469.196004862,2728500.594875921,9601969.790880783,0.2841605060523355,2.5191378770131565,12,binance;bitget;bybit;coinbase;crypto_com;gate;htx;kraken;kucoin;mexc;okx;upbit,arbitrum,arbitrum,5,camelot-v3;uniswap_v3_arbitrum,0x689c96ceab93f5e131631d225d75dea3fd37747e;0xc6f780497a95e246eb9449f5e4770916dcd6396a;0xcda53b1f66614552f834ceef361a8d12a0b8dad8;0xe51635ae8136abac44906a8f230c2d235e9c195f;0xfae2ae0a9f87fd35b5b0e24b47bac796a7eefea1,-0.01344086021505364,0.006811989100817151,0.03678474114441399,0.09400544959128054
2026-06-28,ARB,0.0739,6401700.729708331,1576683.5838331953,7978384.313541526,0.1976194078739886,4.06023173917031,12,binance;bitget;bybit;coinbase;crypto_com;gate;htx;kraken;kucoin;mexc;okx;upbit,arbitrum,arbitrum,5,camelot-v3;uniswap_v3_arbitrum,0x689c96ceab93f5e131631d225d75dea3fd37747e;0xc6f780497a95e246eb9449f5e4770916dcd6396a;0xcda53b1f66614552f834ceef361a8d12a0b8dad8;0xe51635ae8136abac44906a8f230c2d235e9c195f;0xfae2ae0a9f87fd35b5b0e24b47bac796a7eefea1,0.006811989100817151,0.03924221921515558,0.03924221921515558,0.08930987821380265
2026-06-29,ARB,0.0768,12883063.919245843,5212829.774049056,18095893.693294898,0.2880669980936379,2.4714146591514243,12,binance;bitget;bybit;coinbase;crypto_com;gate;htx;kraken;kucoin;mexc;okx;upbit,arbitrum,arbitrum,5,camelot-v3;uniswap_v3_arbitrum,0x689c96ceab93f5e131631d225d75dea3fd37747e;0xc6f780497a95e246eb9449f5e4770916dcd6396a;0xcda53b1f66614552f834ceef361a8d12a0b8dad8;0xe51635ae8136abac44906a8f230c2d235e9c195f;0xfae2ae0a9f87fd35b5b0e24b47bac796a7eefea1,0.03924221921515558,-0.00911458333333326,0.006510416666666741,0.04557291666666674
2026-06-30,ARB,0.0761,8054656.784770077,3032366.4953993475,11087023.280169424,0.2735059193772171,2.6562279978328673,12,binance;bitget;bybit;coinbase;crypto_com;gate;htx;kraken;kucoin;mexc;okx;upbit,arbitrum,arbitrum,5,camelot-v3;uniswap_v3_arbitrum,0x689c96ceab93f5e131631d225d75dea3fd37747e;0xc6f780497a95e246eb9449f5e4770916dcd6396a;0xcda53b1f66614552f834ceef361a8d12a0b8dad8;0xe51635ae8136abac44906a8f230c2d235e9c195f;0xfae2ae0a9f87fd35b5b0e24b47bac796a7eefea1,-0.00911458333333326,0.009198423127463773,0.06438896189224708,0.01182654402102501
2026-07-01,ARB,0.0768,11026553.557379996,4369188.927400593,15395742.48478059,0.28379202443271184,2.523707200718404,12,binance;bitget;bybit;coinbase;crypto_com;gate;htx;kraken;kucoin;mexc;okx;upbit,arbitrum,arbitrum,5,camelot-v3;uniswap_v3_arbitrum,0x689c96ceab93f5e131631d225d75dea3fd37747e;0xc6f780497a95e246eb9449f5e4770916dcd6396a;0xcda53b1f66614552f834ceef361a8d12a0b8dad8;0xe51635ae8136abac44906a8f230c2d235e9c195f;0xfae2ae0a9f87fd35b5b0e24b47bac796a7eefea1,0.009198423127463773,0.006510416666666741,0.04557291666666674,
2026-07-02,ARB,0.0773,11575787.935532505,3722132.379323242,15297920.314855747,0.24330969848945383,3.109988242179934,12,binance;bitget;bybit;coinbase;crypto_com;gate;htx;kraken;kucoin;mexc;okx;upbit,arbitrum,arbitrum,5,camelot-v3;uniswap_v3_arbitrum,0x689c96ceab93f5e131631d225d75dea3fd37747e;0xc6f780497a95e246eb9449f5e4770916dcd6396a;0xcda53b1f66614552f834ceef361a8d12a0b8dad8;0xe51635ae8136abac44906a8f230c2d235e9c195f;0xfae2ae0a9f87fd35b5b0e24b47bac796a7eefea1,0.006510416666666741,0.04786545924967678,0.04139715394566634,
2026-07-03,ARB,0.081,8486000.985210048,2484574.9114305326,10970575.89664058,0.22647625200709484,3.415473989602552,12,binance;bitget;bybit;coinbase;crypto_com;gate;htx;kraken;kucoin;mexc;okx;upbit,arbitrum,arbitrum,5,camelot-v3;uniswap_v3_arbitrum,0x689c96ceab93f5e131631d225d75dea3fd37747e;0xc6f780497a95e246eb9449f5e4770916dcd6396a;0xcda53b1f66614552f834ceef361a8d12a0b8dad8;0xe51635ae8136abac44906a8f230c2d235e9c195f;0xfae2ae0a9f87fd35b5b0e24b47bac796a7eefea1,0.04786545924967678,-0.00864197530864208,-0.00864197530864208,
2026-07-04,ARB,0.0803,6748202.286883652,2519514.401982409,9267716.68886606,0.2718592385338315,2.678374166694193,12,binance;bitget;bybit;coinbase;crypto_com;gate;htx;kraken;kucoin;mexc;okx;upbit,arbitrum,arbitrum,5,camelot-v3;uniswap_v3_arbitrum,0x689c96ceab93f5e131631d225d75dea3fd37747e;0xc6f780497a95e246eb9449f5e4770916dcd6396a;0xcda53b1f66614552f834ceef361a8d12a0b8dad8;0xe51635ae8136abac44906a8f230c2d235e9c195f;0xfae2ae0a9f87fd35b5b0e24b47bac796a7eefea1,-0.00864197530864208,0.00249066002490661,-0.041095890410958846,
2026-07-05,ARB,0.0805,6843779.3129049875,1994499.2856341107,8838278.5985391,0.2256660347823598,3.431327031400338,12,binance;bitget;bybit;coinbase;crypto_com;gate;htx;kraken;kucoin;mexc;okx;upbit,arbitrum,arbitrum,5,camelot-v3;uniswap_v3_arbitrum,0x689c96ceab93f5e131631d225d75dea3fd37747e;0xc6f780497a95e246eb9449f5e4770916dcd6396a;0xcda53b1f66614552f834ceef361a8d12a0b8dad8;0xe51635ae8136abac44906a8f230c2d235e9c195f;0xfae2ae0a9f87fd35b5b0e24b47bac796a7eefea1,0.00249066002490661,-0.00248447204968949,,
2026-07-06,ARB,0.0803,8436646.465143055,2805423.7914343104,11242070.256577365,0.2495469008293156,3.00726274971444,12,binance;bitget;bybit;coinbase;crypto_com;gate;htx;kraken;kucoin;mexc;okx;upbit,arbitrum,arbitrum,5,camelot-v3;uniswap_v3_arbitrum,0x689c96ceab93f5e131631d225d75dea3fd37747e;0xc6f780497a95e246eb9449f5e4770916dcd6396a;0xcda53b1f66614552f834ceef361a8d12a0b8dad8;0xe51635ae8136abac44906a8f230c2d235e9c195f;0xfae2ae0a9f87fd35b5b0e24b47bac796a7eefea1,-0.00248447204968949,-0.041095890410958846,,
2026-07-07,ARB,0.077,7711741.788323345,706747.5935651168,8418489.381888462,0.08395183048940033,10.911592566480833,12,binance;bitget;bybit;coinbase;crypto_com;gate;htx;kraken;kucoin;mexc;okx;upbit,arbitrum,arbitrum,5,camelot-v3;uniswap_v3_arbitrum,0x689c96ceab93f5e131631d225d75dea3fd37747e;0xc6f780497a95e246eb9449f5e4770916dcd6396a;0xcda53b1f66614552f834ceef361a8d12a0b8dad8;0xe51635ae8136abac44906a8f230c2d235e9c195f;0xfae2ae0a9f87fd35b5b0e24b47bac796a7eefea1,-0.041095890410958846,,,
2026-01-17,BONK,1.039e-05,18023925.18057417,382131.21488289814,18406056.39545707,0.020761167230652116,47.16684865981832,12,binance;bitget;bybit;coinbase;crypto_com;gate;htx;kraken;kucoin;mexc;okx;upbit,solana,solana,5,meteora;orca;saros-amm,31p1hptjhFo6ZD8oBqkfutNXQKGGPyi7YcEAfsyKW777;4UcZrPsyYVaY4Rt4ebCPwEyxn1VAhw5nXhF3e3PGCB4v;5zpyutJu9ee6jFymDGoK7F6S5Kczqtc9FomP3ueKuyA9;6oFWm7KPLfxnwMb3z5xwBoXNSPP3JJyirAPqPSiVcnsp;HmQL6eECoaGLWvTxz6cWT3jEsPfjdin2vNVJ1xKiwjXz,,-0.0731472569778634,-0.15014436958614052,-0.14725697786333014
2026-01-18,BONK,9.63e-06,23486361.90818073,322910.4791718338,23809272.387352563,0.01356238334033942,72.73335312132339,12,binance;bitget;bybit;coinbase;crypto_com;gate;htx;kraken;kucoin;mexc;okx;upbit,solana,solana,5,meteora;orca;saros-amm,31p1hptjhFo6ZD8oBqkfutNXQKGGPyi7YcEAfsyKW777;4UcZrPsyYVaY4Rt4ebCPwEyxn1VAhw5nXhF3e3PGCB4v;5zpyutJu9ee6jFymDGoK7F6S5Kczqtc9FomP3ueKuyA9;6oFWm7KPLfxnwMb3z5xwBoXNSPP3JJyirAPqPSiVcnsp;HmQL6eECoaGLWvTxz6cWT3jEsPfjdin2vNVJ1xKiwjXz,-0.0731472569778634,-0.032191069574247,-0.04672897196261672,-0.12564901349948066
2026-01-19,BONK,9.32e-06,48374241.79345085,786192.6267362861,49160434.42018713,0.015992385665604406,61.52975765527893,12,binance;bitget;bybit;coinbase;crypto_com;gate;htx;kraken;kucoin;mexc;okx;upbit,solana,solana,5,meteora;orca;saros-amm,31p1hptjhFo6ZD8oBqkfutNXQKGGPyi7YcEAfsyKW777;4UcZrPsyYVaY4Rt4ebCPwEyxn1VAhw5nXhF3e3PGCB4v;5zpyutJu9ee6jFymDGoK7F6S5Kczqtc9FomP3ueKuyA9;6oFWm7KPLfxnwMb3z5xwBoXNSPP3JJyirAPqPSiVcnsp;HmQL6eECoaGLWvTxz6cWT3jEsPfjdin2vNVJ1xKiwjXz,-0.032191069574247,-0.05257510729613735,-0.03433476394849788,-0.06974248927038629
2026-01-20,BONK,8.83e-06,29194099.683650665,648141.6700613337,29842241.353712,0.021718933989544758,45.04277541804715,12,binance;bitget;bybit;coinbase;crypto_com;gate;htx;kraken;kucoin;mexc;okx;upbit,solana,solana,5,meteora;orca;saros-amm,31p1hptjhFo6ZD8oBqkfutNXQKGGPyi7YcEAfsyKW777;4UcZrPsyYVaY4Rt4ebCPwEyxn1VAhw5nXhF3e3PGCB4v;5zpyutJu9ee6jFymDGoK7F6S5Kczqtc9FomP3ueKuyA9;6oFWm7KPLfxnwMb3z5xwBoXNSPP3JJyirAPqPSiVcnsp;HmQL6eECoaGLWvTxz6cWT3jEsPfjdin2vNVJ1xKiwjXz,-0.05257510729613735,0.039637599093997666,0.02378255945639851,0.0045300113250281715
2026-01-21,BONK,9.18e-06,37314656.67485102,618520.5238711218,37933177.19872215,0.016305529078960407,60.32889004444111,12,binance;bitget;bybit;coinbase;crypto_com;gate;htx;kraken;kucoin;mexc;okx;upbit,solana,solana,5,meteora;orca;saros-amm,31p1hptjhFo6ZD8oBqkfutNXQKGGPyi7YcEAfsyKW777;4UcZrPsyYVaY4Rt4ebCPwEyxn1VAhw5nXhF3e3PGCB4v;5zpyutJu9ee6jFymDGoK7F6S5Kczqtc9FomP3ueKuyA9;6oFWm7KPLfxnwMb3z5xwBoXNSPP3JJyirAPqPSiVcnsp;HmQL6eECoaGLWvTxz6cWT3jEsPfjdin2vNVJ1xKiwjXz,0.039637599093997666,-0.019607843137254943,-0.034858387799564294,-0.04684095860566462
2026-01-22,BONK,9e-06,19480743.479448073,500343.21186063107,19981086.691308703,0.02504084085067648,38.93476121521634,12,binance;bitget;bybit;coinbase;crypto_com;gate;htx;kraken;kucoin;mexc;okx;upbit,solana,solana,5,meteora;orca;saros-amm,31p1hptjhFo6ZD8oBqkfutNXQKGGPyi7YcEAfsyKW777;4UcZrPsyYVaY4Rt4ebCPwEyxn1VAhw5nXhF3e3PGCB4v;5zpyutJu9ee6jFymDGoK7F6S5Kczqtc9FomP3ueKuyA9;6oFWm7KPLfxnwMb3z5xwBoXNSPP3JJyirAPqPSiVcnsp;HmQL6eECoaGLWvTxz6cWT3jEsPfjdin2vNVJ1xKiwjXz,-0.019607843137254943,0.004444444444444473,-0.06444444444444442,-0.08111111111111113
2026-01-23,BONK,9.04e-06,25069938.057394885,1016755.9266857587,26086693.984080642,0.03897603610891561,24.656790680447212,12,binance;bitget;bybit;coinbase;crypto_com;gate;htx;kraken;kucoin;mexc;okx;upbit,solana,solana,5,meteora;orca;saros-amm,31p1hptjhFo6ZD8oBqkfutNXQKGGPyi7YcEAfsyKW777;4UcZrPsyYVaY4Rt4ebCPwEyxn1VAhw5nXhF3e3PGCB4v;5zpyutJu9ee6jFymDGoK7F6S5Kczqtc9FomP3ueKuyA9;6oFWm7KPLfxnwMb3z5xwBoXNSPP3JJyirAPqPSiVcnsp;HmQL6eECoaGLWvTxz6cWT3jEsPfjdin2vNVJ1xKiwjXz,0.004444444444444473,-0.019911504424778736,-0.04092920353982299,-0.11061946902654873
2026-01-24,BONK,8.86e-06,9323801.454585664,531915.4544094778,9855716.908995142,0.05397024481537287,17.528728254261324,12,binance;bitget;bybit;coinbase;crypto_com;gate;htx;kraken;kucoin;mexc;okx;upbit,solana,solana,5,meteora;orca;saros-amm,31p1hptjhFo6ZD8oBqkfutNXQKGGPyi7YcEAfsyKW777;4UcZrPsyYVaY4Rt4ebCPwEyxn1VAhw5nXhF3e3PGCB4v;5zpyutJu9ee6jFymDGoK7F6S5Kczqtc9FomP3ueKuyA9;6oFWm7KPLfxnwMb3z5xwBoXNSPP3JJyirAPqPSiVcnsp;HmQL6eECoaGLWvTxz6cWT3jEsPfjdin2vNVJ1xKiwjXz,-0.019911504424778736,-0.04966139954853266,0.0011286681715576563,-0.18848758465011284
2026-01-25,BONK,8.42e-06,26206291.652068596,507097.7864249956,26713389.43849359,0.018982906964785058,51.67897071060228,12,binance;bitget;bybit;coinbase;crypto_com;gate;htx;kraken;kucoin;mexc;okx;upbit,solana,solana,5,meteora;orca;saros-amm,31p1hptjhFo6ZD8oBqkfutNXQKGGPyi7YcEAfsyKW777;4UcZrPsyYVaY4Rt4ebCPwEyxn1VAhw5nXhF3e3PGCB4v;5zpyutJu9ee6jFymDGoK7F6S5Kczqtc9FomP3ueKuyA9;6oFWm7KPLfxnwMb3z5xwBoXNSPP3JJyirAPqPSiVcnsp;HmQL6eECoaGLWvTxz6cWT3jEsPfjdin2vNVJ1xKiwjXz,-0.04966139954853266,0.029691211401425166,0.03919239904988103,-0.16745843230403812
2026-01-26,BONK,8.67e-06,16121283.888788942,728908.99950318,16850192.888292123,0.04325819913964556,22.11700486587093,12,binance;bitget;bybit;coinbase;crypto_com;gate;htx;kraken;kucoin;mexc;okx;upbit,solana,solana,5,meteora;orca;saros-amm,31p1hptjhFo6ZD8oBqkfutNXQKGGPyi7YcEAfsyKW777;4UcZrPsyYVaY4Rt4ebCPwEyxn1VAhw5nXhF3e3PGCB4v;5zpyutJu9ee6jFymDGoK7F6S5Kczqtc9FomP3ueKuyA9;6oFWm7KPLfxnwMb3z5xwBoXNSPP3JJyirAPqPSiVcnsp;HmQL6eECoaGLWvTxz6cWT3jEsPfjdin2vNVJ1xKiwjXz,0.029691211401425166,0.023068050749711633,-0.046136101499423265,-0.16955017301038067
2026-01-27,BONK,8.87e-06,18422467.3406469,1820856.0113872373,20243323.352034137,0.08994847237888288,10.117476190009972,12,binance;bitget;bybit;coinbase;crypto_com;gate;htx;kraken;kucoin;mexc;okx;upbit,solana,solana,5,meteora;orca;saros-amm,31p1hptjhFo6ZD8oBqkfutNXQKGGPyi7YcEAfsyKW777;4UcZrPsyYVaY4Rt4ebCPwEyxn1VAhw5nXhF3e3PGCB4v;5zpyutJu9ee6jFymDGoK7F6S5Kczqtc9FomP3ueKuyA9;6oFWm7KPLfxnwMb3z5xwBoXNSPP3JJyirAPqPSiVcnsp;HmQL6eECoaGLWvTxz6cWT3jEsPfjdin2vNVJ1xKiwjXz,0.023068050749711633,-0.013528748590755368,-0.09357384441939132,-0.20518602029312283
2026-01-28,BONK,8.75e-06,18070690.863110345,1563744.3732480542,19634435.2363584,0.07964295149943319,11.556038935939194,12,binance;bitget;bybit;coinbase;crypto_com;gate;htx;kraken;kucoin;mexc;okx;upbit,solana,solana,5,meteora;orca;saros-amm,31p1hptjhFo6ZD8oBqkfutNXQKGGPyi7YcEAfsyKW777;4UcZrPsyYVaY4Rt4ebCPwEyxn1VAhw5nXhF3e3PGCB4v;5zpyutJu9ee6jFymDGoK7F6S5Kczqtc9FomP3ueKuyA9;6oFWm7KPLfxnwMb3z5xwBoXNSPP3JJyirAPqPSiVcnsp;HmQL6eECoaGLWvTxz6cWT3jEsPfjdin2vNVJ1xKiwjXz,-0.013528748590755368,-0.054857142857142716,-0.17828571428571427,-0.2034285714285713
2026-01-29,BONK,8.27e-06,28409595.585075773,2188412.3849745076,30598007.970050283,0.07152140057995127,12.981829101376938,12,binance;bitget;bybit;coinbase;crypto_com;gate;htx;kraken;kucoin;mexc;okx;upbit,solana,solana,5,meteora;orca;saros-amm,31p1hptjhFo6ZD8oBqkfutNXQKGGPyi7YcEAfsyKW777;4UcZrPsyYVaY4Rt4ebCPwEyxn1VAhw5nXhF3e3PGCB4v;5zpyutJu9ee6jFymDGoK7F6S5Kczqtc9FomP3ueKuyA9;6oFWm7KPLfxnwMb3z5xwBoXNSPP3JJyirAPqPSiVcnsp;HmQL6eECoaGLWvTxz6cWT3jEsPfjdin2vNVJ1xKiwjXz,-0.054857142857142716,-0.02781136638452253,-0.1523579201934705,-0.29141475211608225
2026-01-30,BONK,8.04e-06,32730037.615902618,3409730.3229999994,36139767.93890262,0.0943484288212487,9.59901062999774,12,binance;bitget;bybit;coinbase;crypto_com;gate;htx;kraken;kucoin;mexc;okx;upbit,solana,solana,5,meteora;orca;saros-amm,31p1hptjhFo6ZD8oBqkfutNXQKGGPyi7YcEAfsyKW777;4UcZrPsyYVaY4Rt4ebCPwEyxn1VAhw5nXhF3e3PGCB4v;5zpyutJu9ee6jFymDGoK7F6S5Kczqtc9FomP3ueKuyA9;6oFWm7KPLfxnwMb3z5xwBoXNSPP3JJyirAPqPSiVcnsp;HmQL6eECoaGLWvTxz6cWT3jEsPfjdin2vNVJ1xKiwjXz,-0.02781136638452253,-0.10572139303482586,-0.10447761194029848,-0.1902985074626864
2026-01-31,BONK,7.19e-06,48474798.265477106,4369414.617438687,52844212.882915795,0.082684827326689,11.094117292511052,12,binance;bitget;bybit;coinbase;crypto_com;gate;htx;kraken;kucoin;mexc;okx;upbit,solana,solana,5,meteora;orca;saros-amm,31p1hptjhFo6ZD8oBqkfutNXQKGGPyi7YcEAfsyKW777;4UcZrPsyYVaY4Rt4ebCPwEyxn1VAhw5nXhF3e3PGCB4v;5zpyutJu9ee6jFymDGoK7F6S5Kczqtc9FomP3ueKuyA9;6oFWm7KPLfxnwMb3z5xwBoXNSPP3JJyirAPqPSiVcnsp;HmQL6eECoaGLWvTxz6cWT3jEsPfjdin2vNVJ1xKiwjXz,-0.10572139303482586,-0.025034770514603566,-0.01947148817802502,-0.10152990264255912
2026-02-01,BONK,7.01e-06,28525799.90705581,2680897.0659622764,31206696.973018087,0.0859077482080283,10.640393571700526,12,binance;bitget;bybit;coinbase;crypto_com;gate;htx;kraken;kucoin;mexc;okx;upbit,solana,solana,5,meteora;orca;saros-amm,31p1hptjhFo6ZD8oBqkfutNXQKGGPyi7YcEAfsyKW777;4UcZrPsyYVaY4Rt4ebCPwEyxn1VAhw5nXhF3e3PGCB4v;5zpyutJu9ee6jFymDGoK7F6S5Kczqtc9FomP3ueKuyA9;6oFWm7KPLfxnwMb3z5xwBoXNSPP3JJyirAPqPSiVcnsp;HmQL6eECoaGLWvTxz6cWT3jEsPfjdin2vNVJ1xKiwjXz,-0.025034770514603566,0.02710413694721825,-0.005706134094151105,-0.108416547788873
2026-02-02,BONK,7.2e-06,30355174.361135565,2394928.368613725,32750102.72974929,0.07312735438958604,12.674773391534163,12,binance;bitget;bybit;coinbase;crypto_com;gate;htx;kraken;kucoin;mexc;okx;upbit,solana,solana,5,meteora;orca;saros-amm,31p1hptjhFo6ZD8oBqkfutNXQKGGPyi7YcEAfsyKW777;4UcZrPsyYVaY4Rt4ebCPwEyxn1VAhw5nXhF3e3PGCB4v;5zpyutJu9ee6jFymDGoK7F6S5Kczqtc9FomP3ueKuyA9;6oFWm7KPLfxnwMb3z5xwBoXNSPP3JJyirAPqPSiVcnsp;HmQL6eECoaGLWvTxz6cWT3jEsPfjdin2vNVJ1xKiwjXz,0.02710413694721825,-0.02083333333333326,-0.18611111111111112,-0.13888888888888884
2026-02-03,BONK,7.05e-06,38545055.01689781,1861432.2357118728,40406487.252609685,0.04606765799943797,20.707202914725993,12,binance;bitget;bybit;coinbase;crypto_com;gate;htx;kraken;kucoin;mexc;okx;upbit,solana,solana,5,meteora;orca;saros-amm,31p1hptjhFo6ZD8oBqkfutNXQKGGPyi7YcEAfsyKW777;4UcZrPsyYVaY4Rt4ebCPwEyxn1VAhw5nXhF3e3PGCB4v;5zpyutJu9ee6jFymDGoK7F6S5Kczqtc9FomP3ueKuyA9;6oFWm7KPLfxnwMb3z5xwBoXNSPP3JJyirAPqPSiVcnsp;HmQL6eECoaGLWvTxz6cWT3jEsPfjdin2vNVJ1xKiwjXz,-0.02083333333333326,-0.01134751773049647,-0.07659574468085106,-0.15177304964539007
2026-02-04,BONK,6.97e-06,29852726.766100463,1064278.8691525306,30917005.635252994,0.03442373694621289,28.049722334402585,12,binance;bitget;bybit;coinbase;crypto_com;gate;htx;kraken;kucoin;mexc;okx;upbit,solana,solana,5,meteora;orca;saros-amm,31p1hptjhFo6ZD8oBqkfutNXQKGGPyi7YcEAfsyKW777;4UcZrPsyYVaY4Rt4ebCPwEyxn1VAhw5nXhF3e3PGCB4v;5zpyutJu9ee6jFymDGoK7F6S5Kczqtc9FomP3ueKuyA9;6oFWm7KPLfxnwMb3z5xwBoXNSPP3JJyirAPqPSiVcnsp;HmQL6eECoaGLWvTxz6cWT3jEsPfjdin2vNVJ1xKiwjXz,-0.01134751773049647,-0.15925394548063132,-0.07317073170731714,-0.15781922525107606
2026-02-05,BONK,5.86e-06,61334986.38011724,1937460.771327061,63272447.1514443,0.03062092361766405,31.657408133278448,12,binance;bitget;bybit;coinbase;crypto_com;gate;htx;kraken;kucoin;mexc;okx;upbit,solana,solana,5,meteora;orca;saros-amm,31p1hptjhFo6ZD8oBqkfutNXQKGGPyi7YcEAfsyKW777;4UcZrPsyYVaY4Rt4ebCPwEyxn1VAhw5nXhF3e3PGCB4v;5zpyutJu9ee6jFymDGoK7F6S5Kczqtc9FomP3ueKuyA9;6oFWm7KPLfxnwMb3z5xwBoXNSPP3JJyirAPqPSiVcnsp;HmQL6eECoaGLWvTxz6cWT3jEsPfjdin2vNVJ1xKiwjXz,-0.15925394548063132,0.11092150170648485,0.06655290102389078,0.03924914675767921
2026-02-06,BONK,6.51e-06,56716120.79550494,1683348.0209268394,58399468.81643178,0.028824714591465565,33.69245105018596,12,binance;bitget;bybit;coinbase;crypto_com;gate;htx;kraken;kucoin;mexc;okx;upbit,solana,solana,5,meteora;orca;saros-amm,31p1hptjhFo6ZD8oBqkfutNXQKGGPyi7YcEAfsyKW777;4UcZrPsyYVaY4Rt4ebCPwEyxn1VAhw5nXhF3e3PGCB4v;5zpyutJu9ee6jFymDGoK7F6S5Kczqtc9FomP3ueKuyA9;6oFWm7KPLfxnwMb3z5xwBoXNSPP3JJyirAPqPSiVcnsp;HmQL6eECoaGLWvTxz6cWT3jEsPfjdin2vNVJ1xKiwjXz,0.11092150170648485,-0.007680491551459334,-0.04761904761904767,-0.03533026113671278
2026-02-07,BONK,6.46e-06,25275207.498231385,950089.6980483702,26225297.196279757,0.03622798593806392,26.602969751330356,12,binance;bitget;bybit;coinbase;crypto_com;gate;htx;kraken;kucoin;mexc;okx;upbit,solana,solana,5,meteora;orca;saros-amm,31p1hptjhFo6ZD8oBqkfutNXQKGGPyi7YcEAfsyKW777;4UcZrPsyYVaY4Rt4ebCPwEyxn1VAhw5nXhF3e3PGCB4v;5zpyutJu9ee6jFymDGoK7F6S5Kczqtc9FomP3ueKuyA9;6oFWm7KPLfxnwMb3z5xwBoXNSPP3JJyirAPqPSiVcnsp;HmQL6eECoaGLWvTxz6cWT3jEsPfjdin2vNVJ1xKiwjXz,-0.007680491551459334,-0.03250773993808043,-0.07430340557275539,0.11300309597523217
2026-02-08,BONK,6.25e-06,11818188.871733816,1030502.220581603,12848691.092315419,0.08020289484568033,11.468377879927104,12,binance;bitget;bybit;coinbase;crypto_com;gate;htx;kraken;kucoin;mexc;okx;upbit,solana,solana,5,meteora;orca;saros-amm,31p1hptjhFo6ZD8oBqkfutNXQKGGPyi7YcEAfsyKW777;4UcZrPsyYVaY4Rt4ebCPwEyxn1VAhw5nXhF3e3PGCB4v;5zpyutJu9ee6jFymDGoK7F6S5Kczqtc9FomP3ueKuyA9;6oFWm7KPLfxnwMb3z5xwBoXNSPP3JJyirAPqPSiVcnsp;HmQL6eECoaGLWvTxz6cWT3jEsPfjdin2vNVJ1xKiwjXz,-0.03250773993808043,-0.008000000000000007,-0.060800000000000076,0.0464
2026-02-09,BONK,6.2e-06,14312922.720083006,1413681.4516618962,15726604.171744902,0.08989108114018521,10.124574177058781,12,binance;bitget;bybit;coinbase;crypto_com;gate;htx;kraken;kucoin;mexc;okx;upbit,solana,solana,5,meteora;orca;saros-amm,31p1hptjhFo6ZD8oBqkfutNXQKGGPyi7YcEAfsyKW777;4UcZrPsyYVaY4Rt4ebCPwEyxn1VAhw5nXhF3e3PGCB4v;5zpyutJu9ee6jFymDGoK7F6S5Kczqtc9FomP3ueKuyA9;6oFWm7KPLfxnwMb3z5xwBoXNSPP3JJyirAPqPSiVcnsp;HmQL6eECoaGLWvTxz6cWT3jEsPfjdin2vNVJ1xKiwjXz,-0.008000000000000007,-0.03548387096774186,-0.01774193548387093,0.06129032258064515
2026-02-10,BONK,5.98e-06,11875784.542203004,1013584.1307460546,12889368.672949059,0.07863722083404018,11.71662438465938,12,binance;bitget;bybit;coinbase;crypto_com;gate;htx;kraken;kucoin;mexc;okx;upbit,solana,solana,5,meteora;orca;saros-amm,31p1hptjhFo6ZD8oBqkfutNXQKGGPyi7YcEAfsyKW777;4UcZrPsyYVaY4Rt4ebCPwEyxn1VAhw5nXhF3e3PGCB4v;5zpyutJu9ee6jFymDGoK7F6S5Kczqtc9FomP3ueKuyA9;6oFWm7KPLfxnwMb3z5xwBoXNSPP3JJyirAPqPSiVcnsp;HmQL6eECoaGLWvTxz6cWT3jEsPfjdin2vNVJ1xKiwjXz,-0.03548387096774186,-0.018394648829431537,0.050167224080267525,0.08862876254180607
2026-02-11,BONK,5.87e-06,19936261.528354187,1418597.0862527846,21354858.614606973,0.06642971100180675,14.05350519999706,12,binance;bitget;bybit;coinbase;crypto_com;gate;htx;kraken;kucoin;mexc;okx;upbit,solana,solana,5,meteora;orca;saros-amm,31p1hptjhFo6ZD8oBqkfutNXQKGGPyi7YcEAfsyKW777;4UcZrPsyYVaY4Rt4ebCPwEyxn1VAhw5nXhF3e3PGCB4v;5zpyutJu9ee6jFymDGoK7F6S5Kczqtc9FomP3ueKuyA9;6oFWm7KPLfxnwMb3z5xwBoXNSPP3JJyirAPqPSiVcnsp;HmQL6eECoaGLWvTxz6cWT3jEsPfjdin2vNVJ1xKiwjXz,-0.018394648829431537,0.03747870528109032,0.2248722316865417,0.05110732538330498
2026-02-12,BONK,6.09e-06,17908724.369334973,1398939.5614162025,19307663.930751175,0.07245514353438283,12.801642660820354,12,binance;bitget;bybit;coinbase;crypto_com;gate;htx;kraken;kucoin;mexc;okx;upbit,solana,solana,5,meteora;orca;saros-amm,31p1hptjhFo6ZD8oBqkfutNXQKGGPyi7YcEAfsyKW777;4UcZrPsyYVaY4Rt4ebCPwEyxn1VAhw5nXhF3e3PGCB4v;5zpyutJu9ee6jFymDGoK7F6S5Kczqtc9FomP3ueKuyA9;6oFWm7KPLfxnwMb3z5xwBoXNSPP3JJyirAPqPSiVcnsp;HmQL6eECoaGLWvTxz6cWT3jEsPfjdin2vNVJ1xKiwjXz,0.03747870528109032,0.031198686371100237,0.07389162561576357,0.013136288998357948
2026-02-13,BONK,6.28e-06,11825586.61560309,1232629.1592081466,13058215.774811236,0.09439491431791454,9.593791066244096,12,binance;bitget;bybit;coinbase;crypto_com;gate;htx;kraken;kucoin;mexc;okx;upbit,solana,solana,5,meteora;orca;saros-amm,31p1hptjhFo6ZD8oBqkfutNXQKGGPyi7YcEAfsyKW777;4UcZrPsyYVaY4Rt4ebCPwEyxn1VAhw5nXhF3e3PGCB4v;5zpyutJu9ee6jFymDGoK7F6S5Kczqtc9FomP3ueKuyA9;6oFWm7KPLfxnwMb3z5xwBoXNSPP3JJyirAPqPSiVcnsp;HmQL6eECoaGLWvTxz6cWT3jEsPfjdin2vNVJ1xKiwjXz,0.031198686371100237,0.14490445859872603,0.047770700636942554,0.023885350318471277
2026-02-14,BONK,7.19e-06,42913236.66543815,2383250.061668206,45296486.72710636,0.052614457187957125,18.006182966549524,12,binance;bitget;bybit;coinbase;crypto_com;gate;htx;kraken;kucoin;mexc;okx;upbit,solana,solana,5,meteora;orca;saros-amm,31p1hptjhFo6ZD8oBqkfutNXQKGGPyi7YcEAfsyKW777;4UcZrPsyYVaY4Rt4ebCPwEyxn1VAhw5nXhF3e3PGCB4v;5zpyutJu9ee6jFymDGoK7F6S5Kczqtc9FomP3ueKuyA9;6oFWm7KPLfxnwMb3z5xwBoXNSPP3JJyirAPqPSiVcnsp;HmQL6eECoaGLWvTxz6cWT3jEsPfjdin2vNVJ1xKiwjXz,0.14490445859872603,-0.09040333796940192,-0.09457579972183583,-0.12795549374130732
2026-02-15,BONK,6.54e-06,31970280.245487086,2035171.2408182798,34005451.48630536,0.059848381711323013,15.708889553997835,12,binance;bitget;bybit;coinbase;crypto_com;gate;htx;kraken;kucoin;mexc;okx;upbit,solana,solana,5,meteora;orca;saros-amm,31p1hptjhFo6ZD8oBqkfutNXQKGGPyi7YcEAfsyKW777;4UcZrPsyYVaY4Rt4ebCPwEyxn1VAhw5nXhF3e3PGCB4v;5zpyutJu9ee6jFymDGoK7F6S5Kczqtc9FomP3ueKuyA9;6oFWm7KPLfxnwMb3z5xwBoXNSPP3JJyirAPqPSiVcnsp;HmQL6eECoaGLWvTxz6cWT3jEsPfjdin2vNVJ1xKiwjXz,-0.09040333796940192,0.006116207951070374,-0.05657492354740057,-0.06574923547400613
2026-02-16,BONK,6.58e-06,14291980.034163319,1420398.7076115804,15712378.741774898,0.0903999789564091,10.061949477689597,12,binance;bitget;bybit;coinbase;crypto_com;gate;htx;kraken;kucoin;mexc;okx;upbit,solana,solana,5,meteora;orca;saros-amm,31p1hptjhFo6ZD8oBqkfutNXQKGGPyi7YcEAfsyKW777;4UcZrPsyYVaY4Rt4ebCPwEyxn1VAhw5nXhF3e3PGCB4v;5zpyutJu9ee6jFymDGoK7F6S5Kczqtc9FomP3ueKuyA9;6oFWm7KPLfxnwMb3z5xwBoXNSPP3JJyirAPqPSiVcnsp;HmQL6eECoaGLWvTxz6cWT3jEsPfjdin2vNVJ1xKiwjXz,0.006116207951070374,-0.010638297872340274,-0.06231003039513672,-0.10942249240121582
2026-02-17,BONK,6.51e-06,8879778.5521991,1366214.425414771,10245992.97761387,0.13334133923376365,6.499549695139015,12,binance;bitget;bybit;coinbase;crypto_com;gate;htx;kraken;kucoin;mexc;okx;upbit,solana,solana,5,meteora;orca;saros-amm,31p1hptjhFo6ZD8oBqkfutNXQKGGPyi7YcEAfsyKW777;4UcZrPsyYVaY4Rt4ebCPwEyxn1VAhw5nXhF3e3PGCB4v;5zpyutJu9ee6jFymDGoK7F6S5Kczqtc9FomP3ueKuyA9;6oFWm7KPLfxnwMb3z5xwBoXNSPP3JJyirAPqPSiVcnsp;HmQL6eECoaGLWvTxz6cWT3jEsPfjdin2vNVJ1xKiwjXz,-0.010638297872340274,-0.05222734254992323,-0.01228878648233489,-0.11981566820276501
2026-02-18,BONK,6.17e-06,7928592.293259045,1021686.7414583807,8950279.034717426,0.11415138427476267,7.76029674412881,12,binance;bitget;bybit;coinbase;crypto_com;gate;htx;kraken;kucoin;mexc;okx;upbit,solana,solana,5,meteora;orca;saros-amm,31p1hptjhFo6ZD8oBqkfutNXQKGGPyi7YcEAfsyKW777;4UcZrPsyYVaY4Rt4ebCPwEyxn1VAhw5nXhF3e3PGCB4v;5zpyutJu9ee6jFymDGoK7F6S5Kczqtc9FomP3ueKuyA9;6oFWm7KPLfxnwMb3z5xwBoXNSPP3JJyirAPqPSiVcnsp;HmQL6eECoaGLWvTxz6cWT3jEsPfjdin2vNVJ1xKiwjXz,-0.05222734254992323,0.0,0.01620745542949753,0.04213938411669371
2026-02-19,BONK,6.17e-06,9981783.791063467,968203.7608801955,10949987.551943664,0.08842053530082195,10.309589979271525,12,binance;bitget;bybit;coinbase;crypto_com;gate;htx;kraken;kucoin;mexc;okx;upbit,solana,solana,5,meteora;orca;saros-amm,31p1hptjhFo6ZD8oBqkfutNXQKGGPyi7YcEAfsyKW777;4UcZrPsyYVaY4Rt4ebCPwEyxn1VAhw5nXhF3e3PGCB4v;5zpyutJu9ee6jFymDGoK7F6S5Kczqtc9FomP3ueKuyA9;6oFWm7KPLfxnwMb3z5xwBoXNSPP3JJyirAPqPSiVcnsp;HmQL6eECoaGLWvTxz6cWT3jEsPfjdin2vNVJ1xKiwjXz,0.0,0.04213938411669371,-0.00972447325769854,-0.008103727714748876
2026-02-20,BONK,6.43e-06,14935209.274426222,1382354.6055714749,16317563.879997697,0.08471574652549606,10.804180934639346,12,binance;bitget;bybit;coinbase;crypto_com;gate;htx;kraken;kucoin;mexc;okx;upbit,solana,solana,5,meteora;orca;saros-amm,31p1hptjhFo6ZD8oBqkfutNXQKGGPyi7YcEAfsyKW777;4UcZrPsyYVaY4Rt4ebCPwEyxn1VAhw5nXhF3e3PGCB4v;5zpyutJu9ee6jFymDGoK7F6S5Kczqtc9FomP3ueKuyA9;6oFWm7KPLfxnwMb3z5xwBoXNSPP3JJyirAPqPSiVcnsp;HmQL6eECoaGLWvTxz6cWT3jEsPfjdin2vNVJ1xKiwjXz,0.04213938411669371,-0.02488335925349927,-0.08864696734059108,-0.07620528771384139
2026-02-21,BONK,6.27e-06,6826317.15405594,1114450.087679123,7940767.2417350635,0.14034539154123538,6.125278493424464,12,binance;bitget;bybit;coinbase;crypto_com;gate;htx;kraken;kucoin;mexc;okx;upbit,solana,solana,5,meteora;orca;saros-amm,31p1hptjhFo6ZD8oBqkfutNXQKGGPyi7YcEAfsyKW777;4UcZrPsyYVaY4Rt4ebCPwEyxn1VAhw5nXhF3e3PGCB4v;5zpyutJu9ee6jFymDGoK7F6S5Kczqtc9FomP3ueKuyA9;6oFWm7KPLfxnwMb3z5xwBoXNSPP3JJyirAPqPSiVcnsp;HmQL6eECoaGLWvTxz6cWT3jEsPfjdin2vNVJ1xKiwjXz,-0.02488335925349927,-0.02551834130781505,-0.0861244019138756,-0.03987240829346095
2026-02-22,BONK,6.11e-06,7784712.949481109,652605.0862401957,8437318.035721306,0.07734745608465196,11.928673425349146,12,binance;bitget;bybit;coinbase;crypto_com;gate;htx;kraken;kucoin;mexc;okx;upbit,solana,solana,5,meteora;orca;saros-amm,31p1hptjhFo6ZD8oBqkfutNXQKGGPyi7YcEAfsyKW777;4UcZrPsyYVaY4Rt4ebCPwEyxn1VAhw5nXhF3e3PGCB4v;5zpyutJu9ee6jFymDGoK7F6S5Kczqtc9FomP3ueKuyA9;6oFWm7KPLfxnwMb3z5xwBoXNSPP3JJyirAPqPSiVcnsp;HmQL6eECoaGLWvTxz6cWT3jEsPfjdin2vNVJ1xKiwjXz,-0.02551834130781505,-0.04091653027823239,0.05237315875613757,-0.04746317512274956
2026-02-23,BONK,5.86e-06,16613880.919190623,1202348.0863222082,17816229.00551283,0.06748611538110386,13.817862820416545,12,binance;bitget;bybit;coinbase;crypto_com;gate;htx;kraken;kucoin;mexc;okx;upbit,solana,solana,5,meteora;orca;saros-amm,31p1hptjhFo6ZD8oBqkfutNXQKGGPyi7YcEAfsyKW777;4UcZrPsyYVaY4Rt4ebCPwEyxn1VAhw5nXhF3e3PGCB4v;5zpyutJu9ee6jFymDGoK7F6S5Kczqtc9FomP3ueKuyA9;6oFWm7KPLfxnwMb3z5xwBoXNSPP3JJyirAPqPSiVcnsp;HmQL6eECoaGLWvTxz6cWT3jEsPfjdin2vNVJ1xKiwjXz,-0.04091653027823239,-0.022184300341296814,0.04436860068259385,0.025597269624573427
2026-02-24,BONK,5.73e-06,10722534.793655328,954566.1024285192,11677100.896083847,0.08174684032649339,11.232888708677212,12,binance;bitget;bybit;coinbase;crypto_com;gate;htx;kraken;kucoin;mexc;okx;upbit,solana,solana,5,meteora;orca;saros-amm,31p1hptjhFo6ZD8oBqkfutNXQKGGPyi7YcEAfsyKW777;4UcZrPsyYVaY4Rt4ebCPwEyxn1VAhw5nXhF3e3PGCB4v;5zpyutJu9ee6jFymDGoK7F6S5Kczqtc9FomP3ueKuyA9;6oFWm7KPLfxnwMb3z5xwBoXNSPP3JJyirAPqPSiVcnsp;HmQL6eECoaGLWvTxz6cWT3jEsPfjdin2vNVJ1xKiwjXz,-0.022184300341296814,0.12216404886561949,0.036649214659685736,0.041884816753926524
2026-02-25,BONK,6.43e-06,24920791.832094945,1715159.9005819613,26635951.732676905,0.06439266438817759,14.529719254536683,12,binance;bitget;bybit;coinbase;crypto_com;gate;htx;kraken;kucoin;mexc;okx;upbit,solana,solana,5,meteora;orca;saros-amm,31p1hptjhFo6ZD8oBqkfutNXQKGGPyi7YcEAfsyKW777;4UcZrPsyYVaY4Rt4ebCPwEyxn1VAhw5nXhF3e3PGCB4v;5zpyutJu9ee6jFymDGoK7F6S5Kczqtc9FomP3ueKuyA9;6oFWm7KPLfxnwMb3z5xwBoXNSPP3JJyirAPqPSiVcnsp;HmQL6eECoaGLWvTxz6cWT3jEsPfjdin2vNVJ1xKiwjXz,0.12216404886561949,-0.04821150855365486,-0.0637636080870918,-0.029548989113530322
2026-02-26,BONK,6.12e-06,18107276.5824363,1090562.9608991044,19197839.543335404,0.056806546301075685,16.603604956020078,12,binance;bitget;bybit;coinbase;crypto_com;gate;htx;kraken;kucoin;mexc;okx;upbit,solana,solana,5,meteora;orca;saros-amm,31p1hptjhFo6ZD8oBqkfutNXQKGGPyi7YcEAfsyKW777;4UcZrPsyYVaY4Rt4ebCPwEyxn1VAhw5nXhF3e3PGCB4v;5zpyutJu9ee6jFymDGoK7F6S5Kczqtc9FomP3ueKuyA9;6oFWm7KPLfxnwMb3z5xwBoXNSPP3JJyirAPqPSiVcnsp;HmQL6eECoaGLWvTxz6cWT3jEsPfjdin2vNVJ1xKiwjXz,-0.04821150855365486,-0.02941176470588236,-0.04901960784313719,-0.0016339869281045694
2026-02-27,BONK,5.94e-06,13758374.011552513,968151.1828237552,14726525.194376267,0.0657419975211444,14.21097681399737,12,binance;bitget;bybit;coinbase;crypto_com;gate;htx;kraken;kucoin;mexc;okx;upbit,solana,solana,5,meteora;orca;saros-amm,31p1hptjhFo6ZD8oBqkfutNXQKGGPyi7YcEAfsyKW777;4UcZrPsyYVaY4Rt4ebCPwEyxn1VAhw5nXhF3e3PGCB4v;5zpyutJu9ee6jFymDGoK7F6S5Kczqtc9FomP3ueKuyA9;6oFWm7KPLfxnwMb3z5xwBoXNSPP3JJyirAPqPSiVcnsp;HmQL6eECoaGLWvTxz6cWT3jEsPfjdin2vNVJ1xKiwjXz,-0.02941176470588236,0.013468013468013407,0.011784511784511897,-0.015151515151515138
2026-02-28,BONK,6.02e-06,19483358.682799444,1055216.8310596235,20538575.513859067,0.05137731340460208,18.4638437421764,12,binance;bitget;bybit;coinbase;crypto_com;gate;htx;kraken;kucoin;mexc;okx;upbit,solana,solana,5,meteora;orca;saros-amm,31p1hptjhFo6ZD8oBqkfutNXQKGGPyi7YcEAfsyKW777;4UcZrPsyYVaY4Rt4ebCPwEyxn1VAhw5nXhF3e3PGCB4v;5zpyutJu9ee6jFymDGoK7F6S5Kczqtc9FomP3ueKuyA9;6oFWm7KPLfxnwMb3z5xwBoXNSPP3JJyirAPqPSiVcnsp;HmQL6eECoaGLWvTxz6cWT3jEsPfjdin2vNVJ1xKiwjXz,0.013468013468013407,-0.03322259136212624,-0.008305647840531671,-0.05813953488372092
2026-03-01,BONK,5.82e-06,18634273.464105017,1113722.7441942114,19747996.208299227,0.05639674691279118,16.731519187557836,12,binance;bitget;bybit;coinbase;crypto_com;gate;htx;kraken;kucoin;mexc;okx;upbit,solana,solana,5,meteora;orca;saros-amm,31p1hptjhFo6ZD8oBqkfutNXQKGGPyi7YcEAfsyKW777;4UcZrPsyYVaY4Rt4ebCPwEyxn1VAhw5nXhF3e3PGCB4v;5zpyutJu9ee6jFymDGoK7F6S5Kczqtc9FomP3ueKuyA9;6oFWm7KPLfxnwMb3z5xwBoXNSPP3JJyirAPqPSiVcnsp;HmQL6eECoaGLWvTxz6cWT3jEsPfjdin2vNVJ1xKiwjXz,-0.03322259136212624,0.03264604810996552,0.07216494845360821,-0.044673539518900296
2026-03-02,BONK,6.01e-06,17752103.420574326,1448565.7008741999,19200669.121448524,0.07544350104216149,12.254952198482298,12,binance;bitget;bybit;coinbase;crypto_com;gate;htx;kraken;kucoin;mexc;okx;upbit,solana,solana,5,meteora;orca;saros-amm,31p1hptjhFo6ZD8oBqkfutNXQKGGPyi7YcEAfsyKW777;4UcZrPsyYVaY4Rt4ebCPwEyxn1VAhw5nXhF3e3PGCB4v;5zpyutJu9ee6jFymDGoK7F6S5Kczqtc9FomP3ueKuyA9;6oFWm7KPLfxnwMb3z5xwBoXNSPP3JJyirAPqPSiVcnsp;HmQL6eECoaGLWvTxz6cWT3jEsPfjdin2vNVJ1xKiwjXz,0.03264604810996552,-0.006655574043261336,0.016638935108153063,-0.0266222961730449
2026-03-03,BONK,5.97e-06,13259186.269055571,1362828.4142451484,14622014.68330072,0.09320387400524129,9.729167759097281,12,binance;bitget;bybit;coinbase;crypto_com;gate;htx;kraken;kucoin;mexc;okx;upbit,solana,solana,5,meteora;orca;saros-amm,31p1hptjhFo6ZD8oBqkfutNXQKGGPyi7YcEAfsyKW777;4UcZrPsyYVaY4Rt4ebCPwEyxn1VAhw5nXhF3e3PGCB4v;5zpyutJu9ee6jFymDGoK7F6S5Kczqtc9FomP3ueKuyA9;6oFWm7KPLfxnwMb3z5xwBoXNSPP3JJyirAPqPSiVcnsp;HmQL6eECoaGLWvTxz6cWT3jEsPfjdin2vNVJ1xKiwjXz,-0.006655574043261336,0.045226130653266416,-0.02010050251256279,-0.005025125628140614
2026-03-04,BONK,6.24e-06,20018635.68892445,1516293.9290654766,21534929.617989928,0.07041090711523801,13.20234507650001,12,binance;bitget;bybit;coinbase;crypto_com;gate;htx;kraken;kucoin;mexc;okx;upbit,solana,solana,5,meteora;orca;saros-amm,31p1hptjhFo6ZD8oBqkfutNXQKGGPyi7YcEAfsyKW777;4UcZrPsyYVaY4Rt4ebCPwEyxn1VAhw5nXhF3e3PGCB4v;5zpyutJu9ee6jFymDGoK7F6S5Kczqtc9FomP3ueKuyA9;6oFWm7KPLfxnwMb3z5xwBoXNSPP3JJyirAPqPSiVcnsp;HmQL6eECoaGLWvTxz6cWT3jEsPfjdin2vNVJ1xKiwjXz,0.045226130653266416,-0.02083333333333337,-0.09134615384615397,-0.044871794871794934
2026-03-05,BONK,6.11e-06,12690005.950566897,991672.2127483943,13681678.163315292,0.07248176728841399,12.796573088800047,12,binance;bitget;bybit;coinbase;crypto_com;gate;htx;kraken;kucoin;mexc;okx;upbit,solana,solana,5,meteora;orca;saros-amm,31p1hptjhFo6ZD8oBqkfutNXQKGGPyi7YcEAfsyKW777;4UcZrPsyYVaY4Rt4ebCPwEyxn1VAhw5nXhF3e3PGCB4v;5zpyutJu9ee6jFymDGoK7F6S5Kczqtc9FomP3ueKuyA9;6oFWm7KPLfxnwMb3z5xwBoXNSPP3JJyirAPqPSiVcnsp;HmQL6eECoaGLWvTxz6cWT3jEsPfjdin2vNVJ1xKiwjXz,-0.02083333333333337,-0.042553191489361764,-0.09001636661211121,-0.006546644844517169
2026-03-06,BONK,5.85e-06,11858610.50461983,896329.6010363402,12754940.10565617,0.07027313288902576,13.230189531740168,12,binance;bitget;bybit;coinbase;crypto_com;gate;htx;kraken;kucoin;mexc;okx;upbit,solana,solana,5,meteora;orca;saros-amm,31p1hptjhFo6ZD8oBqkfutNXQKGGPyi7YcEAfsyKW777;4UcZrPsyYVaY4Rt4ebCPwEyxn1VAhw5nXhF3e3PGCB4v;5zpyutJu9ee6jFymDGoK7F6S5Kczqtc9FomP3ueKuyA9;6oFWm7KPLfxnwMb3z5xwBoXNSPP3JJyirAPqPSiVcnsp;HmQL6eECoaGLWvTxz6cWT3jEsPfjdin2vNVJ1xKiwjXz,-0.042553191489361764,-0.03076923076923077,0.0,0.04957264957264962
2026-03-07,BONK,5.67e-06,7323223.813731967,484330.8106577069,7807554.624389674,0.06203361154140727,15.120293098403641,12,binance;bitget;bybit;coinbase;crypto_com;gate;htx;kraken;kucoin;mexc;okx;upbit,solana,solana,5,meteora;orca;saros-amm,31p1hptjhFo6ZD8oBqkfutNXQKGGPyi7YcEAfsyKW777;4UcZrPsyYVaY4Rt4ebCPwEyxn1VAhw5nXhF3e3PGCB4v;5zpyutJu9ee6jFymDGoK7F6S5Kczqtc9FomP3ueKuyA9;6oFWm7KPLfxnwMb3z5xwBoXNSPP3JJyirAPqPSiVcnsp;HmQL6eECoaGLWvTxz6cWT3jEsPfjdin2vNVJ1xKiwjXz,-0.03076923076923077,-0.01940035273368601,0.04761904761904767,0.06525573192239853
2026-03-08,BONK,5.56e-06,9676732.979612686,317093.2895449625,9993826.269157648,0.03172891753417377,30.516990736382535,12,binance;bitget;bybit;coinbase;crypto_com;gate;htx;kraken;kucoin;mexc;okx;upbit,solana,solana,5,meteora;orca;saros-amm,31p1hptjhFo6ZD8oBqkfutNXQKGGPyi7YcEAfsyKW777;4UcZrPsyYVaY4Rt4ebCPwEyxn1VAhw5nXhF3e3PGCB4v;5zpyutJu9ee6jFymDGoK7F6S5Kczqtc9FomP3ueKuyA9;6oFWm7KPLfxnwMb3z5xwBoXNSPP3JJyirAPqPSiVcnsp;HmQL6eECoaGLWvTxz6cWT3jEsPfjdin2vNVJ1xKiwjXz,-0.01940035273368601,0.05215827338129486,0.07194244604316546,0.09352517985611519
2026-03-09,BONK,5.85e-06,16604089.803859377,948723.9021444478,17552813.706003826,0.054049676481209556,17.501498345649697,12,binance;bitget;bybit;coinbase;crypto_com;gate;htx;kraken;kucoin;mexc;okx;upbit,solana,solana,5,meteora;orca;saros-amm,31p1hptjhFo6ZD8oBqkfutNXQKGGPyi7YcEAfsyKW777;4UcZrPsyYVaY4Rt4ebCPwEyxn1VAhw5nXhF3e3PGCB4v;5zpyutJu9ee6jFymDGoK7F6S5Kczqtc9FomP3ueKuyA9;6oFWm7KPLfxnwMb3z5xwBoXNSPP3JJyirAPqPSiVcnsp;HmQL6eECoaGLWvTxz6cWT3jEsPfjdin2vNVJ1xKiwjXz,0.05215827338129486,0.01538461538461533,0.037606837606837695,0.135042735042735
2026-03-10,BONK,5.94e-06,15149933.455438338,986984.1748709761,16136917.630309314,0.06116311661758526,15.349722762696594,12,binance;bitget;bybit;coinbase;crypto_com;gate;htx;kraken;kucoin;mexc;okx;upbit,solana,solana,5,meteora;orca;saros-amm,31p1hptjhFo6ZD8oBqkfutNXQKGGPyi7YcEAfsyKW777;4UcZrPsyYVaY4Rt4ebCPwEyxn1VAhw5nXhF3e3PGCB4v;5zpyutJu9ee6jFymDGoK7F6S5Kczqtc9FomP3ueKuyA9;6oFWm7KPLfxnwMb3z5xwBoXNSPP3JJyirAPqPSiVcnsp;HmQL6eECoaGLWvTxz6cWT3jEsPfjdin2vNVJ1xKiwjXz,0.01538461538461533,0.0033670033670032407,0.03367003367003374,0.11616161616161613
2026-03-11,BONK,5.96e-06,9597369.067588642,778372.9977050358,10375742.065293677,0.07501853773993221,12.330038549494445,12,binance;bitget;bybit;coinbase;crypto_com;gate;htx;kraken;kucoin;mexc;okx;upbit,solana,solana,5,meteora;orca;saros-amm,31p1hptjhFo6ZD8oBqkfutNXQKGGPyi7YcEAfsyKW777;4UcZrPsyYVaY4Rt4ebCPwEyxn1VAhw5nXhF3e3PGCB4v;5zpyutJu9ee6jFymDGoK7F6S5Kczqtc9FomP3ueKuyA9;6oFWm7KPLfxnwMb3z5xwBoXNSPP3JJyirAPqPSiVcnsp;HmQL6eECoaGLWvTxz6cWT3jEsPfjdin2vNVJ1xKiwjXz,0.0033670033670032407,0.01845637583892623,0.01342281879194629,0.033557046979865834
2026-03-12,BONK,6.07e-06,9513293.929185096,1219998.4535397927,10733292.382724889,0.11366488585584104,7.797791793573615,12,binance;bitget;bybit;coinbase;crypto_com;gate;htx;kraken;kucoin;mexc;okx;upbit,solana,solana,5,meteora;orca;saros-amm,31p1hptjhFo6ZD8oBqkfutNXQKGGPyi7YcEAfsyKW777;4UcZrPsyYVaY4Rt4ebCPwEyxn1VAhw5nXhF3e3PGCB4v;5zpyutJu9ee6jFymDGoK7F6S5Kczqtc9FomP3ueKuyA9;6oFWm7KPLfxnwMb3z5xwBoXNSPP3JJyirAPqPSiVcnsp;HmQL6eECoaGLWvTxz6cWT3jEsPfjdin2vNVJ1xKiwjXz,0.01845637583892623,0.01153212520593061,0.0016474464579900872,-0.018121911037891403
2026-03-13,BONK,6.14e-06,32629744.131344326,1932679.940012081,34562424.07135641,0.05591852978893887,16.883159728527197,12,binance;bitget;bybit;coinbase;crypto_com;gate;htx;kraken;kucoin;mexc;okx;upbit,solana,solana,5,meteora;orca;saros-amm,31p1hptjhFo6ZD8oBqkfutNXQKGGPyi7YcEAfsyKW777;4UcZrPsyYVaY4Rt4ebCPwEyxn1VAhw5nXhF3e3PGCB4v;5zpyutJu9ee6jFymDGoK7F6S5Kczqtc9FomP3ueKuyA9;6oFWm7KPLfxnwMb3z5xwBoXNSPP3JJyirAPqPSiVcnsp;HmQL6eECoaGLWvTxz6cWT3jEsPfjdin2vNVJ1xKiwjXz,0.01153212520593061,-0.016286644951140072,0.08143322475570036,-0.03583061889250805
2026-03-14,BONK,6.04e-06,10730234.696864692,589536.1564086768,11319770.85327337,0.05208022000182088,18.201147767137638,12,binance;bitget;bybit;coinbase;crypto_com;gate;htx;kraken;kucoin;mexc;okx;upbit,solana,solana,5,meteora;orca;saros-amm,31p1hptjhFo6ZD8oBqkfutNXQKGGPyi7YcEAfsyKW777;4UcZrPsyYVaY4Rt4ebCPwEyxn1VAhw5nXhF3e3PGCB4v;5zpyutJu9ee6jFymDGoK7F6S5Kczqtc9FomP3ueKuyA9;6oFWm7KPLfxnwMb3z5xwBoXNSPP3JJyirAPqPSiVcnsp;HmQL6eECoaGLWvTxz6cWT3jEsPfjdin2vNVJ1xKiwjXz,-0.016286644951140072,0.0066225165562914245,0.09768211920529812,-0.04635761589403975
2026-03-15,BONK,6.08e-06,14270392.19468844,619346.2960091374,14889738.490697578,0.04159551199613589,23.04105520068841,12,binance;bitget;bybit;coinbase;crypto_com;gate;htx;kraken;kucoin;mexc;okx;upbit,solana,solana,5,meteora;orca;saros-amm,31p1hptjhFo6ZD8oBqkfutNXQKGGPyi7YcEAfsyKW777;4UcZrPsyYVaY4Rt4ebCPwEyxn1VAhw5nXhF3e3PGCB4v;5zpyutJu9ee6jFymDGoK7F6S5Kczqtc9FomP3ueKuyA9;6oFWm7KPLfxnwMb3z5xwBoXNSPP3JJyirAPqPSiVcnsp;HmQL6eECoaGLWvTxz6cWT3jEsPfjdin2vNVJ1xKiwjXz,0.0066225165562914245,0.09210526315789469,0.013157894736842035,-0.06414473684210531
2026-03-16,BONK,6.64e-06,57538110.86344241,2668236.27687914,60206347.14032155,0.04431818908827574,21.564098862616824,12,binance;bitget;bybit;coinbase;crypto_com;gate;htx;kraken;kucoin;mexc;okx;upbit,solana,solana,5,meteora;orca;saros-amm,31p1hptjhFo6ZD8oBqkfutNXQKGGPyi7YcEAfsyKW777;4UcZrPsyYVaY4Rt4ebCPwEyxn1VAhw5nXhF3e3PGCB4v;5zpyutJu9ee6jFymDGoK7F6S5Kczqtc9FomP3ueKuyA9;6oFWm7KPLfxnwMb3z5xwBoXNSPP3JJyirAPqPSiVcnsp;HmQL6eECoaGLWvTxz6cWT3jEsPfjdin2vNVJ1xKiwjXz,0.09210526315789469,-0.001506024096385561,-0.10240963855421692,-0.10090361445783136
2026-03-17,BONK,6.63e-06,26051569.34314892,1641595.3420756585,27693164.685224578,0.05927799732298259,15.869665730294358,12,binance;bitget;bybit;coinbase;crypto_com;gate;htx;kraken;kucoin;mexc;okx;upbit,solana,solana,5,meteora;orca;saros-amm,31p1hptjhFo6ZD8oBqkfutNXQKGGPyi7YcEAfsyKW777;4UcZrPsyYVaY4Rt4ebCPwEyxn1VAhw5nXhF3e3PGCB4v;5zpyutJu9ee6jFymDGoK7F6S5Kczqtc9FomP3ueKuyA9;6oFWm7KPLfxnwMb3z5xwBoXNSPP3JJyirAPqPSiVcnsp;HmQL6eECoaGLWvTxz6cWT3jEsPfjdin2vNVJ1xKiwjXz,-0.001506024096385561,-0.07088989441930615,-0.10708898944193057,-0.0678733031674208
2026-03-18,BONK,6.16e-06,51644339.78508179,2236852.1816901113,53881191.9667719,0.041514526684368086,23.087953780683254,12,binance;bitget;bybit;coinbase;crypto_com;gate;htx;kraken;kucoin;mexc;okx;upbit,solana,solana,5,meteora;orca;saros-amm,31p1hptjhFo6ZD8oBqkfutNXQKGGPyi7YcEAfsyKW777;4UcZrPsyYVaY4Rt4ebCPwEyxn1VAhw5nXhF3e3PGCB4v;5zpyutJu9ee6jFymDGoK7F6S5Kczqtc9FomP3ueKuyA9;6oFWm7KPLfxnwMb3z5xwBoXNSPP3JJyirAPqPSiVcnsp;HmQL6eECoaGLWvTxz6cWT3jEsPfjdin2vNVJ1xKiwjXz,-0.07088989441930615,-0.032467532467532534,-0.06493506493506496,0.008116883116882967
2026-03-19,BONK,5.96e-06,16006769.890451746,714530.3430203572,16721300.233472103,0.042731745321457466,22.40180567110739,12,binance;bitget;bybit;coinbase;crypto_com;gate;htx;kraken;kucoin;mexc;okx;upbit,solana,solana,5,meteora;orca;saros-amm,31p1hptjhFo6ZD8oBqkfutNXQKGGPyi7YcEAfsyKW777;4UcZrPsyYVaY4Rt4ebCPwEyxn1VAhw5nXhF3e3PGCB4v;5zpyutJu9ee6jFymDGoK7F6S5Kczqtc9FomP3ueKuyA9;6oFWm7KPLfxnwMb3z5xwBoXNSPP3JJyirAPqPSiVcnsp;HmQL6eECoaGLWvTxz6cWT3jEsPfjdin2vNVJ1xKiwjXz,-0.032467532467532534,-0.006711409395973145,-0.04530201342281881,-0.008389261744966348
2026-03-20,BONK,5.92e-06,11811045.27205845,714890.2032095918,12525935.475268042,0.05707279944249385,16.52148150727376,12,binance;bitget;bybit;coinbase;crypto_com;gate;htx;kraken;kucoin;mexc;okx;upbit,solana,solana,5,meteora;orca;saros-amm,31p1hptjhFo6ZD8oBqkfutNXQKGGPyi7YcEAfsyKW777;4UcZrPsyYVaY4Rt4ebCPwEyxn1VAhw5nXhF3e3PGCB4v;5zpyutJu9ee6jFymDGoK7F6S5Kczqtc9FomP3ueKuyA9;6oFWm7KPLfxnwMb3z5xwBoXNSPP3JJyirAPqPSiVcnsp;HmQL6eECoaGLWvTxz6cWT3jEsPfjdin2vNVJ1xKiwjXz,-0.006711409395973145,-0.027027027027027084,0.008445945945945832,-0.03209459459459463
2026-03-21,BONK,5.76e-06,7312457.567012651,406435.81527396385,7718893.382286615,0.052654674076293935,17.9916663153408,12,binance;bitget;bybit;coinbase;crypto_com;gate;htx;kraken;kucoin;mexc;okx;upbit,solana,solana,5,meteora;orca;saros-amm,31p1hptjhFo6ZD8oBqkfutNXQKGGPyi7YcEAfsyKW777;4UcZrPsyYVaY4Rt4ebCPwEyxn1VAhw5nXhF3e3PGCB4v;5zpyutJu9ee6jFymDGoK7F6S5Kczqtc9FomP3ueKuyA9;6oFWm7KPLfxnwMb3z5xwBoXNSPP3JJyirAPqPSiVcnsp;HmQL6eECoaGLWvTxz6cWT3jEsPfjdin2vNVJ1xKiwjXz,-0.027027027027027084,-0.01215277777777779,0.07291666666666674,-0.00347222222222221
2026-03-22,BONK,5.69e-06,10342271.139517335,495264.2151519808,10837535.354669316,0.04569897111695215,20.882330729959204,12,binance;bitget;bybit;coinbase;crypto_com;gate;htx;kraken;kucoin;mexc;okx;upbit,solana,solana,5,meteora;orca;saros-amm,31p1hptjhFo6ZD8oBqkfutNXQKGGPyi7YcEAfsyKW777;4UcZrPsyYVaY4Rt4ebCPwEyxn1VAhw5nXhF3e3PGCB4v;5zpyutJu9ee6jFymDGoK7F6S5Kczqtc9FomP3ueKuyA9;6oFWm7KPLfxnwMb3z5xwBoXNSPP3JJyirAPqPSiVcnsp;HmQL6eECoaGLWvTxz6cWT3jEsPfjdin2vNVJ1xKiwjXz,-0.01215277777777779,0.049209138840070166,0.0913884007029877,-0.008787346221441061
2026-03-23,BONK,5.97e-06,17411550.88801168,1016364.3730195558,18427915.261031236,0.05515351892076584,17.131209387321434,12,binance;bitget;bybit;coinbase;crypto_com;gate;htx;kraken;kucoin;mexc;okx;upbit,solana,solana,5,meteora;orca;saros-amm,31p1hptjhFo6ZD8oBqkfutNXQKGGPyi7YcEAfsyKW777;4UcZrPsyYVaY4Rt4ebCPwEyxn1VAhw5nXhF3e3PGCB4v;5zpyutJu9ee6jFymDGoK7F6S5Kczqtc9FomP3ueKuyA9;6oFWm7KPLfxnwMb3z5xwBoXNSPP3JJyirAPqPSiVcnsp;HmQL6eECoaGLWvTxz6cWT3jEsPfjdin2vNVJ1xKiwjXz,0.049209138840070166,0.035175879396984966,-0.01005025125628134,-0.031825795644891075
2026-03-24,BONK,6.18e-06,11559427.268281456,820066.6489367711,12379493.917218227,0.0662439558854799,14.095716833831043,12,binance;bitget;bybit;coinbase;crypto_com;gate;htx;kraken;kucoin;mexc;okx;upbit,solana,solana,5,meteora;orca;saros-amm,31p1hptjhFo6ZD8oBqkfutNXQKGGPyi7YcEAfsyKW777;4UcZrPsyYVaY4Rt4ebCPwEyxn1VAhw5nXhF3e3PGCB4v;5zpyutJu9ee6jFymDGoK7F6S5Kczqtc9FomP3ueKuyA9;6oFWm7KPLfxnwMb3z5xwBoXNSPP3JJyirAPqPSiVcnsp;HmQL6eECoaGLWvTxz6cWT3jEsPfjdin2vNVJ1xKiwjXz,0.035175879396984966,0.004854368932038833,-0.07281553398058249,-0.04854368932038844
2026-03-25,BONK,6.21e-06,18839154.30230115,1350295.2140789719,20189449.51638012,0.06688122987124781,13.951878156623122,12,binance;bitget;bybit;coinbase;crypto_com;gate;htx;kraken;kucoin;mexc;okx;upbit,solana,solana,5,meteora;orca;saros-amm,31p1hptjhFo6ZD8oBqkfutNXQKGGPyi7YcEAfsyKW777;4UcZrPsyYVaY4Rt4ebCPwEyxn1VAhw5nXhF3e3PGCB4v;5zpyutJu9ee6jFymDGoK7F6S5Kczqtc9FomP3ueKuyA9;6oFWm7KPLfxnwMb3z5xwBoXNSPP3JJyirAPqPSiVcnsp;HmQL6eECoaGLWvTxz6cWT3jEsPfjdin2vNVJ1xKiwjXz,0.004854368932038833,-0.048309178743961345,-0.07568438003220612,-0.0531400966183575
2026-03-26,BONK,5.91e-06,13191728.066991538,819598.5082359004,14011326.575227438,0.05849542538570059,16.095353925649945,12,binance;bitget;bybit;coinbase;crypto_com;gate;htx;kraken;kucoin;mexc;okx;upbit,solana,solana,5,meteora;orca;saros-amm,31p1hptjhFo6ZD8oBqkfutNXQKGGPyi7YcEAfsyKW777;4UcZrPsyYVaY4Rt4ebCPwEyxn1VAhw5nXhF3e3PGCB4v;5zpyutJu9ee6jFymDGoK7F6S5Kczqtc9FomP3ueKuyA9;6oFWm7KPLfxnwMb3z5xwBoXNSPP3JJyirAPqPSiVcnsp;HmQL6eECoaGLWvTxz6cWT3jEsPfjdin2vNVJ1xKiwjXz,-0.048309178743961345,-0.030456852791878153,-0.045685279187817285,-0.045685279187817285
2026-03-27,BONK,5.73e-06,10658378.452847864,462587.0863448648,11120965.539192729,0.04159594638744326,23.04080413715203,12,binance;bitget;bybit;coinbase;crypto_com;gate;htx;kraken;kucoin;mexc;okx;upbit,solana,solana,5,meteora;orca;saros-amm,31p1hptjhFo6ZD8oBqkfutNXQKGGPyi7YcEAfsyKW777;4UcZrPsyYVaY4Rt4ebCPwEyxn1VAhw5nXhF3e3PGCB4v;5zpyutJu9ee6jFymDGoK7F6S5Kczqtc9FomP3ueKuyA9;6oFWm7KPLfxnwMb3z5xwBoXNSPP3JJyirAPqPSiVcnsp;HmQL6eECoaGLWvTxz6cWT3jEsPfjdin2vNVJ1xKiwjXz,-0.030456852791878153,0.0017452006980802626,0.008726003490401313,-0.0017452006980802626
2026-03-28,BONK,5.74e-06,8030593.970734064,311802.08938292455,8342396.060116988,0.03737560373974286,25.75542064720317,12,binance;bitget;bybit;coinbase;crypto_com;gate;htx;kraken;kucoin;mexc;okx;upbit,solana,solana,5,meteora;orca;saros-amm,31p1hptjhFo6ZD8oBqkfutNXQKGGPyi7YcEAfsyKW777;4UcZrPsyYVaY4Rt4ebCPwEyxn1VAhw5nXhF3e3PGCB4v;5zpyutJu9ee6jFymDGoK7F6S5Kczqtc9FomP3ueKuyA9;6oFWm7KPLfxnwMb3z5xwBoXNSPP3JJyirAPqPSiVcnsp;HmQL6eECoaGLWvTxz6cWT3jEsPfjdin2vNVJ1xKiwjXz,0.0017452006980802626,-0.017421602787456414,0.024390243902439046,-0.006968641114982632
2026-03-29,BONK,5.64e-06,8744669.54439043,549830.2671086915,9294499.811499123,0.05915652033565522,15.90430732446704,12,binance;bitget;bybit;coinbase;crypto_com;gate;htx;kraken;kucoin;mexc;okx;upbit,solana,solana,5,meteora;orca;saros-amm,31p1hptjhFo6ZD8oBqkfutNXQKGGPyi7YcEAfsyKW777;4UcZrPsyYVaY4Rt4ebCPwEyxn1VAhw5nXhF3e3PGCB4v;5zpyutJu9ee6jFymDGoK7F6S5Kczqtc9FomP3ueKuyA9;6oFWm7KPLfxnwMb3z5xwBoXNSPP3JJyirAPqPSiVcnsp;HmQL6eECoaGLWvTxz6cWT3jEsPfjdin2vNVJ1xKiwjXz,-0.017421602787456414,0.024822695035460862,0.04255319148936154,0.0035460992907800915
2026-03-30,BONK,5.78e-06,16870366.275121786,810702.442663609,17681068.717785396,0.045851438937518696,20.809566355435216,12,binance;bitget;bybit;coinbase;crypto_com;gate;htx;kraken;kucoin;mexc;okx;upbit,solana,solana,5,meteora;orca;saros-amm,31p1hptjhFo6ZD8oBqkfutNXQKGGPyi7YcEAfsyKW777;4UcZrPsyYVaY4Rt4ebCPwEyxn1VAhw5nXhF3e3PGCB4v;5zpyutJu9ee6jFymDGoK7F6S5Kczqtc9FomP3ueKuyA9;6oFWm7KPLfxnwMb3z5xwBoXNSPP3JJyirAPqPSiVcnsp;HmQL6eECoaGLWvTxz6cWT3jEsPfjdin2vNVJ1xKiwjXz,0.024822695035460862,0.01730103806228378,-0.02422145328719716,-0.02422145328719716
2026-03-31,BONK,5.88e-06,9086896.373545082,460062.61808094353,9546958.991626026,0.04818944110731812,19.75143386230596,12,binance;bitget;bybit;coinbase;crypto_com;gate;htx;kraken;kucoin;mexc;okx;upbit,solana,solana,5,meteora;orca;saros-amm,31p1hptjhFo6ZD8oBqkfutNXQKGGPyi7YcEAfsyKW777;4UcZrPsyYVaY4Rt4ebCPwEyxn1VAhw5nXhF3e3PGCB4v;5zpyutJu9ee6jFymDGoK7F6S5Kczqtc9FomP3ueKuyA9;6oFWm7KPLfxnwMb3z5xwBoXNSPP3JJyirAPqPSiVcnsp;HmQL6eECoaGLWvTxz6cWT3jEsPfjdin2vNVJ1xKiwjXz,0.01730103806228378,0.0,-0.027210884353741416,0.03911564625850339
2026-04-01,BONK,5.88e-06,9278029.040851407,1320593.8956935862,10598622.936544992,0.1246005168407361,7.025648892598063,12,binance;bitget;bybit;coinbase;crypto_com;gate;htx;kraken;kucoin;mexc;okx;upbit,solana,solana,5,meteora;orca;saros-amm,31p1hptjhFo6ZD8oBqkfutNXQKGGPyi7YcEAfsyKW777;4UcZrPsyYVaY4Rt4ebCPwEyxn1VAhw5nXhF3e3PGCB4v;5zpyutJu9ee6jFymDGoK7F6S5Kczqtc9FomP3ueKuyA9;6oFWm7KPLfxnwMb3z5xwBoXNSPP3JJyirAPqPSiVcnsp;HmQL6eECoaGLWvTxz6cWT3jEsPfjdin2vNVJ1xKiwjXz,0.0,-0.04081632653061218,-0.030612244897959218,-0.015306122448979553
2026-04-02,BONK,5.64e-06,10360671.344998065,933862.7330626074,11294534.078060674,0.0826827141879726,11.094426384293325,12,binance;bitget;bybit;coinbase;crypto_com;gate;htx;kraken;kucoin;mexc;okx;upbit,solana,solana,5,meteora;orca;saros-amm,31p1hptjhFo6ZD8oBqkfutNXQKGGPyi7YcEAfsyKW777;4UcZrPsyYVaY4Rt4ebCPwEyxn1VAhw5nXhF3e3PGCB4v;5zpyutJu9ee6jFymDGoK7F6S5Kczqtc9FomP3ueKuyA9;6oFWm7KPLfxnwMb3z5xwBoXNSPP3JJyirAPqPSiVcnsp;HmQL6eECoaGLWvTxz6cWT3jEsPfjdin2vNVJ1xKiwjXz,-0.04081632653061218,0.014184397163120588,0.0035460992907800915,0.040780141843971496
2026-04-03,BONK,5.72e-06,7857180.301332005,856598.9392164929,8713779.240548499,0.09830395234600565,9.172530972918024,12,binance;bitget;bybit;coinbase;crypto_com;gate;htx;kraken;kucoin;mexc;okx;upbit,solana,solana,5,meteora;orca;saros-amm,31p1hptjhFo6ZD8oBqkfutNXQKGGPyi7YcEAfsyKW777;4UcZrPsyYVaY4Rt4ebCPwEyxn1VAhw5nXhF3e3PGCB4v;5zpyutJu9ee6jFymDGoK7F6S5Kczqtc9FomP3ueKuyA9;6oFWm7KPLfxnwMb3z5xwBoXNSPP3JJyirAPqPSiVcnsp;HmQL6eECoaGLWvTxz6cWT3jEsPfjdin2vNVJ1xKiwjXz,0.014184397163120588,-0.0034965034965036557,-0.013986013986013957,0.04370629370629353
2026-04-04,BONK,5.7e-06,6824515.685884661,506371.9887031825,7330887.674587844,0.06907376175718744,13.477277254933137,12,binance;bitget;bybit;coinbase;crypto_com;gate;htx;kraken;kucoin;mexc;okx;upbit,solana,solana,5,meteora;orca;saros-amm,31p1hptjhFo6ZD8oBqkfutNXQKGGPyi7YcEAfsyKW777;4UcZrPsyYVaY4Rt4ebCPwEyxn1VAhw5nXhF3e3PGCB4v;5zpyutJu9ee6jFymDGoK7F6S5Kczqtc9FomP3ueKuyA9;6oFWm7KPLfxnwMb3z5xwBoXNSPP3JJyirAPqPSiVcnsp;HmQL6eECoaGLWvTxz6cWT3jEsPfjdin2vNVJ1xKiwjXz,-0.0034965034965036557,-0.007017543859649034,0.07192982456140351,0.04035087719298258
2026-04-05,BONK,5.66e-06,13136752.30518247,400274.890238648,13537027.195421118,0.0295688916377475,32.8193264817341,12,binance;bitget;bybit;coinbase;crypto_com;gate;htx;kraken;kucoin;mexc;okx;upbit,solana,solana,5,meteora;orca;saros-amm,31p1hptjhFo6ZD8oBqkfutNXQKGGPyi7YcEAfsyKW777;4UcZrPsyYVaY4Rt4ebCPwEyxn1VAhw5nXhF3e3PGCB4v;5zpyutJu9ee6jFymDGoK7F6S5Kczqtc9FomP3ueKuyA9;6oFWm7KPLfxnwMb3z5xwBoXNSPP3JJyirAPqPSiVcnsp;HmQL6eECoaGLWvTxz6cWT3jEsPfjdin2vNVJ1xKiwjXz,-0.007017543859649034,-0.0035335689045935537,0.0229681978798586,-0.005300353356890386
2026-04-06,BONK,5.64e-06,19905572.5299508,1479070.2859388092,21384642.81588961,0.06916506853412595,13.458165388885595,12,binance;bitget;bybit;coinbase;crypto_com;gate;htx;kraken;kucoin;mexc;okx;upbit,solana,solana,5,meteora;orca;saros-amm,31p1hptjhFo6ZD8oBqkfutNXQKGGPyi7YcEAfsyKW777;4UcZrPsyYVaY4Rt4ebCPwEyxn1VAhw5nXhF3e3PGCB4v;5zpyutJu9ee6jFymDGoK7F6S5Kczqtc9FomP3ueKuyA9;6oFWm7KPLfxnwMb3z5xwBoXNSPP3JJyirAPqPSiVcnsp;HmQL6eECoaGLWvTxz6cWT3jEsPfjdin2vNVJ1xKiwjXz,-0.0035335689045935537,0.08333333333333326,0.040780141843971496,0.08333333333333326
2026-04-07,BONK,6.11e-06,16621076.66984538,1437797.9661158388,18058874.63596122,0.07961725163387011,11.560091933324012,12,binance;bitget;bybit;coinbase;crypto_com;gate;htx;kraken;kucoin;mexc;okx;upbit,solana,solana,5,meteora;orca;saros-amm,31p1hptjhFo6ZD8oBqkfutNXQKGGPyi7YcEAfsyKW777;4UcZrPsyYVaY4Rt4ebCPwEyxn1VAhw5nXhF3e3PGCB4v;5zpyutJu9ee6jFymDGoK7F6S5Kczqtc9FomP3ueKuyA9;6oFWm7KPLfxnwMb3z5xwBoXNSPP3JJyirAPqPSiVcnsp;HmQL6eECoaGLWvTxz6cWT3jEsPfjdin2vNVJ1xKiwjXz,0.08333333333333326,-0.05237315875613757,-0.022913256955810257,-0.042553191489361764
2026-04-08,BONK,5.79e-06,15883625.253082762,1274255.3913383784,17157880.64442114,0.07426647951142501,12.46502495578994,12,binance;bitget;bybit;coinbase;crypto_com;gate;htx;kraken;kucoin;mexc;okx;upbit,solana,solana,5,meteora;orca;saros-amm,31p1hptjhFo6ZD8oBqkfutNXQKGGPyi7YcEAfsyKW777;4UcZrPsyYVaY4Rt4ebCPwEyxn1VAhw5nXhF3e3PGCB4v;5zpyutJu9ee6jFymDGoK7F6S5Kczqtc9FomP3ueKuyA9;6oFWm7KPLfxnwMb3z5xwBoXNSPP3JJyirAPqPSiVcnsp;HmQL6eECoaGLWvTxz6cWT3jEsPfjdin2vNVJ1xKiwjXz,-0.05237315875613757,0.013816925734024155,0.024179620034542326,0.050086355785837755
2026-04-09,BONK,5.87e-06,16376088.079565259,569264.1758398314,16945352.25540509,0.033594118744758,28.767115119102186,12,binance;bitget;bybit;coinbase;crypto_com;gate;htx;kraken;kucoin;mexc;okx;upbit,solana,solana,5,meteora;orca;saros-amm,31p1hptjhFo6ZD8oBqkfutNXQKGGPyi7YcEAfsyKW777;4UcZrPsyYVaY4Rt4ebCPwEyxn1VAhw5nXhF3e3PGCB4v;5zpyutJu9ee6jFymDGoK7F6S5Kczqtc9FomP3ueKuyA9;6oFWm7KPLfxnwMb3z5xwBoXNSPP3JJyirAPqPSiVcnsp;HmQL6eECoaGLWvTxz6cWT3jEsPfjdin2vNVJ1xKiwjXz,0.013816925734024155,0.017035775127768327,-0.04088586030664387,0.10732538330494035
2026-04-10,BONK,5.97e-06,11287777.507704325,540560.7638141024,11828338.271518428,0.0457004822998446,20.881607144513666,12,binance;bitget;bybit;coinbase;crypto_com;gate;htx;kraken;kucoin;mexc;okx;upbit,solana,solana,5,meteora;orca;saros-amm,31p1hptjhFo6ZD8oBqkfutNXQKGGPyi7YcEAfsyKW777;4UcZrPsyYVaY4Rt4ebCPwEyxn1VAhw5nXhF3e3PGCB4v;5zpyutJu9ee6jFymDGoK7F6S5Kczqtc9FomP3ueKuyA9;6oFWm7KPLfxnwMb3z5xwBoXNSPP3JJyirAPqPSiVcnsp;HmQL6eECoaGLWvTxz6cWT3jEsPfjdin2vNVJ1xKiwjXz,0.017035775127768327,-0.00670016750418756,0.02345058626465657,0.07537688442211077
2026-04-11,BONK,5.93e-06,11545753.584775845,445195.10728614,11990948.692061985,0.03712759671641823,25.93414302137658,12,binance;bitget;bybit;coinbase;crypto_com;gate;htx;kraken;kucoin;mexc;okx;upbit,solana,solana,5,meteora;orca;saros-amm,31p1hptjhFo6ZD8oBqkfutNXQKGGPyi7YcEAfsyKW777;4UcZrPsyYVaY4Rt4ebCPwEyxn1VAhw5nXhF3e3PGCB4v;5zpyutJu9ee6jFymDGoK7F6S5Kczqtc9FomP3ueKuyA9;6oFWm7KPLfxnwMb3z5xwBoXNSPP3JJyirAPqPSiVcnsp;HmQL6eECoaGLWvTxz6cWT3jEsPfjdin2vNVJ1xKiwjXz,-0.00670016750418756,-0.050590219224283195,-0.013490725126475533,0.018549747048903775
2026-04-12,BONK,5.63e-06,14878004.952360727,377632.0547171992,15255637.007077927,0.024753607767541597,39.398151630699246,12,binance;bitget;bybit;coinbase;crypto_com;gate;htx;kraken;kucoin;mexc;okx;upbit,solana,solana,5,meteora;orca;saros-amm,31p1hptjhFo6ZD8oBqkfutNXQKGGPyi7YcEAfsyKW777;4UcZrPsyYVaY4Rt4ebCPwEyxn1VAhw5nXhF3e3PGCB4v;5zpyutJu9ee6jFymDGoK7F6S5Kczqtc9FomP3ueKuyA9;6oFWm7KPLfxnwMb3z5xwBoXNSPP3JJyirAPqPSiVcnsp;HmQL6eECoaGLWvTxz6cWT3jEsPfjdin2vNVJ1xKiwjXz,-0.050590219224283195,0.08525754884547054,0.07992895204262873,0.0497335701598578
2026-04-13,BONK,6.11e-06,16251483.618339548,495781.0043969769,16747264.622736525,0.029603700399162,32.779560883149166,12,binance;bitget;bybit;coinbase;crypto_com;gate;htx;kraken;kucoin;mexc;okx;upbit,solana,solana,5,meteora;orca;saros-amm,31p1hptjhFo6ZD8oBqkfutNXQKGGPyi7YcEAfsyKW777;4UcZrPsyYVaY4Rt4ebCPwEyxn1VAhw5nXhF3e3PGCB4v;5zpyutJu9ee6jFymDGoK7F6S5Kczqtc9FomP3ueKuyA9;6oFWm7KPLfxnwMb3z5xwBoXNSPP3JJyirAPqPSiVcnsp;HmQL6eECoaGLWvTxz6cWT3jEsPfjdin2vNVJ1xKiwjXz,0.08525754884547054,-0.042553191489361764,0.06382978723404253,0.0
2026-04-14,BONK,5.85e-06,20537604.69725325,942782.2529517355,21480386.950204983,0.04389037567792692,21.784038289809263,12,binance;bitget;bybit;coinbase;crypto_com;gate;htx;kraken;kucoin;mexc;okx;upbit,solana,solana,5,meteora;orca;saros-amm,31p1hptjhFo6ZD8oBqkfutNXQKGGPyi7YcEAfsyKW777;4UcZrPsyYVaY4Rt4ebCPwEyxn1VAhw5nXhF3e3PGCB4v;5zpyutJu9ee6jFymDGoK7F6S5Kczqtc9FomP3ueKuyA9;6oFWm7KPLfxnwMb3z5xwBoXNSPP3JJyirAPqPSiVcnsp;HmQL6eECoaGLWvTxz6cWT3jEsPfjdin2vNVJ1xKiwjXz,-0.042553191489361764,0.0393162393162394,0.09743589743589753,0.05470085470085473
2026-04-15,BONK,6.08e-06,13281521.800269833,830103.7461854394,14111625.546455272,0.05882410523527212,15.999833588635358,12,binance;bitget;bybit;coinbase;crypto_com;gate;htx;kraken;kucoin;mexc;okx;upbit,solana,solana,5,meteora;orca;saros-amm,31p1hptjhFo6ZD8oBqkfutNXQKGGPyi7YcEAfsyKW777;4UcZrPsyYVaY4Rt4ebCPwEyxn1VAhw5nXhF3e3PGCB4v;5zpyutJu9ee6jFymDGoK7F6S5Kczqtc9FomP3ueKuyA9;6oFWm7KPLfxnwMb3z5xwBoXNSPP3JJyirAPqPSiVcnsp;HmQL6eECoaGLWvTxz6cWT3jEsPfjdin2vNVJ1xKiwjXz,0.0393162393162394,0.06907894736842102,-0.006578947368421129,0.04111842105263164
2026-04-16,BONK,6.5e-06,41446250.28510049,2293678.256038306,43739928.5411388,0.05243900327548611,18.069775120372555,12,binance;bitget;bybit;coinbase;crypto_com;gate;htx;kraken;kucoin;mexc;okx;upbit,solana,solana,5,meteora;orca;saros-amm,31p1hptjhFo6ZD8oBqkfutNXQKGGPyi7YcEAfsyKW777;4UcZrPsyYVaY4Rt4ebCPwEyxn1VAhw5nXhF3e3PGCB4v;5zpyutJu9ee6jFymDGoK7F6S5Kczqtc9FomP3ueKuyA9;6oFWm7KPLfxnwMb3z5xwBoXNSPP3JJyirAPqPSiVcnsp;HmQL6eECoaGLWvTxz6cWT3jEsPfjdin2vNVJ1xKiwjXz,0.06907894736842102,-0.012307692307692242,-0.09076923076923071,-0.024615384615384484
2026-04-17,BONK,6.42e-06,29146896.315565735,1504049.702205905,30650946.01777164,0.04907025386211069,19.378944906420063,12,binance;bitget;bybit;coinbase;crypto_com;gate;htx;kraken;kucoin;mexc;okx;upbit,solana,solana,5,meteora;orca;saros-amm,31p1hptjhFo6ZD8oBqkfutNXQKGGPyi7YcEAfsyKW777;4UcZrPsyYVaY4Rt4ebCPwEyxn1VAhw5nXhF3e3PGCB4v;5zpyutJu9ee6jFymDGoK7F6S5Kczqtc9FomP3ueKuyA9;6oFWm7KPLfxnwMb3z5xwBoXNSPP3JJyirAPqPSiVcnsp;HmQL6eECoaGLWvTxz6cWT3jEsPfjdin2vNVJ1xKiwjXz,-0.012307692307692242,-0.05919003115264809,-0.04828660436137078,-0.015576323987539054
2026-04-18,BONK,6.04e-06,12330106.133494338,845747.7578981345,13175853.891392473,0.0641892180096688,14.578940373590004,12,binance;bitget;bybit;coinbase;crypto_com;gate;htx;kraken;kucoin;mexc;okx;upbit,solana,solana,5,meteora;orca;saros-amm,31p1hptjhFo6ZD8oBqkfutNXQKGGPyi7YcEAfsyKW777;4UcZrPsyYVaY4Rt4ebCPwEyxn1VAhw5nXhF3e3PGCB4v;5zpyutJu9ee6jFymDGoK7F6S5Kczqtc9FomP3ueKuyA9;6oFWm7KPLfxnwMb3z5xwBoXNSPP3JJyirAPqPSiVcnsp;HmQL6eECoaGLWvTxz6cWT3jEsPfjdin2vNVJ1xKiwjXz,-0.05919003115264809,-0.021523178807946963,0.021523178807947074,0.0298013245033113
2026-04-19,BONK,5.91e-06,17660121.45139671,1054983.5104929495,18715104.96188966,0.05637069696596711,16.739713252148253,12,binance;bitget;bybit;coinbase;crypto_com;gate;htx;kraken;kucoin;mexc;okx;upbit,solana,solana,5,meteora;orca;saros-amm,31p1hptjhFo6ZD8oBqkfutNXQKGGPyi7YcEAfsyKW777;4UcZrPsyYVaY4Rt4ebCPwEyxn1VAhw5nXhF3e3PGCB4v;5zpyutJu9ee6jFymDGoK7F6S5Kczqtc9FomP3ueKuyA9;6oFWm7KPLfxnwMb3z5xwBoXNSPP3JJyirAPqPSiVcnsp;HmQL6eECoaGLWvTxz6cWT3jEsPfjdin2vNVJ1xKiwjXz,-0.021523178807946963,0.03384094754653133,0.07106598984771573,0.0659898477157359
2026-04-20,BONK,6.11e-06,13147857.779182324,704994.4934697399,13852852.272652064,0.05089164885281578,18.64958932441174,12,binance;bitget;bybit;coinbase;crypto_com;gate;htx;kraken;kucoin;mexc;okx;upbit,solana,solana,5,meteora;orca;saros-amm,31p1hptjhFo6ZD8oBqkfutNXQKGGPyi7YcEAfsyKW777;4UcZrPsyYVaY4Rt4ebCPwEyxn1VAhw5nXhF3e3PGCB4v;5zpyutJu9ee6jFymDGoK7F6S5Kczqtc9FomP3ueKuyA9;6oFWm7KPLfxnwMb3z5xwBoXNSPP3JJyirAPqPSiVcnsp;HmQL6eECoaGLWvTxz6cWT3jEsPfjdin2vNVJ1xKiwjXz,0.03384094754653133,0.009819967266775809,0.03764320785597386,0.019639934533551395
2026-04-21,BONK,6.17e-06,11226277.557745047,533986.3343471768,11760263.892092224,0.045405982318665244,21.023529696634828,12,binance;bitget;bybit;coinbase;crypto_com;gate;htx;kraken;kucoin;mexc;okx;upbit,solana,solana,5,meteora;orca;saros-amm,31p1hptjhFo6ZD8oBqkfutNXQKGGPyi7YcEAfsyKW777;4UcZrPsyYVaY4Rt4ebCPwEyxn1VAhw5nXhF3e3PGCB4v;5zpyutJu9ee6jFymDGoK7F6S5Kczqtc9FomP3ueKuyA9;6oFWm7KPLfxnwMb3z5xwBoXNSPP3JJyirAPqPSiVcnsp;HmQL6eECoaGLWvTxz6cWT3jEsPfjdin2vNVJ1xKiwjXz,0.009819967266775809,0.025931928687196182,0.024311183144246185,0.00972447325769843
2026-04-22,BONK,6.33e-06,21849795.498867292,1200311.7719048455,23050107.270772137,0.05207402107958334,18.203433483112946,12,binance;bitget;bybit;coinbase;crypto_com;gate;htx;kraken;kucoin;mexc;okx;upbit,solana,solana,5,meteora;orca;saros-amm,31p1hptjhFo6ZD8oBqkfutNXQKGGPyi7YcEAfsyKW777;4UcZrPsyYVaY4Rt4ebCPwEyxn1VAhw5nXhF3e3PGCB4v;5zpyutJu9ee6jFymDGoK7F6S5Kczqtc9FomP3ueKuyA9;6oFWm7KPLfxnwMb3z5xwBoXNSPP3JJyirAPqPSiVcnsp;HmQL6eECoaGLWvTxz6cWT3jEsPfjdin2vNVJ1xKiwjXz,0.025931928687196182,0.0015797788309637184,-0.01737756714060046,-0.025276461295418717
2026-04-23,BONK,6.34e-06,16557832.1310824,765277.1238215438,17323109.254903946,0.0441766609308259,21.636387153973715,12,binance;bitget;bybit;coinbase;crypto_com;gate;htx;kraken;kucoin;mexc;okx;upbit,solana,solana,5,meteora;orca;saros-amm,31p1hptjhFo6ZD8oBqkfutNXQKGGPyi7YcEAfsyKW777;4UcZrPsyYVaY4Rt4ebCPwEyxn1VAhw5nXhF3e3PGCB4v;5zpyutJu9ee6jFymDGoK7F6S5Kczqtc9FomP3ueKuyA9;6oFWm7KPLfxnwMb3z5xwBoXNSPP3JJyirAPqPSiVcnsp;HmQL6eECoaGLWvTxz6cWT3jEsPfjdin2vNVJ1xKiwjXz,0.0015797788309637184,-0.003154574132492205,-0.006309148264984299,-0.028391167192429068
2026-04-24,BONK,6.32e-06,11139046.481068267,691070.7440165194,11830117.225084785,0.058416221147087284,16.118532838371753,12,binance;bitget;bybit;coinbase;crypto_com;gate;htx;kraken;kucoin;mexc;okx;upbit,solana,solana,5,meteora;orca;saros-amm,31p1hptjhFo6ZD8oBqkfutNXQKGGPyi7YcEAfsyKW777;4UcZrPsyYVaY4Rt4ebCPwEyxn1VAhw5nXhF3e3PGCB4v;5zpyutJu9ee6jFymDGoK7F6S5Kczqtc9FomP3ueKuyA9;6oFWm7KPLfxnwMb3z5xwBoXNSPP3JJyirAPqPSiVcnsp;HmQL6eECoaGLWvTxz6cWT3jEsPfjdin2vNVJ1xKiwjXz,-0.003154574132492205,-0.015822784810126556,-0.014240506329113889,-0.014240506329113889
2026-04-25,BONK,6.22e-06,6463725.611629723,615379.5918410688,7079105.203470792,0.08692900785530866,10.503639862823203,12,binance;bitget;bybit;coinbase;crypto_com;gate;htx;kraken;kucoin;mexc;okx;upbit,solana,solana,5,meteora;orca;saros-amm,31p1hptjhFo6ZD8oBqkfutNXQKGGPyi7YcEAfsyKW777;4UcZrPsyYVaY4Rt4ebCPwEyxn1VAhw5nXhF3e3PGCB4v;5zpyutJu9ee6jFymDGoK7F6S5Kczqtc9FomP3ueKuyA9;6oFWm7KPLfxnwMb3z5xwBoXNSPP3JJyirAPqPSiVcnsp;HmQL6eECoaGLWvTxz6cWT3jEsPfjdin2vNVJ1xKiwjXz,-0.015822784810126556,0.012861736334405238,0.001607717041800738,0.012861736334405238
2026-04-26,BONK,6.3e-06,6683576.846267123,641235.9114933987,7324812.757760521,0.08754297655104147,10.422960920422387,12,binance;bitget;bybit;coinbase;crypto_com;gate;htx;kraken;kucoin;mexc;okx;upbit,solana,solana,5,meteora;orca;saros-amm,31p1hptjhFo6ZD8oBqkfutNXQKGGPyi7YcEAfsyKW777;4UcZrPsyYVaY4Rt4ebCPwEyxn1VAhw5nXhF3e3PGCB4v;5zpyutJu9ee6jFymDGoK7F6S5Kczqtc9FomP3ueKuyA9;6oFWm7KPLfxnwMb3z5xwBoXNSPP3JJyirAPqPSiVcnsp;HmQL6eECoaGLWvTxz6cWT3jEsPfjdin2vNVJ1xKiwjXz,0.012861736334405238,-0.011111111111111183,-0.02063492063492056,-0.009523809523809379
2026-04-27,BONK,6.23e-06,14312554.424601171,982968.0066040516,15295522.431205222,0.06426508221769826,14.560549609389676,12,binance;bitget;bybit;coinbase;crypto_com;gate;htx;kraken;kucoin;mexc;okx;upbit,solana,solana,5,meteora;orca;saros-amm,31p1hptjhFo6ZD8oBqkfutNXQKGGPyi7YcEAfsyKW777;4UcZrPsyYVaY4Rt4ebCPwEyxn1VAhw5nXhF3e3PGCB4v;5zpyutJu9ee6jFymDGoK7F6S5Kczqtc9FomP3ueKuyA9;6oFWm7KPLfxnwMb3z5xwBoXNSPP3JJyirAPqPSiVcnsp;HmQL6eECoaGLWvTxz6cWT3jEsPfjdin2vNVJ1xKiwjXz,-0.011111111111111183,0.0,-0.011235955056179692,0.0
2026-04-28,BONK,6.23e-06,9812618.975273443,852235.4752579643,10664854.450531408,0.07991065224668857,11.51397619572601,12,binance;bitget;bybit;coinbase;crypto_com;gate;htx;kraken;kucoin;mexc;okx;upbit,solana,solana,5,meteora;orca;saros-amm,31p1hptjhFo6ZD8oBqkfutNXQKGGPyi7YcEAfsyKW777;4UcZrPsyYVaY4Rt4ebCPwEyxn1VAhw5nXhF3e3PGCB4v;5zpyutJu9ee6jFymDGoK7F6S5Kczqtc9FomP3ueKuyA9;6oFWm7KPLfxnwMb3z5xwBoXNSPP3JJyirAPqPSiVcnsp;HmQL6eECoaGLWvTxz6cWT3jEsPfjdin2vNVJ1xKiwjXz,0.0,-0.009630818619582593,0.0,0.043338683788122
2026-04-29,BONK,6.17e-06,19758562.13901071,1904791.0763942127,21663353.21540492,0.08792688082285,10.373086258055057,12,binance;bitget;bybit;coinbase;crypto_com;gate;htx;kraken;kucoin;mexc;okx;upbit,solana,solana,5,meteora;orca;saros-amm,31p1hptjhFo6ZD8oBqkfutNXQKGGPyi7YcEAfsyKW777;4UcZrPsyYVaY4Rt4ebCPwEyxn1VAhw5nXhF3e3PGCB4v;5zpyutJu9ee6jFymDGoK7F6S5Kczqtc9FomP3ueKuyA9;6oFWm7KPLfxnwMb3z5xwBoXNSPP3JJyirAPqPSiVcnsp;HmQL6eECoaGLWvTxz6cWT3jEsPfjdin2vNVJ1xKiwjXz,-0.009630818619582593,-0.0016207455429497752,0.021069692058346856,0.1037277147487845
2026-04-30,BONK,6.16e-06,9251741.719642442,1836801.633439624,11088543.353082066,0.16564859557762238,5.036875812396509,12,binance;bitget;bybit;coinbase;crypto_com;gate;htx;kraken;kucoin;mexc;okx;upbit,solana,solana,5,meteora;orca;saros-amm,31p1hptjhFo6ZD8oBqkfutNXQKGGPyi7YcEAfsyKW777;4UcZrPsyYVaY4Rt4ebCPwEyxn1VAhw5nXhF3e3PGCB4v;5zpyutJu9ee6jFymDGoK7F6S5Kczqtc9FomP3ueKuyA9;6oFWm7KPLfxnwMb3z5xwBoXNSPP3JJyirAPqPSiVcnsp;HmQL6eECoaGLWvTxz6cWT3jEsPfjdin2vNVJ1xKiwjXz,-0.0016207455429497752,0.011363636363636243,0.012987012987013102,0.10064935064935066
2026-05-01,BONK,6.23e-06,7209218.992925619,2704880.8096298384,9914099.802555457,0.27283171074519835,2.6652630930204264,12,binance;bitget;bybit;coinbase;crypto_com;gate;htx;kraken;kucoin;mexc;okx;upbit,solana,solana,5,meteora;orca;saros-amm,31p1hptjhFo6ZD8oBqkfutNXQKGGPyi7YcEAfsyKW777;4UcZrPsyYVaY4Rt4ebCPwEyxn1VAhw5nXhF3e3PGCB4v;5zpyutJu9ee6jFymDGoK7F6S5Kczqtc9FomP3ueKuyA9;6oFWm7KPLfxnwMb3z5xwBoXNSPP3JJyirAPqPSiVcnsp;HmQL6eECoaGLWvTxz6cWT3jEsPfjdin2vNVJ1xKiwjXz,0.011363636363636243,0.011235955056179803,0.0,0.1540930979133226
2026-05-02,BONK,6.3e-06,5218738.56740627,831479.1993414917,6050217.7667477615,0.13742963169215736,6.276451138572516,12,binance;bitget;bybit;coinbase;crypto_com;gate;htx;kraken;kucoin;mexc;okx;upbit,solana,solana,5,meteora;orca;saros-amm,31p1hptjhFo6ZD8oBqkfutNXQKGGPyi7YcEAfsyKW777;4UcZrPsyYVaY4Rt4ebCPwEyxn1VAhw5nXhF3e3PGCB4v;5zpyutJu9ee6jFymDGoK7F6S5Kczqtc9FomP3ueKuyA9;6oFWm7KPLfxnwMb3z5xwBoXNSPP3JJyirAPqPSiVcnsp;HmQL6eECoaGLWvTxz6cWT3jEsPfjdin2vNVJ1xKiwjXz,0.011235955056179803,-0.009523809523809379,0.03174603174603163,0.14920634920634934
2026-05-03,BONK,6.24e-06,5815955.560849099,819644.9141194083,6635600.474968508,0.12352234243326687,7.095701395399391,12,binance;bitget;bybit;coinbase;crypto_com;gate;htx;kraken;kucoin;mexc;okx;upbit,solana,solana,5,meteora;orca;saros-amm,31p1hptjhFo6ZD8oBqkfutNXQKGGPyi7YcEAfsyKW777;4UcZrPsyYVaY4Rt4ebCPwEyxn1VAhw5nXhF3e3PGCB4v;5zpyutJu9ee6jFymDGoK7F6S5Kczqtc9FomP3ueKuyA9;6oFWm7KPLfxnwMb3z5xwBoXNSPP3JJyirAPqPSiVcnsp;HmQL6eECoaGLWvTxz6cWT3jEsPfjdin2vNVJ1xKiwjXz,-0.009523809523809379,-0.001602564102564208,0.09134615384615374,0.23717948717948723
2026-05-04,BONK,6.23e-06,15003761.814968882,3612120.573904511,18615882.388873395,0.19403434650314802,4.153726739733555,12,binance;bitget;bybit;coinbase;crypto_com;gate;htx;kraken;kucoin;mexc;okx;upbit,solana,solana,5,meteora;orca;saros-amm,31p1hptjhFo6ZD8oBqkfutNXQKGGPyi7YcEAfsyKW777;4UcZrPsyYVaY4Rt4ebCPwEyxn1VAhw5nXhF3e3PGCB4v;5zpyutJu9ee6jFymDGoK7F6S5Kczqtc9FomP3ueKuyA9;6oFWm7KPLfxnwMb3z5xwBoXNSPP3JJyirAPqPSiVcnsp;HmQL6eECoaGLWvTxz6cWT3jEsPfjdin2vNVJ1xKiwjXz,-0.001602564102564208,0.043338683788122,0.08828250401284121,0.2086677367576244
2026-05-05,BONK,6.5e-06,21485504.634880852,2053688.1458760758,23539192.780756928,0.08724547884900058,10.46191198893804,12,binance;bitget;bybit;coinbase;crypto_com;gate;htx;kraken;kucoin;mexc;okx;upbit,solana,solana,5,meteora;orca;saros-amm,31p1hptjhFo6ZD8oBqkfutNXQKGGPyi7YcEAfsyKW777;4UcZrPsyYVaY4Rt4ebCPwEyxn1VAhw5nXhF3e3PGCB4v;5zpyutJu9ee6jFymDGoK7F6S5Kczqtc9FomP3ueKuyA9;6oFWm7KPLfxnwMb3z5xwBoXNSPP3JJyirAPqPSiVcnsp;HmQL6eECoaGLWvTxz6cWT3jEsPfjdin2vNVJ1xKiwjXz,0.043338683788122,0.0476923076923077,0.10615384615384627,0.08923076923076922
2026-05-06,BONK,6.81e-06,34730130.84121029,3662493.2211667076,38392624.062377,0.09539575141350606,9.482647132421672,12,binance;bitget;bybit;coinbase;crypto_com;gate;htx;kraken;kucoin;mexc;okx;upbit,solana,solana,5,meteora;orca;saros-amm,31p1hptjhFo6ZD8oBqkfutNXQKGGPyi7YcEAfsyKW777;4UcZrPsyYVaY4Rt4ebCPwEyxn1VAhw5nXhF3e3PGCB4v;5zpyutJu9ee6jFymDGoK7F6S5Kczqtc9FomP3ueKuyA9;6oFWm7KPLfxnwMb3z5xwBoXNSPP3JJyirAPqPSiVcnsp;HmQL6eECoaGLWvTxz6cWT3jEsPfjdin2vNVJ1xKiwjXz,0.0476923076923077,-0.004405286343612258,0.06314243759177685,0.004405286343612369
2026-05-07,BONK,6.78e-06,21990965.798223473,3318233.9565034644,25309199.75472694,0.1311078180527508,6.627310215761911,12,binance;bitget;bybit;coinbase;crypto_com;gate;htx;kraken;kucoin;mexc;okx;upbit,solana,solana,5,meteora;orca;saros-amm,31p1hptjhFo6ZD8oBqkfutNXQKGGPyi7YcEAfsyKW777;4UcZrPsyYVaY4Rt4ebCPwEyxn1VAhw5nXhF3e3PGCB4v;5zpyutJu9ee6jFymDGoK7F6S5Kczqtc9FomP3ueKuyA9;6oFWm7KPLfxnwMb3z5xwBoXNSPP3JJyirAPqPSiVcnsp;HmQL6eECoaGLWvTxz6cWT3jEsPfjdin2vNVJ1xKiwjXz,-0.004405286343612258,0.06047197640117985,0.13864306784660774,0.017699115044247815
2026-05-08,BONK,7.19e-06,31834946.87447018,4341712.588122983,36176659.46259317,0.12001419292492536,7.3323478301066265,12,binance;bitget;bybit;coinbase;crypto_com;gate;htx;kraken;kucoin;mexc;okx;upbit,solana,solana,5,meteora;orca;saros-amm,31p1hptjhFo6ZD8oBqkfutNXQKGGPyi7YcEAfsyKW777;4UcZrPsyYVaY4Rt4ebCPwEyxn1VAhw5nXhF3e3PGCB4v;5zpyutJu9ee6jFymDGoK7F6S5Kczqtc9FomP3ueKuyA9;6oFWm7KPLfxnwMb3z5xwBoXNSPP3JJyirAPqPSiVcnsp;HmQL6eECoaGLWvTxz6cWT3jEsPfjdin2vNVJ1xKiwjXz,0.06047197640117985,0.006954102920723182,0.04728789986091786,-0.09179415855354656
2026-05-09,BONK,7.24e-06,16478575.593604248,2115381.2957890984,18593956.889393345,0.11376713995694952,7.78988432317459,12,binance;bitget;bybit;coinbase;crypto_com;gate;htx;kraken;kucoin;mexc;okx;upbit,solana,solana,5,meteora;orca;saros-amm,31p1hptjhFo6ZD8oBqkfutNXQKGGPyi7YcEAfsyKW777;4UcZrPsyYVaY4Rt4ebCPwEyxn1VAhw5nXhF3e3PGCB4v;5zpyutJu9ee6jFymDGoK7F6S5Kczqtc9FomP3ueKuyA9;6oFWm7KPLfxnwMb3z5xwBoXNSPP3JJyirAPqPSiVcnsp;HmQL6eECoaGLWvTxz6cWT3jEsPfjdin2vNVJ1xKiwjXz,0.006954102920723182,0.06629834254143652,-0.02209944751381221,-0.13812154696132595
2026-05-10,BONK,7.72e-06,41589348.4870095,4519827.372263681,46109175.85927318,0.09802446667141379,9.20153471838907,12,binance;bitget;bybit;coinbase;crypto_com;gate;htx;kraken;kucoin;mexc;okx;upbit,solana,solana,5,meteora;orca;saros-amm,31p1hptjhFo6ZD8oBqkfutNXQKGGPyi7YcEAfsyKW777;4UcZrPsyYVaY4Rt4ebCPwEyxn1VAhw5nXhF3e3PGCB4v;5zpyutJu9ee6jFymDGoK7F6S5Kczqtc9FomP3ueKuyA9;6oFWm7KPLfxnwMb3z5xwBoXNSPP3JJyirAPqPSiVcnsp;HmQL6eECoaGLWvTxz6cWT3jEsPfjdin2vNVJ1xKiwjXz,0.06629834254143652,-0.024611398963730657,-0.11398963730569955,-0.21761658031088094
2026-05-11,BONK,7.53e-06,20529549.677091684,3230817.752118965,23760367.429210648,0.1359750753747623,6.354288991889798,12,binance;bitget;bybit;coinbase;crypto_com;gate;htx;kraken;kucoin;mexc;okx;upbit,solana,solana,5,meteora;orca;saros-amm,31p1hptjhFo6ZD8oBqkfutNXQKGGPyi7YcEAfsyKW777;4UcZrPsyYVaY4Rt4ebCPwEyxn1VAhw5nXhF3e3PGCB4v;5zpyutJu9ee6jFymDGoK7F6S5Kczqtc9FomP3ueKuyA9;6oFWm7KPLfxnwMb3z5xwBoXNSPP3JJyirAPqPSiVcnsp;HmQL6eECoaGLWvTxz6cWT3jEsPfjdin2vNVJ1xKiwjXz,-0.024611398963730657,-0.05976095617529875,-0.08366533864541836,-0.20318725099601587
2026-05-12,BONK,7.08e-06,17166639.89406668,1702728.3661194246,18869368.260186106,0.0902376986150691,10.081842903216579,12,binance;bitget;bybit;coinbase;crypto_com;gate;htx;kraken;kucoin;mexc;okx;upbit,solana,solana,5,meteora;orca;saros-amm,31p1hptjhFo6ZD8oBqkfutNXQKGGPyi7YcEAfsyKW777;4UcZrPsyYVaY4Rt4ebCPwEyxn1VAhw5nXhF3e3PGCB4v;5zpyutJu9ee6jFymDGoK7F6S5Kczqtc9FomP3ueKuyA9;6oFWm7KPLfxnwMb3z5xwBoXNSPP3JJyirAPqPSiVcnsp;HmQL6eECoaGLWvTxz6cWT3jEsPfjdin2vNVJ1xKiwjXz,-0.05976095617529875,-0.03389830508474578,-0.07768361581920902,-0.16384180790960445
2026-05-13,BONK,6.84e-06,16124187.07112732,1656993.0996716013,17781180.17079892,0.09318802710254251,9.73099228616158,12,binance;bitget;bybit;coinbase;crypto_com;gate;htx;kraken;kucoin;mexc;okx;upbit,solana,solana,5,meteora;orca;saros-amm,31p1hptjhFo6ZD8oBqkfutNXQKGGPyi7YcEAfsyKW777;4UcZrPsyYVaY4Rt4ebCPwEyxn1VAhw5nXhF3e3PGCB4v;5zpyutJu9ee6jFymDGoK7F6S5Kczqtc9FomP3ueKuyA9;6oFWm7KPLfxnwMb3z5xwBoXNSPP3JJyirAPqPSiVcnsp;HmQL6eECoaGLWvTxz6cWT3jEsPfjdin2vNVJ1xKiwjXz,-0.03389830508474578,0.00877192982456143,-0.08771929824561397,-0.10964912280701744
2026-05-14,BONK,6.9e-06,13073782.04410259,1209225.6980196955,14283007.742122285,0.08466183872837549,10.811697159192898,12,binance;bitget;bybit;coinbase;crypto_com;gate;htx;kraken;kucoin;mexc;okx;upbit,solana,solana,5,meteora;orca;saros-amm,31p1hptjhFo6ZD8oBqkfutNXQKGGPyi7YcEAfsyKW777;4UcZrPsyYVaY4Rt4ebCPwEyxn1VAhw5nXhF3e3PGCB4v;5zpyutJu9ee6jFymDGoK7F6S5Kczqtc9FomP3ueKuyA9;6oFWm7KPLfxnwMb3z5xwBoXNSPP3JJyirAPqPSiVcnsp;HmQL6eECoaGLWvTxz6cWT3jEsPfjdin2vNVJ1xKiwjXz,0.00877192982456143,-0.05362318840579705,-0.12463768115942031,-0.09420289855072461
2026-05-15,BONK,6.53e-06,13171853.29550944,1130216.318146962,14302069.613656403,0.07902466906382341,11.654276339864973,12,binance;bitget;bybit;coinbase;crypto_com;gate;htx;kraken;kucoin;mexc;okx;upbit,solana,solana,5,meteora;orca;saros-amm,31p1hptjhFo6ZD8oBqkfutNXQKGGPyi7YcEAfsyKW777;4UcZrPsyYVaY4Rt4ebCPwEyxn1VAhw5nXhF3e3PGCB4v;5zpyutJu9ee6jFymDGoK7F6S5Kczqtc9FomP3ueKuyA9;6oFWm7KPLfxnwMb3z5xwBoXNSPP3JJyirAPqPSiVcnsp;HmQL6eECoaGLWvTxz6cWT3jEsPfjdin2vNVJ1xKiwjXz,-0.05362318840579705,-0.0444104134762634,-0.08116385911179169,-0.08882082695252691
2026-05-16,BONK,6.24e-06,8363043.113915357,726954.0186073972,9089997.132522754,0.07997296456854272,11.504225714215286,12,binance;bitget;bybit;coinbase;crypto_com;gate;htx;kraken;kucoin;mexc;okx;upbit,solana,solana,5,meteora;orca;saros-amm,31p1hptjhFo6ZD8oBqkfutNXQKGGPyi7YcEAfsyKW777;4UcZrPsyYVaY4Rt4ebCPwEyxn1VAhw5nXhF3e3PGCB4v;5zpyutJu9ee6jFymDGoK7F6S5Kczqtc9FomP3ueKuyA9;6oFWm7KPLfxnwMb3z5xwBoXNSPP3JJyirAPqPSiVcnsp;HmQL6eECoaGLWvTxz6cWT3jEsPfjdin2vNVJ1xKiwjXz,-0.0444104134762634,-0.03205128205128216,-0.05128205128205132,-0.017628205128205177
2026-05-17,BONK,6.04e-06,10419757.292344948,602740.293798272,11022497.58614322,0.0546827331181273,17.287308314304074,12,binance;bitget;bybit;coinbase;crypto_com;gate;htx;kraken;kucoin;mexc;okx;upbit,solana,solana,5,meteora;orca;saros-amm,31p1hptjhFo6ZD8oBqkfutNXQKGGPyi7YcEAfsyKW777;4UcZrPsyYVaY4Rt4ebCPwEyxn1VAhw5nXhF3e3PGCB4v;5zpyutJu9ee6jFymDGoK7F6S5Kczqtc9FomP3ueKuyA9;6oFWm7KPLfxnwMb3z5xwBoXNSPP3JJyirAPqPSiVcnsp;HmQL6eECoaGLWvTxz6cWT3jEsPfjdin2vNVJ1xKiwjXz,-0.03205128205128216,-0.0066225165562913135,0.008278145695364225,-0.004966887417218513
2026-05-18,BONK,6e-06,12422611.208008917,934420.2726664774,13357031.480675394,0.0699571812807638,13.294458148429877,12,binance;bitget;bybit;coinbase;crypto_com;gate;htx;kraken;kucoin;mexc;okx;upbit,solana,solana,5,meteora;orca;saros-amm,31p1hptjhFo6ZD8oBqkfutNXQKGGPyi7YcEAfsyKW777;4UcZrPsyYVaY4Rt4ebCPwEyxn1VAhw5nXhF3e3PGCB4v;5zpyutJu9ee6jFymDGoK7F6S5Kczqtc9FomP3ueKuyA9;6oFWm7KPLfxnwMb3z5xwBoXNSPP3JJyirAPqPSiVcnsp;HmQL6eECoaGLWvTxz6cWT3jEsPfjdin2vNVJ1xKiwjXz,-0.0066225165562913135,-0.013333333333333308,0.04166666666666674,0.010000000000000009
2026-05-19,BONK,5.92e-06,6318411.875010973,738613.4941619065,7057025.3691728795,0.10466357360544333,8.554422475289838,12,binance;bitget;bybit;coinbase;crypto_com;gate;htx;kraken;kucoin;mexc;okx;upbit,solana,solana,5,meteora;orca;saros-amm,31p1hptjhFo6ZD8oBqkfutNXQKGGPyi7YcEAfsyKW777;4UcZrPsyYVaY4Rt4ebCPwEyxn1VAhw5nXhF3e3PGCB4v;5zpyutJu9ee6jFymDGoK7F6S5Kczqtc9FomP3ueKuyA9;6oFWm7KPLfxnwMb3z5xwBoXNSPP3JJyirAPqPSiVcnsp;HmQL6eECoaGLWvTxz6cWT3jEsPfjdin2vNVJ1xKiwjXz,-0.013333333333333308,0.028716216216216228,0.0050675675675675436,0.0050675675675675436
2026-05-20,BONK,6.09e-06,8862651.879480027,984089.0763910173,9846740.955871044,0.09994058753056378,9.00594477888356,12,binance;bitget;bybit;coinbase;crypto_com;gate;htx;kraken;kucoin;mexc;okx;upbit,solana,solana,5,meteora;orca;saros-amm,31p1hptjhFo6ZD8oBqkfutNXQKGGPyi7YcEAfsyKW777;4UcZrPsyYVaY4Rt4ebCPwEyxn1VAhw5nXhF3e3PGCB4v;5zpyutJu9ee6jFymDGoK7F6S5Kczqtc9FomP3ueKuyA9;6oFWm7KPLfxnwMb3z5xwBoXNSPP3JJyirAPqPSiVcnsp;HmQL6eECoaGLWvTxz6cWT3jEsPfjdin2vNVJ1xKiwjXz,0.028716216216216228,0.026272577996715896,0.006568144499178974,-0.054187192118226646
2026-05-21,BONK,6.25e-06,11031537.633174282,945956.3817297284,11977494.01490401,0.0789778212832035,11.661782558094872,12,binance;bitget;bybit;coinbase;crypto_com;gate;htx;kraken;kucoin;mexc;okx;upbit,solana,solana,5,meteora;orca;saros-amm,31p1hptjhFo6ZD8oBqkfutNXQKGGPyi7YcEAfsyKW777;4UcZrPsyYVaY4Rt4ebCPwEyxn1VAhw5nXhF3e3PGCB4v;5zpyutJu9ee6jFymDGoK7F6S5Kczqtc9FomP3ueKuyA9;6oFWm7KPLfxnwMb3z5xwBoXNSPP3JJyirAPqPSiVcnsp;HmQL6eECoaGLWvTxz6cWT3jEsPfjdin2vNVJ1xKiwjXz,0.026272577996715896,-0.04800000000000004,-0.03839999999999999,-0.12480000000000002
2026-05-22,BONK,5.95e-06,9248840.212671984,1039838.4453322068,10288678.65800419,0.10106627681711616,8.894497269445708,12,binance;bitget;bybit;coinbase;crypto_com;gate;htx;kraken;kucoin;mexc;okx;upbit,solana,solana,5,meteora;orca;saros-amm,31p1hptjhFo6ZD8oBqkfutNXQKGGPyi7YcEAfsyKW777;4UcZrPsyYVaY4Rt4ebCPwEyxn1VAhw5nXhF3e3PGCB4v;5zpyutJu9ee6jFymDGoK7F6S5Kczqtc9FomP3ueKuyA9;6oFWm7KPLfxnwMb3z5xwBoXNSPP3JJyirAPqPSiVcnsp;HmQL6eECoaGLWvTxz6cWT3jEsPfjdin2vNVJ1xKiwjXz,-0.04800000000000004,0.030252100840336027,0.018487394957983128,-0.08235294117647052
2026-05-23,BONK,6.13e-06,11027676.684462348,1289935.527636528,12317612.212098876,0.10472285581206227,8.549013844643618,12,binance;bitget;bybit;coinbase;crypto_com;gate;htx;kraken;kucoin;mexc;okx;upbit,solana,solana,5,meteora;orca;saros-amm,31p1hptjhFo6ZD8oBqkfutNXQKGGPyi7YcEAfsyKW777;4UcZrPsyYVaY4Rt4ebCPwEyxn1VAhw5nXhF3e3PGCB4v;5zpyutJu9ee6jFymDGoK7F6S5Kczqtc9FomP3ueKuyA9;6oFWm7KPLfxnwMb3z5xwBoXNSPP3JJyirAPqPSiVcnsp;HmQL6eECoaGLWvTxz6cWT3jEsPfjdin2vNVJ1xKiwjXz,0.030252100840336027,-0.019575856443719397,-0.029363784665579096,-0.1125611745513867
2026-05-24,BONK,6.01e-06,5119155.64154883,985698.0243406108,6104853.665889441,0.16146136800102978,5.193431979305552,12,binance;bitget;bybit;coinbase;crypto_com;gate;htx;kraken;kucoin;mexc;okx;upbit,solana,solana,5,meteora;orca;saros-amm,31p1hptjhFo6ZD8oBqkfutNXQKGGPyi7YcEAfsyKW777;4UcZrPsyYVaY4Rt4ebCPwEyxn1VAhw5nXhF3e3PGCB4v;5zpyutJu9ee6jFymDGoK7F6S5Kczqtc9FomP3ueKuyA9;6oFWm7KPLfxnwMb3z5xwBoXNSPP3JJyirAPqPSiVcnsp;HmQL6eECoaGLWvTxz6cWT3jEsPfjdin2vNVJ1xKiwjXz,-0.019575856443719397,0.008319467554076532,-0.04159733777038277,-0.0798668885191347
2026-05-25,BONK,6.06e-06,6040172.797659576,782538.9360941045,6822711.73375368,0.11469617457567298,7.718686596999197,12,binance;bitget;bybit;coinbase;crypto_com;gate;htx;kraken;kucoin;mexc;okx;upbit,solana,solana,5,meteora;orca;saros-amm,31p1hptjhFo6ZD8oBqkfutNXQKGGPyi7YcEAfsyKW777;4UcZrPsyYVaY4Rt4ebCPwEyxn1VAhw5nXhF3e3PGCB4v;5zpyutJu9ee6jFymDGoK7F6S5Kczqtc9FomP3ueKuyA9;6oFWm7KPLfxnwMb3z5xwBoXNSPP3JJyirAPqPSiVcnsp;HmQL6eECoaGLWvTxz6cWT3jEsPfjdin2vNVJ1xKiwjXz,0.008319467554076532,-0.018151815181518094,-0.09735973597359726,-0.08415841584158401
2026-05-26,BONK,5.95e-06,6274268.749618973,1221651.559879467,7495920.30949844,0.1629755266116495,5.135890589161133,12,binance;bitget;bybit;coinbase;crypto_com;gate;htx;kraken;kucoin;mexc;okx;upbit,solana,solana,5,meteora;orca;saros-amm,31p1hptjhFo6ZD8oBqkfutNXQKGGPyi7YcEAfsyKW777;4UcZrPsyYVaY4Rt4ebCPwEyxn1VAhw5nXhF3e3PGCB4v;5zpyutJu9ee6jFymDGoK7F6S5Kczqtc9FomP3ueKuyA9;6oFWm7KPLfxnwMb3z5xwBoXNSPP3JJyirAPqPSiVcnsp;HmQL6eECoaGLWvTxz6cWT3jEsPfjdin2vNVJ1xKiwjXz,-0.018151815181518094,-0.031932773109243695,-0.08235294117647052,-0.1579831932773108
2026-05-27,BONK,5.76e-06,7118305.662699049,1034439.6504995446,8152745.313198594,0.12688237038692668,6.881315559841046,12,binance;bitget;bybit;coinbase;crypto_com;gate;htx;kraken;kucoin;mexc;okx;upbit,solana,solana,5,meteora;orca;saros-amm,31p1hptjhFo6ZD8oBqkfutNXQKGGPyi7YcEAfsyKW777;4UcZrPsyYVaY4Rt4ebCPwEyxn1VAhw5nXhF3e3PGCB4v;5zpyutJu9ee6jFymDGoK7F6S5Kczqtc9FomP3ueKuyA9;6oFWm7KPLfxnwMb3z5xwBoXNSPP3JJyirAPqPSiVcnsp;HmQL6eECoaGLWvTxz6cWT3jEsPfjdin2vNVJ1xKiwjXz,-0.031932773109243695,-0.05034722222222221,-0.05555555555555558,-0.12326388888888884
2026-05-28,BONK,5.47e-06,16334190.837567069,692429.8885904929,17026620.72615756,0.040667487678675465,23.589667498057995,12,binance;bitget;bybit;coinbase;crypto_com;gate;htx;kraken;kucoin;mexc;okx;upbit,solana,solana,5,meteora;orca;saros-amm,31p1hptjhFo6ZD8oBqkfutNXQKGGPyi7YcEAfsyKW777;4UcZrPsyYVaY4Rt4ebCPwEyxn1VAhw5nXhF3e3PGCB4v;5zpyutJu9ee6jFymDGoK7F6S5Kczqtc9FomP3ueKuyA9;6oFWm7KPLfxnwMb3z5xwBoXNSPP3JJyirAPqPSiVcnsp;HmQL6eECoaGLWvTxz6cWT3jEsPfjdin2vNVJ1xKiwjXz,-0.05034722222222221,-0.001828153564899404,0.010968921389396868,-0.12797074954296161
2026-05-29,BONK,5.46e-06,9525872.51595326,826622.6430315203,10352495.15898478,0.07984767250184188,11.523846577706225,12,binance;bitget;bybit;coinbase;crypto_com;gate;htx;kraken;kucoin;mexc;okx;upbit,solana,solana,5,meteora;orca;saros-amm,31p1hptjhFo6ZD8oBqkfutNXQKGGPyi7YcEAfsyKW777;4UcZrPsyYVaY4Rt4ebCPwEyxn1VAhw5nXhF3e3PGCB4v;5zpyutJu9ee6jFymDGoK7F6S5Kczqtc9FomP3ueKuyA9;6oFWm7KPLfxnwMb3z5xwBoXNSPP3JJyirAPqPSiVcnsp;HmQL6eECoaGLWvTxz6cWT3jEsPfjdin2vNVJ1xKiwjXz,-0.001828153564899404,-0.003663003663003761,0.016483516483516425,-0.21611721611721624
2026-05-30,BONK,5.44e-06,5492110.554577356,543546.1420207599,6035656.696598116,0.0900558413680353,10.104221389851377,12,binance;bitget;bybit;coinbase;crypto_com;gate;htx;kraken;kucoin;mexc;okx;upbit,solana,solana,5,meteora;orca;saros-amm,31p1hptjhFo6ZD8oBqkfutNXQKGGPyi7YcEAfsyKW777;4UcZrPsyYVaY4Rt4ebCPwEyxn1VAhw5nXhF3e3PGCB4v;5zpyutJu9ee6jFymDGoK7F6S5Kczqtc9FomP3ueKuyA9;6oFWm7KPLfxnwMb3z5xwBoXNSPP3JJyirAPqPSiVcnsp;HmQL6eECoaGLWvTxz6cWT3jEsPfjdin2vNVJ1xKiwjXz,-0.003663003663003761,0.016544117647058876,-0.07904411764705865,-0.22242647058823517
2026-05-31,BONK,5.53e-06,5195776.198050893,466984.774006891,5662760.972057784,0.08246591659283721,11.12622185402178,12,binance;bitget;bybit;coinbase;crypto_com;gate;htx;kraken;kucoin;mexc;okx;upbit,solana,solana,5,meteora;orca;saros-amm,31p1hptjhFo6ZD8oBqkfutNXQKGGPyi7YcEAfsyKW777;4UcZrPsyYVaY4Rt4ebCPwEyxn1VAhw5nXhF3e3PGCB4v;5zpyutJu9ee6jFymDGoK7F6S5Kczqtc9FomP3ueKuyA9;6oFWm7KPLfxnwMb3z5xwBoXNSPP3JJyirAPqPSiVcnsp;HmQL6eECoaGLWvTxz6cWT3jEsPfjdin2vNVJ1xKiwjXz,0.016544117647058876,0.0036166365280287938,-0.08679927667269449,-0.19710669077757692
2026-06-01,BONK,5.55e-06,7158398.434178677,743707.595912094,7902106.030090772,0.09411511223464955,9.625286165592422,12,binance;bitget;bybit;coinbase;crypto_com;gate;htx;kraken;kucoin;mexc;okx;upbit,solana,solana,5,meteora;orca;saros-amm,31p1hptjhFo6ZD8oBqkfutNXQKGGPyi7YcEAfsyKW777;4UcZrPsyYVaY4Rt4ebCPwEyxn1VAhw5nXhF3e3PGCB4v;5zpyutJu9ee6jFymDGoK7F6S5Kczqtc9FomP3ueKuyA9;6oFWm7KPLfxnwMb3z5xwBoXNSPP3JJyirAPqPSiVcnsp;HmQL6eECoaGLWvTxz6cWT3jEsPfjdin2vNVJ1xKiwjXz,0.0036166365280287938,-0.0972972972972973,-0.14054054054054055,-0.20540540540540542
2026-06-02,BONK,5.01e-06,14441308.780814426,1263508.3698654145,15704817.15067984,0.08045355496614101,11.42953155296682,12,binance;bitget;bybit;coinbase;crypto_com;gate;htx;kraken;kucoin;mexc;okx;upbit,solana,solana,5,meteora;orca;saros-amm,31p1hptjhFo6ZD8oBqkfutNXQKGGPyi7YcEAfsyKW777;4UcZrPsyYVaY4Rt4ebCPwEyxn1VAhw5nXhF3e3PGCB4v;5zpyutJu9ee6jFymDGoK7F6S5Kczqtc9FomP3ueKuyA9;6oFWm7KPLfxnwMb3z5xwBoXNSPP3JJyirAPqPSiVcnsp;HmQL6eECoaGLWvTxz6cWT3jEsPfjdin2vNVJ1xKiwjXz,-0.0972972972972973,0.007984031936127733,-0.1457085828343314,-0.12974051896207595
2026-06-03,BONK,5.05e-06,9858595.58772711,931831.9332718821,10790427.520998992,0.08635727652666832,10.579800107419857,12,binance;bitget;bybit;coinbase;crypto_com;gate;htx;kraken;kucoin;mexc;okx;upbit,solana,solana,5,meteora;orca;saros-amm,31p1hptjhFo6ZD8oBqkfutNXQKGGPyi7YcEAfsyKW777;4UcZrPsyYVaY4Rt4ebCPwEyxn1VAhw5nXhF3e3PGCB4v;5zpyutJu9ee6jFymDGoK7F6S5Kczqtc9FomP3ueKuyA9;6oFWm7KPLfxnwMb3z5xwBoXNSPP3JJyirAPqPSiVcnsp;HmQL6eECoaGLWvTxz6cWT3jEsPfjdin2vNVJ1xKiwjXz,0.007984031936127733,-0.055445544554455384,-0.1623762376237623,-0.16435643564356428
2026-06-04,BONK,4.77e-06,13409083.577552741,1713370.6052773732,15122454.182830114,0.11329977162190495,7.826143121780696,12,binance;bitget;bybit;coinbase;crypto_com;gate;htx;kraken;kucoin;mexc;okx;upbit,solana,solana,5,meteora;orca;saros-amm,31p1hptjhFo6ZD8oBqkfutNXQKGGPyi7YcEAfsyKW777;4UcZrPsyYVaY4Rt4ebCPwEyxn1VAhw5nXhF3e3PGCB4v;5zpyutJu9ee6jFymDGoK7F6S5Kczqtc9FomP3ueKuyA9;6oFWm7KPLfxnwMb3z5xwBoXNSPP3JJyirAPqPSiVcnsp;HmQL6eECoaGLWvTxz6cWT3jEsPfjdin2vNVJ1xKiwjXz,-0.055445544554455384,-0.1027253668763104,-0.06918238993710701,-0.07547169811320753
2026-06-05,BONK,4.28e-06,19752524.75221953,1594972.3165656491,21347497.06878518,0.07471472235955266,12.384243003509532,12,binance;bitget;bybit;coinbase;crypto_com;gate;htx;kraken;kucoin;mexc;okx;upbit,solana,solana,5,meteora;orca;saros-amm,31p1hptjhFo6ZD8oBqkfutNXQKGGPyi7YcEAfsyKW777;4UcZrPsyYVaY4Rt4ebCPwEyxn1VAhw5nXhF3e3PGCB4v;5zpyutJu9ee6jFymDGoK7F6S5Kczqtc9FomP3ueKuyA9;6oFWm7KPLfxnwMb3z5xwBoXNSPP3JJyirAPqPSiVcnsp;HmQL6eECoaGLWvTxz6cWT3jEsPfjdin2vNVJ1xKiwjXz,-0.1027253668763104,-0.011682242990654124,0.030373831775700966,0.030373831775700966
2026-06-06,BONK,4.23e-06,9141022.778895877,845696.7703234758,9986719.549219353,0.08468213872988781,10.808865659259252,12,binance;bitget;bybit;coinbase;crypto_com;gate;htx;kraken;kucoin;mexc;okx;upbit,solana,solana,5,meteora;orca;saros-amm,31p1hptjhFo6ZD8oBqkfutNXQKGGPyi7YcEAfsyKW777;4UcZrPsyYVaY4Rt4ebCPwEyxn1VAhw5nXhF3e3PGCB4v;5zpyutJu9ee6jFymDGoK7F6S5Kczqtc9FomP3ueKuyA9;6oFWm7KPLfxnwMb3z5xwBoXNSPP3JJyirAPqPSiVcnsp;HmQL6eECoaGLWvTxz6cWT3jEsPfjdin2vNVJ1xKiwjXz,-0.011682242990654124,0.049645390070921946,0.030732860520094496,0.06382978723404253
2026-06-07,BONK,4.44e-06,7483652.399327322,933376.6143039791,8417029.013631301,0.1108914574005132,8.017827192839942,12,binance;bitget;bybit;coinbase;crypto_com;gate;htx;kraken;kucoin;mexc;okx;upbit,solana,solana,5,meteora;orca;saros-amm,31p1hptjhFo6ZD8oBqkfutNXQKGGPyi7YcEAfsyKW777;4UcZrPsyYVaY4Rt4ebCPwEyxn1VAhw5nXhF3e3PGCB4v;5zpyutJu9ee6jFymDGoK7F6S5Kczqtc9FomP3ueKuyA9;6oFWm7KPLfxnwMb3z5xwBoXNSPP3JJyirAPqPSiVcnsp;HmQL6eECoaGLWvTxz6cWT3jEsPfjdin2vNVJ1xKiwjXz,0.049645390070921946,-0.006756756756756688,-0.04954954954954949,0.05180180180180183
2026-06-08,BONK,4.41e-06,5310600.340210643,898777.1156823394,6209377.455892982,0.14474512494474934,5.908695545923982,12,binance;bitget;bybit;coinbase;crypto_com;gate;htx;kraken;kucoin;mexc;okx;upbit,solana,solana,5,meteora;orca;saros-amm,31p1hptjhFo6ZD8oBqkfutNXQKGGPyi7YcEAfsyKW777;4UcZrPsyYVaY4Rt4ebCPwEyxn1VAhw5nXhF3e3PGCB4v;5zpyutJu9ee6jFymDGoK7F6S5Kczqtc9FomP3ueKuyA9;6oFWm7KPLfxnwMb3z5xwBoXNSPP3JJyirAPqPSiVcnsp;HmQL6eECoaGLWvTxz6cWT3jEsPfjdin2vNVJ1xKiwjXz,-0.006756756756756688,-0.01133786848072571,0.0,0.09523809523809534
2026-06-09,BONK,4.36e-06,5396801.807059952,1055091.2026385323,6451893.009698484,0.16353203641977934,5.115009767462598,12,binance;bitget;bybit;coinbase;crypto_com;gate;htx;kraken;kucoin;mexc;okx;upbit,solana,solana,5,meteora;orca;saros-amm,31p1hptjhFo6ZD8oBqkfutNXQKGGPyi7YcEAfsyKW777;4UcZrPsyYVaY4Rt4ebCPwEyxn1VAhw5nXhF3e3PGCB4v;5zpyutJu9ee6jFymDGoK7F6S5Kczqtc9FomP3ueKuyA9;6oFWm7KPLfxnwMb3z5xwBoXNSPP3JJyirAPqPSiVcnsp;HmQL6eECoaGLWvTxz6cWT3jEsPfjdin2vNVJ1xKiwjXz,-0.01133786848072571,-0.032110091743119185,0.011467889908256979,0.0986238532110093
2026-06-10,BONK,4.22e-06,7646780.641983084,1003344.6813754325,8650125.323358517,0.11599192426334369,7.621289855745799,12,binance;bitget;bybit;coinbase;crypto_com;gate;htx;kraken;kucoin;mexc;okx;upbit,solana,solana,5,meteora;orca;saros-amm,31p1hptjhFo6ZD8oBqkfutNXQKGGPyi7YcEAfsyKW777;4UcZrPsyYVaY4Rt4ebCPwEyxn1VAhw5nXhF3e3PGCB4v;5zpyutJu9ee6jFymDGoK7F6S5Kczqtc9FomP3ueKuyA9;6oFWm7KPLfxnwMb3z5xwBoXNSPP3JJyirAPqPSiVcnsp;HmQL6eECoaGLWvTxz6cWT3jEsPfjdin2vNVJ1xKiwjXz,-0.032110091743119185,0.04502369668246442,0.06635071090047395,0.0995260663507107
2026-06-11,BONK,4.41e-06,6237424.629036247,649204.1709435084,6886628.799979756,0.09427024307530803,9.607801225262008,12,binance;bitget;bybit;coinbase;crypto_com;gate;htx;kraken;kucoin;mexc;okx;upbit,solana,solana,5,meteora;orca;saros-amm,31p1hptjhFo6ZD8oBqkfutNXQKGGPyi7YcEAfsyKW777;4UcZrPsyYVaY4Rt4ebCPwEyxn1VAhw5nXhF3e3PGCB4v;5zpyutJu9ee6jFymDGoK7F6S5Kczqtc9FomP3ueKuyA9;6oFWm7KPLfxnwMb3z5xwBoXNSPP3JJyirAPqPSiVcnsp;HmQL6eECoaGLWvTxz6cWT3jEsPfjdin2vNVJ1xKiwjXz,0.04502369668246442,0.0,0.05895691609977316,0.02947845804988658
2026-06-12,BONK,4.41e-06,8886630.37676391,501635.4255826763,9388265.802346587,0.05343217119580201,17.715316589616084,12,binance;bitget;bybit;coinbase;crypto_com;gate;htx;kraken;kucoin;mexc;okx;upbit,solana,solana,5,meteora;orca;saros-amm,31p1hptjhFo6ZD8oBqkfutNXQKGGPyi7YcEAfsyKW777;4UcZrPsyYVaY4Rt4ebCPwEyxn1VAhw5nXhF3e3PGCB4v;5zpyutJu9ee6jFymDGoK7F6S5Kczqtc9FomP3ueKuyA9;6oFWm7KPLfxnwMb3z5xwBoXNSPP3JJyirAPqPSiVcnsp;HmQL6eECoaGLWvTxz6cWT3jEsPfjdin2vNVJ1xKiwjXz,0.0,0.020408163265306145,0.09523809523809534,0.02494331065759625
2026-06-13,BONK,4.5e-06,6454644.338288771,399441.0643285085,6854085.402617279,0.05827780671889195,16.159190716005952,12,binance;bitget;bybit;coinbase;crypto_com;gate;htx;kraken;kucoin;mexc;okx;upbit,solana,solana,5,meteora;orca;saros-amm,31p1hptjhFo6ZD8oBqkfutNXQKGGPyi7YcEAfsyKW777;4UcZrPsyYVaY4Rt4ebCPwEyxn1VAhw5nXhF3e3PGCB4v;5zpyutJu9ee6jFymDGoK7F6S5Kczqtc9FomP3ueKuyA9;6oFWm7KPLfxnwMb3z5xwBoXNSPP3JJyirAPqPSiVcnsp;HmQL6eECoaGLWvTxz6cWT3jEsPfjdin2vNVJ1xKiwjXz,0.020408163265306145,0.03777777777777769,0.0644444444444443,0.022222222222222143
2026-06-14,BONK,4.67e-06,7505716.5018284,330266.5490892404,7835983.05091764,0.04214743025134086,22.72623891982564,12,binance;bitget;bybit;coinbase;crypto_com;gate;htx;kraken;kucoin;mexc;okx;upbit,solana,solana,5,meteora;orca;saros-amm,31p1hptjhFo6ZD8oBqkfutNXQKGGPyi7YcEAfsyKW777;4UcZrPsyYVaY4Rt4ebCPwEyxn1VAhw5nXhF3e3PGCB4v;5zpyutJu9ee6jFymDGoK7F6S5Kczqtc9FomP3ueKuyA9;6oFWm7KPLfxnwMb3z5xwBoXNSPP3JJyirAPqPSiVcnsp;HmQL6eECoaGLWvTxz6cWT3jEsPfjdin2vNVJ1xKiwjXz,0.03777777777777769,0.03426124197002145,-0.0064239828693791745,-0.03854389721627405
2026-06-15,BONK,4.83e-06,25410872.674404956,1898144.286670228,27309016.961075183,0.06950613745546907,13.387218691884241,12,binance;bitget;bybit;coinbase;crypto_com;gate;htx;kraken;kucoin;mexc;okx;upbit,solana,solana,5,meteora;orca;saros-amm,31p1hptjhFo6ZD8oBqkfutNXQKGGPyi7YcEAfsyKW777;4UcZrPsyYVaY4Rt4ebCPwEyxn1VAhw5nXhF3e3PGCB4v;5zpyutJu9ee6jFymDGoK7F6S5Kczqtc9FomP3ueKuyA9;6oFWm7KPLfxnwMb3z5xwBoXNSPP3JJyirAPqPSiVcnsp;HmQL6eECoaGLWvTxz6cWT3jEsPfjdin2vNVJ1xKiwjXz,0.03426124197002145,-0.008281573498964856,-0.0600414078674949,-0.053830227743271175
2026-06-16,BONK,4.79e-06,8810130.398461245,533146.5669741456,9343276.965435391,0.05706205316897627,16.524781259425204,12,binance;bitget;bybit;coinbase;crypto_com;gate;htx;kraken;kucoin;mexc;okx;upbit,solana,solana,5,meteora;orca;saros-amm,31p1hptjhFo6ZD8oBqkfutNXQKGGPyi7YcEAfsyKW777;4UcZrPsyYVaY4Rt4ebCPwEyxn1VAhw5nXhF3e3PGCB4v;5zpyutJu9ee6jFymDGoK7F6S5Kczqtc9FomP3ueKuyA9;6oFWm7KPLfxnwMb3z5xwBoXNSPP3JJyirAPqPSiVcnsp;HmQL6eECoaGLWvTxz6cWT3jEsPfjdin2vNVJ1xKiwjXz,-0.008281573498964856,-0.03131524008350739,-0.056367432150313146,-0.0814196242171189
2026-06-17,BONK,4.64e-06,10037604.058886094,624986.8456077824,10662590.904493876,0.05861491369272868,16.060504520098824,12,binance;bitget;bybit;coinbase;crypto_com;gate;htx;kraken;kucoin;mexc;okx;upbit,solana,solana,5,meteora;orca;saros-amm,31p1hptjhFo6ZD8oBqkfutNXQKGGPyi7YcEAfsyKW777;4UcZrPsyYVaY4Rt4ebCPwEyxn1VAhw5nXhF3e3PGCB4v;5zpyutJu9ee6jFymDGoK7F6S5Kczqtc9FomP3ueKuyA9;6oFWm7KPLfxnwMb3z5xwBoXNSPP3JJyirAPqPSiVcnsp;HmQL6eECoaGLWvTxz6cWT3jEsPfjdin2vNVJ1xKiwjXz,-0.03131524008350739,-0.02155172413793105,-0.008620689655172376,-0.09267241379310331
2026-06-18,BONK,4.54e-06,7704877.198506521,853770.6898950794,8558647.8884016,0.0997553236244339,9.024527650923904,12,binance;bitget;bybit;coinbase;crypto_com;gate;htx;kraken;kucoin;mexc;okx;upbit,solana,solana,5,meteora;orca;saros-amm,31p1hptjhFo6ZD8oBqkfutNXQKGGPyi7YcEAfsyKW777;4UcZrPsyYVaY4Rt4ebCPwEyxn1VAhw5nXhF3e3PGCB4v;5zpyutJu9ee6jFymDGoK7F6S5Kczqtc9FomP3ueKuyA9;6oFWm7KPLfxnwMb3z5xwBoXNSPP3JJyirAPqPSiVcnsp;HmQL6eECoaGLWvTxz6cWT3jEsPfjdin2vNVJ1xKiwjXz,-0.02155172413793105,-0.004405286343612258,-0.0110132158590307,-0.10352422907488978
2026-06-19,BONK,4.52e-06,4015700.2208547527,401860.38557776663,4417560.606432519,0.0909688448852536,9.99277451814829,12,binance;bitget;bybit;coinbase;crypto_com;gate;htx;kraken;kucoin;mexc;okx;upbit,solana,solana,5,meteora;orca;saros-amm,31p1hptjhFo6ZD8oBqkfutNXQKGGPyi7YcEAfsyKW777;4UcZrPsyYVaY4Rt4ebCPwEyxn1VAhw5nXhF3e3PGCB4v;5zpyutJu9ee6jFymDGoK7F6S5Kczqtc9FomP3ueKuyA9;6oFWm7KPLfxnwMb3z5xwBoXNSPP3JJyirAPqPSiVcnsp;HmQL6eECoaGLWvTxz6cWT3jEsPfjdin2vNVJ1xKiwjXz,-0.004405286343612258,0.017699115044247815,0.01106194690265494,-0.06637168141592908
2026-06-20,BONK,4.6e-06,4147742.7382278517,756031.4183391408,4903774.156566992,0.154173376301738,5.486204194185031,12,binance;bitget;bybit;coinbase;crypto_com;gate;htx;kraken;kucoin;mexc;okx;upbit,solana,solana,5,meteora;orca;saros-amm,31p1hptjhFo6ZD8oBqkfutNXQKGGPyi7YcEAfsyKW777;4UcZrPsyYVaY4Rt4ebCPwEyxn1VAhw5nXhF3e3PGCB4v;5zpyutJu9ee6jFymDGoK7F6S5Kczqtc9FomP3ueKuyA9;6oFWm7KPLfxnwMb3z5xwBoXNSPP3JJyirAPqPSiVcnsp;HmQL6eECoaGLWvTxz6cWT3jEsPfjdin2vNVJ1xKiwjXz,0.017699115044247815,-0.023913043478260843,-0.04347826086956519,-0.09782608695652173
2026-06-21,BONK,4.49e-06,3168591.6431756737,248273.53267718691,3416865.175852861,0.07266120256419455,12.762502748513175,12,binance;bitget;bybit;coinbase;crypto_com;gate;htx;kraken;kucoin;mexc;okx;upbit,solana,solana,5,meteora;orca;saros-amm,31p1hptjhFo6ZD8oBqkfutNXQKGGPyi7YcEAfsyKW777;4UcZrPsyYVaY4Rt4ebCPwEyxn1VAhw5nXhF3e3PGCB4v;5zpyutJu9ee6jFymDGoK7F6S5Kczqtc9FomP3ueKuyA9;6oFWm7KPLfxnwMb3z5xwBoXNSPP3JJyirAPqPSiVcnsp;HmQL6eECoaGLWvTxz6cWT3jEsPfjdin2vNVJ1xKiwjXz,-0.023913043478260843,0.017817371937639326,-0.062360801781737196,-0.07572383073496658
2026-06-22,BONK,4.57e-06,6294326.730997848,898626.2023057804,7192952.933303629,0.12493147260078805,7.0043881592226755,12,binance;bitget;bybit;coinbase;crypto_com;gate;htx;kraken;kucoin;mexc;okx;upbit,solana,solana,5,meteora;orca;saros-amm,31p1hptjhFo6ZD8oBqkfutNXQKGGPyi7YcEAfsyKW777;4UcZrPsyYVaY4Rt4ebCPwEyxn1VAhw5nXhF3e3PGCB4v;5zpyutJu9ee6jFymDGoK7F6S5Kczqtc9FomP3ueKuyA9;6oFWm7KPLfxnwMb3z5xwBoXNSPP3JJyirAPqPSiVcnsp;HmQL6eECoaGLWvTxz6cWT3jEsPfjdin2vNVJ1xKiwjXz,0.017817371937639326,-0.03719912472647702,-0.10940919037199126,-0.06564551422319487
2026-06-23,BONK,4.4e-06,6368063.942916135,2030749.5953815547,8398813.53829769,0.24179005595511247,3.1358193828519014,12,binance;bitget;bybit;coinbase;crypto_com;gate;htx;kraken;kucoin;mexc;okx;upbit,solana,solana,5,meteora;orca;saros-amm,31p1hptjhFo6ZD8oBqkfutNXQKGGPyi7YcEAfsyKW777;4UcZrPsyYVaY4Rt4ebCPwEyxn1VAhw5nXhF3e3PGCB4v;5zpyutJu9ee6jFymDGoK7F6S5Kczqtc9FomP3ueKuyA9;6oFWm7KPLfxnwMb3z5xwBoXNSPP3JJyirAPqPSiVcnsp;HmQL6eECoaGLWvTxz6cWT3jEsPfjdin2vNVJ1xKiwjXz,-0.03719912472647702,-0.0431818181818181,-0.040909090909090895,-0.06590909090909103
2026-06-24,BONK,4.21e-06,8798365.335529152,820979.7415364698,9619345.077065622,0.0853467398205564,10.716909188359441,12,binance;bitget;bybit;coinbase;crypto_com;gate;htx;kraken;kucoin;mexc;okx;upbit,solana,solana,5,meteora;orca;saros-amm,31p1hptjhFo6ZD8oBqkfutNXQKGGPyi7YcEAfsyKW777;4UcZrPsyYVaY4Rt4ebCPwEyxn1VAhw5nXhF3e3PGCB4v;5zpyutJu9ee6jFymDGoK7F6S5Kczqtc9FomP3ueKuyA9;6oFWm7KPLfxnwMb3z5xwBoXNSPP3JJyirAPqPSiVcnsp;HmQL6eECoaGLWvTxz6cWT3jEsPfjdin2vNVJ1xKiwjXz,-0.0431818181818181,-0.03325415676959631,-0.014251781472684133,0.009501187648455867
2026-06-25,BONK,4.07e-06,12845909.42844797,769539.8127636244,13615449.241211593,0.056519604981843816,16.692975743925263,12,binance;bitget;bybit;coinbase;crypto_com;gate;htx;kraken;kucoin;mexc;okx;upbit,solana,solana,5,meteora;orca;saros-amm,31p1hptjhFo6ZD8oBqkfutNXQKGGPyi7YcEAfsyKW777;4UcZrPsyYVaY4Rt4ebCPwEyxn1VAhw5nXhF3e3PGCB4v;5zpyutJu9ee6jFymDGoK7F6S5Kczqtc9FomP3ueKuyA9;6oFWm7KPLfxnwMb3z5xwBoXNSPP3JJyirAPqPSiVcnsp;HmQL6eECoaGLWvTxz6cWT3jEsPfjdin2vNVJ1xKiwjXz,-0.03325415676959631,0.03685503685503688,0.019656019656019597,0.0687960687960687
2026-06-26,BONK,4.22e-06,9202198.505445452,361542.614446166,9563741.119891617,0.03780347145681242,25.45259711512007,12,binance;bitget;bybit;coinbase;crypto_com;gate;htx;kraken;kucoin;mexc;okx;upbit,solana,solana,5,meteora;orca;saros-amm,31p1hptjhFo6ZD8oBqkfutNXQKGGPyi7YcEAfsyKW777;4UcZrPsyYVaY4Rt4ebCPwEyxn1VAhw5nXhF3e3PGCB4v;5zpyutJu9ee6jFymDGoK7F6S5Kczqtc9FomP3ueKuyA9;6oFWm7KPLfxnwMb3z5xwBoXNSPP3JJyirAPqPSiVcnsp;HmQL6eECoaGLWvTxz6cWT3jEsPfjdin2vNVJ1xKiwjXz,0.03685503685503688,-0.016587677725118488,0.011848341232227444,0.18009478672985768
2026-06-27,BONK,4.15e-06,6626830.460257208,624413.8541683478,7251244.314425556,0.08611126961011986,10.612881850745344,12,binance;bitget;bybit;coinbase;crypto_com;gate;htx;kraken;kucoin;mexc;okx;upbit,solana,solana,5,meteora;orca;saros-amm,31p1hptjhFo6ZD8oBqkfutNXQKGGPyi7YcEAfsyKW777;4UcZrPsyYVaY4Rt4ebCPwEyxn1VAhw5nXhF3e3PGCB4v;5zpyutJu9ee6jFymDGoK7F6S5Kczqtc9FomP3ueKuyA9;6oFWm7KPLfxnwMb3z5xwBoXNSPP3JJyirAPqPSiVcnsp;HmQL6eECoaGLWvTxz6cWT3jEsPfjdin2vNVJ1xKiwjXz,-0.016587677725118488,0.0,-0.009638554216867545,0.16867469879518082
2026-06-28,BONK,4.15e-06,4320416.575664955,190046.3658926384,4510462.941557594,0.04213455877037089,22.733486932897517,12,binance;bitget;bybit;coinbase;crypto_com;gate;htx;kraken;kucoin;mexc;okx;upbit,solana,solana,5,meteora;orca;saros-amm,31p1hptjhFo6ZD8oBqkfutNXQKGGPyi7YcEAfsyKW777;4UcZrPsyYVaY4Rt4ebCPwEyxn1VAhw5nXhF3e3PGCB4v;5zpyutJu9ee6jFymDGoK7F6S5Kczqtc9FomP3ueKuyA9;6oFWm7KPLfxnwMb3z5xwBoXNSPP3JJyirAPqPSiVcnsp;HmQL6eECoaGLWvTxz6cWT3jEsPfjdin2vNVJ1xKiwjXz,0.0,0.028915662650602414,0.024096385542168752,0.18072289156626486
2026-06-29,BONK,4.27e-06,6620578.005878275,291513.574273531,6912091.580151807,0.042174437490182765,22.711045351411666,12,binance;bitget;bybit;coinbase;crypto_com;gate;htx;kraken;kucoin;mexc;okx;upbit,solana,solana,5,meteora;orca;saros-amm,31p1hptjhFo6ZD8oBqkfutNXQKGGPyi7YcEAfsyKW777;4UcZrPsyYVaY4Rt4ebCPwEyxn1VAhw5nXhF3e3PGCB4v;5zpyutJu9ee6jFymDGoK7F6S5Kczqtc9FomP3ueKuyA9;6oFWm7KPLfxnwMb3z5xwBoXNSPP3JJyirAPqPSiVcnsp;HmQL6eECoaGLWvTxz6cWT3jEsPfjdin2vNVJ1xKiwjXz,0.028915662650602414,-0.0374707259953162,0.0187353629976581,0.032786885245901676
2026-06-30,BONK,4.11e-06,5104384.7711948855,165590.79699774671,5269975.568192632,0.031421549275708886,30.82529261130583,12,binance;bitget;bybit;coinbase;crypto_com;gate;htx;kraken;kucoin;mexc;okx;upbit,solana,solana,5,meteora;orca;saros-amm,31p1hptjhFo6ZD8oBqkfutNXQKGGPyi7YcEAfsyKW777;4UcZrPsyYVaY4Rt4ebCPwEyxn1VAhw5nXhF3e3PGCB4v;5zpyutJu9ee6jFymDGoK7F6S5Kczqtc9FomP3ueKuyA9;6oFWm7KPLfxnwMb3z5xwBoXNSPP3JJyirAPqPSiVcnsp;HmQL6eECoaGLWvTxz6cWT3jEsPfjdin2vNVJ1xKiwjXz,-0.0374707259953162,0.034063260340632784,0.2116788321167884,0.009732360097323811
2026-07-01,BONK,4.25e-06,7437230.093317204,386223.8826173765,7823453.975934581,0.04936743844923541,19.256266709651157,12,binance;bitget;bybit;coinbase;crypto_com;gate;htx;kraken;kucoin;mexc;okx;upbit,solana,solana,5,meteora;orca;saros-amm,31p1hptjhFo6ZD8oBqkfutNXQKGGPyi7YcEAfsyKW777;4UcZrPsyYVaY4Rt4ebCPwEyxn1VAhw5nXhF3e3PGCB4v;5zpyutJu9ee6jFymDGoK7F6S5Kczqtc9FomP3ueKuyA9;6oFWm7KPLfxnwMb3z5xwBoXNSPP3JJyirAPqPSiVcnsp;HmQL6eECoaGLWvTxz6cWT3jEsPfjdin2vNVJ1xKiwjXz,0.034063260340632784,0.0235294117647058,0.14117647058823524,
2026-07-02,BONK,4.35e-06,6638401.3849912435,260376.67187131758,6898778.056862561,0.03774243347520186,25.495376898710997,12,binance;bitget;bybit;coinbase;crypto_com;gate;htx;kraken;kucoin;mexc;okx;upbit,solana,solana,5,meteora;orca;saros-amm,31p1hptjhFo6ZD8oBqkfutNXQKGGPyi7YcEAfsyKW777;4UcZrPsyYVaY4Rt4ebCPwEyxn1VAhw5nXhF3e3PGCB4v;5zpyutJu9ee6jFymDGoK7F6S5Kczqtc9FomP3ueKuyA9;6oFWm7KPLfxnwMb3z5xwBoXNSPP3JJyirAPqPSiVcnsp;HmQL6eECoaGLWvTxz6cWT3jEsPfjdin2vNVJ1xKiwjXz,0.0235294117647058,0.14482758620689662,0.12643678160919536,
2026-07-03,BONK,4.98e-06,14220753.958550055,813817.9640764407,15034571.922626495,0.054129772917024234,17.47412146976682,12,binance;bitget;bybit;coinbase;crypto_com;gate;htx;kraken;kucoin;mexc;okx;upbit,solana,solana,5,meteora;orca;saros-amm,31p1hptjhFo6ZD8oBqkfutNXQKGGPyi7YcEAfsyKW777;4UcZrPsyYVaY4Rt4ebCPwEyxn1VAhw5nXhF3e3PGCB4v;5zpyutJu9ee6jFymDGoK7F6S5Kczqtc9FomP3ueKuyA9;6oFWm7KPLfxnwMb3z5xwBoXNSPP3JJyirAPqPSiVcnsp;HmQL6eECoaGLWvTxz6cWT3jEsPfjdin2vNVJ1xKiwjXz,0.14482758620689662,-0.02610441767068261,-0.11445783132530118,
2026-07-04,BONK,4.85e-06,22404320.119608823,1347404.0622203094,23751724.181829132,0.056728684280155074,16.627766493957303,12,binance;bitget;bybit;coinbase;crypto_com;gate;htx;kraken;kucoin;mexc;okx;upbit,solana,solana,5,meteora;orca;saros-amm,31p1hptjhFo6ZD8oBqkfutNXQKGGPyi7YcEAfsyKW777;4UcZrPsyYVaY4Rt4ebCPwEyxn1VAhw5nXhF3e3PGCB4v;5zpyutJu9ee6jFymDGoK7F6S5Kczqtc9FomP3ueKuyA9;6oFWm7KPLfxnwMb3z5xwBoXNSPP3JJyirAPqPSiVcnsp;HmQL6eECoaGLWvTxz6cWT3jEsPfjdin2vNVJ1xKiwjXz,-0.02610441767068261,0.010309278350515427,-0.14432989690721654,
2026-07-05,BONK,4.9e-06,17897233.949092828,936396.0644399591,18833630.013532788,0.04971936178883824,19.11288890326213,12,binance;bitget;bybit;coinbase;crypto_com;gate;htx;kraken;kucoin;mexc;okx;upbit,solana,solana,5,meteora;orca;saros-amm,31p1hptjhFo6ZD8oBqkfutNXQKGGPyi7YcEAfsyKW777;4UcZrPsyYVaY4Rt4ebCPwEyxn1VAhw5nXhF3e3PGCB4v;5zpyutJu9ee6jFymDGoK7F6S5Kczqtc9FomP3ueKuyA9;6oFWm7KPLfxnwMb3z5xwBoXNSPP3JJyirAPqPSiVcnsp;HmQL6eECoaGLWvTxz6cWT3jEsPfjdin2vNVJ1xKiwjXz,0.010309278350515427,-0.09999999999999987,,
2026-07-06,BONK,4.41e-06,41755303.25455744,1400837.2374740802,43156140.492031515,0.03245974319072242,29.80739099272412,12,binance;bitget;bybit;coinbase;crypto_com;gate;htx;kraken;kucoin;mexc;okx;upbit,solana,solana,5,meteora;orca;saros-amm,31p1hptjhFo6ZD8oBqkfutNXQKGGPyi7YcEAfsyKW777;4UcZrPsyYVaY4Rt4ebCPwEyxn1VAhw5nXhF3e3PGCB4v;5zpyutJu9ee6jFymDGoK7F6S5Kczqtc9FomP3ueKuyA9;6oFWm7KPLfxnwMb3z5xwBoXNSPP3JJyirAPqPSiVcnsp;HmQL6eECoaGLWvTxz6cWT3jEsPfjdin2vNVJ1xKiwjXz,-0.09999999999999987,-0.05895691609977327,,
2026-07-07,BONK,4.15e-06,23121341.500234365,551409.719389923,23672751.21962429,0.023293013738631876,41.93132744525378,12,binance;bitget;bybit;coinbase;crypto_com;gate;htx;kraken;kucoin;mexc;okx;upbit,solana,solana,5,meteora;orca;saros-amm,31p1hptjhFo6ZD8oBqkfutNXQKGGPyi7YcEAfsyKW777;4UcZrPsyYVaY4Rt4ebCPwEyxn1VAhw5nXhF3e3PGCB4v;5zpyutJu9ee6jFymDGoK7F6S5Kczqtc9FomP3ueKuyA9;6oFWm7KPLfxnwMb3z5xwBoXNSPP3JJyirAPqPSiVcnsp;HmQL6eECoaGLWvTxz6cWT3jEsPfjdin2vNVJ1xKiwjXz,-0.05895691609977327,,,
2026-01-17,CAKE,2.102,12310090.682209812,6989367.435413006,19299458.11762282,0.3621535585515139,1.7612596269926108,9,binance;bitget;bybit;coinbase;gate;htx;kraken;kucoin;mexc,bsc,bsc,5,pancakeswap-infinity-clmm;pancakeswap-v3-bsc;pancakeswap_v2,0x0ed7e52944161450477ee417de9cd3a859b14fd0;0x47516855520496b84a169f7bb92ace7ffb6e8c535bccb52a308ccff113aeccfb;0x7f51c8aaa6b0599abd16674e2b17fec7a9f674a1;0xafb2da14056725e3ba3a30dd846b6bbbd7886c56;0xeb7528398b2725e1e0374734a87320132223a5c6,,-0.021883920076117946,-0.09942911512844899,-0.08848715509039007
2026-01-18,CAKE,2.056,11171718.6732218,4816095.052308375,15987813.725530175,0.30123537432874786,2.3196632441602554,9,binance;bitget;bybit;coinbase;gate;htx;kraken;kucoin;mexc,bsc,bsc,5,pancakeswap-infinity-clmm;pancakeswap-v3-bsc;pancakeswap_v2,0x0ed7e52944161450477ee417de9cd3a859b14fd0;0x47516855520496b84a169f7bb92ace7ffb6e8c535bccb52a308ccff113aeccfb;0x7f51c8aaa6b0599abd16674e2b17fec7a9f674a1;0xafb2da14056725e3ba3a30dd846b6bbbd7886c56;0xeb7528398b2725e1e0374734a87320132223a5c6,-0.021883920076117946,-0.02091439688715957,-0.05836575875486383,-0.09727626459143968
2026-01-19,CAKE,2.013,15605290.51514411,5643090.859131859,21248381.374275967,0.265577446099663,2.765379984958252,9,binance;bitget;bybit;coinbase;gate;htx;kraken;kucoin;mexc,bsc,bsc,5,pancakeswap-infinity-clmm;pancakeswap-v3-bsc;pancakeswap_v2,0x0ed7e52944161450477ee417de9cd3a859b14fd0;0x47516855520496b84a169f7bb92ace7ffb6e8c535bccb52a308ccff113aeccfb;0x7f51c8aaa6b0599abd16674e2b17fec7a9f674a1;0xafb2da14056725e3ba3a30dd846b6bbbd7886c56;0xeb7528398b2725e1e0374734a87320132223a5c6,-0.02091439688715957,-0.05961251862891204,-0.03626428216592148,-0.05365126676602083
2026-01-20,CAKE,1.893,12708447.0648229,5988376.567274625,18696823.632097524,0.3202884449845352,2.122185691239295,9,binance;bitget;bybit;coinbase;gate;htx;kraken;kucoin;mexc,bsc,bsc,5,pancakeswap-infinity-clmm;pancakeswap-v3-bsc;pancakeswap_v2,0x0ed7e52944161450477ee417de9cd3a859b14fd0;0x47516855520496b84a169f7bb92ace7ffb6e8c535bccb52a308ccff113aeccfb;0x7f51c8aaa6b0599abd16674e2b17fec7a9f674a1;0xafb2da14056725e3ba3a30dd846b6bbbd7886c56;0xeb7528398b2725e1e0374734a87320132223a5c6,-0.05961251862891204,0.022715266772318943,0.0179609086106709,0.015319598520866284
2026-01-21,CAKE,1.936,12556969.635269886,7670704.2024292275,20227673.837699115,0.3792183057714245,1.637003501098795,9,binance;bitget;bybit;coinbase;gate;htx;kraken;kucoin;mexc,bsc,bsc,5,pancakeswap-infinity-clmm;pancakeswap-v3-bsc;pancakeswap_v2,0x0ed7e52944161450477ee417de9cd3a859b14fd0;0x47516855520496b84a169f7bb92ace7ffb6e8c535bccb52a308ccff113aeccfb;0x7f51c8aaa6b0599abd16674e2b17fec7a9f674a1;0xafb2da14056725e3ba3a30dd846b6bbbd7886c56;0xeb7528398b2725e1e0374734a87320132223a5c6,0.022715266772318943,0.0020661157024792765,-0.010330578512396715,-0.016528925619834767
2026-01-22,CAKE,1.94,12847052.368866941,6024814.198925819,18871866.56779276,0.31924845257267404,2.132356607969334,9,binance;bitget;bybit;coinbase;gate;htx;kraken;kucoin;mexc,bsc,bsc,5,pancakeswap-infinity-clmm;pancakeswap-v3-bsc;pancakeswap_v2,0x0ed7e52944161450477ee417de9cd3a859b14fd0;0x47516855520496b84a169f7bb92ace7ffb6e8c535bccb52a308ccff113aeccfb;0x7f51c8aaa6b0599abd16674e2b17fec7a9f674a1;0xafb2da14056725e3ba3a30dd846b6bbbd7886c56;0xeb7528398b2725e1e0374734a87320132223a5c6,0.0020661157024792765,-0.006701030927835028,-0.043298969072164906,-0.07577319587628872
2026-01-23,CAKE,1.927,6972131.26901145,3729899.154625074,10702030.423636524,0.3485225706691332,1.8692546312856768,9,binance;bitget;bybit;coinbase;gate;htx;kraken;kucoin;mexc,bsc,bsc,5,pancakeswap-infinity-clmm;pancakeswap-v3-bsc;pancakeswap_v2,0x0ed7e52944161450477ee417de9cd3a859b14fd0;0x47516855520496b84a169f7bb92ace7ffb6e8c535bccb52a308ccff113aeccfb;0x7f51c8aaa6b0599abd16674e2b17fec7a9f674a1;0xafb2da14056725e3ba3a30dd846b6bbbd7886c56;0xeb7528398b2725e1e0374734a87320132223a5c6,-0.006701030927835028,-0.00570835495589006,-0.01141670991178001,-0.11468604047742614
2026-01-24,CAKE,1.916,5182561.6641554795,2391006.131466764,7573567.795622244,0.3157040639220051,2.167523368489329,9,binance;bitget;bybit;coinbase;gate;htx;kraken;kucoin;mexc,bsc,bsc,5,pancakeswap-infinity-clmm;pancakeswap-v3-bsc;pancakeswap_v2,0x0ed7e52944161450477ee417de9cd3a859b14fd0;0x47516855520496b84a169f7bb92ace7ffb6e8c535bccb52a308ccff113aeccfb;0x7f51c8aaa6b0599abd16674e2b17fec7a9f674a1;0xafb2da14056725e3ba3a30dd846b6bbbd7886c56;0xeb7528398b2725e1e0374734a87320132223a5c6,-0.00570835495589006,-0.03131524008350717,0.0031315240083507057,-0.1962421711899791
2026-01-25,CAKE,1.856,8818450.76591585,4051364.3344170228,12869815.100332873,0.31479584615883377,2.176661992850563,9,binance;bitget;bybit;coinbase;gate;htx;kraken;kucoin;mexc,bsc,bsc,5,pancakeswap-infinity-clmm;pancakeswap-v3-bsc;pancakeswap_v2,0x0ed7e52944161450477ee417de9cd3a859b14fd0;0x47516855520496b84a169f7bb92ace7ffb6e8c535bccb52a308ccff113aeccfb;0x7f51c8aaa6b0599abd16674e2b17fec7a9f674a1;0xafb2da14056725e3ba3a30dd846b6bbbd7886c56;0xeb7528398b2725e1e0374734a87320132223a5c6,-0.03131524008350717,0.026400862068965525,0.025862068965517127,-0.1837284482758622
2026-01-26,CAKE,1.905,6975615.320042641,4192274.534898919,11167889.85494156,0.37538645073974514,1.6639214016099333,9,binance;bitget;bybit;coinbase;gate;htx;kraken;kucoin;mexc,bsc,bsc,5,pancakeswap-infinity-clmm;pancakeswap-v3-bsc;pancakeswap_v2,0x0ed7e52944161450477ee417de9cd3a859b14fd0;0x47516855520496b84a169f7bb92ace7ffb6e8c535bccb52a308ccff113aeccfb;0x7f51c8aaa6b0599abd16674e2b17fec7a9f674a1;0xafb2da14056725e3ba3a30dd846b6bbbd7886c56;0xeb7528398b2725e1e0374734a87320132223a5c6,0.026400862068965525,0.00892388451443571,-0.05879265091863517,-0.16955380577427814
2026-01-27,CAKE,1.922,8030701.745940324,3827732.5026416495,11858434.248581974,0.32278565807280735,2.0980310772495363,9,binance;bitget;bybit;coinbase;gate;htx;kraken;kucoin;mexc,bsc,bsc,5,pancakeswap-infinity-clmm;pancakeswap-v3-bsc;pancakeswap_v2,0x0ed7e52944161450477ee417de9cd3a859b14fd0;0x47516855520496b84a169f7bb92ace7ffb6e8c535bccb52a308ccff113aeccfb;0x7f51c8aaa6b0599abd16674e2b17fec7a9f674a1;0xafb2da14056725e3ba3a30dd846b6bbbd7886c56;0xeb7528398b2725e1e0374734a87320132223a5c6,0.00892388451443571,-0.009365244536940653,-0.11238293444328828,-0.19614984391259105
2026-01-28,CAKE,1.904,6863735.079415531,3008783.5891789678,9872518.668594498,0.30476352490983066,2.2812325566055405,9,binance;bitget;bybit;coinbase;gate;htx;kraken;kucoin;mexc,bsc,bsc,5,pancakeswap-infinity-clmm;pancakeswap-v3-bsc;pancakeswap_v2,0x0ed7e52944161450477ee417de9cd3a859b14fd0;0x47516855520496b84a169f7bb92ace7ffb6e8c535bccb52a308ccff113aeccfb;0x7f51c8aaa6b0599abd16674e2b17fec7a9f674a1;0xafb2da14056725e3ba3a30dd846b6bbbd7886c56;0xeb7528398b2725e1e0374734a87320132223a5c6,-0.009365244536940653,-0.05829831932773111,-0.19117647058823528,-0.20220588235294124
2026-01-29,CAKE,1.793,14137291.408966182,5787609.889129532,19924901.298095714,0.2904711949405075,2.44268215719226,9,binance;bitget;bybit;coinbase;gate;htx;kraken;kucoin;mexc,bsc,bsc,5,pancakeswap-infinity-clmm;pancakeswap-v3-bsc;pancakeswap_v2,0x0ed7e52944161450477ee417de9cd3a859b14fd0;0x47516855520496b84a169f7bb92ace7ffb6e8c535bccb52a308ccff113aeccfb;0x7f51c8aaa6b0599abd16674e2b17fec7a9f674a1;0xafb2da14056725e3ba3a30dd846b6bbbd7886c56;0xeb7528398b2725e1e0374734a87320132223a5c6,-0.05829831932773111,-0.048522030117122084,-0.1550474065811489,-0.28332403792526495
2026-01-30,CAKE,1.706,16661911.80117691,6777678.623307403,23439590.424484313,0.28915516442760186,2.458350819981215,9,binance;bitget;bybit;coinbase;gate;htx;kraken;kucoin;mexc,bsc,bsc,5,pancakeswap-infinity-clmm;pancakeswap-v3-bsc;pancakeswap_v2,0x0ed7e52944161450477ee417de9cd3a859b14fd0;0x47516855520496b84a169f7bb92ace7ffb6e8c535bccb52a308ccff113aeccfb;0x7f51c8aaa6b0599abd16674e2b17fec7a9f674a1;0xafb2da14056725e3ba3a30dd846b6bbbd7886c56;0xeb7528398b2725e1e0374734a87320132223a5c6,-0.048522030117122084,-0.09730363423212185,-0.07268464243845241,-0.18815943728018758
2026-01-31,CAKE,1.54,21716582.27680709,10990384.458254179,32706966.735061266,0.3360257937484826,1.9759620201909447,9,binance;bitget;bybit;coinbase;gate;htx;kraken;kucoin;mexc,bsc,bsc,5,pancakeswap-infinity-clmm;pancakeswap-v3-bsc;pancakeswap_v2,0x0ed7e52944161450477ee417de9cd3a859b14fd0;0x47516855520496b84a169f7bb92ace7ffb6e8c535bccb52a308ccff113aeccfb;0x7f51c8aaa6b0599abd16674e2b17fec7a9f674a1;0xafb2da14056725e3ba3a30dd846b6bbbd7886c56;0xeb7528398b2725e1e0374734a87320132223a5c6,-0.09730363423212185,-0.016233766233766267,0.0032467532467532756,-0.10389610389610393
2026-02-01,CAKE,1.515,9541614.02227799,6331595.879671717,15873209.901949707,0.39888566451162516,1.5069840532483112,9,binance;bitget;bybit;coinbase;gate;htx;kraken;kucoin;mexc,bsc,bsc,5,pancakeswap-infinity-clmm;pancakeswap-v3-bsc;pancakeswap_v2,0x0ed7e52944161450477ee417de9cd3a859b14fd0;0x47516855520496b84a169f7bb92ace7ffb6e8c535bccb52a308ccff113aeccfb;0x7f51c8aaa6b0599abd16674e2b17fec7a9f674a1;0xafb2da14056725e3ba3a30dd846b6bbbd7886c56;0xeb7528398b2725e1e0374734a87320132223a5c6,-0.016233766233766267,0.04422442244224434,0.0026402640264027166,-0.0996699669966995
2026-02-02,CAKE,1.582,11422179.99172326,8791999.651269466,20214179.642992727,0.43494219436786413,1.2991561015444337,9,binance;bitget;bybit;coinbase;gate;htx;kraken;kucoin;mexc,bsc,bsc,5,pancakeswap-infinity-clmm;pancakeswap-v3-bsc;pancakeswap_v2,0x0ed7e52944161450477ee417de9cd3a859b14fd0;0x47516855520496b84a169f7bb92ace7ffb6e8c535bccb52a308ccff113aeccfb;0x7f51c8aaa6b0599abd16674e2b17fec7a9f674a1;0xafb2da14056725e3ba3a30dd846b6bbbd7886c56;0xeb7528398b2725e1e0374734a87320132223a5c6,0.04422442244224434,-0.023388116308470375,-0.1877370417193427,-0.1403286978508217
2026-02-03,CAKE,1.545,11586068.36883201,7965534.539649522,19551602.90848153,0.40741081828099396,1.4545249049088662,9,binance;bitget;bybit;coinbase;gate;htx;kraken;kucoin;mexc,bsc,bsc,5,pancakeswap-infinity-clmm;pancakeswap-v3-bsc;pancakeswap_v2,0x0ed7e52944161450477ee417de9cd3a859b14fd0;0x47516855520496b84a169f7bb92ace7ffb6e8c535bccb52a308ccff113aeccfb;0x7f51c8aaa6b0599abd16674e2b17fec7a9f674a1;0xafb2da14056725e3ba3a30dd846b6bbbd7886c56;0xeb7528398b2725e1e0374734a87320132223a5c6,-0.023388116308470375,-0.016828478964401317,-0.1035598705501618,-0.14433656957928798
2026-02-04,CAKE,1.519,11200268.20772105,9093739.48158174,20294007.68930279,0.44809973568577866,1.2316460385087815,9,binance;bitget;bybit;coinbase;gate;htx;kraken;kucoin;mexc,bsc,bsc,5,pancakeswap-infinity-clmm;pancakeswap-v3-bsc;pancakeswap_v2,0x0ed7e52944161450477ee417de9cd3a859b14fd0;0x47516855520496b84a169f7bb92ace7ffb6e8c535bccb52a308ccff113aeccfb;0x7f51c8aaa6b0599abd16674e2b17fec7a9f674a1;0xafb2da14056725e3ba3a30dd846b6bbbd7886c56;0xeb7528398b2725e1e0374734a87320132223a5c6,-0.016828478964401317,-0.15404871626069783,-0.09150757077024363,-0.14483212639894671
2026-02-05,CAKE,1.285,25756239.53894396,15257453.178579539,41013692.7175235,0.3720087650644694,1.688108705790035,9,binance;bitget;bybit;coinbase;gate;htx;kraken;kucoin;mexc,bsc,bsc,5,pancakeswap-infinity-clmm;pancakeswap-v3-bsc;pancakeswap_v2,0x0ed7e52944161450477ee417de9cd3a859b14fd0;0x47516855520496b84a169f7bb92ace7ffb6e8c535bccb52a308ccff113aeccfb;0x7f51c8aaa6b0599abd16674e2b17fec7a9f674a1;0xafb2da14056725e3ba3a30dd846b6bbbd7886c56;0xeb7528398b2725e1e0374734a87320132223a5c6,-0.15404871626069783,0.07782101167315192,0.06147859922179011,0.011673151750972943
2026-02-06,CAKE,1.385,16323925.734157423,9679890.830925938,26003816.565083362,0.3722488507292278,1.6863749828670274,9,binance;bitget;bybit;coinbase;gate;htx;kraken;kucoin;mexc,bsc,bsc,5,pancakeswap-infinity-clmm;pancakeswap-v3-bsc;pancakeswap_v2,0x0ed7e52944161450477ee417de9cd3a859b14fd0;0x47516855520496b84a169f7bb92ace7ffb6e8c535bccb52a308ccff113aeccfb;0x7f51c8aaa6b0599abd16674e2b17fec7a9f674a1;0xafb2da14056725e3ba3a30dd846b6bbbd7886c56;0xeb7528398b2725e1e0374734a87320132223a5c6,0.07782101167315192,-0.0036101083032491488,-0.01805054151624541,-0.05992779783393498
2026-02-07,CAKE,1.38,10220750.30495632,8242465.9905684665,18463216.295524787,0.4464263354032374,1.2400112195369115,9,binance;bitget;bybit;coinbase;gate;htx;kraken;kucoin;mexc,bsc,bsc,5,pancakeswap-infinity-clmm;pancakeswap-v3-bsc;pancakeswap_v2,0x0ed7e52944161450477ee417de9cd3a859b14fd0;0x47516855520496b84a169f7bb92ace7ffb6e8c535bccb52a308ccff113aeccfb;0x7f51c8aaa6b0599abd16674e2b17fec7a9f674a1;0xafb2da14056725e3ba3a30dd846b6bbbd7886c56;0xeb7528398b2725e1e0374734a87320132223a5c6,-0.0036101083032491488,-0.01159420289855062,-0.04202898550724621,-0.023188405797101352
2026-02-08,CAKE,1.364,3487045.62642283,3429710.596181089,6916756.222603919,0.49585535268292597,1.0167171627558262,9,binance;bitget;bybit;coinbase;gate;htx;kraken;kucoin;mexc,bsc,bsc,5,pancakeswap-infinity-clmm;pancakeswap-v3-bsc;pancakeswap_v2,0x0ed7e52944161450477ee417de9cd3a859b14fd0;0x47516855520496b84a169f7bb92ace7ffb6e8c535bccb52a308ccff113aeccfb;0x7f51c8aaa6b0599abd16674e2b17fec7a9f674a1;0xafb2da14056725e3ba3a30dd846b6bbbd7886c56;0xeb7528398b2725e1e0374734a87320132223a5c6,-0.01159420289855062,-0.0029325513196480912,-0.047653958944281594,-0.04618768328445755
2026-02-09,CAKE,1.36,6260681.724195439,4282952.80198268,10543634.52617812,0.40621218341254234,1.4617676200627805,9,binance;bitget;bybit;coinbase;gate;htx;kraken;kucoin;mexc,bsc,bsc,5,pancakeswap-infinity-clmm;pancakeswap-v3-bsc;pancakeswap_v2,0x0ed7e52944161450477ee417de9cd3a859b14fd0;0x47516855520496b84a169f7bb92ace7ffb6e8c535bccb52a308ccff113aeccfb;0x7f51c8aaa6b0599abd16674e2b17fec7a9f674a1;0xafb2da14056725e3ba3a30dd846b6bbbd7886c56;0xeb7528398b2725e1e0374734a87320132223a5c6,-0.0029325513196480912,-0.027941176470588247,-0.044117647058823595,-0.022058823529411797
2026-02-10,CAKE,1.322,4311300.5989033,3195075.491554063,7506376.090457363,0.4256482026814336,1.3493579761416883,9,binance;bitget;bybit;coinbase;gate;htx;kraken;kucoin;mexc,bsc,bsc,5,pancakeswap-infinity-clmm;pancakeswap-v3-bsc;pancakeswap_v2,0x0ed7e52944161450477ee417de9cd3a859b14fd0;0x47516855520496b84a169f7bb92ace7ffb6e8c535bccb52a308ccff113aeccfb;0x7f51c8aaa6b0599abd16674e2b17fec7a9f674a1;0xafb2da14056725e3ba3a30dd846b6bbbd7886c56;0xeb7528398b2725e1e0374734a87320132223a5c6,-0.027941176470588247,-0.01739788199697434,-0.015128593040847238,-0.013615733736762503
2026-02-11,CAKE,1.299,7883359.26280732,5561470.932651983,13444830.195459303,0.4136512586473757,1.4174953637756669,9,binance;bitget;bybit;coinbase;gate;htx;kraken;kucoin;mexc,bsc,bsc,5,pancakeswap-infinity-clmm;pancakeswap-v3-bsc;pancakeswap_v2,0x0ed7e52944161450477ee417de9cd3a859b14fd0;0x47516855520496b84a169f7bb92ace7ffb6e8c535bccb52a308ccff113aeccfb;0x7f51c8aaa6b0599abd16674e2b17fec7a9f674a1;0xafb2da14056725e3ba3a30dd846b6bbbd7886c56;0xeb7528398b2725e1e0374734a87320132223a5c6,-0.01739788199697434,0.0007698229407238077,0.03772132409545814,-0.022324865280985318
2026-02-12,CAKE,1.3,4866611.843718401,3794222.2402906325,8660834.084009033,0.4380897040039262,1.2826375303059805,9,binance;bitget;bybit;coinbase;gate;htx;kraken;kucoin;mexc,bsc,bsc,5,pancakeswap-infinity-clmm;pancakeswap-v3-bsc;pancakeswap_v2,0x0ed7e52944161450477ee417de9cd3a859b14fd0;0x47516855520496b84a169f7bb92ace7ffb6e8c535bccb52a308ccff113aeccfb;0x7f51c8aaa6b0599abd16674e2b17fec7a9f674a1;0xafb2da14056725e3ba3a30dd846b6bbbd7886c56;0xeb7528398b2725e1e0374734a87320132223a5c6,0.0007698229407238077,0.0015384615384614886,0.0007692307692306333,-0.03538461538461546
2026-02-13,CAKE,1.302,8949718.741434382,4804335.562529279,13754054.303963661,0.3493032277140828,1.8628421401778053,9,binance;bitget;bybit;coinbase;gate;htx;kraken;kucoin;mexc,bsc,bsc,5,pancakeswap-infinity-clmm;pancakeswap-v3-bsc;pancakeswap_v2,0x0ed7e52944161450477ee417de9cd3a859b14fd0;0x47516855520496b84a169f7bb92ace7ffb6e8c535bccb52a308ccff113aeccfb;0x7f51c8aaa6b0599abd16674e2b17fec7a9f674a1;0xafb2da14056725e3ba3a30dd846b6bbbd7886c56;0xeb7528398b2725e1e0374734a87320132223a5c6,0.0015384615384614886,0.03533026113671278,0.021505376344086002,-0.0038402457757297226
2026-02-14,CAKE,1.348,5543767.648506739,4113034.379046935,9656802.027553674,0.42592095885483083,1.3478534671989129,9,binance;bitget;bybit;coinbase;gate;htx;kraken;kucoin;mexc,bsc,bsc,5,pancakeswap-infinity-clmm;pancakeswap-v3-bsc;pancakeswap_v2,0x0ed7e52944161450477ee417de9cd3a859b14fd0;0x47516855520496b84a169f7bb92ace7ffb6e8c535bccb52a308ccff113aeccfb;0x7f51c8aaa6b0599abd16674e2b17fec7a9f674a1;0xafb2da14056725e3ba3a30dd846b6bbbd7886c56;0xeb7528398b2725e1e0374734a87320132223a5c6,0.03533026113671278,-0.034866468842730036,-0.03264094955489616,-0.01928783382789323
2026-02-15,CAKE,1.301,7066616.375182962,4723551.460985049,11790167.83616801,0.40063479389113404,1.4960388245054266,9,binance;bitget;bybit;coinbase;gate;htx;kraken;kucoin;mexc,bsc,bsc,5,pancakeswap-infinity-clmm;pancakeswap-v3-bsc;pancakeswap_v2,0x0ed7e52944161450477ee417de9cd3a859b14fd0;0x47516855520496b84a169f7bb92ace7ffb6e8c535bccb52a308ccff113aeccfb;0x7f51c8aaa6b0599abd16674e2b17fec7a9f674a1;0xafb2da14056725e3ba3a30dd846b6bbbd7886c56;0xeb7528398b2725e1e0374734a87320132223a5c6,-0.034866468842730036,0.02229054573405076,-0.023827824750192073,-0.008455034588777832
2026-02-16,CAKE,1.33,3694434.97761014,3669343.615374772,7363778.592984912,0.4982962984343886,1.0068381064477674,9,binance;bitget;bybit;coinbase;gate;htx;kraken;kucoin;mexc,bsc,bsc,5,pancakeswap-infinity-clmm;pancakeswap-v3-bsc;pancakeswap_v2,0x0ed7e52944161450477ee417de9cd3a859b14fd0;0x47516855520496b84a169f7bb92ace7ffb6e8c535bccb52a308ccff113aeccfb;0x7f51c8aaa6b0599abd16674e2b17fec7a9f674a1;0xafb2da14056725e3ba3a30dd846b6bbbd7886c56;0xeb7528398b2725e1e0374734a87320132223a5c6,0.02229054573405076,-0.019548872180451093,-0.05714285714285716,-0.08496240601503757
2026-02-17,CAKE,1.304,2552690.58748402,3138938.0657964805,5691628.6532805,0.5515008545027409,0.8132338179269858,9,binance;bitget;bybit;coinbase;gate;htx;kraken;kucoin;mexc,bsc,bsc,5,pancakeswap-infinity-clmm;pancakeswap-v3-bsc;pancakeswap_v2,0x0ed7e52944161450477ee417de9cd3a859b14fd0;0x47516855520496b84a169f7bb92ace7ffb6e8c535bccb52a308ccff113aeccfb;0x7f51c8aaa6b0599abd16674e2b17fec7a9f674a1;0xafb2da14056725e3ba3a30dd846b6bbbd7886c56;0xeb7528398b2725e1e0374734a87320132223a5c6,-0.019548872180451093,-0.026073619631901912,-0.005368098159509338,-0.0820552147239264
2026-02-18,CAKE,1.27,5043594.01611374,3689773.0892992,8733367.105412941,0.4224914680401192,1.3669117027116895,9,binance;bitget;bybit;coinbase;gate;htx;kraken;kucoin;mexc,bsc,bsc,5,pancakeswap-infinity-clmm;pancakeswap-v3-bsc;pancakeswap_v2,0x0ed7e52944161450477ee417de9cd3a859b14fd0;0x47516855520496b84a169f7bb92ace7ffb6e8c535bccb52a308ccff113aeccfb;0x7f51c8aaa6b0599abd16674e2b17fec7a9f674a1;0xafb2da14056725e3ba3a30dd846b6bbbd7886c56;0xeb7528398b2725e1e0374734a87320132223a5c6,-0.026073619631901912,-0.012598425196850394,0.04094488188976375,0.04645669291338583
2026-02-19,CAKE,1.254,6223849.038609791,3515997.371558835,9739846.410168625,0.36099104888225464,1.7701517893485843,9,binance;bitget;bybit;coinbase;gate;htx;kraken;kucoin;mexc,bsc,bsc,5,pancakeswap-infinity-clmm;pancakeswap-v3-bsc;pancakeswap_v2,0x0ed7e52944161450477ee417de9cd3a859b14fd0;0x47516855520496b84a169f7bb92ace7ffb6e8c535bccb52a308ccff113aeccfb;0x7f51c8aaa6b0599abd16674e2b17fec7a9f674a1;0xafb2da14056725e3ba3a30dd846b6bbbd7886c56;0xeb7528398b2725e1e0374734a87320132223a5c6,-0.012598425196850394,0.03429027113237626,0.028708133971291794,0.04465709728867617
2026-02-20,CAKE,1.297,5124323.316536141,4284249.839122902,9408573.155659042,0.45535595761893216,1.1960841475074255,9,binance;bitget;bybit;coinbase;gate;htx;kraken;kucoin;mexc,bsc,bsc,5,pancakeswap-infinity-clmm;pancakeswap-v3-bsc;pancakeswap_v2,0x0ed7e52944161450477ee417de9cd3a859b14fd0;0x47516855520496b84a169f7bb92ace7ffb6e8c535bccb52a308ccff113aeccfb;0x7f51c8aaa6b0599abd16674e2b17fec7a9f674a1;0xafb2da14056725e3ba3a30dd846b6bbbd7886c56;0xeb7528398b2725e1e0374734a87320132223a5c6,0.03429027113237626,0.01927525057825763,-0.061680801850423905,0.0007710100231304029
2026-02-21,CAKE,1.322,3628884.1924419305,3175060.16181557,6803944.354257501,0.4666499307609428,1.142933994159926,9,binance;bitget;bybit;coinbase;gate;htx;kraken;kucoin;mexc,bsc,bsc,5,pancakeswap-infinity-clmm;pancakeswap-v3-bsc;pancakeswap_v2,0x0ed7e52944161450477ee417de9cd3a859b14fd0;0x47516855520496b84a169f7bb92ace7ffb6e8c535bccb52a308ccff113aeccfb;0x7f51c8aaa6b0599abd16674e2b17fec7a9f674a1;0xafb2da14056725e3ba3a30dd846b6bbbd7886c56;0xeb7528398b2725e1e0374734a87320132223a5c6,0.01927525057825763,-0.024205748865355536,-0.09455370650529504,-0.009077155824508298
2026-02-22,CAKE,1.29,3112919.7853492303,2343205.8360654684,5456125.621414699,0.42946332226454625,1.3284875521547037,9,binance;bitget;bybit;coinbase;gate;htx;kraken;kucoin;mexc,bsc,bsc,5,pancakeswap-infinity-clmm;pancakeswap-v3-bsc;pancakeswap_v2,0x0ed7e52944161450477ee417de9cd3a859b14fd0;0x47516855520496b84a169f7bb92ace7ffb6e8c535bccb52a308ccff113aeccfb;0x7f51c8aaa6b0599abd16674e2b17fec7a9f674a1;0xafb2da14056725e3ba3a30dd846b6bbbd7886c56;0xeb7528398b2725e1e0374734a87320132223a5c6,-0.024205748865355536,-0.05658914728682163,0.03023255813953485,0.008527131782945618
2026-02-23,CAKE,1.217,9530043.003361417,4909044.047706738,14439087.051068155,0.3399829941009729,1.9413235877998243,9,binance;bitget;bybit;coinbase;gate;htx;kraken;kucoin;mexc,bsc,bsc,5,pancakeswap-infinity-clmm;pancakeswap-v3-bsc;pancakeswap_v2,0x0ed7e52944161450477ee417de9cd3a859b14fd0;0x47516855520496b84a169f7bb92ace7ffb6e8c535bccb52a308ccff113aeccfb;0x7f51c8aaa6b0599abd16674e2b17fec7a9f674a1;0xafb2da14056725e3ba3a30dd846b6bbbd7886c56;0xeb7528398b2725e1e0374734a87320132223a5c6,-0.05658914728682163,-0.016433853738701765,0.07641741988496298,0.10682004930156119
2026-02-24,CAKE,1.197,7768095.142786399,3506814.5618968164,11274909.704683216,0.3110281726194405,2.215142832811975,9,binance;bitget;bybit;coinbase;gate;htx;kraken;kucoin;mexc,bsc,bsc,5,pancakeswap-infinity-clmm;pancakeswap-v3-bsc;pancakeswap_v2,0x0ed7e52944161450477ee417de9cd3a859b14fd0;0x47516855520496b84a169f7bb92ace7ffb6e8c535bccb52a308ccff113aeccfb;0x7f51c8aaa6b0599abd16674e2b17fec7a9f674a1;0xafb2da14056725e3ba3a30dd846b6bbbd7886c56;0xeb7528398b2725e1e0374734a87320132223a5c6,-0.016433853738701765,0.11027568922305764,0.08437761069340022,0.12280701754385959
2026-02-25,CAKE,1.329,13427632.889495721,7487341.71671668,20914974.6062124,0.35798951983870475,1.7933778632697366,9,binance;bitget;bybit;coinbase;gate;htx;kraken;kucoin;mexc,bsc,bsc,5,pancakeswap-infinity-clmm;pancakeswap-v3-bsc;pancakeswap_v2,0x0ed7e52944161450477ee417de9cd3a859b14fd0;0x47516855520496b84a169f7bb92ace7ffb6e8c535bccb52a308ccff113aeccfb;0x7f51c8aaa6b0599abd16674e2b17fec7a9f674a1;0xafb2da14056725e3ba3a30dd846b6bbbd7886c56;0xeb7528398b2725e1e0374734a87320132223a5c6,0.11027568922305764,-0.014296463506395685,-0.014296463506395685,0.05793829947328821
2026-02-26,CAKE,1.31,7977156.067706209,4463344.484634868,12440500.552341077,0.3587753134093103,1.78725977687084,9,binance;bitget;bybit;coinbase;gate;htx;kraken;kucoin;mexc,bsc,bsc,5,pancakeswap-infinity-clmm;pancakeswap-v3-bsc;pancakeswap_v2,0x0ed7e52944161450477ee417de9cd3a859b14fd0;0x47516855520496b84a169f7bb92ace7ffb6e8c535bccb52a308ccff113aeccfb;0x7f51c8aaa6b0599abd16674e2b17fec7a9f674a1;0xafb2da14056725e3ba3a30dd846b6bbbd7886c56;0xeb7528398b2725e1e0374734a87320132223a5c6,-0.014296463506395685,-0.009160305343511421,-0.006870229007633677,0.06030534351145045
2026-02-27,CAKE,1.298,5642186.709155741,3552107.9811887974,9194294.690344539,0.38633827833678985,1.5884051777242,9,binance;bitget;bybit;coinbase;gate;htx;kraken;kucoin;mexc,bsc,bsc,5,pancakeswap-infinity-clmm;pancakeswap-v3-bsc;pancakeswap_v2,0x0ed7e52944161450477ee417de9cd3a859b14fd0;0x47516855520496b84a169f7bb92ace7ffb6e8c535bccb52a308ccff113aeccfb;0x7f51c8aaa6b0599abd16674e2b17fec7a9f674a1;0xafb2da14056725e3ba3a30dd846b6bbbd7886c56;0xeb7528398b2725e1e0374734a87320132223a5c6,-0.009160305343511421,0.009244992295839749,0.03775038520801233,0.03081664098613257
2026-02-28,CAKE,1.31,8769756.66970499,4157246.4454463767,12927003.115151368,0.3215939849642171,2.1095108949605113,9,binance;bitget;bybit;coinbase;gate;htx;kraken;kucoin;mexc,bsc,bsc,5,pancakeswap-infinity-clmm;pancakeswap-v3-bsc;pancakeswap_v2,0x0ed7e52944161450477ee417de9cd3a859b14fd0;0x47516855520496b84a169f7bb92ace7ffb6e8c535bccb52a308ccff113aeccfb;0x7f51c8aaa6b0599abd16674e2b17fec7a9f674a1;0xafb2da14056725e3ba3a30dd846b6bbbd7886c56;0xeb7528398b2725e1e0374734a87320132223a5c6,0.009244992295839749,-0.006870229007633677,0.025954198473282508,0.004580152671755711
2026-03-01,CAKE,1.301,6690575.94126109,4983439.029352169,11674014.97061326,0.426883042543364,1.3425620142744767,9,binance;bitget;bybit;coinbase;gate;htx;kraken;kucoin;mexc,bsc,bsc,5,pancakeswap-infinity-clmm;pancakeswap-v3-bsc;pancakeswap_v2,0x0ed7e52944161450477ee417de9cd3a859b14fd0;0x47516855520496b84a169f7bb92ace7ffb6e8c535bccb52a308ccff113aeccfb;0x7f51c8aaa6b0599abd16674e2b17fec7a9f674a1;0xafb2da14056725e3ba3a30dd846b6bbbd7886c56;0xeb7528398b2725e1e0374734a87320132223a5c6,-0.006870229007633677,0.035357417371252975,0.0807071483474251,-0.003074558032282848
2026-03-02,CAKE,1.347,7100958.874933369,5578500.537554128,12679459.412487498,0.43996359435167115,1.2729153339916603,9,binance;bitget;bybit;coinbase;gate;htx;kraken;kucoin;mexc,bsc,bsc,5,pancakeswap-infinity-clmm;pancakeswap-v3-bsc;pancakeswap_v2,0x0ed7e52944161450477ee417de9cd3a859b14fd0;0x47516855520496b84a169f7bb92ace7ffb6e8c535bccb52a308ccff113aeccfb;0x7f51c8aaa6b0599abd16674e2b17fec7a9f674a1;0xafb2da14056725e3ba3a30dd846b6bbbd7886c56;0xeb7528398b2725e1e0374734a87320132223a5c6,0.035357417371252975,-0.00222717149220486,0.03118040089086871,0.015590200445434466
2026-03-03,CAKE,1.344,5818477.724347711,5082331.7173441965,10900809.441691907,0.4662343420027138,1.1448441479117368,9,binance;bitget;bybit;coinbase;gate;htx;kraken;kucoin;mexc,bsc,bsc,5,pancakeswap-infinity-clmm;pancakeswap-v3-bsc;pancakeswap_v2,0x0ed7e52944161450477ee417de9cd3a859b14fd0;0x47516855520496b84a169f7bb92ace7ffb6e8c535bccb52a308ccff113aeccfb;0x7f51c8aaa6b0599abd16674e2b17fec7a9f674a1;0xafb2da14056725e3ba3a30dd846b6bbbd7886c56;0xeb7528398b2725e1e0374734a87320132223a5c6,-0.00222717149220486,0.04613095238095233,-0.004464285714285698,0.017857142857142794
2026-03-04,CAKE,1.406,9391817.22998143,6087628.015851256,15479445.245832685,0.39327171737566907,1.5427712083469238,9,binance;bitget;bybit;coinbase;gate;htx;kraken;kucoin;mexc,bsc,bsc,5,pancakeswap-infinity-clmm;pancakeswap-v3-bsc;pancakeswap_v2,0x0ed7e52944161450477ee417de9cd3a859b14fd0;0x47516855520496b84a169f7bb92ace7ffb6e8c535bccb52a308ccff113aeccfb;0x7f51c8aaa6b0599abd16674e2b17fec7a9f674a1;0xafb2da14056725e3ba3a30dd846b6bbbd7886c56;0xeb7528398b2725e1e0374734a87320132223a5c6,0.04613095238095233,-0.012091038406827792,-0.06401137980085336,-0.017069701280227667
2026-03-05,CAKE,1.389,5708011.609878881,3831519.056966595,9539530.666845476,0.40164649507160693,1.4897515906910042,9,binance;bitget;bybit;coinbase;gate;htx;kraken;kucoin;mexc,bsc,bsc,5,pancakeswap-infinity-clmm;pancakeswap-v3-bsc;pancakeswap_v2,0x0ed7e52944161450477ee417de9cd3a859b14fd0;0x47516855520496b84a169f7bb92ace7ffb6e8c535bccb52a308ccff113aeccfb;0x7f51c8aaa6b0599abd16674e2b17fec7a9f674a1;0xafb2da14056725e3ba3a30dd846b6bbbd7886c56;0xeb7528398b2725e1e0374734a87320132223a5c6,-0.012091038406827792,-0.036717062634989195,-0.06623470122390218,0.003599712023037993
2026-03-06,CAKE,1.338,3837433.47831493,3047782.0091673243,6885215.487482254,0.44265600905423796,1.2590905342877012,9,binance;bitget;bybit;coinbase;gate;htx;kraken;kucoin;mexc,bsc,bsc,5,pancakeswap-infinity-clmm;pancakeswap-v3-bsc;pancakeswap_v2,0x0ed7e52944161450477ee417de9cd3a859b14fd0;0x47516855520496b84a169f7bb92ace7ffb6e8c535bccb52a308ccff113aeccfb;0x7f51c8aaa6b0599abd16674e2b17fec7a9f674a1;0xafb2da14056725e3ba3a30dd846b6bbbd7886c56;0xeb7528398b2725e1e0374734a87320132223a5c6,-0.036717062634989195,-0.01644245142002987,0.022421524663677195,0.053811659192825045
2026-03-07,CAKE,1.316,2854492.2901751,1446190.8751843283,4300683.165359428,0.336270034219892,1.9738005121981375,9,binance;bitget;bybit;coinbase;gate;htx;kraken;kucoin;mexc,bsc,bsc,5,pancakeswap-infinity-clmm;pancakeswap-v3-bsc;pancakeswap_v2,0x0ed7e52944161450477ee417de9cd3a859b14fd0;0x47516855520496b84a169f7bb92ace7ffb6e8c535bccb52a308ccff113aeccfb;0x7f51c8aaa6b0599abd16674e2b17fec7a9f674a1;0xafb2da14056725e3ba3a30dd846b6bbbd7886c56;0xeb7528398b2725e1e0374734a87320132223a5c6,-0.01644245142002987,-0.014437689969604928,0.03951367781155013,0.07294832826747699
2026-03-08,CAKE,1.297,3388392.7555579697,3446350.6596642192,6834743.415222188,0.5042399473239308,0.9831828186305637,9,binance;bitget;bybit;coinbase;gate;htx;kraken;kucoin;mexc,bsc,bsc,5,pancakeswap-infinity-clmm;pancakeswap-v3-bsc;pancakeswap_v2,0x0ed7e52944161450477ee417de9cd3a859b14fd0;0x47516855520496b84a169f7bb92ace7ffb6e8c535bccb52a308ccff113aeccfb;0x7f51c8aaa6b0599abd16674e2b17fec7a9f674a1;0xafb2da14056725e3ba3a30dd846b6bbbd7886c56;0xeb7528398b2725e1e0374734a87320132223a5c6,-0.014437689969604928,0.0547417116422515,0.06553585196607559,0.1696222050886662
2026-03-09,CAKE,1.368,6576273.245591246,6179618.207134983,12755891.452726228,0.48445208475133705,1.06418762861406,9,binance;bitget;bybit;coinbase;gate;htx;kraken;kucoin;mexc,bsc,bsc,5,pancakeswap-infinity-clmm;pancakeswap-v3-bsc;pancakeswap_v2,0x0ed7e52944161450477ee417de9cd3a859b14fd0;0x47516855520496b84a169f7bb92ace7ffb6e8c535bccb52a308ccff113aeccfb;0x7f51c8aaa6b0599abd16674e2b17fec7a9f674a1;0xafb2da14056725e3ba3a30dd846b6bbbd7886c56;0xeb7528398b2725e1e0374734a87320132223a5c6,0.0547417116422515,0.0,0.01900584795321625,0.11038011695906413
2026-03-10,CAKE,1.368,4624484.87238782,4188126.265413967,8812611.137801787,0.47524237708038153,1.1041894583211,9,binance;bitget;bybit;coinbase;gate;htx;kraken;kucoin;mexc,bsc,bsc,5,pancakeswap-infinity-clmm;pancakeswap-v3-bsc;pancakeswap_v2,0x0ed7e52944161450477ee417de9cd3a859b14fd0;0x47516855520496b84a169f7bb92ace7ffb6e8c535bccb52a308ccff113aeccfb;0x7f51c8aaa6b0599abd16674e2b17fec7a9f674a1;0xafb2da14056725e3ba3a30dd846b6bbbd7886c56;0xeb7528398b2725e1e0374734a87320132223a5c6,0.0,0.010233918128654818,0.030701754385964675,0.08260233918128645
2026-03-11,CAKE,1.382,3817869.6102723894,3405955.8345722496,7223825.444844639,0.4714892214073288,1.120939259258443,9,binance;bitget;bybit;coinbase;gate;htx;kraken;kucoin;mexc,bsc,bsc,5,pancakeswap-infinity-clmm;pancakeswap-v3-bsc;pancakeswap_v2,0x0ed7e52944161450477ee417de9cd3a859b14fd0;0x47516855520496b84a169f7bb92ace7ffb6e8c535bccb52a308ccff113aeccfb;0x7f51c8aaa6b0599abd16674e2b17fec7a9f674a1;0xafb2da14056725e3ba3a30dd846b6bbbd7886c56;0xeb7528398b2725e1e0374734a87320132223a5c6,0.010233918128654818,0.00868306801736618,0.02170767004341534,0.04486251808972508
2026-03-12,CAKE,1.394,4036757.3000402707,2966180.146896777,7002937.446937048,0.42356227931096657,1.3609278938312406,9,binance;bitget;bybit;coinbase;gate;htx;kraken;kucoin;mexc,bsc,bsc,5,pancakeswap-infinity-clmm;pancakeswap-v3-bsc;pancakeswap_v2,0x0ed7e52944161450477ee417de9cd3a859b14fd0;0x47516855520496b84a169f7bb92ace7ffb6e8c535bccb52a308ccff113aeccfb;0x7f51c8aaa6b0599abd16674e2b17fec7a9f674a1;0xafb2da14056725e3ba3a30dd846b6bbbd7886c56;0xeb7528398b2725e1e0374734a87320132223a5c6,0.00868306801736618,0.011477761836441891,0.08823529411764697,0.013629842180774787
2026-03-13,CAKE,1.41,5486555.605481571,4576302.982619557,10062858.588101126,0.45477166776752953,1.198905672618068,9,binance;bitget;bybit;coinbase;gate;htx;kraken;kucoin;mexc,bsc,bsc,5,pancakeswap-infinity-clmm;pancakeswap-v3-bsc;pancakeswap_v2,0x0ed7e52944161450477ee417de9cd3a859b14fd0;0x47516855520496b84a169f7bb92ace7ffb6e8c535bccb52a308ccff113aeccfb;0x7f51c8aaa6b0599abd16674e2b17fec7a9f674a1;0xafb2da14056725e3ba3a30dd846b6bbbd7886c56;0xeb7528398b2725e1e0374734a87320132223a5c6,0.011477761836441891,0.0014184397163119478,0.07730496453900715,-0.007801418439716268
2026-03-14,CAKE,1.412,2980163.51743909,1697861.5770754858,4678025.094514576,0.36294409345225365,1.7552452789304118,9,binance;bitget;bybit;coinbase;gate;htx;kraken;kucoin;mexc,bsc,bsc,5,pancakeswap-infinity-clmm;pancakeswap-v3-bsc;pancakeswap_v2,0x0ed7e52944161450477ee417de9cd3a859b14fd0;0x47516855520496b84a169f7bb92ace7ffb6e8c535bccb52a308ccff113aeccfb;0x7f51c8aaa6b0599abd16674e2b17fec7a9f674a1;0xafb2da14056725e3ba3a30dd846b6bbbd7886c56;0xeb7528398b2725e1e0374734a87320132223a5c6,0.0014184397163119478,0.07436260623229463,0.04886685552407943,-0.037535410764872434
2026-03-15,CAKE,1.517,37261135.444809444,50263964.914783426,87525100.35959287,0.5742805744669384,0.7413091169385716,9,binance;bitget;bybit;coinbase;gate;htx;kraken;kucoin;mexc,bsc,bsc,5,pancakeswap-infinity-clmm;pancakeswap-v3-bsc;pancakeswap_v2,0x0ed7e52944161450477ee417de9cd3a859b14fd0;0x47516855520496b84a169f7bb92ace7ffb6e8c535bccb52a308ccff113aeccfb;0x7f51c8aaa6b0599abd16674e2b17fec7a9f674a1;0xafb2da14056725e3ba3a30dd846b6bbbd7886c56;0xeb7528398b2725e1e0374734a87320132223a5c6,0.07436260623229463,0.0013183915622940745,-0.048121292023731055,-0.09360580092287407
2026-03-16,CAKE,1.519,10073399.717305757,7832154.271317304,17905553.98862306,0.4374147974585844,1.286159512229768,9,binance;bitget;bybit;coinbase;gate;htx;kraken;kucoin;mexc,bsc,bsc,5,pancakeswap-infinity-clmm;pancakeswap-v3-bsc;pancakeswap_v2,0x0ed7e52944161450477ee417de9cd3a859b14fd0;0x47516855520496b84a169f7bb92ace7ffb6e8c535bccb52a308ccff113aeccfb;0x7f51c8aaa6b0599abd16674e2b17fec7a9f674a1;0xafb2da14056725e3ba3a30dd846b6bbbd7886c56;0xeb7528398b2725e1e0374734a87320132223a5c6,0.0013183915622940745,-0.02501645819618159,-0.0697827518104015,-0.07241606319947325
2026-03-17,CAKE,1.481,8331945.287367229,4845552.046745804,13177497.334113033,0.36771413599166203,1.7195038268060359,9,binance;bitget;bybit;coinbase;gate;htx;kraken;kucoin;mexc,bsc,bsc,5,pancakeswap-infinity-clmm;pancakeswap-v3-bsc;pancakeswap_v2,0x0ed7e52944161450477ee417de9cd3a859b14fd0;0x47516855520496b84a169f7bb92ace7ffb6e8c535bccb52a308ccff113aeccfb;0x7f51c8aaa6b0599abd16674e2b17fec7a9f674a1;0xafb2da14056725e3ba3a30dd846b6bbbd7886c56;0xeb7528398b2725e1e0374734a87320132223a5c6,-0.02501645819618159,-0.024983119513842134,-0.055367994598244485,-0.0452397029034437
2026-03-18,CAKE,1.444,4663519.3029285595,3517554.863607507,8181074.166536067,0.4299624709424763,1.325784382548559,9,binance;bitget;bybit;coinbase;gate;htx;kraken;kucoin;mexc,bsc,bsc,5,pancakeswap-infinity-clmm;pancakeswap-v3-bsc;pancakeswap_v2,0x0ed7e52944161450477ee417de9cd3a859b14fd0;0x47516855520496b84a169f7bb92ace7ffb6e8c535bccb52a308ccff113aeccfb;0x7f51c8aaa6b0599abd16674e2b17fec7a9f674a1;0xafb2da14056725e3ba3a30dd846b6bbbd7886c56;0xeb7528398b2725e1e0374734a87320132223a5c6,-0.024983119513842134,-0.02146814404432129,-0.05886426592797778,0.0006925207756234286
2026-03-19,CAKE,1.413,4228013.00650563,3610554.157169361,7838567.163674992,0.46061404868751654,1.1710149806533716,9,binance;bitget;bybit;coinbase;gate;htx;kraken;kucoin;mexc,bsc,bsc,5,pancakeswap-infinity-clmm;pancakeswap-v3-bsc;pancakeswap_v2,0x0ed7e52944161450477ee417de9cd3a859b14fd0;0x47516855520496b84a169f7bb92ace7ffb6e8c535bccb52a308ccff113aeccfb;0x7f51c8aaa6b0599abd16674e2b17fec7a9f674a1;0xafb2da14056725e3ba3a30dd846b6bbbd7886c56;0xeb7528398b2725e1e0374734a87320132223a5c6,-0.02146814404432129,-0.0099079971691437,-0.02689313517338998,-0.0014154281670205604
2026-03-20,CAKE,1.399,4973772.54507876,3671629.474397679,8645402.01947644,0.4246915835869979,1.354649912187747,9,binance;bitget;bybit;coinbase;gate;htx;kraken;kucoin;mexc,bsc,bsc,5,pancakeswap-infinity-clmm;pancakeswap-v3-bsc;pancakeswap_v2,0x0ed7e52944161450477ee417de9cd3a859b14fd0;0x47516855520496b84a169f7bb92ace7ffb6e8c535bccb52a308ccff113aeccfb;0x7f51c8aaa6b0599abd16674e2b17fec7a9f674a1;0xafb2da14056725e3ba3a30dd846b6bbbd7886c56;0xeb7528398b2725e1e0374734a87320132223a5c6,-0.0099079971691437,-0.028591851322373185,0.0071479628305932685,-0.02358827734095781
2026-03-21,CAKE,1.359,4652287.660313299,3462873.5059166886,8115161.1662299875,0.42671654141964693,1.3434760618210193,9,binance;bitget;bybit;coinbase;gate;htx;kraken;kucoin;mexc,bsc,bsc,5,pancakeswap-infinity-clmm;pancakeswap-v3-bsc;pancakeswap_v2,0x0ed7e52944161450477ee417de9cd3a859b14fd0;0x47516855520496b84a169f7bb92ace7ffb6e8c535bccb52a308ccff113aeccfb;0x7f51c8aaa6b0599abd16674e2b17fec7a9f674a1;0xafb2da14056725e3ba3a30dd846b6bbbd7886c56;0xeb7528398b2725e1e0374734a87320132223a5c6,-0.028591851322373185,0.011773362766740236,0.04047093451066952,0.00956585724797665
2026-03-22,CAKE,1.375,12278223.78010533,4628035.939672022,16906259.719777353,0.2737468852591939,2.6530096006504778,9,binance;bitget;bybit;coinbase;gate;htx;kraken;kucoin;mexc,bsc,bsc,5,pancakeswap-infinity-clmm;pancakeswap-v3-bsc;pancakeswap_v2,0x0ed7e52944161450477ee417de9cd3a859b14fd0;0x47516855520496b84a169f7bb92ace7ffb6e8c535bccb52a308ccff113aeccfb;0x7f51c8aaa6b0599abd16674e2b17fec7a9f674a1;0xafb2da14056725e3ba3a30dd846b6bbbd7886c56;0xeb7528398b2725e1e0374734a87320132223a5c6,0.011773362766740236,0.02472727272727271,0.050909090909091015,-0.02036363636363636
2026-03-23,CAKE,1.409,10086123.387955848,5893781.109975407,15979904.497931255,0.36882455153210775,1.7113162500868537,9,binance;bitget;bybit;coinbase;gate;htx;kraken;kucoin;mexc,bsc,bsc,5,pancakeswap-infinity-clmm;pancakeswap-v3-bsc;pancakeswap_v2,0x0ed7e52944161450477ee417de9cd3a859b14fd0;0x47516855520496b84a169f7bb92ace7ffb6e8c535bccb52a308ccff113aeccfb;0x7f51c8aaa6b0599abd16674e2b17fec7a9f674a1;0xafb2da14056725e3ba3a30dd846b6bbbd7886c56;0xeb7528398b2725e1e0374734a87320132223a5c6,0.02472727272727271,0.0035486160397444344,0.0014194464158978626,-0.019872249822569188
2026-03-24,CAKE,1.414,4451806.791453899,2546314.9422344733,6998121.733688372,0.3638569089155346,1.7483331372777067,9,binance;bitget;bybit;coinbase;gate;htx;kraken;kucoin;mexc,bsc,bsc,5,pancakeswap-infinity-clmm;pancakeswap-v3-bsc;pancakeswap_v2,0x0ed7e52944161450477ee417de9cd3a859b14fd0;0x47516855520496b84a169f7bb92ace7ffb6e8c535bccb52a308ccff113aeccfb;0x7f51c8aaa6b0599abd16674e2b17fec7a9f674a1;0xafb2da14056725e3ba3a30dd846b6bbbd7886c56;0xeb7528398b2725e1e0374734a87320132223a5c6,0.0035486160397444344,0.02192362093352207,-0.033946251768033786,-0.013437057991513401
2026-03-25,CAKE,1.445,5134490.70737399,2668675.568763527,7803166.276137517,0.34199906478021286,1.923984604000757,9,binance;bitget;bybit;coinbase;gate;htx;kraken;kucoin;mexc,bsc,bsc,5,pancakeswap-infinity-clmm;pancakeswap-v3-bsc;pancakeswap_v2,0x0ed7e52944161450477ee417de9cd3a859b14fd0;0x47516855520496b84a169f7bb92ace7ffb6e8c535bccb52a308ccff113aeccfb;0x7f51c8aaa6b0599abd16674e2b17fec7a9f674a1;0xafb2da14056725e3ba3a30dd846b6bbbd7886c56;0xeb7528398b2725e1e0374734a87320132223a5c6,0.02192362093352207,-0.02352941176470591,-0.05051903114186851,-0.0304498269896194
2026-03-26,CAKE,1.411,6036811.54508949,2926874.4142647428,8963685.959354233,0.32652576490705193,2.0625454634021225,9,binance;bitget;bybit;coinbase;gate;htx;kraken;kucoin;mexc,bsc,bsc,5,pancakeswap-infinity-clmm;pancakeswap-v3-bsc;pancakeswap_v2,0x0ed7e52944161450477ee417de9cd3a859b14fd0;0x47516855520496b84a169f7bb92ace7ffb6e8c535bccb52a308ccff113aeccfb;0x7f51c8aaa6b0599abd16674e2b17fec7a9f674a1;0xafb2da14056725e3ba3a30dd846b6bbbd7886c56;0xeb7528398b2725e1e0374734a87320132223a5c6,-0.02352941176470591,-0.031892274982281976,-0.0453579021970234,-0.055279943302622314
2026-03-27,CAKE,1.366,6267172.67706838,3031531.853253605,9298704.530321985,0.32601658041376996,2.0673286577352337,9,binance;bitget;bybit;coinbase;gate;htx;kraken;kucoin;mexc,bsc,bsc,5,pancakeswap-infinity-clmm;pancakeswap-v3-bsc;pancakeswap_v2,0x0ed7e52944161450477ee417de9cd3a859b14fd0;0x47516855520496b84a169f7bb92ace7ffb6e8c535bccb52a308ccff113aeccfb;0x7f51c8aaa6b0599abd16674e2b17fec7a9f674a1;0xafb2da14056725e3ba3a30dd846b6bbbd7886c56;0xeb7528398b2725e1e0374734a87320132223a5c6,-0.031892274982281976,0.004392386530014614,0.010980966325036423,-0.016105417276720324
2026-03-28,CAKE,1.372,5111968.24233696,1661692.519870943,6773660.762207903,0.24531676123226864,3.07636231204434,9,binance;bitget;bybit;coinbase;gate;htx;kraken;kucoin;mexc,bsc,bsc,5,pancakeswap-infinity-clmm;pancakeswap-v3-bsc;pancakeswap_v2,0x0ed7e52944161450477ee417de9cd3a859b14fd0;0x47516855520496b84a169f7bb92ace7ffb6e8c535bccb52a308ccff113aeccfb;0x7f51c8aaa6b0599abd16674e2b17fec7a9f674a1;0xafb2da14056725e3ba3a30dd846b6bbbd7886c56;0xeb7528398b2725e1e0374734a87320132223a5c6,0.004392386530014614,-0.018221574344023383,0.016763848396501357,0.02915451895043719
2026-03-29,CAKE,1.347,6336838.26439182,2206196.0971313454,8543034.361523166,0.25824502205771244,2.8722914851637316,9,binance;bitget;bybit;coinbase;gate;htx;kraken;kucoin;mexc,bsc,bsc,5,pancakeswap-infinity-clmm;pancakeswap-v3-bsc;pancakeswap_v2,0x0ed7e52944161450477ee417de9cd3a859b14fd0;0x47516855520496b84a169f7bb92ace7ffb6e8c535bccb52a308ccff113aeccfb;0x7f51c8aaa6b0599abd16674e2b17fec7a9f674a1;0xafb2da14056725e3ba3a30dd846b6bbbd7886c56;0xeb7528398b2725e1e0374734a87320132223a5c6,-0.018221574344023383,0.025241276911655453,0.04008908685968815,0.05716406829992571
2026-03-30,CAKE,1.381,6694760.35407318,3400285.255881872,10095045.609955052,0.3368271315712274,1.9688819761496386,9,binance;bitget;bybit;coinbase;gate;htx;kraken;kucoin;mexc,bsc,bsc,5,pancakeswap-infinity-clmm;pancakeswap-v3-bsc;pancakeswap_v2,0x0ed7e52944161450477ee417de9cd3a859b14fd0;0x47516855520496b84a169f7bb92ace7ffb6e8c535bccb52a308ccff113aeccfb;0x7f51c8aaa6b0599abd16674e2b17fec7a9f674a1;0xafb2da14056725e3ba3a30dd846b6bbbd7886c56;0xeb7528398b2725e1e0374734a87320132223a5c6,0.025241276911655453,0.010137581462708267,-0.03475742215785671,0.028964518464880573
2026-03-31,CAKE,1.395,6171584.5097165,3420550.208799761,9592134.71851626,0.3565994754219696,1.8042666041970046,9,binance;bitget;bybit;coinbase;gate;htx;kraken;kucoin;mexc,bsc,bsc,5,pancakeswap-infinity-clmm;pancakeswap-v3-bsc;pancakeswap_v2,0x0ed7e52944161450477ee417de9cd3a859b14fd0;0x47516855520496b84a169f7bb92ace7ffb6e8c535bccb52a308ccff113aeccfb;0x7f51c8aaa6b0599abd16674e2b17fec7a9f674a1;0xafb2da14056725e3ba3a30dd846b6bbbd7886c56;0xeb7528398b2725e1e0374734a87320132223a5c6,0.010137581462708267,0.004301075268817289,-0.03655913978494618,0.08745519713261651
2026-04-01,CAKE,1.401,7926052.79048302,2538580.9724318115,10464633.762914833,0.24258670011254285,3.1222375321321056,9,binance;bitget;bybit;coinbase;gate;htx;kraken;kucoin;mexc,bsc,bsc,5,pancakeswap-infinity-clmm;pancakeswap-v3-bsc;pancakeswap_v2,0x0ed7e52944161450477ee417de9cd3a859b14fd0;0x47516855520496b84a169f7bb92ace7ffb6e8c535bccb52a308ccff113aeccfb;0x7f51c8aaa6b0599abd16674e2b17fec7a9f674a1;0xafb2da14056725e3ba3a30dd846b6bbbd7886c56;0xeb7528398b2725e1e0374734a87320132223a5c6,0.004301075268817289,-0.04853675945753033,0.007851534618129818,0.054960742326909395
2026-04-02,CAKE,1.333,11155578.48155018,4216826.417289758,15372404.898839938,0.27431143305417205,2.6454915089248803,9,binance;bitget;bybit;coinbase;gate;htx;kraken;kucoin;mexc,bsc,bsc,5,pancakeswap-infinity-clmm;pancakeswap-v3-bsc;pancakeswap_v2,0x0ed7e52944161450477ee417de9cd3a859b14fd0;0x47516855520496b84a169f7bb92ace7ffb6e8c535bccb52a308ccff113aeccfb;0x7f51c8aaa6b0599abd16674e2b17fec7a9f674a1;0xafb2da14056725e3ba3a30dd846b6bbbd7886c56;0xeb7528398b2725e1e0374734a87320132223a5c6,-0.04853675945753033,0.008252063015754096,0.06826706676669159,0.11252813203300827
2026-04-03,CAKE,1.344,4723169.16307896,1775850.3235902092,6499019.48666917,0.2732489612060473,2.659666245706002,9,binance;bitget;bybit;coinbase;gate;htx;kraken;kucoin;mexc,bsc,bsc,5,pancakeswap-infinity-clmm;pancakeswap-v3-bsc;pancakeswap_v2,0x0ed7e52944161450477ee417de9cd3a859b14fd0;0x47516855520496b84a169f7bb92ace7ffb6e8c535bccb52a308ccff113aeccfb;0x7f51c8aaa6b0599abd16674e2b17fec7a9f674a1;0xafb2da14056725e3ba3a30dd846b6bbbd7886c56;0xeb7528398b2725e1e0374734a87320132223a5c6,0.008252063015754096,0.050595238095237915,0.05729166666666674,0.12351190476190466
2026-04-04,CAKE,1.412,6308882.95145558,4285916.876575722,10594799.828031301,0.40453023616701217,1.4720031053183018,9,binance;bitget;bybit;coinbase;gate;htx;kraken;kucoin;mexc,bsc,bsc,5,pancakeswap-infinity-clmm;pancakeswap-v3-bsc;pancakeswap_v2,0x0ed7e52944161450477ee417de9cd3a859b14fd0;0x47516855520496b84a169f7bb92ace7ffb6e8c535bccb52a308ccff113aeccfb;0x7f51c8aaa6b0599abd16674e2b17fec7a9f674a1;0xafb2da14056725e3ba3a30dd846b6bbbd7886c56;0xeb7528398b2725e1e0374734a87320132223a5c6,0.050595238095237915,0.008498583569405138,0.07436260623229463,0.058073654390934815
2026-04-05,CAKE,1.424,4621865.69532668,3013167.1483086674,7635032.843635348,0.39465018815478686,1.5338895812404558,9,binance;bitget;bybit;coinbase;gate;htx;kraken;kucoin;mexc,bsc,bsc,5,pancakeswap-infinity-clmm;pancakeswap-v3-bsc;pancakeswap_v2,0x0ed7e52944161450477ee417de9cd3a859b14fd0;0x47516855520496b84a169f7bb92ace7ffb6e8c535bccb52a308ccff113aeccfb;0x7f51c8aaa6b0599abd16674e2b17fec7a9f674a1;0xafb2da14056725e3ba3a30dd846b6bbbd7886c56;0xeb7528398b2725e1e0374734a87320132223a5c6,0.008498583569405138,-0.002106741573033588,0.037921348314606806,0.025983146067415808
2026-04-06,CAKE,1.421,10011381.82337589,3552340.5028202883,13563722.326196179,0.26190011984833295,2.818249493658509,9,binance;bitget;bybit;coinbase;gate;htx;kraken;kucoin;mexc,bsc,bsc,5,pancakeswap-infinity-clmm;pancakeswap-v3-bsc;pancakeswap_v2,0x0ed7e52944161450477ee417de9cd3a859b14fd0;0x47516855520496b84a169f7bb92ace7ffb6e8c535bccb52a308ccff113aeccfb;0x7f51c8aaa6b0599abd16674e2b17fec7a9f674a1;0xafb2da14056725e3ba3a30dd846b6bbbd7886c56;0xeb7528398b2725e1e0374734a87320132223a5c6,-0.002106741573033588,0.06755805770584078,0.04363124560168896,0.11611541168191408
2026-04-07,CAKE,1.517,9109579.50662479,4954423.6971112825,14064003.203736072,0.3522769175561017,1.8386759113751625,9,binance;bitget;bybit;coinbase;gate;htx;kraken;kucoin;mexc,bsc,bsc,5,pancakeswap-infinity-clmm;pancakeswap-v3-bsc;pancakeswap_v2,0x0ed7e52944161450477ee417de9cd3a859b14fd0;0x47516855520496b84a169f7bb92ace7ffb6e8c535bccb52a308ccff113aeccfb;0x7f51c8aaa6b0599abd16674e2b17fec7a9f674a1;0xafb2da14056725e3ba3a30dd846b6bbbd7886c56;0xeb7528398b2725e1e0374734a87320132223a5c6,0.06755805770584078,-0.02570863546473301,-0.004614370468028928,0.029004614370468085
2026-04-08,CAKE,1.478,6165221.649842799,2916921.2764633484,9082142.926306147,0.32117103861188706,2.113605773179414,9,binance;bitget;bybit;coinbase;gate;htx;kraken;kucoin;mexc,bsc,bsc,5,pancakeswap-infinity-clmm;pancakeswap-v3-bsc;pancakeswap_v2,0x0ed7e52944161450477ee417de9cd3a859b14fd0;0x47516855520496b84a169f7bb92ace7ffb6e8c535bccb52a308ccff113aeccfb;0x7f51c8aaa6b0599abd16674e2b17fec7a9f674a1;0xafb2da14056725e3ba3a30dd846b6bbbd7886c56;0xeb7528398b2725e1e0374734a87320132223a5c6,-0.02570863546473301,0.003382949932341006,0.010825439783491264,0.08322056833558866
2026-04-09,CAKE,1.483,6627377.35015606,3084497.954689007,9711875.304845067,0.31760065464907794,2.1486081195421844,9,binance;bitget;bybit;coinbase;gate;htx;kraken;kucoin;mexc,bsc,bsc,5,pancakeswap-infinity-clmm;pancakeswap-v3-bsc;pancakeswap_v2,0x0ed7e52944161450477ee417de9cd3a859b14fd0;0x47516855520496b84a169f7bb92ace7ffb6e8c535bccb52a308ccff113aeccfb;0x7f51c8aaa6b0599abd16674e2b17fec7a9f674a1;0xafb2da14056725e3ba3a30dd846b6bbbd7886c56;0xeb7528398b2725e1e0374734a87320132223a5c6,0.003382949932341006,0.018206338503034436,-0.014834794335805812,0.09844908968307475
2026-04-10,CAKE,1.51,4899093.065919669,2470860.6192410663,7369953.685160736,0.33526134963590043,1.9827476417607253,9,binance;bitget;bybit;coinbase;gate;htx;kraken;kucoin;mexc,bsc,bsc,5,pancakeswap-infinity-clmm;pancakeswap-v3-bsc;pancakeswap_v2,0x0ed7e52944161450477ee417de9cd3a859b14fd0;0x47516855520496b84a169f7bb92ace7ffb6e8c535bccb52a308ccff113aeccfb;0x7f51c8aaa6b0599abd16674e2b17fec7a9f674a1;0xafb2da14056725e3ba3a30dd846b6bbbd7886c56;0xeb7528398b2725e1e0374734a87320132223a5c6,0.018206338503034436,-0.01059602649006619,0.050331125827814516,0.05364238410596034
2026-04-11,CAKE,1.494,4668931.21792283,2551463.315301197,7220394.533224028,0.35336896115037164,1.8299033303450292,9,binance;bitget;bybit;coinbase;gate;htx;kraken;kucoin;mexc,bsc,bsc,5,pancakeswap-infinity-clmm;pancakeswap-v3-bsc;pancakeswap_v2,0x0ed7e52944161450477ee417de9cd3a859b14fd0;0x47516855520496b84a169f7bb92ace7ffb6e8c535bccb52a308ccff113aeccfb;0x7f51c8aaa6b0599abd16674e2b17fec7a9f674a1;0xafb2da14056725e3ba3a30dd846b6bbbd7886c56;0xeb7528398b2725e1e0374734a87320132223a5c6,-0.01059602649006619,-0.02208835341365456,0.04484605087014715,0.03279785809906288
2026-04-12,CAKE,1.461,5706608.507598409,2249183.8898193403,7955792.39741775,0.2827102289081058,2.537190726569172,9,binance;bitget;bybit;coinbase;gate;htx;kraken;kucoin;mexc,bsc,bsc,5,pancakeswap-infinity-clmm;pancakeswap-v3-bsc;pancakeswap_v2,0x0ed7e52944161450477ee417de9cd3a859b14fd0;0x47516855520496b84a169f7bb92ace7ffb6e8c535bccb52a308ccff113aeccfb;0x7f51c8aaa6b0599abd16674e2b17fec7a9f674a1;0xafb2da14056725e3ba3a30dd846b6bbbd7886c56;0xeb7528398b2725e1e0374734a87320132223a5c6,-0.02208835341365456,0.08555783709787823,0.09582477754962349,0.02943189596166995
2026-04-13,CAKE,1.586,20115473.503053732,8546617.78340296,28662091.286456693,0.2981854219214415,2.353618005723483,9,binance;bitget;bybit;coinbase;gate;htx;kraken;kucoin;mexc,bsc,bsc,5,pancakeswap-infinity-clmm;pancakeswap-v3-bsc;pancakeswap_v2,0x0ed7e52944161450477ee417de9cd3a859b14fd0;0x47516855520496b84a169f7bb92ace7ffb6e8c535bccb52a308ccff113aeccfb;0x7f51c8aaa6b0599abd16674e2b17fec7a9f674a1;0xafb2da14056725e3ba3a30dd846b6bbbd7886c56;0xeb7528398b2725e1e0374734a87320132223a5c6,0.08555783709787823,-0.015762925598991284,0.027112232030264805,-0.03467843631778067
2026-04-14,CAKE,1.561,14535997.548355442,8187660.436344389,22723657.98469983,0.3603143667211177,1.775354224978759,9,binance;bitget;bybit;coinbase;gate;htx;kraken;kucoin;mexc,bsc,bsc,5,pancakeswap-infinity-clmm;pancakeswap-v3-bsc;pancakeswap_v2,0x0ed7e52944161450477ee417de9cd3a859b14fd0;0x47516855520496b84a169f7bb92ace7ffb6e8c535bccb52a308ccff113aeccfb;0x7f51c8aaa6b0599abd16674e2b17fec7a9f674a1;0xafb2da14056725e3ba3a30dd846b6bbbd7886c56;0xeb7528398b2725e1e0374734a87320132223a5c6,-0.015762925598991284,0.025624599615631016,0.019218449711723373,-0.015374759769378632
2026-04-15,CAKE,1.601,10295645.1555298,5416967.565911348,15712612.72144115,0.34475282131274393,1.900628909118762,9,binance;bitget;bybit;coinbase;gate;htx;kraken;kucoin;mexc,bsc,bsc,5,pancakeswap-infinity-clmm;pancakeswap-v3-bsc;pancakeswap_v2,0x0ed7e52944161450477ee417de9cd3a859b14fd0;0x47516855520496b84a169f7bb92ace7ffb6e8c535bccb52a308ccff113aeccfb;0x7f51c8aaa6b0599abd16674e2b17fec7a9f674a1;0xafb2da14056725e3ba3a30dd846b6bbbd7886c56;0xeb7528398b2725e1e0374734a87320132223a5c6,0.025624599615631016,0.017489069331667828,-0.03622735790131171,-0.05121798875702688
2026-04-16,CAKE,1.629,11327752.64981027,4314863.931862208,15642616.581672478,0.2758402924046401,2.6252861802113516,9,binance;bitget;bybit;coinbase;gate;htx;kraken;kucoin;mexc,bsc,bsc,5,pancakeswap-infinity-clmm;pancakeswap-v3-bsc;pancakeswap_v2,0x0ed7e52944161450477ee417de9cd3a859b14fd0;0x47516855520496b84a169f7bb92ace7ffb6e8c535bccb52a308ccff113aeccfb;0x7f51c8aaa6b0599abd16674e2b17fec7a9f674a1;0xafb2da14056725e3ba3a30dd846b6bbbd7886c56;0xeb7528398b2725e1e0374734a87320132223a5c6,0.017489069331667828,-0.02332719459791288,-0.07673419275629223,-0.07305095150399021
2026-04-17,CAKE,1.591,15211657.16069647,7128140.417194471,22339797.57789094,0.3190781112649377,2.1340288308579014,9,binance;bitget;bybit;coinbase;gate;htx;kraken;kucoin;mexc,bsc,bsc,5,pancakeswap-infinity-clmm;pancakeswap-v3-bsc;pancakeswap_v2,0x0ed7e52944161450477ee417de9cd3a859b14fd0;0x47516855520496b84a169f7bb92ace7ffb6e8c535bccb52a308ccff113aeccfb;0x7f51c8aaa6b0599abd16674e2b17fec7a9f674a1;0xafb2da14056725e3ba3a30dd846b6bbbd7886c56;0xeb7528398b2725e1e0374734a87320132223a5c6,-0.02332719459791288,-0.030169704588309254,-0.037712130735386595,-0.05593966059082334
2026-04-18,CAKE,1.543,8391577.040462319,5023193.894241191,13414770.93470351,0.3744524538429782,1.6705660217661096,9,binance;bitget;bybit;coinbase;gate;htx;kraken;kucoin;mexc,bsc,bsc,5,pancakeswap-infinity-clmm;pancakeswap-v3-bsc;pancakeswap_v2,0x0ed7e52944161450477ee417de9cd3a859b14fd0;0x47516855520496b84a169f7bb92ace7ffb6e8c535bccb52a308ccff113aeccfb;0x7f51c8aaa6b0599abd16674e2b17fec7a9f674a1;0xafb2da14056725e3ba3a30dd846b6bbbd7886c56;0xeb7528398b2725e1e0374734a87320132223a5c6,-0.030169704588309254,-0.025275437459494454,-0.0038885288399221896,-0.02721970187945566
2026-04-19,CAKE,1.504,8814537.079737049,3338148.3851143313,12152685.46485138,0.2746840107702199,2.6405468130306473,9,binance;bitget;bybit;coinbase;gate;htx;kraken;kucoin;mexc,bsc,bsc,5,pancakeswap-infinity-clmm;pancakeswap-v3-bsc;pancakeswap_v2,0x0ed7e52944161450477ee417de9cd3a859b14fd0;0x47516855520496b84a169f7bb92ace7ffb6e8c535bccb52a308ccff113aeccfb;0x7f51c8aaa6b0599abd16674e2b17fec7a9f674a1;0xafb2da14056725e3ba3a30dd846b6bbbd7886c56;0xeb7528398b2725e1e0374734a87320132223a5c6,-0.025275437459494454,0.017952127659574435,0.009973404255319007,0.017287234042553168
2026-04-20,CAKE,1.531,5873032.541141631,3145110.2666367656,9018142.807778396,0.3487536551233167,1.8673534608444677,9,binance;bitget;bybit;coinbase;gate;htx;kraken;kucoin;mexc,bsc,bsc,5,pancakeswap-infinity-clmm;pancakeswap-v3-bsc;pancakeswap_v2,0x0ed7e52944161450477ee417de9cd3a859b14fd0;0x47516855520496b84a169f7bb92ace7ffb6e8c535bccb52a308ccff113aeccfb;0x7f51c8aaa6b0599abd16674e2b17fec7a9f674a1;0xafb2da14056725e3ba3a30dd846b6bbbd7886c56;0xeb7528398b2725e1e0374734a87320132223a5c6,0.017952127659574435,0.003919007184846501,-0.013716525146962755,-0.014369693011103912
2026-04-21,CAKE,1.537,9093652.717497721,3246885.266065066,12340537.983562788,0.2631072705573952,2.800731153804647,9,binance;bitget;bybit;coinbase;gate;htx;kraken;kucoin;mexc,bsc,bsc,5,pancakeswap-infinity-clmm;pancakeswap-v3-bsc;pancakeswap_v2,0x0ed7e52944161450477ee417de9cd3a859b14fd0;0x47516855520496b84a169f7bb92ace7ffb6e8c535bccb52a308ccff113aeccfb;0x7f51c8aaa6b0599abd16674e2b17fec7a9f674a1;0xafb2da14056725e3ba3a30dd846b6bbbd7886c56;0xeb7528398b2725e1e0374734a87320132223a5c6,0.003919007184846501,-0.011711125569290881,-0.022771633051398732,-0.022121014964216035
2026-04-22,CAKE,1.519,11993083.4015891,6302694.212926777,18295777.61451588,0.3444890042785728,1.902850272664566,9,binance;bitget;bybit;coinbase;gate;htx;kraken;kucoin;mexc,bsc,bsc,5,pancakeswap-infinity-clmm;pancakeswap-v3-bsc;pancakeswap_v2,0x0ed7e52944161450477ee417de9cd3a859b14fd0;0x47516855520496b84a169f7bb92ace7ffb6e8c535bccb52a308ccff113aeccfb;0x7f51c8aaa6b0599abd16674e2b17fec7a9f674a1;0xafb2da14056725e3ba3a30dd846b6bbbd7886c56;0xeb7528398b2725e1e0374734a87320132223a5c6,-0.011711125569290881,-0.005924950625411429,-0.01184990125082297,-0.027649769585253337
2026-04-23,CAKE,1.51,7941919.77329792,3100222.408647289,11042142.181945208,0.2807627684523391,2.561725813975777,9,binance;bitget;bybit;coinbase;gate;htx;kraken;kucoin;mexc,bsc,bsc,5,pancakeswap-infinity-clmm;pancakeswap-v3-bsc;pancakeswap_v2,0x0ed7e52944161450477ee417de9cd3a859b14fd0;0x47516855520496b84a169f7bb92ace7ffb6e8c535bccb52a308ccff113aeccfb;0x7f51c8aaa6b0599abd16674e2b17fec7a9f674a1;0xafb2da14056725e3ba3a30dd846b6bbbd7886c56;0xeb7528398b2725e1e0374734a87320132223a5c6,-0.005924950625411429,-0.005298013245033095,0.013245033112582849,-0.04039735099337749
2026-04-24,CAKE,1.502,3564224.06030624,2730843.7083999715,6295067.768706212,0.4338068800427268,1.3051732141765646,9,binance;bitget;bybit;coinbase;gate;htx;kraken;kucoin;mexc,bsc,bsc,5,pancakeswap-infinity-clmm;pancakeswap-v3-bsc;pancakeswap_v2,0x0ed7e52944161450477ee417de9cd3a859b14fd0;0x47516855520496b84a169f7bb92ace7ffb6e8c535bccb52a308ccff113aeccfb;0x7f51c8aaa6b0599abd16674e2b17fec7a9f674a1;0xafb2da14056725e3ba3a30dd846b6bbbd7886c56;0xeb7528398b2725e1e0374734a87320132223a5c6,-0.005298013245033095,-0.0006657789613848664,0.0046604527296936205,-0.03328894806924099
2026-04-25,CAKE,1.501,3348188.00808592,1640280.8997938412,4988468.907879761,0.32881449801217794,2.0412284313660773,9,binance;bitget;bybit;coinbase;gate;htx;kraken;kucoin;mexc,bsc,bsc,5,pancakeswap-infinity-clmm;pancakeswap-v3-bsc;pancakeswap_v2,0x0ed7e52944161450477ee417de9cd3a859b14fd0;0x47516855520496b84a169f7bb92ace7ffb6e8c535bccb52a308ccff113aeccfb;0x7f51c8aaa6b0599abd16674e2b17fec7a9f674a1;0xafb2da14056725e3ba3a30dd846b6bbbd7886c56;0xeb7528398b2725e1e0374734a87320132223a5c6,-0.0006657789613848664,0.019320453031312468,0.0013324450366423157,-0.023317788141239082
2026-04-26,CAKE,1.53,5218403.74137186,2283471.9220205965,7501875.663392456,0.30438679931253054,2.285293587824896,9,binance;bitget;bybit;coinbase;gate;htx;kraken;kucoin;mexc,bsc,bsc,5,pancakeswap-infinity-clmm;pancakeswap-v3-bsc;pancakeswap_v2,0x0ed7e52944161450477ee417de9cd3a859b14fd0;0x47516855520496b84a169f7bb92ace7ffb6e8c535bccb52a308ccff113aeccfb;0x7f51c8aaa6b0599abd16674e2b17fec7a9f674a1;0xafb2da14056725e3ba3a30dd846b6bbbd7886c56;0xeb7528398b2725e1e0374734a87320132223a5c6,0.019320453031312468,-0.013725490196078494,-0.03464052287581698,-0.024836601307189565
2026-04-27,CAKE,1.509,5271987.8299388,2535172.1533471365,7807159.9832859365,0.3247239916659315,2.079538394652332,9,binance;bitget;bybit;coinbase;gate;htx;kraken;kucoin;mexc,bsc,bsc,5,pancakeswap-infinity-clmm;pancakeswap-v3-bsc;pancakeswap_v2,0x0ed7e52944161450477ee417de9cd3a859b14fd0;0x47516855520496b84a169f7bb92ace7ffb6e8c535bccb52a308ccff113aeccfb;0x7f51c8aaa6b0599abd16674e2b17fec7a9f674a1;0xafb2da14056725e3ba3a30dd846b6bbbd7886c56;0xeb7528398b2725e1e0374734a87320132223a5c6,-0.013725490196078494,-0.003976143141153132,-0.03976143141153066,-0.006626905235254998
2026-04-28,CAKE,1.503,5108314.49523803,1604571.068521169,6712885.563759199,0.23902851512675172,3.1836012722989193,9,binance;bitget;bybit;coinbase;gate;htx;kraken;kucoin;mexc,bsc,bsc,5,pancakeswap-infinity-clmm;pancakeswap-v3-bsc;pancakeswap_v2,0x0ed7e52944161450477ee417de9cd3a859b14fd0;0x47516855520496b84a169f7bb92ace7ffb6e8c535bccb52a308ccff113aeccfb;0x7f51c8aaa6b0599abd16674e2b17fec7a9f674a1;0xafb2da14056725e3ba3a30dd846b6bbbd7886c56;0xeb7528398b2725e1e0374734a87320132223a5c6,-0.003976143141153132,-0.017298735861610015,-0.03393213572854292,0.003326679973386648
2026-04-29,CAKE,1.477,8533453.346388081,3474701.2494420833,12008154.595830165,0.28936180174168263,2.4558811632390722,9,binance;bitget;bybit;coinbase;gate;htx;kraken;kucoin;mexc,bsc,bsc,5,pancakeswap-infinity-clmm;pancakeswap-v3-bsc;pancakeswap_v2,0x0ed7e52944161450477ee417de9cd3a859b14fd0;0x47516855520496b84a169f7bb92ace7ffb6e8c535bccb52a308ccff113aeccfb;0x7f51c8aaa6b0599abd16674e2b17fec7a9f674a1;0xafb2da14056725e3ba3a30dd846b6bbbd7886c56;0xeb7528398b2725e1e0374734a87320132223a5c6,-0.017298735861610015,-0.018957345971563955,-0.007447528774543022,0.06296547054840884
2026-04-30,CAKE,1.449,7209388.739236729,2093658.5755346701,9303047.314771399,0.22505083599976478,3.4434405033760696,9,binance;bitget;bybit;coinbase;gate;htx;kraken;kucoin;mexc,bsc,bsc,5,pancakeswap-infinity-clmm;pancakeswap-v3-bsc;pancakeswap_v2,0x0ed7e52944161450477ee417de9cd3a859b14fd0;0x47516855520496b84a169f7bb92ace7ffb6e8c535bccb52a308ccff113aeccfb;0x7f51c8aaa6b0599abd16674e2b17fec7a9f674a1;0xafb2da14056725e3ba3a30dd846b6bbbd7886c56;0xeb7528398b2725e1e0374734a87320132223a5c6,-0.018957345971563955,0.0020703933747410197,0.02967563837129039,0.04416839199447886
2026-05-01,CAKE,1.452,4824744.70672225,2195411.4036532748,7020156.110375525,0.3127297127208524,2.197649469568042,9,binance;bitget;bybit;coinbase;gate;htx;kraken;kucoin;mexc,bsc,bsc,5,pancakeswap-infinity-clmm;pancakeswap-v3-bsc;pancakeswap_v2,0x0ed7e52944161450477ee417de9cd3a859b14fd0;0x47516855520496b84a169f7bb92ace7ffb6e8c535bccb52a308ccff113aeccfb;0x7f51c8aaa6b0599abd16674e2b17fec7a9f674a1;0xafb2da14056725e3ba3a30dd846b6bbbd7886c56;0xeb7528398b2725e1e0374734a87320132223a5c6,0.0020703933747410197,0.009641873278236845,0.032369146005509775,0.07506887052341593
2026-05-02,CAKE,1.466,4994817.233004689,1797313.3516905054,6792130.584695195,0.2646170195461815,2.779046418537255,9,binance;bitget;bybit;coinbase;gate;htx;kraken;kucoin;mexc,bsc,bsc,5,pancakeswap-infinity-clmm;pancakeswap-v3-bsc;pancakeswap_v2,0x0ed7e52944161450477ee417de9cd3a859b14fd0;0x47516855520496b84a169f7bb92ace7ffb6e8c535bccb52a308ccff113aeccfb;0x7f51c8aaa6b0599abd16674e2b17fec7a9f674a1;0xafb2da14056725e3ba3a30dd846b6bbbd7886c56;0xeb7528398b2725e1e0374734a87320132223a5c6,0.009641873278236845,0.017735334242837686,0.028649386084584005,0.060027285129604424
2026-05-03,CAKE,1.492,6320847.06384755,3782925.786882112,10103772.850729663,0.3744072479429227,1.670888465686025,9,binance;bitget;bybit;coinbase;gate;htx;kraken;kucoin;mexc,bsc,bsc,5,pancakeswap-infinity-clmm;pancakeswap-v3-bsc;pancakeswap_v2,0x0ed7e52944161450477ee417de9cd3a859b14fd0;0x47516855520496b84a169f7bb92ace7ffb6e8c535bccb52a308ccff113aeccfb;0x7f51c8aaa6b0599abd16674e2b17fec7a9f674a1;0xafb2da14056725e3ba3a30dd846b6bbbd7886c56;0xeb7528398b2725e1e0374734a87320132223a5c6,0.017735334242837686,0.004691689008043065,0.052278820375335266,0.08378016085790896
2026-05-04,CAKE,1.499,5302749.2875343,4191652.474842312,9494401.762376612,0.44148673921221016,1.26507369572278,9,binance;bitget;bybit;coinbase;gate;htx;kraken;kucoin;mexc,bsc,bsc,5,pancakeswap-infinity-clmm;pancakeswap-v3-bsc;pancakeswap_v2,0x0ed7e52944161450477ee417de9cd3a859b14fd0;0x47516855520496b84a169f7bb92ace7ffb6e8c535bccb52a308ccff113aeccfb;0x7f51c8aaa6b0599abd16674e2b17fec7a9f674a1;0xafb2da14056725e3ba3a30dd846b6bbbd7886c56;0xeb7528398b2725e1e0374734a87320132223a5c6,0.004691689008043065,0.006004002668445585,0.009339559706470935,0.046697798532354895
2026-05-05,CAKE,1.508,9581487.075878961,2280947.020157335,11862434.096036296,0.1922832195897711,4.200661826515397,9,binance;bitget;bybit;coinbase;gate;htx;kraken;kucoin;mexc,bsc,bsc,5,pancakeswap-infinity-clmm;pancakeswap-v3-bsc;pancakeswap_v2,0x0ed7e52944161450477ee417de9cd3a859b14fd0;0x47516855520496b84a169f7bb92ace7ffb6e8c535bccb52a308ccff113aeccfb;0x7f51c8aaa6b0599abd16674e2b17fec7a9f674a1;0xafb2da14056725e3ba3a30dd846b6bbbd7886c56;0xeb7528398b2725e1e0374734a87320132223a5c6,0.006004002668445585,0.04111405835543769,0.035145888594164454,0.023209549071617985
2026-05-06,CAKE,1.57,14209103.51490056,6543409.642216121,20752513.15711668,0.31530685429162986,2.1715136743430636,9,binance;bitget;bybit;coinbase;gate;htx;kraken;kucoin;mexc,bsc,bsc,5,pancakeswap-infinity-clmm;pancakeswap-v3-bsc;pancakeswap_v2,0x0ed7e52944161450477ee417de9cd3a859b14fd0;0x47516855520496b84a169f7bb92ace7ffb6e8c535bccb52a308ccff113aeccfb;0x7f51c8aaa6b0599abd16674e2b17fec7a9f674a1;0xafb2da14056725e3ba3a30dd846b6bbbd7886c56;0xeb7528398b2725e1e0374734a87320132223a5c6,0.04111405835543769,-0.036305732484076536,-0.010191082802547768,-0.02738853503184724
2026-05-07,CAKE,1.513,10605691.76942468,3782860.9326133598,14388552.70203804,0.26290767465983866,2.8036166167223655,9,binance;bitget;bybit;coinbase;gate;htx;kraken;kucoin;mexc,bsc,bsc,5,pancakeswap-infinity-clmm;pancakeswap-v3-bsc;pancakeswap_v2,0x0ed7e52944161450477ee417de9cd3a859b14fd0;0x47516855520496b84a169f7bb92ace7ffb6e8c535bccb52a308ccff113aeccfb;0x7f51c8aaa6b0599abd16674e2b17fec7a9f674a1;0xafb2da14056725e3ba3a30dd846b6bbbd7886c56;0xeb7528398b2725e1e0374734a87320132223a5c6,-0.036305732484076536,0.03172504957039002,0.06873760740251167,0.00991407799074695
2026-05-08,CAKE,1.561,6643675.13784838,3066430.6074619056,9710105.745310286,0.3157978592501845,2.1665825803073924,9,binance;bitget;bybit;coinbase;gate;htx;kraken;kucoin;mexc,bsc,bsc,5,pancakeswap-infinity-clmm;pancakeswap-v3-bsc;pancakeswap_v2,0x0ed7e52944161450477ee417de9cd3a859b14fd0;0x47516855520496b84a169f7bb92ace7ffb6e8c535bccb52a308ccff113aeccfb;0x7f51c8aaa6b0599abd16674e2b17fec7a9f674a1;0xafb2da14056725e3ba3a30dd846b6bbbd7886c56;0xeb7528398b2725e1e0374734a87320132223a5c6,0.03172504957039002,-0.004484304932735328,0.005124919923126248,-0.041639974375400346
2026-05-09,CAKE,1.554,5954208.2456219895,2183520.1385012814,8137728.384123271,0.2683205970306572,2.726884969198783,9,binance;bitget;bybit;coinbase;gate;htx;kraken;kucoin;mexc,bsc,bsc,5,pancakeswap-infinity-clmm;pancakeswap-v3-bsc;pancakeswap_v2,0x0ed7e52944161450477ee417de9cd3a859b14fd0;0x47516855520496b84a169f7bb92ace7ffb6e8c535bccb52a308ccff113aeccfb;0x7f51c8aaa6b0599abd16674e2b17fec7a9f674a1;0xafb2da14056725e3ba3a30dd846b6bbbd7886c56;0xeb7528398b2725e1e0374734a87320132223a5c6,-0.004484304932735328,0.04054054054054057,-0.007078507078507101,-0.05212355212355213
2026-05-10,CAKE,1.617,11479988.98604632,6665329.2136507295,18145318.199697047,0.367330522413325,1.7223438810096685,9,binance;bitget;bybit;coinbase;gate;htx;kraken;kucoin;mexc,bsc,bsc,5,pancakeswap-infinity-clmm;pancakeswap-v3-bsc;pancakeswap_v2,0x0ed7e52944161450477ee417de9cd3a859b14fd0;0x47516855520496b84a169f7bb92ace7ffb6e8c535bccb52a308ccff113aeccfb;0x7f51c8aaa6b0599abd16674e2b17fec7a9f674a1;0xafb2da14056725e3ba3a30dd846b6bbbd7886c56;0xeb7528398b2725e1e0374734a87320132223a5c6,0.04054054054054057,-0.029684601113172615,-0.0556586270871986,-0.10698824984539268
2026-05-11,CAKE,1.569,8029218.89607797,4241994.11723754,12271213.01331551,0.34568661734048184,1.8927935009270442,9,binance;bitget;bybit;coinbase;gate;htx;kraken;kucoin;mexc,bsc,bsc,5,pancakeswap-infinity-clmm;pancakeswap-v3-bsc;pancakeswap_v2,0x0ed7e52944161450477ee417de9cd3a859b14fd0;0x47516855520496b84a169f7bb92ace7ffb6e8c535bccb52a308ccff113aeccfb;0x7f51c8aaa6b0599abd16674e2b17fec7a9f674a1;0xafb2da14056725e3ba3a30dd846b6bbbd7886c56;0xeb7528398b2725e1e0374734a87320132223a5c6,-0.029684601113172615,-0.016571064372211564,-0.026131293817718282,-0.09432759719566597
2026-05-12,CAKE,1.543,7281474.44038121,3697503.697366822,10978978.137748033,0.3367803133384543,1.9692947016027904,9,binance;bitget;bybit;coinbase;gate;htx;kraken;kucoin;mexc,bsc,bsc,5,pancakeswap-infinity-clmm;pancakeswap-v3-bsc;pancakeswap_v2,0x0ed7e52944161450477ee417de9cd3a859b14fd0;0x47516855520496b84a169f7bb92ace7ffb6e8c535bccb52a308ccff113aeccfb;0x7f51c8aaa6b0599abd16674e2b17fec7a9f674a1;0xafb2da14056725e3ba3a30dd846b6bbbd7886c56;0xeb7528398b2725e1e0374734a87320132223a5c6,-0.016571064372211564,-0.010369410239792654,-0.03046014257939078,-0.09332469215813344
2026-05-13,CAKE,1.527,5436411.43520764,3735033.402697593,9171444.837905232,0.40724591040016317,1.45551882649329,9,binance;bitget;bybit;coinbase;gate;htx;kraken;kucoin;mexc,bsc,bsc,5,pancakeswap-infinity-clmm;pancakeswap-v3-bsc;pancakeswap_v2,0x0ed7e52944161450477ee417de9cd3a859b14fd0;0x47516855520496b84a169f7bb92ace7ffb6e8c535bccb52a308ccff113aeccfb;0x7f51c8aaa6b0599abd16674e2b17fec7a9f674a1;0xafb2da14056725e3ba3a30dd846b6bbbd7886c56;0xeb7528398b2725e1e0374734a87320132223a5c6,-0.010369410239792654,0.0006548788474132206,-0.03536345776031424,-0.04256712508185978
2026-05-14,CAKE,1.528,8937058.34893555,2472572.5651554763,11409630.914091026,0.21670925061228935,3.6144776800002973,9,binance;bitget;bybit;coinbase;gate;htx;kraken;kucoin;mexc,bsc,bsc,5,pancakeswap-infinity-clmm;pancakeswap-v3-bsc;pancakeswap_v2,0x0ed7e52944161450477ee417de9cd3a859b14fd0;0x47516855520496b84a169f7bb92ace7ffb6e8c535bccb52a308ccff113aeccfb;0x7f51c8aaa6b0599abd16674e2b17fec7a9f674a1;0xafb2da14056725e3ba3a30dd846b6bbbd7886c56;0xeb7528398b2725e1e0374734a87320132223a5c6,0.0006548788474132206,-0.020942408376963373,-0.054973821989528826,-0.048429319371727786
2026-05-15,CAKE,1.496,5676109.44725061,1956922.855330973,7633032.302581583,0.25637555007714535,2.9005279547877802,9,binance;bitget;bybit;coinbase;gate;htx;kraken;kucoin;mexc,bsc,bsc,5,pancakeswap-infinity-clmm;pancakeswap-v3-bsc;pancakeswap_v2,0x0ed7e52944161450477ee417de9cd3a859b14fd0;0x47516855520496b84a169f7bb92ace7ffb6e8c535bccb52a308ccff113aeccfb;0x7f51c8aaa6b0599abd16674e2b17fec7a9f674a1;0xafb2da14056725e3ba3a30dd846b6bbbd7886c56;0xeb7528398b2725e1e0374734a87320132223a5c6,-0.020942408376963373,-0.015374331550802034,-0.050133689839572115,-0.05347593582887711
2026-05-16,CAKE,1.473,5407599.08627847,1789716.5836475324,7197315.669926003,0.248664455711713,3.0214834771534114,9,binance;bitget;bybit;coinbase;gate;htx;kraken;kucoin;mexc,bsc,bsc,5,pancakeswap-infinity-clmm;pancakeswap-v3-bsc;pancakeswap_v2,0x0ed7e52944161450477ee417de9cd3a859b14fd0;0x47516855520496b84a169f7bb92ace7ffb6e8c535bccb52a308ccff113aeccfb;0x7f51c8aaa6b0599abd16674e2b17fec7a9f674a1;0xafb2da14056725e3ba3a30dd846b6bbbd7886c56;0xeb7528398b2725e1e0374734a87320132223a5c6,-0.015374331550802034,-0.019687712152070658,-0.05023761031907681,-0.02851323828920571
2026-05-17,CAKE,1.444,8701465.497924749,2914502.7825889075,11615968.280513655,0.25090485030663573,2.985574606381186,9,binance;bitget;bybit;coinbase;gate;htx;kraken;kucoin;mexc,bsc,bsc,5,pancakeswap-infinity-clmm;pancakeswap-v3-bsc;pancakeswap_v2,0x0ed7e52944161450477ee417de9cd3a859b14fd0;0x47516855520496b84a169f7bb92ace7ffb6e8c535bccb52a308ccff113aeccfb;0x7f51c8aaa6b0599abd16674e2b17fec7a9f674a1;0xafb2da14056725e3ba3a30dd846b6bbbd7886c56;0xeb7528398b2725e1e0374734a87320132223a5c6,-0.019687712152070658,-0.015927977839335083,0.012465373961218829,-0.03324099722991691
2026-05-18,CAKE,1.421,6850540.80370045,2968180.2026362508,9818721.0063367,0.30229804887221856,2.307993563738482,9,binance;bitget;bybit;coinbase;gate;htx;kraken;kucoin;mexc,bsc,bsc,5,pancakeswap-infinity-clmm;pancakeswap-v3-bsc;pancakeswap_v2,0x0ed7e52944161450477ee417de9cd3a859b14fd0;0x47516855520496b84a169f7bb92ace7ffb6e8c535bccb52a308ccff113aeccfb;0x7f51c8aaa6b0599abd16674e2b17fec7a9f674a1;0xafb2da14056725e3ba3a30dd846b6bbbd7886c56;0xeb7528398b2725e1e0374734a87320132223a5c6,-0.015927977839335083,-0.015482054890921915,0.023223082336382816,0.020408163265306145
2026-05-19,CAKE,1.399,4828130.209112552,1513765.6988627547,6341895.907975307,0.23869292729309943,3.1894831629094096,9,binance;bitget;bybit;coinbase;gate;htx;kraken;kucoin;mexc,bsc,bsc,5,pancakeswap-infinity-clmm;pancakeswap-v3-bsc;pancakeswap_v2,0x0ed7e52944161450477ee417de9cd3a859b14fd0;0x47516855520496b84a169f7bb92ace7ffb6e8c535bccb52a308ccff113aeccfb;0x7f51c8aaa6b0599abd16674e2b17fec7a9f674a1;0xafb2da14056725e3ba3a30dd846b6bbbd7886c56;0xeb7528398b2725e1e0374734a87320132223a5c6,-0.015482054890921915,0.045032165832737725,0.012151536812008423,0.012866333095068017
2026-05-20,CAKE,1.462,7331429.31242727,2746092.7198992083,10077522.032326479,0.27249682125133,2.6697675789681132,9,binance;bitget;bybit;coinbase;gate;htx;kraken;kucoin;mexc,bsc,bsc,5,pancakeswap-infinity-clmm;pancakeswap-v3-bsc;pancakeswap_v2,0x0ed7e52944161450477ee417de9cd3a859b14fd0;0x47516855520496b84a169f7bb92ace7ffb6e8c535bccb52a308ccff113aeccfb;0x7f51c8aaa6b0599abd16674e2b17fec7a9f674a1;0xafb2da14056725e3ba3a30dd846b6bbbd7886c56;0xeb7528398b2725e1e0374734a87320132223a5c6,0.045032165832737725,-0.005471956224350261,-0.021203830369357024,-0.054035567715458255
2026-05-21,CAKE,1.454,5379909.84557257,1908007.2052111826,7287917.050783753,0.26180418793405347,2.8196486003191534,9,binance;bitget;bybit;coinbase;gate;htx;kraken;kucoin;mexc,bsc,bsc,5,pancakeswap-infinity-clmm;pancakeswap-v3-bsc;pancakeswap_v2,0x0ed7e52944161450477ee417de9cd3a859b14fd0;0x47516855520496b84a169f7bb92ace7ffb6e8c535bccb52a308ccff113aeccfb;0x7f51c8aaa6b0599abd16674e2b17fec7a9f674a1;0xafb2da14056725e3ba3a30dd846b6bbbd7886c56;0xeb7528398b2725e1e0374734a87320132223a5c6,-0.005471956224350261,-0.02613480055020634,-0.0398899587345255,-0.07152682255845932
2026-05-22,CAKE,1.416,6953836.74741723,2182373.9720262326,9136210.719443463,0.23887080093082322,3.186363490653674,9,binance;bitget;bybit;coinbase;gate;htx;kraken;kucoin;mexc,bsc,bsc,5,pancakeswap-infinity-clmm;pancakeswap-v3-bsc;pancakeswap_v2,0x0ed7e52944161450477ee417de9cd3a859b14fd0;0x47516855520496b84a169f7bb92ace7ffb6e8c535bccb52a308ccff113aeccfb;0x7f51c8aaa6b0599abd16674e2b17fec7a9f674a1;0xafb2da14056725e3ba3a30dd846b6bbbd7886c56;0xeb7528398b2725e1e0374734a87320132223a5c6,-0.02613480055020634,0.010593220338983134,0.024011299435028333,-0.04378531073446312
2026-05-23,CAKE,1.431,5343459.97705501,2561473.9807064305,7904933.95776144,0.32403483626722185,2.086087938937929,9,binance;bitget;bybit;coinbase;gate;htx;kraken;kucoin;mexc,bsc,bsc,5,pancakeswap-infinity-clmm;pancakeswap-v3-bsc;pancakeswap_v2,0x0ed7e52944161450477ee417de9cd3a859b14fd0;0x47516855520496b84a169f7bb92ace7ffb6e8c535bccb52a308ccff113aeccfb;0x7f51c8aaa6b0599abd16674e2b17fec7a9f674a1;0xafb2da14056725e3ba3a30dd846b6bbbd7886c56;0xeb7528398b2725e1e0374734a87320132223a5c6,0.010593220338983134,-0.024458420684835835,-0.009783368273934334,0.0475192173305381
2026-05-24,CAKE,1.396,5387870.6990316305,1273043.5224052512,6660914.221436881,0.19112144070377057,4.232275334037241,9,binance;bitget;bybit;coinbase;gate;htx;kraken;kucoin;mexc,bsc,bsc,5,pancakeswap-infinity-clmm;pancakeswap-v3-bsc;pancakeswap_v2,0x0ed7e52944161450477ee417de9cd3a859b14fd0;0x47516855520496b84a169f7bb92ace7ffb6e8c535bccb52a308ccff113aeccfb;0x7f51c8aaa6b0599abd16674e2b17fec7a9f674a1;0xafb2da14056725e3ba3a30dd846b6bbbd7886c56;0xeb7528398b2725e1e0374734a87320132223a5c6,-0.024458420684835835,0.0386819484240688,-0.00931232091690537,0.06375358166189127
2026-05-25,CAKE,1.45,5279352.01910562,2954676.424839998,8234028.443945618,0.3588372866276089,1.7867784014256343,9,binance;bitget;bybit;coinbase;gate;htx;kraken;kucoin;mexc,bsc,bsc,5,pancakeswap-infinity-clmm;pancakeswap-v3-bsc;pancakeswap_v2,0x0ed7e52944161450477ee417de9cd3a859b14fd0;0x47516855520496b84a169f7bb92ace7ffb6e8c535bccb52a308ccff113aeccfb;0x7f51c8aaa6b0599abd16674e2b17fec7a9f674a1;0xafb2da14056725e3ba3a30dd846b6bbbd7886c56;0xeb7528398b2725e1e0374734a87320132223a5c6,0.0386819484240688,-0.022758620689655062,-0.06896551724137923,-0.0055172413793103114
2026-05-26,CAKE,1.417,5486052.153983939,2556965.5279157204,8043017.681899659,0.3179112155466252,2.1455323093291088,9,binance;bitget;bybit;coinbase;gate;htx;kraken;kucoin;mexc,bsc,bsc,5,pancakeswap-infinity-clmm;pancakeswap-v3-bsc;pancakeswap_v2,0x0ed7e52944161450477ee417de9cd3a859b14fd0;0x47516855520496b84a169f7bb92ace7ffb6e8c535bccb52a308ccff113aeccfb;0x7f51c8aaa6b0599abd16674e2b17fec7a9f674a1;0xafb2da14056725e3ba3a30dd846b6bbbd7886c56;0xeb7528398b2725e1e0374734a87320132223a5c6,-0.022758620689655062,-0.02399435426958363,-0.044460127028934315,-0.06492589978828511
2026-05-27,CAKE,1.383,10948142.048731359,1689882.4943696647,12638024.543101024,0.13371413298070822,6.478641021022633,9,binance;bitget;bybit;coinbase;gate;htx;kraken;kucoin;mexc,bsc,bsc,5,pancakeswap-infinity-clmm;pancakeswap-v3-bsc;pancakeswap_v2,0x0ed7e52944161450477ee417de9cd3a859b14fd0;0x47516855520496b84a169f7bb92ace7ffb6e8c535bccb52a308ccff113aeccfb;0x7f51c8aaa6b0599abd16674e2b17fec7a9f674a1;0xafb2da14056725e3ba3a30dd846b6bbbd7886c56;0xeb7528398b2725e1e0374734a87320132223a5c6,-0.02399435426958363,-0.02386117136659427,0.08387563268257425,-0.06724511930585686
2026-05-28,CAKE,1.35,6529075.483248181,2776235.1452853405,9305310.628533522,0.2983495399683249,2.35177322581482,9,binance;bitget;bybit;coinbase;gate;htx;kraken;kucoin;mexc,bsc,bsc,5,pancakeswap-infinity-clmm;pancakeswap-v3-bsc;pancakeswap_v2,0x0ed7e52944161450477ee417de9cd3a859b14fd0;0x47516855520496b84a169f7bb92ace7ffb6e8c535bccb52a308ccff113aeccfb;0x7f51c8aaa6b0599abd16674e2b17fec7a9f674a1;0xafb2da14056725e3ba3a30dd846b6bbbd7886c56;0xeb7528398b2725e1e0374734a87320132223a5c6,-0.02386117136659427,0.002962962962963056,0.10000000000000009,-0.07481481481481478
2026-05-29,CAKE,1.354,8716772.634348072,1499827.515963865,10216600.150311938,0.1468029964858781,5.811850057135559,9,binance;bitget;bybit;coinbase;gate;htx;kraken;kucoin;mexc,bsc,bsc,5,pancakeswap-infinity-clmm;pancakeswap-v3-bsc;pancakeswap_v2,0x0ed7e52944161450477ee417de9cd3a859b14fd0;0x47516855520496b84a169f7bb92ace7ffb6e8c535bccb52a308ccff113aeccfb;0x7f51c8aaa6b0599abd16674e2b17fec7a9f674a1;0xafb2da14056725e3ba3a30dd846b6bbbd7886c56;0xeb7528398b2725e1e0374734a87320132223a5c6,0.002962962962963056,0.10709010339734126,0.06499261447562765,-0.14106351550960117
2026-05-30,CAKE,1.499,17974728.202244267,8726954.993130878,26701683.195375144,0.3268316431318617,2.059679259993028,9,binance;bitget;bybit;coinbase;gate;htx;kraken;kucoin;mexc,bsc,bsc,5,pancakeswap-infinity-clmm;pancakeswap-v3-bsc;pancakeswap_v2,0x0ed7e52944161450477ee417de9cd3a859b14fd0;0x47516855520496b84a169f7bb92ace7ffb6e8c535bccb52a308ccff113aeccfb;0x7f51c8aaa6b0599abd16674e2b17fec7a9f674a1;0xafb2da14056725e3ba3a30dd846b6bbbd7886c56;0xeb7528398b2725e1e0374734a87320132223a5c6,0.10709010339734126,-0.009339559706470935,-0.11607738492328223,-0.18879252835223492
2026-05-31,CAKE,1.485,12170776.679093352,8223109.176338248,20393885.8554316,0.40321443567107873,1.480069936820783,9,binance;bitget;bybit;coinbase;gate;htx;kraken;kucoin;mexc,bsc,bsc,5,pancakeswap-infinity-clmm;pancakeswap-v3-bsc;pancakeswap_v2,0x0ed7e52944161450477ee417de9cd3a859b14fd0;0x47516855520496b84a169f7bb92ace7ffb6e8c535bccb52a308ccff113aeccfb;0x7f51c8aaa6b0599abd16674e2b17fec7a9f674a1;0xafb2da14056725e3ba3a30dd846b6bbbd7886c56;0xeb7528398b2725e1e0374734a87320132223a5c6,-0.009339559706470935,-0.02895622895622907,-0.13131313131313138,-0.14612794612794622
2026-06-01,CAKE,1.442,8524776.506055549,6788038.761599453,15312815.267655002,0.4432913636682937,1.2558526557451288,9,binance;bitget;bybit;coinbase;gate;htx;kraken;kucoin;mexc,bsc,bsc,5,pancakeswap-infinity-clmm;pancakeswap-v3-bsc;pancakeswap_v2,0x0ed7e52944161450477ee417de9cd3a859b14fd0;0x47516855520496b84a169f7bb92ace7ffb6e8c535bccb52a308ccff113aeccfb;0x7f51c8aaa6b0599abd16674e2b17fec7a9f674a1;0xafb2da14056725e3ba3a30dd846b6bbbd7886c56;0xeb7528398b2725e1e0374734a87320132223a5c6,-0.02895622895622907,-0.08113730929264906,-0.13384188626907068,-0.08876560332871009
2026-06-02,CAKE,1.325,12867023.88858813,4959831.33280775,17826855.22139588,0.2782224498494236,2.5942462606493786,9,binance;bitget;bybit;coinbase;gate;htx;kraken;kucoin;mexc,bsc,bsc,5,pancakeswap-infinity-clmm;pancakeswap-v3-bsc;pancakeswap_v2,0x0ed7e52944161450477ee417de9cd3a859b14fd0;0x47516855520496b84a169f7bb92ace7ffb6e8c535bccb52a308ccff113aeccfb;0x7f51c8aaa6b0599abd16674e2b17fec7a9f674a1;0xafb2da14056725e3ba3a30dd846b6bbbd7886c56;0xeb7528398b2725e1e0374734a87320132223a5c6,-0.08113730929264906,-0.026415094339622636,-0.12226415094339615,-0.012075471698113183
2026-06-03,CAKE,1.29,13807121.810323445,4479305.300427636,18286427.11075108,0.2449524597286767,3.082424814625895,9,binance;bitget;bybit;coinbase;gate;htx;kraken;kucoin;mexc,bsc,bsc,5,pancakeswap-infinity-clmm;pancakeswap-v3-bsc;pancakeswap_v2,0x0ed7e52944161450477ee417de9cd3a859b14fd0;0x47516855520496b84a169f7bb92ace7ffb6e8c535bccb52a308ccff113aeccfb;0x7f51c8aaa6b0599abd16674e2b17fec7a9f674a1;0xafb2da14056725e3ba3a30dd846b6bbbd7886c56;0xeb7528398b2725e1e0374734a87320132223a5c6,-0.026415094339622636,-0.03178294573643403,-0.05736434108527133,0.003875968992248069
2026-06-04,CAKE,1.249,11026821.665946584,5894472.677118631,16921294.343065217,0.3483464419218225,1.8707053658507713,9,binance;bitget;bybit;coinbase;gate;htx;kraken;kucoin;mexc,bsc,bsc,5,pancakeswap-infinity-clmm;pancakeswap-v3-bsc;pancakeswap_v2,0x0ed7e52944161450477ee417de9cd3a859b14fd0;0x47516855520496b84a169f7bb92ace7ffb6e8c535bccb52a308ccff113aeccfb;0x7f51c8aaa6b0599abd16674e2b17fec7a9f674a1;0xafb2da14056725e3ba3a30dd846b6bbbd7886c56;0xeb7528398b2725e1e0374734a87320132223a5c6,-0.03178294573643403,-0.06885508406725382,0.015212169735788539,0.06325060048038433
2026-06-05,CAKE,1.163,12438729.8670862,6212783.524108512,18651513.391194712,0.3330980920315848,2.0021186669096225,9,binance;bitget;bybit;coinbase;gate;htx;kraken;kucoin;mexc,bsc,bsc,5,pancakeswap-infinity-clmm;pancakeswap-v3-bsc;pancakeswap_v2,0x0ed7e52944161450477ee417de9cd3a859b14fd0;0x47516855520496b84a169f7bb92ace7ffb6e8c535bccb52a308ccff113aeccfb;0x7f51c8aaa6b0599abd16674e2b17fec7a9f674a1;0xafb2da14056725e3ba3a30dd846b6bbbd7886c56;0xeb7528398b2725e1e0374734a87320132223a5c6,-0.06885508406725382,0.045571797076526144,0.12983662940670682,0.1306964746345658
2026-06-06,CAKE,1.216,6955386.592817102,4596992.242350713,11552378.835167814,0.3979260296032298,1.5130298739117303,9,binance;bitget;bybit;coinbase;gate;htx;kraken;kucoin;mexc,bsc,bsc,5,pancakeswap-infinity-clmm;pancakeswap-v3-bsc;pancakeswap_v2,0x0ed7e52944161450477ee417de9cd3a859b14fd0;0x47516855520496b84a169f7bb92ace7ffb6e8c535bccb52a308ccff113aeccfb;0x7f51c8aaa6b0599abd16674e2b17fec7a9f674a1;0xafb2da14056725e3ba3a30dd846b6bbbd7886c56;0xeb7528398b2725e1e0374734a87320132223a5c6,0.045571797076526144,0.04276315789473695,0.07648026315789469,0.11101973684210531
2026-06-07,CAKE,1.268,12255799.99421788,3222844.8982008654,15478644.892418746,0.20821234162296573,3.802789268903263,9,binance;bitget;bybit;coinbase;gate;htx;kraken;kucoin;mexc,bsc,bsc,5,pancakeswap-infinity-clmm;pancakeswap-v3-bsc;pancakeswap_v2,0x0ed7e52944161450477ee417de9cd3a859b14fd0;0x47516855520496b84a169f7bb92ace7ffb6e8c535bccb52a308ccff113aeccfb;0x7f51c8aaa6b0599abd16674e2b17fec7a9f674a1;0xafb2da14056725e3ba3a30dd846b6bbbd7886c56;0xeb7528398b2725e1e0374734a87320132223a5c6,0.04276315789473695,0.0362776025236593,0.021293375394321634,0.09463722397476326
2026-06-08,CAKE,1.314,7152876.589616469,4138436.3004836575,11291312.890100127,0.3665150670044854,1.7284007944692819,9,binance;bitget;bybit;coinbase;gate;htx;kraken;kucoin;mexc,bsc,bsc,5,pancakeswap-infinity-clmm;pancakeswap-v3-bsc;pancakeswap_v2,0x0ed7e52944161450477ee417de9cd3a859b14fd0;0x47516855520496b84a169f7bb92ace7ffb6e8c535bccb52a308ccff113aeccfb;0x7f51c8aaa6b0599abd16674e2b17fec7a9f674a1;0xafb2da14056725e3ba3a30dd846b6bbbd7886c56;0xeb7528398b2725e1e0374734a87320132223a5c6,0.0362776025236593,-0.003805175038051889,0.010654490106544845,0.06849315068493134
2026-06-09,CAKE,1.309,7746980.625883053,3469157.699283033,11216138.325166086,0.3093005452241213,2.233101316634903,9,binance;bitget;bybit;coinbase;gate;htx;kraken;kucoin;mexc,bsc,bsc,5,pancakeswap-infinity-clmm;pancakeswap-v3-bsc;pancakeswap_v2,0x0ed7e52944161450477ee417de9cd3a859b14fd0;0x47516855520496b84a169f7bb92ace7ffb6e8c535bccb52a308ccff113aeccfb;0x7f51c8aaa6b0599abd16674e2b17fec7a9f674a1;0xafb2da14056725e3ba3a30dd846b6bbbd7886c56;0xeb7528398b2725e1e0374734a87320132223a5c6,-0.003805175038051889,-0.010695187165775444,0.004583651642475095,0.0802139037433156
2026-06-10,CAKE,1.295,8168444.879542608,2968159.222596259,11136604.102138866,0.2665228282673892,2.752023819125728,9,binance;bitget;bybit;coinbase;gate;htx;kraken;kucoin;mexc,bsc,bsc,5,pancakeswap-infinity-clmm;pancakeswap-v3-bsc;pancakeswap_v2,0x0ed7e52944161450477ee417de9cd3a859b14fd0;0x47516855520496b84a169f7bb92ace7ffb6e8c535bccb52a308ccff113aeccfb;0x7f51c8aaa6b0599abd16674e2b17fec7a9f674a1;0xafb2da14056725e3ba3a30dd846b6bbbd7886c56;0xeb7528398b2725e1e0374734a87320132223a5c6,-0.010695187165775444,0.025482625482625698,0.043243243243243246,0.06409266409266401
2026-06-11,CAKE,1.328,6908026.86318533,2610551.7807243406,9518578.64390967,0.27425857140915316,2.6461941548880463,9,binance;bitget;bybit;coinbase;gate;htx;kraken;kucoin;mexc,bsc,bsc,5,pancakeswap-infinity-clmm;pancakeswap-v3-bsc;pancakeswap_v2,0x0ed7e52944161450477ee417de9cd3a859b14fd0;0x47516855520496b84a169f7bb92ace7ffb6e8c535bccb52a308ccff113aeccfb;0x7f51c8aaa6b0599abd16674e2b17fec7a9f674a1;0xafb2da14056725e3ba3a30dd846b6bbbd7886c56;0xeb7528398b2725e1e0374734a87320132223a5c6,0.025482625482625698,-0.009789156626506146,0.04518072289156616,0.003012048192771122
2026-06-12,CAKE,1.315,5838218.808480152,2209789.8278033184,8048008.63628347,0.27457597620369706,2.6419792212926145,9,binance;bitget;bybit;coinbase;gate;htx;kraken;kucoin;mexc,bsc,bsc,5,pancakeswap-infinity-clmm;pancakeswap-v3-bsc;pancakeswap_v2,0x0ed7e52944161450477ee417de9cd3a859b14fd0;0x47516855520496b84a169f7bb92ace7ffb6e8c535bccb52a308ccff113aeccfb;0x7f51c8aaa6b0599abd16674e2b17fec7a9f674a1;0xafb2da14056725e3ba3a30dd846b6bbbd7886c56;0xeb7528398b2725e1e0374734a87320132223a5c6,-0.009789156626506146,0.027376425855513364,0.06768060836501899,0.04258555133079844
2026-06-13,CAKE,1.351,5899216.156197719,1837181.3695792381,7736397.525776957,0.2374724622743235,3.2110145758493034,9,binance;bitget;bybit;coinbase;gate;htx;kraken;kucoin;mexc,bsc,bsc,5,pancakeswap-infinity-clmm;pancakeswap-v3-bsc;pancakeswap_v2,0x0ed7e52944161450477ee417de9cd3a859b14fd0;0x47516855520496b84a169f7bb92ace7ffb6e8c535bccb52a308ccff113aeccfb;0x7f51c8aaa6b0599abd16674e2b17fec7a9f674a1;0xafb2da14056725e3ba3a30dd846b6bbbd7886c56;0xeb7528398b2725e1e0374734a87320132223a5c6,0.027376425855513364,0.02738712065136939,0.04663212435233155,0.01850481125092518
2026-06-14,CAKE,1.388,6480992.383104571,2942230.9737551752,9423223.356859747,0.31223190434230164,2.202747656766344,9,binance;bitget;bybit;coinbase;gate;htx;kraken;kucoin;mexc,bsc,bsc,5,pancakeswap-infinity-clmm;pancakeswap-v3-bsc;pancakeswap_v2,0x0ed7e52944161450477ee417de9cd3a859b14fd0;0x47516855520496b84a169f7bb92ace7ffb6e8c535bccb52a308ccff113aeccfb;0x7f51c8aaa6b0599abd16674e2b17fec7a9f674a1;0xafb2da14056725e3ba3a30dd846b6bbbd7886c56;0xeb7528398b2725e1e0374734a87320132223a5c6,0.02738712065136939,0.011527377521613813,-0.007204610951008661,-0.0144092219020171
2026-06-15,CAKE,1.404,7326823.0036830325,2956821.5778605994,10283644.581543632,0.2875266209770898,2.4779388308523966,9,binance;bitget;bybit;coinbase;gate;htx;kraken;kucoin;mexc,bsc,bsc,5,pancakeswap-infinity-clmm;pancakeswap-v3-bsc;pancakeswap_v2,0x0ed7e52944161450477ee417de9cd3a859b14fd0;0x47516855520496b84a169f7bb92ace7ffb6e8c535bccb52a308ccff113aeccfb;0x7f51c8aaa6b0599abd16674e2b17fec7a9f674a1;0xafb2da14056725e3ba3a30dd846b6bbbd7886c56;0xeb7528398b2725e1e0374734a87320132223a5c6,0.011527377521613813,0.007122507122507171,-0.05128205128205121,-0.033475783475783394
2026-06-16,CAKE,1.414,6547500.2588615315,2623706.2436462003,9171206.502507731,0.2860808164039035,2.4955157517033544,9,binance;bitget;bybit;coinbase;gate;htx;kraken;kucoin;mexc,bsc,bsc,5,pancakeswap-infinity-clmm;pancakeswap-v3-bsc;pancakeswap_v2,0x0ed7e52944161450477ee417de9cd3a859b14fd0;0x47516855520496b84a169f7bb92ace7ffb6e8c535bccb52a308ccff113aeccfb;0x7f51c8aaa6b0599abd16674e2b17fec7a9f674a1;0xafb2da14056725e3ba3a30dd846b6bbbd7886c56;0xeb7528398b2725e1e0374734a87320132223a5c6,0.007122507122507171,-0.02545968882602545,-0.030410183875530405,-0.05869872701555867
2026-06-17,CAKE,1.378,8009894.992263896,2994179.151078869,11004074.143342765,0.27209732614263465,2.675155556199018,9,binance;bitget;bybit;coinbase;gate;htx;kraken;kucoin;mexc,bsc,bsc,5,pancakeswap-infinity-clmm;pancakeswap-v3-bsc;pancakeswap_v2,0x0ed7e52944161450477ee417de9cd3a859b14fd0;0x47516855520496b84a169f7bb92ace7ffb6e8c535bccb52a308ccff113aeccfb;0x7f51c8aaa6b0599abd16674e2b17fec7a9f674a1;0xafb2da14056725e3ba3a30dd846b6bbbd7886c56;0xeb7528398b2725e1e0374734a87320132223a5c6,-0.02545968882602545,-0.03338171262699552,-0.0014513788098693414,-0.046444121915819925
2026-06-18,CAKE,1.332,6658971.991819167,2149573.813248867,8808545.805068035,0.2440327678164653,3.097810343044137,9,binance;bitget;bybit;coinbase;gate;htx;kraken;kucoin;mexc,bsc,bsc,5,pancakeswap-infinity-clmm;pancakeswap-v3-bsc;pancakeswap_v2,0x0ed7e52944161450477ee417de9cd3a859b14fd0;0x47516855520496b84a169f7bb92ace7ffb6e8c535bccb52a308ccff113aeccfb;0x7f51c8aaa6b0599abd16674e2b17fec7a9f674a1;0xafb2da14056725e3ba3a30dd846b6bbbd7886c56;0xeb7528398b2725e1e0374734a87320132223a5c6,-0.03338171262699552,0.029279279279279313,0.027027027027026973,-0.010510510510510551
2026-06-19,CAKE,1.371,5105006.129947166,3923256.3897434096,9028262.519690575,0.434552759314078,1.3012165463601133,9,binance;bitget;bybit;coinbase;gate;htx;kraken;kucoin;mexc,bsc,bsc,5,pancakeswap-infinity-clmm;pancakeswap-v3-bsc;pancakeswap_v2,0x0ed7e52944161450477ee417de9cd3a859b14fd0;0x47516855520496b84a169f7bb92ace7ffb6e8c535bccb52a308ccff113aeccfb;0x7f51c8aaa6b0599abd16674e2b17fec7a9f674a1;0xafb2da14056725e3ba3a30dd846b6bbbd7886c56;0xeb7528398b2725e1e0374734a87320132223a5c6,0.029279279279279313,0.003646973012399579,-0.010211524434719177,-0.022611232676878146
2026-06-20,CAKE,1.376,4209736.873918143,2021873.1441456254,6231610.018063769,0.3244543766835146,2.0820974283710734,9,binance;bitget;bybit;coinbase;gate;htx;kraken;kucoin;mexc,bsc,bsc,5,pancakeswap-infinity-clmm;pancakeswap-v3-bsc;pancakeswap_v2,0x0ed7e52944161450477ee417de9cd3a859b14fd0;0x47516855520496b84a169f7bb92ace7ffb6e8c535bccb52a308ccff113aeccfb;0x7f51c8aaa6b0599abd16674e2b17fec7a9f674a1;0xafb2da14056725e3ba3a30dd846b6bbbd7886c56;0xeb7528398b2725e1e0374734a87320132223a5c6,0.003646973012399579,-0.005813953488371992,-0.032703488372093026,-0.03851744186046502
2026-06-21,CAKE,1.368,6709790.24170131,2060065.501970978,8769855.743672287,0.23490300891863322,3.257076163491736,9,binance;bitget;bybit;coinbase;gate;htx;kraken;kucoin;mexc,bsc,bsc,5,pancakeswap-infinity-clmm;pancakeswap-v3-bsc;pancakeswap_v2,0x0ed7e52944161450477ee417de9cd3a859b14fd0;0x47516855520496b84a169f7bb92ace7ffb6e8c535bccb52a308ccff113aeccfb;0x7f51c8aaa6b0599abd16674e2b17fec7a9f674a1;0xafb2da14056725e3ba3a30dd846b6bbbd7886c56;0xeb7528398b2725e1e0374734a87320132223a5c6,-0.005813953488371992,-0.008040935672514737,-0.03947368421052633,-0.014619883040935644
2026-06-22,CAKE,1.357,5900655.742204606,1830253.6590863687,7730909.401290975,0.23674493699030247,3.2239551675859572,9,binance;bitget;bybit;coinbase;gate;htx;kraken;kucoin;mexc,bsc,bsc,5,pancakeswap-infinity-clmm;pancakeswap-v3-bsc;pancakeswap_v2,0x0ed7e52944161450477ee417de9cd3a859b14fd0;0x47516855520496b84a169f7bb92ace7ffb6e8c535bccb52a308ccff113aeccfb;0x7f51c8aaa6b0599abd16674e2b17fec7a9f674a1;0xafb2da14056725e3ba3a30dd846b6bbbd7886c56;0xeb7528398b2725e1e0374734a87320132223a5c6,-0.008040935672514737,-0.01915991156963892,-0.028739867354458326,-0.014738393515106862
2026-06-23,CAKE,1.331,5537629.613605898,2411902.6223751223,7949532.23598102,0.3034018292873152,2.2959590334342415,9,binance;bitget;bybit;coinbase;gate;htx;kraken;kucoin;mexc,bsc,bsc,5,pancakeswap-infinity-clmm;pancakeswap-v3-bsc;pancakeswap_v2,0x0ed7e52944161450477ee417de9cd3a859b14fd0;0x47516855520496b84a169f7bb92ace7ffb6e8c535bccb52a308ccff113aeccfb;0x7f51c8aaa6b0599abd16674e2b17fec7a9f674a1;0xafb2da14056725e3ba3a30dd846b6bbbd7886c56;0xeb7528398b2725e1e0374734a87320132223a5c6,-0.01915991156963892,-0.012772351615326749,0.0067618332081142984,-0.01427498121712989
2026-06-24,CAKE,1.314,11997005.880552141,3739034.6753378515,15736040.555889992,0.23760962372064634,3.2085837448052326,9,binance;bitget;bybit;coinbase;gate;htx;kraken;kucoin;mexc,bsc,bsc,5,pancakeswap-infinity-clmm;pancakeswap-v3-bsc;pancakeswap_v2,0x0ed7e52944161450477ee417de9cd3a859b14fd0;0x47516855520496b84a169f7bb92ace7ffb6e8c535bccb52a308ccff113aeccfb;0x7f51c8aaa6b0599abd16674e2b17fec7a9f674a1;0xafb2da14056725e3ba3a30dd846b6bbbd7886c56;0xeb7528398b2725e1e0374734a87320132223a5c6,-0.012772351615326749,0.003044140030441511,0.006849315068493178,0.017503805175038023
2026-06-25,CAKE,1.318,6858797.099929112,3748495.371218382,10607292.471147494,0.35338851845695085,1.8297467172007689,9,binance;bitget;bybit;coinbase;gate;htx;kraken;kucoin;mexc,bsc,bsc,5,pancakeswap-infinity-clmm;pancakeswap-v3-bsc;pancakeswap_v2,0x0ed7e52944161450477ee417de9cd3a859b14fd0;0x47516855520496b84a169f7bb92ace7ffb6e8c535bccb52a308ccff113aeccfb;0x7f51c8aaa6b0599abd16674e2b17fec7a9f674a1;0xafb2da14056725e3ba3a30dd846b6bbbd7886c56;0xeb7528398b2725e1e0374734a87320132223a5c6,0.003044140030441511,0.01669195751138086,0.022761760242792084,0.031107738998482404
2026-06-26,CAKE,1.34,5062030.303644776,2390682.566563841,7452712.870208617,0.3207801787346895,2.117399597270874,9,binance;bitget;bybit;coinbase;gate;htx;kraken;kucoin;mexc,bsc,bsc,5,pancakeswap-infinity-clmm;pancakeswap-v3-bsc;pancakeswap_v2,0x0ed7e52944161450477ee417de9cd3a859b14fd0;0x47516855520496b84a169f7bb92ace7ffb6e8c535bccb52a308ccff113aeccfb;0x7f51c8aaa6b0599abd16674e2b17fec7a9f674a1;0xafb2da14056725e3ba3a30dd846b6bbbd7886c56;0xeb7528398b2725e1e0374734a87320132223a5c6,0.01669195751138086,-0.012686567164179152,-0.00223880597014936,0.04253731343283573
2026-06-27,CAKE,1.323,7066268.395093136,1877351.7206609459,8943620.115754081,0.20990959995651123,3.7639555323204776,9,binance;bitget;bybit;coinbase;gate;htx;kraken;kucoin;mexc,bsc,bsc,5,pancakeswap-infinity-clmm;pancakeswap-v3-bsc;pancakeswap_v2,0x0ed7e52944161450477ee417de9cd3a859b14fd0;0x47516855520496b84a169f7bb92ace7ffb6e8c535bccb52a308ccff113aeccfb;0x7f51c8aaa6b0599abd16674e2b17fec7a9f674a1;0xafb2da14056725e3ba3a30dd846b6bbbd7886c56;0xeb7528398b2725e1e0374734a87320132223a5c6,-0.012686567164179152,0.01889644746787611,-0.008314436885865417,0.05064247921390774
2026-06-28,CAKE,1.348,7606911.047018664,2525339.899691184,10132250.946709849,0.24923779651462483,3.0122325505366185,9,binance;bitget;bybit;coinbase;gate;htx;kraken;kucoin;mexc,bsc,bsc,5,pancakeswap-infinity-clmm;pancakeswap-v3-bsc;pancakeswap_v2,0x0ed7e52944161450477ee417de9cd3a859b14fd0;0x47516855520496b84a169f7bb92ace7ffb6e8c535bccb52a308ccff113aeccfb;0x7f51c8aaa6b0599abd16674e2b17fec7a9f674a1;0xafb2da14056725e3ba3a30dd846b6bbbd7886c56;0xeb7528398b2725e1e0374734a87320132223a5c6,0.01889644746787611,-0.008160237388724179,-0.008160237388724179,0.09198813056379818
2026-06-29,CAKE,1.337,6844196.39176884,2312479.579657751,9156675.971426591,0.2525457477007862,2.9596786289381143,9,binance;bitget;bybit;coinbase;gate;htx;kraken;kucoin;mexc,bsc,bsc,5,pancakeswap-infinity-clmm;pancakeswap-v3-bsc;pancakeswap_v2,0x0ed7e52944161450477ee417de9cd3a859b14fd0;0x47516855520496b84a169f7bb92ace7ffb6e8c535bccb52a308ccff113aeccfb;0x7f51c8aaa6b0599abd16674e2b17fec7a9f674a1;0xafb2da14056725e3ba3a30dd846b6bbbd7886c56;0xeb7528398b2725e1e0374734a87320132223a5c6,-0.008160237388724179,-0.018698578908002972,0.01645474943904257,0.07703814510097229
2026-06-30,CAKE,1.312,6560823.5385102015,3512968.7982970667,10073792.336807268,0.3487235671378201,1.86760085705589,9,binance;bitget;bybit;coinbase;gate;htx;kraken;kucoin;mexc,bsc,bsc,5,pancakeswap-infinity-clmm;pancakeswap-v3-bsc;pancakeswap_v2,0x0ed7e52944161450477ee417de9cd3a859b14fd0;0x47516855520496b84a169f7bb92ace7ffb6e8c535bccb52a308ccff113aeccfb;0x7f51c8aaa6b0599abd16674e2b17fec7a9f674a1;0xafb2da14056725e3ba3a30dd846b6bbbd7886c56;0xeb7528398b2725e1e0374734a87320132223a5c6,-0.018698578908002972,0.019054878048780477,0.06478658536585358,0.05945121951219501
2026-07-01,CAKE,1.337,9142143.971242161,2764464.2340077497,11906608.205249911,0.23217898719375268,3.307021975100197,9,binance;bitget;bybit;coinbase;gate;htx;kraken;kucoin;mexc,bsc,bsc,5,pancakeswap-infinity-clmm;pancakeswap-v3-bsc;pancakeswap_v2,0x0ed7e52944161450477ee417de9cd3a859b14fd0;0x47516855520496b84a169f7bb92ace7ffb6e8c535bccb52a308ccff113aeccfb;0x7f51c8aaa6b0599abd16674e2b17fec7a9f674a1;0xafb2da14056725e3ba3a30dd846b6bbbd7886c56;0xeb7528398b2725e1e0374734a87320132223a5c6,0.019054878048780477,0.01645474943904257,0.039640987284966345,
2026-07-02,CAKE,1.359,5391458.177492004,2168094.4580479604,7559552.635539964,0.28680195278422027,2.4867266080031367,9,binance;bitget;bybit;coinbase;gate;htx;kraken;kucoin;mexc,bsc,bsc,5,pancakeswap-infinity-clmm;pancakeswap-v3-bsc;pancakeswap_v2,0x0ed7e52944161450477ee417de9cd3a859b14fd0;0x47516855520496b84a169f7bb92ace7ffb6e8c535bccb52a308ccff113aeccfb;0x7f51c8aaa6b0599abd16674e2b17fec7a9f674a1;0xafb2da14056725e3ba3a30dd846b6bbbd7886c56;0xeb7528398b2725e1e0374734a87320132223a5c6,0.01645474943904257,0.02796173657100809,0.08314937454010307,
2026-07-03,CAKE,1.397,6664110.806836369,1957287.932752811,8621398.73958918,0.2270267263901168,3.404767737705146,9,binance;bitget;bybit;coinbase;gate;htx;kraken;kucoin;mexc,bsc,bsc,5,pancakeswap-infinity-clmm;pancakeswap-v3-bsc;pancakeswap_v2,0x0ed7e52944161450477ee417de9cd3a859b14fd0;0x47516855520496b84a169f7bb92ace7ffb6e8c535bccb52a308ccff113aeccfb;0x7f51c8aaa6b0599abd16674e2b17fec7a9f674a1;0xafb2da14056725e3ba3a30dd846b6bbbd7886c56;0xeb7528398b2725e1e0374734a87320132223a5c6,0.02796173657100809,-0.0050107372942019834,0.03078024337866858,
2026-07-04,CAKE,1.39,6052775.978669466,2665601.902073837,8718377.880743302,0.3057451671097532,2.2706976514236463,9,binance;bitget;bybit;coinbase;gate;htx;kraken;kucoin;mexc,bsc,bsc,5,pancakeswap-infinity-clmm;pancakeswap-v3-bsc;pancakeswap_v2,0x0ed7e52944161450477ee417de9cd3a859b14fd0;0x47516855520496b84a169f7bb92ace7ffb6e8c535bccb52a308ccff113aeccfb;0x7f51c8aaa6b0599abd16674e2b17fec7a9f674a1;0xafb2da14056725e3ba3a30dd846b6bbbd7886c56;0xeb7528398b2725e1e0374734a87320132223a5c6,-0.0050107372942019834,0.05899280575539567,0.0,
2026-07-05,CAKE,1.472,12023497.91540803,6284388.678377514,18307886.593785543,0.3432612850306106,1.9132326994313509,9,binance;bitget;bybit;coinbase;gate;htx;kraken;kucoin;mexc,bsc,bsc,5,pancakeswap-infinity-clmm;pancakeswap-v3-bsc;pancakeswap_v2,0x0ed7e52944161450477ee417de9cd3a859b14fd0;0x47516855520496b84a169f7bb92ace7ffb6e8c535bccb52a308ccff113aeccfb;0x7f51c8aaa6b0599abd16674e2b17fec7a9f674a1;0xafb2da14056725e3ba3a30dd846b6bbbd7886c56;0xeb7528398b2725e1e0374734a87320132223a5c6,0.05899280575539567,-0.021739130434782594,,
2026-07-06,CAKE,1.44,6982796.38626557,3148136.6262965873,10130933.012562158,0.3107449849281364,2.218072852346313,9,binance;bitget;bybit;coinbase;gate;htx;kraken;kucoin;mexc,bsc,bsc,5,pancakeswap-infinity-clmm;pancakeswap-v3-bsc;pancakeswap_v2,0x0ed7e52944161450477ee417de9cd3a859b14fd0;0x47516855520496b84a169f7bb92ace7ffb6e8c535bccb52a308ccff113aeccfb;0x7f51c8aaa6b0599abd16674e2b17fec7a9f674a1;0xafb2da14056725e3ba3a30dd846b6bbbd7886c56;0xeb7528398b2725e1e0374734a87320132223a5c6,-0.021739130434782594,-0.03472222222222221,,
2026-07-07,CAKE,1.39,9335049.839085467,2568689.9964494025,11903739.83553487,0.2157884859665184,3.6341675531064213,9,binance;bitget;bybit;coinbase;gate;htx;kraken;kucoin;mexc,bsc,bsc,5,pancakeswap-infinity-clmm;pancakeswap-v3-bsc;pancakeswap_v2,0x0ed7e52944161450477ee417de9cd3a859b14fd0;0x47516855520496b84a169f7bb92ace7ffb6e8c535bccb52a308ccff113aeccfb;0x7f51c8aaa6b0599abd16674e2b17fec7a9f674a1;0xafb2da14056725e3ba3a30dd846b6bbbd7886c56;0xeb7528398b2725e1e0374734a87320132223a5c6,-0.03472222222222221,,,
2026-01-17,COMP,26.93,3298532.130801433,7491.057132709635,3306023.187934143,0.002265881606653407,440.32932500253156,12,binance;bitget;bybit;coinbase;crypto_com;gate;htx;kraken;kucoin;mexc;okx;upbit,base;eth,base;eth,5,sushiswap;uniswap-v3-base;uniswap_v2;uniswap_v3,0x31503dcb60119a812fee820bb7042752019f2355;0x3367fedd8ad5a8cf01cfe89df3c697d3a59a1cad;0x7b15b17969b58679a37ce62ee382fc6fd9ce6f5a;0xcffdded873554f362ac02f8fb1f02e5ada10516f;0xea4ba4ce14fdd287f380b55419b1c5b6c3f22ab6,,-0.04010397326401771,-0.10174526550315632,-0.11399925733382843
2026-01-18,COMP,25.85,6697511.797416158,44305.14804791705,6741816.945464075,0.006571692528336261,151.16780086532253,12,binance;bitget;bybit;coinbase;crypto_com;gate;htx;kraken;kucoin;mexc;okx;upbit,base;eth,base;eth,5,sushiswap;uniswap-v3-base;uniswap_v2;uniswap_v3,0x31503dcb60119a812fee820bb7042752019f2355;0x3367fedd8ad5a8cf01cfe89df3c697d3a59a1cad;0x7b15b17969b58679a37ce62ee382fc6fd9ce6f5a;0xcffdded873554f362ac02f8fb1f02e5ada10516f;0xea4ba4ce14fdd287f380b55419b1c5b6c3f22ab6,-0.04010397326401771,-0.008123791102514488,-0.061895551257253434,-0.08742746615087049
2026-01-19,COMP,25.64,6537689.626764961,71186.62784776975,6608876.25461273,0.010771366432846182,91.83873185769656,12,binance;bitget;bybit;coinbase;crypto_com;gate;htx;kraken;kucoin;mexc;okx;upbit,base;eth,base;eth,5,sushiswap;uniswap-v3-base;uniswap_v2;uniswap_v3,0x31503dcb60119a812fee820bb7042752019f2355;0x3367fedd8ad5a8cf01cfe89df3c697d3a59a1cad;0x7b15b17969b58679a37ce62ee382fc6fd9ce6f5a;0xcffdded873554f362ac02f8fb1f02e5ada10516f;0xea4ba4ce14fdd287f380b55419b1c5b6c3f22ab6,-0.008123791102514488,-0.056552262090483585,-0.05304212168486733,-0.06747269890795637
2026-01-20,COMP,24.19,3361255.6925158007,98067.25503490455,3459322.947550705,0.0283486845610465,34.27500536564878,12,binance;bitget;bybit;coinbase;crypto_com;gate;htx;kraken;kucoin;mexc;okx;upbit,base;eth,base;eth,5,sushiswap;uniswap-v3-base;uniswap_v2;uniswap_v3,0x31503dcb60119a812fee820bb7042752019f2355;0x3367fedd8ad5a8cf01cfe89df3c697d3a59a1cad;0x7b15b17969b58679a37ce62ee382fc6fd9ce6f5a;0xcffdded873554f362ac02f8fb1f02e5ada10516f;0xea4ba4ce14fdd287f380b55419b1c5b6c3f22ab6,-0.056552262090483585,0.0024803637866885886,0.0016535758577924664,-0.012815212897891781
2026-01-21,COMP,24.25,4202722.114734079,93882.77027289242,4296604.885006971,0.02185045466956874,44.765638066685455,12,binance;bitget;bybit;coinbase;crypto_com;gate;htx;kraken;kucoin;mexc;okx;upbit,base;eth,base;eth,5,sushiswap;uniswap-v3-base;uniswap_v2;uniswap_v3,0x31503dcb60119a812fee820bb7042752019f2355;0x3367fedd8ad5a8cf01cfe89df3c697d3a59a1cad;0x7b15b17969b58679a37ce62ee382fc6fd9ce6f5a;0xcffdded873554f362ac02f8fb1f02e5ada10516f;0xea4ba4ce14fdd287f380b55419b1c5b6c3f22ab6,0.0024803637866885886,0.0012371134020618957,-0.0160824742268042,-0.007010309278350557
2026-01-22,COMP,24.28,3393804.8736693617,55880.032520577544,3449684.906189939,0.01619859031771547,60.733766975164336,12,binance;bitget;bybit;coinbase;crypto_com;gate;htx;kraken;kucoin;mexc;okx;upbit,base;eth,base;eth,5,sushiswap;uniswap-v3-base;uniswap_v2;uniswap_v3,0x31503dcb60119a812fee820bb7042752019f2355;0x3367fedd8ad5a8cf01cfe89df3c697d3a59a1cad;0x7b15b17969b58679a37ce62ee382fc6fd9ce6f5a;0xcffdded873554f362ac02f8fb1f02e5ada10516f;0xea4ba4ce14fdd287f380b55419b1c5b6c3f22ab6,0.0012371134020618957,-0.0020593080724876645,-0.028418451400329503,-0.06383855024711704
2026-01-23,COMP,24.23,3395835.7545273383,105632.32522022356,3501468.079747562,0.030168010335778678,32.1476948220884,12,binance;bitget;bybit;coinbase;crypto_com;gate;htx;kraken;kucoin;mexc;okx;upbit,base;eth,base;eth,5,sushiswap;uniswap-v3-base;uniswap_v2;uniswap_v3,0x31503dcb60119a812fee820bb7042752019f2355;0x3367fedd8ad5a8cf01cfe89df3c697d3a59a1cad;0x7b15b17969b58679a37ce62ee382fc6fd9ce6f5a;0xcffdded873554f362ac02f8fb1f02e5ada10516f;0xea4ba4ce14fdd287f380b55419b1c5b6c3f22ab6,-0.0020593080724876645,-0.01527032604209666,-0.01320676846884028,-0.0916219562525794
2026-01-24,COMP,23.86,3477612.171064995,32356.48342419991,3509968.654489195,0.009218453669897158,107.47806322067855,12,binance;bitget;bybit;coinbase;crypto_com;gate;htx;kraken;kucoin;mexc;okx;upbit,base;eth,base;eth,5,sushiswap;uniswap-v3-base;uniswap_v2;uniswap_v3,0x31503dcb60119a812fee820bb7042752019f2355;0x3367fedd8ad5a8cf01cfe89df3c697d3a59a1cad;0x7b15b17969b58679a37ce62ee382fc6fd9ce6f5a;0xcffdded873554f362ac02f8fb1f02e5ada10516f;0xea4ba4ce14fdd287f380b55419b1c5b6c3f22ab6,-0.01527032604209666,-0.011316010058675552,0.0008382229673091768,-0.17099748533109804
2026-01-25,COMP,23.59,8432657.605065621,163314.03690298973,8595971.641968612,0.01899890363826145,51.63461613575023,12,binance;bitget;bybit;coinbase;crypto_com;gate;htx;kraken;kucoin;mexc;okx;upbit,base;eth,base;eth,5,sushiswap;uniswap-v3-base;uniswap_v2;uniswap_v3,0x31503dcb60119a812fee820bb7042752019f2355;0x3367fedd8ad5a8cf01cfe89df3c697d3a59a1cad;0x7b15b17969b58679a37ce62ee382fc6fd9ce6f5a;0xcffdded873554f362ac02f8fb1f02e5ada10516f;0xea4ba4ce14fdd287f380b55419b1c5b6c3f22ab6,-0.011316010058675552,0.013565069944891928,0.020771513353115667,-0.19075879610004243
2026-01-26,COMP,23.91,3795956.288837635,125684.76497535442,3921641.0538129895,0.03204902316420618,30.202199046017913,12,binance;bitget;bybit;coinbase;crypto_com;gate;htx;kraken;kucoin;mexc;okx;upbit,base;eth,base;eth,5,sushiswap;uniswap-v3-base;uniswap_v2;uniswap_v3,0x31503dcb60119a812fee820bb7042752019f2355;0x3367fedd8ad5a8cf01cfe89df3c697d3a59a1cad;0x7b15b17969b58679a37ce62ee382fc6fd9ce6f5a;0xcffdded873554f362ac02f8fb1f02e5ada10516f;0xea4ba4ce14fdd287f380b55419b1c5b6c3f22ab6,0.013565069944891928,-0.0012547051442911572,-0.04935173567544959,-0.17649519029694682
2026-01-27,COMP,23.88,2783819.7106161304,44471.57032016714,2828291.2809362975,0.01572382965641536,62.59773807343414,12,binance;bitget;bybit;coinbase;crypto_com;gate;htx;kraken;kucoin;mexc;okx;upbit,base;eth,base;eth,5,sushiswap;uniswap-v3-base;uniswap_v2;uniswap_v3,0x31503dcb60119a812fee820bb7042752019f2355;0x3367fedd8ad5a8cf01cfe89df3c697d3a59a1cad;0x7b15b17969b58679a37ce62ee382fc6fd9ce6f5a;0xcffdded873554f362ac02f8fb1f02e5ada10516f;0xea4ba4ce14fdd287f380b55419b1c5b6c3f22ab6,-0.0012547051442911572,0.008375209380234505,-0.07830820770519253,-0.16834170854271358
2026-01-28,COMP,24.08,4429967.027733575,26982.03776827188,4456949.065501846,0.0060539255377902185,164.18207793566887,12,binance;bitget;bybit;coinbase;crypto_com;gate;htx;kraken;kucoin;mexc;okx;upbit,base;eth,base;eth,5,sushiswap;uniswap-v3-base;uniswap_v2;uniswap_v3,0x31503dcb60119a812fee820bb7042752019f2355;0x3367fedd8ad5a8cf01cfe89df3c697d3a59a1cad;0x7b15b17969b58679a37ce62ee382fc6fd9ce6f5a;0xcffdded873554f362ac02f8fb1f02e5ada10516f;0xea4ba4ce14fdd287f380b55419b1c5b6c3f22ab6,0.008375209380234505,-0.05606312292358795,-0.1785714285714285,-0.1901993355481727
2026-01-29,COMP,22.73,6160909.4909214685,197967.92042146422,6358877.411342933,0.031132526641939984,31.120746623014412,12,binance;bitget;bybit;coinbase;crypto_com;gate;htx;kraken;kucoin;mexc;okx;upbit,base;eth,base;eth,5,sushiswap;uniswap-v3-base;uniswap_v2;uniswap_v3,0x31503dcb60119a812fee820bb7042752019f2355;0x3367fedd8ad5a8cf01cfe89df3c697d3a59a1cad;0x7b15b17969b58679a37ce62ee382fc6fd9ce6f5a;0xcffdded873554f362ac02f8fb1f02e5ada10516f;0xea4ba4ce14fdd287f380b55419b1c5b6c3f22ab6,-0.05606312292358795,-0.03167619885613726,-0.1601407831060273,-0.27936647602287734
2026-01-30,COMP,22.01,5782937.122795233,66914.58230943498,5849851.705104668,0.0114386801038126,86.42267385086609,12,binance;bitget;bybit;coinbase;crypto_com;gate;htx;kraken;kucoin;mexc;okx;upbit,base;eth,base;eth,5,sushiswap;uniswap-v3-base;uniswap_v2;uniswap_v3,0x31503dcb60119a812fee820bb7042752019f2355;0x3367fedd8ad5a8cf01cfe89df3c697d3a59a1cad;0x7b15b17969b58679a37ce62ee382fc6fd9ce6f5a;0xcffdded873554f362ac02f8fb1f02e5ada10516f;0xea4ba4ce14fdd287f380b55419b1c5b6c3f22ab6,-0.03167619885613726,-0.101317582916856,-0.105406633348478,-0.19900045433893698
2026-01-31,COMP,19.78,7827951.7976075,289238.68229057203,8117190.479898072,0.03563285634442867,27.06398651665638,12,binance;bitget;bybit;coinbase;crypto_com;gate;htx;kraken;kucoin;mexc;okx;upbit,base;eth,base;eth,5,sushiswap;uniswap-v3-base;uniswap_v2;uniswap_v3,0x31503dcb60119a812fee820bb7042752019f2355;0x3367fedd8ad5a8cf01cfe89df3c697d3a59a1cad;0x7b15b17969b58679a37ce62ee382fc6fd9ce6f5a;0xcffdded873554f362ac02f8fb1f02e5ada10516f;0xea4ba4ce14fdd287f380b55419b1c5b6c3f22ab6,-0.101317582916856,-0.03488372093023262,0.004044489383215222,-0.11122345803842282
2026-02-01,COMP,19.09,5295177.287728653,110654.08346570365,5405831.371194357,0.020469392377893556,47.853428647934635,12,binance;bitget;bybit;coinbase;crypto_com;gate;htx;kraken;kucoin;mexc;okx;upbit,base;eth,base;eth,5,sushiswap;uniswap-v3-base;uniswap_v2;uniswap_v3,0x31503dcb60119a812fee820bb7042752019f2355;0x3367fedd8ad5a8cf01cfe89df3c697d3a59a1cad;0x7b15b17969b58679a37ce62ee382fc6fd9ce6f5a;0xcffdded873554f362ac02f8fb1f02e5ada10516f;0xea4ba4ce14fdd287f380b55419b1c5b6c3f22ab6,-0.03488372093023262,0.03143006809848092,0.021477213200628675,-0.11314824515453115
2026-02-02,COMP,19.69,6827052.607218469,16270.516490307364,6843323.123708776,0.0023775753674319367,419.5965513009661,12,binance;bitget;bybit;coinbase;crypto_com;gate;htx;kraken;kucoin;mexc;okx;upbit,base;eth,base;eth,5,sushiswap;uniswap-v3-base;uniswap_v2;uniswap_v3,0x31503dcb60119a812fee820bb7042752019f2355;0x3367fedd8ad5a8cf01cfe89df3c697d3a59a1cad;0x7b15b17969b58679a37ce62ee382fc6fd9ce6f5a;0xcffdded873554f362ac02f8fb1f02e5ada10516f;0xea4ba4ce14fdd287f380b55419b1c5b6c3f22ab6,0.03143006809848092,0.008633824276282231,-0.16810563737938045,-0.1416962925342815
2026-02-03,COMP,19.86,11342939.002248218,26807.846920326636,11369746.849168545,0.0023578226741510135,423.1201049438853,12,binance;bitget;bybit;coinbase;crypto_com;gate;htx;kraken;kucoin;mexc;okx;upbit,base;eth,base;eth,5,sushiswap;uniswap-v3-base;uniswap_v2;uniswap_v3,0x31503dcb60119a812fee820bb7042752019f2355;0x3367fedd8ad5a8cf01cfe89df3c697d3a59a1cad;0x7b15b17969b58679a37ce62ee382fc6fd9ce6f5a;0xcffdded873554f362ac02f8fb1f02e5ada10516f;0xea4ba4ce14fdd287f380b55419b1c5b6c3f22ab6,0.008633824276282231,-0.01812688821752262,-0.11228600201409866,-0.17875125881168186
2026-02-04,COMP,19.5,5505770.668872528,10137.237576592202,5515907.90644912,0.0018378184967047567,543.1233733325782,12,binance;bitget;bybit;coinbase;crypto_com;gate;htx;kraken;kucoin;mexc;okx;upbit,base;eth,base;eth,5,sushiswap;uniswap-v3-base;uniswap_v2;uniswap_v3,0x31503dcb60119a812fee820bb7042752019f2355;0x3367fedd8ad5a8cf01cfe89df3c697d3a59a1cad;0x7b15b17969b58679a37ce62ee382fc6fd9ce6f5a;0xcffdded873554f362ac02f8fb1f02e5ada10516f;0xea4ba4ce14fdd287f380b55419b1c5b6c3f22ab6,-0.01812688821752262,-0.16000000000000003,-0.0984615384615386,-0.18564102564102558
2026-02-05,COMP,16.38,7430264.018401423,24107.00956062258,7454371.027962045,0.0032339428061998695,308.2200635344806,12,binance;bitget;bybit;coinbase;crypto_com;gate;htx;kraken;kucoin;mexc;okx;upbit,base;eth,base;eth,5,sushiswap;uniswap-v3-base;uniswap_v2;uniswap_v3,0x31503dcb60119a812fee820bb7042752019f2355;0x3367fedd8ad5a8cf01cfe89df3c697d3a59a1cad;0x7b15b17969b58679a37ce62ee382fc6fd9ce6f5a;0xcffdded873554f362ac02f8fb1f02e5ada10516f;0xea4ba4ce14fdd287f380b55419b1c5b6c3f22ab6,-0.16000000000000003,0.07631257631257626,0.03357753357753368,-0.006715506715506692
2026-02-06,COMP,17.63,7664262.587948524,61400.33281249562,7725662.92076102,0.007947581125691586,124.82444698392199,12,binance;bitget;bybit;coinbase;crypto_com;gate;htx;kraken;kucoin;mexc;okx;upbit,base;eth,base;eth,5,sushiswap;uniswap-v3-base;uniswap_v2;uniswap_v3,0x31503dcb60119a812fee820bb7042752019f2355;0x3367fedd8ad5a8cf01cfe89df3c697d3a59a1cad;0x7b15b17969b58679a37ce62ee382fc6fd9ce6f5a;0xcffdded873554f362ac02f8fb1f02e5ada10516f;0xea4ba4ce14fdd287f380b55419b1c5b6c3f22ab6,0.07631257631257626,-0.0028360748723766926,-0.04140669313669887,0.18774815655133303
2026-02-07,COMP,17.58,2743378.507564359,14854.136332438655,2758232.6438967977,0.0053853819638117655,184.68785031771478,12,binance;bitget;bybit;coinbase;crypto_com;gate;htx;kraken;kucoin;mexc;okx;upbit,base;eth,base;eth,5,sushiswap;uniswap-v3-base;uniswap_v2;uniswap_v3,0x31503dcb60119a812fee820bb7042752019f2355;0x3367fedd8ad5a8cf01cfe89df3c697d3a59a1cad;0x7b15b17969b58679a37ce62ee382fc6fd9ce6f5a;0xcffdded873554f362ac02f8fb1f02e5ada10516f;0xea4ba4ce14fdd287f380b55419b1c5b6c3f22ab6,-0.0028360748723766926,-0.03697383390216147,-0.0722411831626848,0.16211604095563148
2026-02-08,COMP,16.93,2017292.6238233733,28571.58076384519,2045864.2045872186,0.013965531387558494,70.60486574043809,12,binance;bitget;bybit;coinbase;crypto_com;gate;htx;kraken;kucoin;mexc;okx;upbit,base;eth,base;eth,5,sushiswap;uniswap-v3-base;uniswap_v2;uniswap_v3,0x31503dcb60119a812fee820bb7042752019f2355;0x3367fedd8ad5a8cf01cfe89df3c697d3a59a1cad;0x7b15b17969b58679a37ce62ee382fc6fd9ce6f5a;0xcffdded873554f362ac02f8fb1f02e5ada10516f;0xea4ba4ce14fdd287f380b55419b1c5b6c3f22ab6,-0.03697383390216147,-0.0017720023626698334,-0.0620200826934435,0.21972829297105734
2026-02-09,COMP,16.9,1879847.2371957444,13984.475828680346,1893831.7130244249,0.007384223071408662,134.42386116041772,12,binance;bitget;bybit;coinbase;crypto_com;gate;htx;kraken;kucoin;mexc;okx;upbit,base;eth,base;eth,5,sushiswap;uniswap-v3-base;uniswap_v2;uniswap_v3,0x31503dcb60119a812fee820bb7042752019f2355;0x3367fedd8ad5a8cf01cfe89df3c697d3a59a1cad;0x7b15b17969b58679a37ce62ee382fc6fd9ce6f5a;0xcffdded873554f362ac02f8fb1f02e5ada10516f;0xea4ba4ce14fdd287f380b55419b1c5b6c3f22ab6,-0.0017720023626698334,-0.034911242603550274,-0.03727810650887564,0.1704142011834322
2026-02-10,COMP,16.31,1579760.064447501,8213.321994154183,1587973.3864416552,0.005172203806613326,192.34118248035233,12,binance;bitget;bybit;coinbase;crypto_com;gate;htx;kraken;kucoin;mexc;okx;upbit,base;eth,base;eth,5,sushiswap;uniswap-v3-base;uniswap_v2;uniswap_v3,0x31503dcb60119a812fee820bb7042752019f2355;0x3367fedd8ad5a8cf01cfe89df3c697d3a59a1cad;0x7b15b17969b58679a37ce62ee382fc6fd9ce6f5a;0xcffdded873554f362ac02f8fb1f02e5ada10516f;0xea4ba4ce14fdd287f380b55419b1c5b6c3f22ab6,-0.034911242603550274,-0.02636419374616783,0.28387492335990205,0.16983445738810543
2026-02-11,COMP,15.88,2250183.353762715,13391.690577367572,2263575.044340083,0.005916168147750433,168.02832627910357,12,binance;bitget;bybit;coinbase;crypto_com;gate;htx;kraken;kucoin;mexc;okx;upbit,base;eth,base;eth,5,sushiswap;uniswap-v3-base;uniswap_v2;uniswap_v3,0x31503dcb60119a812fee820bb7042752019f2355;0x3367fedd8ad5a8cf01cfe89df3c697d3a59a1cad;0x7b15b17969b58679a37ce62ee382fc6fd9ce6f5a;0xcffdded873554f362ac02f8fb1f02e5ada10516f;0xea4ba4ce14fdd287f380b55419b1c5b6c3f22ab6,-0.02636419374616783,0.024559193954659886,0.28652392947103267,0.12153652392947101
2026-02-12,COMP,16.27,4751435.030945044,21897.23557671591,4773332.26652176,0.004587410713118453,216.98789394207412,12,binance;bitget;bybit;coinbase;crypto_com;gate;htx;kraken;kucoin;mexc;okx;upbit,base;eth,base;eth,5,sushiswap;uniswap-v3-base;uniswap_v2;uniswap_v3,0x31503dcb60119a812fee820bb7042752019f2355;0x3367fedd8ad5a8cf01cfe89df3c697d3a59a1cad;0x7b15b17969b58679a37ce62ee382fc6fd9ce6f5a;0xcffdded873554f362ac02f8fb1f02e5ada10516f;0xea4ba4ce14fdd287f380b55419b1c5b6c3f22ab6,0.024559193954659886,0.2870313460356486,0.2692071296865395,0.11001843884449913
2026-02-13,COMP,20.94,83398637.18919638,287259.47208297707,83685896.66127935,0.0034325911956905545,290.3251077656581,12,binance;bitget;bybit;coinbase;crypto_com;gate;htx;kraken;kucoin;mexc;okx;upbit,base;eth,base;eth,5,sushiswap;uniswap-v3-base;uniswap_v2;uniswap_v3,0x31503dcb60119a812fee820bb7042752019f2355;0x3367fedd8ad5a8cf01cfe89df3c697d3a59a1cad;0x7b15b17969b58679a37ce62ee382fc6fd9ce6f5a;0xcffdded873554f362ac02f8fb1f02e5ada10516f;0xea4ba4ce14fdd287f380b55419b1c5b6c3f22ab6,0.2870313460356486,-0.024355300859598916,-0.05539637058261704,-0.12846227316141356
2026-02-14,COMP,20.43,44996127.77988452,162463.40019889543,45158591.18008341,0.0035976188794513975,276.9616278177,12,binance;bitget;bybit;coinbase;crypto_com;gate;htx;kraken;kucoin;mexc;okx;upbit,base;eth,base;eth,4,sushiswap;uniswap-v3-base;uniswap_v2;uniswap_v3,0x31503dcb60119a812fee820bb7042752019f2355;0x3367fedd8ad5a8cf01cfe89df3c697d3a59a1cad;0xcffdded873554f362ac02f8fb1f02e5ada10516f;0xea4ba4ce14fdd287f380b55419b1c5b6c3f22ab6,-0.024355300859598916,0.010768477728830161,-0.06607929515418509,-0.11698482623592754
2026-02-15,COMP,20.65,56852012.035129845,150377.03703166367,57002389.07216151,0.0026380830607169044,378.06312158656897,12,binance;bitget;bybit;coinbase;crypto_com;gate;htx;kraken;kucoin;mexc;okx;upbit,base;eth,base;eth,4,sushiswap;uniswap-v3-base;uniswap_v2;uniswap_v3,0x31503dcb60119a812fee820bb7042752019f2355;0x3367fedd8ad5a8cf01cfe89df3c697d3a59a1cad;0xcffdded873554f362ac02f8fb1f02e5ada10516f;0xea4ba4ce14fdd287f380b55419b1c5b6c3f22ab6,0.010768477728830161,-0.04213075060532678,-0.1375302663438257,-0.14624697336561743
2026-02-16,COMP,19.78,6277158.672031108,14497.553170834108,6291656.225201942,0.00230425068565611,432.9805587234798,12,binance;bitget;bybit;coinbase;crypto_com;gate;htx;kraken;kucoin;mexc;okx;upbit,base;eth,base;eth,4,sushiswap;uniswap-v3-base;uniswap_v2;uniswap_v3,0x31503dcb60119a812fee820bb7042752019f2355;0x3367fedd8ad5a8cf01cfe89df3c697d3a59a1cad;0xcffdded873554f362ac02f8fb1f02e5ada10516f;0xea4ba4ce14fdd287f380b55419b1c5b6c3f22ab6,-0.04213075060532678,-0.035389282103134634,-0.0869565217391306,-0.12841253791708807
2026-02-17,COMP,19.08,5253551.088537156,16412.480700376997,5269963.569237533,0.0031143442425640108,320.0948829396936,12,binance;bitget;bybit;coinbase;crypto_com;gate;htx;kraken;kucoin;mexc;okx;upbit,base;eth,base;eth,4,sushiswap;uniswap-v3-base;uniswap_v2;uniswap_v3,0x31503dcb60119a812fee820bb7042752019f2355;0x3367fedd8ad5a8cf01cfe89df3c697d3a59a1cad;0xcffdded873554f362ac02f8fb1f02e5ada10516f;0xea4ba4ce14fdd287f380b55419b1c5b6c3f22ab6,-0.035389282103134634,-0.06656184486373162,-0.04350104821802925,-0.06813417190775672
2026-02-18,COMP,17.81,6088010.598576561,10875.77313532115,6098886.371711882,0.0017832391804781984,559.7772703445407,12,binance;bitget;bybit;coinbase;crypto_com;gate;htx;kraken;kucoin;mexc;okx;upbit,base;eth,base;eth,5,sushiswap;uniswap-v3-base;uniswap_v2;uniswap_v3,0x31503dcb60119a812fee820bb7042752019f2355;0x3367fedd8ad5a8cf01cfe89df3c697d3a59a1cad;0x7b15b17969b58679a37ce62ee382fc6fd9ce6f5a;0xcffdded873554f362ac02f8fb1f02e5ada10516f;0xea4ba4ce14fdd287f380b55419b1c5b6c3f22ab6,-0.06656184486373162,0.014037057832678279,0.01291409320606407,0.04435710275126348
2026-02-19,COMP,18.06,6379367.894476266,18834.64638846215,6398202.540864727,0.0029437402564496838,338.70388447452774,12,binance;bitget;bybit;coinbase;crypto_com;gate;htx;kraken;kucoin;mexc;okx;upbit,base;eth,base;eth,4,sushiswap;uniswap-v3-base;uniswap_v2;uniswap_v3,0x31503dcb60119a812fee820bb7042752019f2355;0x3367fedd8ad5a8cf01cfe89df3c697d3a59a1cad;0xcffdded873554f362ac02f8fb1f02e5ada10516f;0xea4ba4ce14fdd287f380b55419b1c5b6c3f22ab6,0.014037057832678279,0.010520487264673362,-0.023809523809523836,0.04152823920265791
2026-02-20,COMP,18.25,2726469.174556855,11263.967863426758,2737733.1424202817,0.004114341054244935,242.05228633592714,12,binance;bitget;bybit;coinbase;crypto_com;gate;htx;kraken;kucoin;mexc;okx;upbit,base;eth,base;eth,4,sushiswap;uniswap-v3-base;uniswap_v2;uniswap_v3,0x31503dcb60119a812fee820bb7042752019f2355;0x3367fedd8ad5a8cf01cfe89df3c697d3a59a1cad;0xcffdded873554f362ac02f8fb1f02e5ada10516f;0xea4ba4ce14fdd287f380b55419b1c5b6c3f22ab6,0.010520487264673362,-0.011506849315068512,-0.05534246575342472,0.011506849315068512
2026-02-21,COMP,18.04,1892340.2259946042,11580.79157172787,1903921.0175663321,0.006082600835265162,163.40335755755808,12,binance;bitget;bybit;coinbase;crypto_com;gate;htx;kraken;kucoin;mexc;okx;upbit,base;eth,base;eth,5,sushiswap;uniswap-v3-base;uniswap_v2;uniswap_v3,0x31503dcb60119a812fee820bb7042752019f2355;0x3367fedd8ad5a8cf01cfe89df3c697d3a59a1cad;0x7b15b17969b58679a37ce62ee382fc6fd9ce6f5a;0xcffdded873554f362ac02f8fb1f02e5ada10516f;0xea4ba4ce14fdd287f380b55419b1c5b6c3f22ab6,-0.011506849315068512,-0.022727272727272707,-0.014412416851441123,0.0038802660753880502
2026-02-22,COMP,17.63,4009882.318879053,13121.806615428708,4023004.1254944815,0.003261693551909013,305.58919487231327,12,binance;bitget;bybit;coinbase;crypto_com;gate;htx;kraken;kucoin;mexc;okx;upbit,base;eth,base;eth,5,sushiswap;uniswap-v3-base;uniswap_v2;uniswap_v3,0x31503dcb60119a812fee820bb7042752019f2355;0x3367fedd8ad5a8cf01cfe89df3c697d3a59a1cad;0x7b15b17969b58679a37ce62ee382fc6fd9ce6f5a;0xcffdded873554f362ac02f8fb1f02e5ada10516f;0xea4ba4ce14fdd287f380b55419b1c5b6c3f22ab6,-0.022727272727272707,-0.02212138400453778,0.055019852524106794,-0.0005672149744752053
2026-02-23,COMP,17.24,2982115.5107126557,14438.442294163371,2996553.953006819,0.004818348850243617,206.53997501642908,12,binance;bitget;bybit;coinbase;crypto_com;gate;htx;kraken;kucoin;mexc;okx;upbit,base;eth,base;eth,5,sushiswap;uniswap-v3-base;uniswap_v2;uniswap_v3,0x31503dcb60119a812fee820bb7042752019f2355;0x3367fedd8ad5a8cf01cfe89df3c697d3a59a1cad;0x7b15b17969b58679a37ce62ee382fc6fd9ce6f5a;0xcffdded873554f362ac02f8fb1f02e5ada10516f;0xea4ba4ce14fdd287f380b55419b1c5b6c3f22ab6,-0.02212138400453778,0.03132250580046425,0.09106728538283071,0.019141531322505845
2026-02-24,COMP,17.78,2862796.684829514,13336.532697365454,2876133.2175268796,0.004636966262930349,214.65824362242526,12,binance;bitget;bybit;coinbase;crypto_com;gate;htx;kraken;kucoin;mexc;okx;upbit,base;eth,base;eth,5,sushiswap;uniswap-v3-base;uniswap_v2;uniswap_v3,0x31503dcb60119a812fee820bb7042752019f2355;0x3367fedd8ad5a8cf01cfe89df3c697d3a59a1cad;0x7b15b17969b58679a37ce62ee382fc6fd9ce6f5a;0xcffdded873554f362ac02f8fb1f02e5ada10516f;0xea4ba4ce14fdd287f380b55419b1c5b6c3f22ab6,0.03132250580046425,0.046119235095613,0.038245219347581516,-0.030371203599550256
2026-02-25,COMP,18.6,3336384.342706184,60834.23986615352,3397218.5825723372,0.017907072620593784,54.84385684849258,12,binance;bitget;bybit;coinbase;crypto_com;gate;htx;kraken;kucoin;mexc;okx;upbit,base;eth,base;eth,5,sushiswap;uniswap-v3-base;uniswap_v2;uniswap_v3,0x31503dcb60119a812fee820bb7042752019f2355;0x3367fedd8ad5a8cf01cfe89df3c697d3a59a1cad;0x7b15b17969b58679a37ce62ee382fc6fd9ce6f5a;0xcffdded873554f362ac02f8fb1f02e5ada10516f;0xea4ba4ce14fdd287f380b55419b1c5b6c3f22ab6,0.046119235095613,0.011290322580645107,-0.02634408602150551,-0.02634408602150551
2026-02-26,COMP,18.81,4076660.493536939,15808.036522527309,4092468.530059466,0.003862714253369618,257.88531597377556,12,binance;bitget;bybit;coinbase;crypto_com;gate;htx;kraken;kucoin;mexc;okx;upbit,base;eth,base;eth,5,sushiswap;uniswap-v3-base;uniswap_v2;uniswap_v3,0x31503dcb60119a812fee820bb7042752019f2355;0x3367fedd8ad5a8cf01cfe89df3c697d3a59a1cad;0x7b15b17969b58679a37ce62ee382fc6fd9ce6f5a;0xcffdded873554f362ac02f8fb1f02e5ada10516f;0xea4ba4ce14fdd287f380b55419b1c5b6c3f22ab6,0.011290322580645107,-0.018607123870281628,-0.06326422115895791,-0.03880914407230196
2026-02-27,COMP,18.46,2390260.6319945105,19849.61529177654,2410110.247286287,0.008235978131758337,120.41848654793664,12,binance;bitget;bybit;coinbase;crypto_com;gate;htx;kraken;kucoin;mexc;okx;upbit,base;eth,base;eth,5,sushiswap;uniswap-v3-base;uniswap_v2;uniswap_v3,0x31503dcb60119a812fee820bb7042752019f2355;0x3367fedd8ad5a8cf01cfe89df3c697d3a59a1cad;0x7b15b17969b58679a37ce62ee382fc6fd9ce6f5a;0xcffdded873554f362ac02f8fb1f02e5ada10516f;0xea4ba4ce14fdd287f380b55419b1c5b6c3f22ab6,-0.018607123870281628,-0.018959913326110578,-0.048212351029252476,-0.05687973997833151
2026-02-28,COMP,18.11,1778874.9945019656,16634.47767579223,1795509.4721777579,0.009264488956227236,106.93903524790088,12,binance;bitget;bybit;coinbase;crypto_com;gate;htx;kraken;kucoin;mexc;okx;upbit,base;eth,base;eth,5,sushiswap;uniswap-v3-base;uniswap_v2;uniswap_v3,0x31503dcb60119a812fee820bb7042752019f2355;0x3367fedd8ad5a8cf01cfe89df3c697d3a59a1cad;0x7b15b17969b58679a37ce62ee382fc6fd9ce6f5a;0xcffdded873554f362ac02f8fb1f02e5ada10516f;0xea4ba4ce14fdd287f380b55419b1c5b6c3f22ab6,-0.018959913326110578,-0.02705687465488671,-0.04803975704030927,-0.049144119271120945
2026-03-01,COMP,17.62,1758447.354880839,8014.149209903851,1766461.5040907427,0.0045368377354076585,219.41784571564466,12,binance;bitget;bybit;coinbase;crypto_com;gate;htx;kraken;kucoin;mexc;okx;upbit,base;eth,base;eth,5,sushiswap;uniswap-v3-base;uniswap_v2;uniswap_v3,0x31503dcb60119a812fee820bb7042752019f2355;0x3367fedd8ad5a8cf01cfe89df3c697d3a59a1cad;0x7b15b17969b58679a37ce62ee382fc6fd9ce6f5a;0xcffdded873554f362ac02f8fb1f02e5ada10516f;0xea4ba4ce14fdd287f380b55419b1c5b6c3f22ab6,-0.02705687465488671,-0.002837684449489286,0.027809307604994338,-0.05334846765039736
2026-03-02,COMP,17.57,2315707.6885110466,14129.065040002874,2329836.7535510496,0.006064401301279106,163.89673923608575,12,binance;bitget;bybit;coinbase;crypto_com;gate;htx;kraken;kucoin;mexc;okx;upbit,base;eth,base;eth,5,sushiswap;uniswap-v3-base;uniswap_v2;uniswap_v3,0x31503dcb60119a812fee820bb7042752019f2355;0x3367fedd8ad5a8cf01cfe89df3c697d3a59a1cad;0x7b15b17969b58679a37ce62ee382fc6fd9ce6f5a;0xcffdded873554f362ac02f8fb1f02e5ada10516f;0xea4ba4ce14fdd287f380b55419b1c5b6c3f22ab6,-0.002837684449489286,-0.018782014797951163,0.029026750142287838,-0.0574843483210018
2026-03-03,COMP,17.24,1894552.0826580015,6175.962791844215,1900728.0454498457,0.003249261674561417,306.7622242089749,12,binance;bitget;bybit;coinbase;crypto_com;gate;htx;kraken;kucoin;mexc;okx;upbit,base;eth,base;eth,5,sushiswap;uniswap-v3-base;uniswap_v2;uniswap_v3,0x31503dcb60119a812fee820bb7042752019f2355;0x3367fedd8ad5a8cf01cfe89df3c697d3a59a1cad;0x7b15b17969b58679a37ce62ee382fc6fd9ce6f5a;0xcffdded873554f362ac02f8fb1f02e5ada10516f;0xea4ba4ce14fdd287f380b55419b1c5b6c3f22ab6,-0.018782014797951163,0.050464037122969874,0.009860788863109038,-0.03422273781902552
2026-03-04,COMP,18.11,2601133.191972062,14170.059791512569,2615303.251763575,0.005418132593976353,183.56543516704573,12,binance;bitget;bybit;coinbase;crypto_com;gate;htx;kraken;kucoin;mexc;okx;upbit,base;eth,base;eth,5,sushiswap;uniswap-v3-base;uniswap_v2;uniswap_v3,0x31503dcb60119a812fee820bb7042752019f2355;0x3367fedd8ad5a8cf01cfe89df3c697d3a59a1cad;0x7b15b17969b58679a37ce62ee382fc6fd9ce6f5a;0xcffdded873554f362ac02f8fb1f02e5ada10516f;0xea4ba4ce14fdd287f380b55419b1c5b6c3f22ab6,0.050464037122969874,-0.001656543346217676,-0.049144119271120945,0.018774157923798995
2026-03-05,COMP,18.08,1713262.9026298532,6306.141362530001,1719569.0439923832,0.003667280115655498,271.68165192264235,12,binance;bitget;bybit;coinbase;crypto_com;gate;htx;kraken;kucoin;mexc;okx;upbit,base;eth,base;eth,5,sushiswap;uniswap-v3-base;uniswap_v2;uniswap_v3,0x31503dcb60119a812fee820bb7042752019f2355;0x3367fedd8ad5a8cf01cfe89df3c697d3a59a1cad;0x7b15b17969b58679a37ce62ee382fc6fd9ce6f5a;0xcffdded873554f362ac02f8fb1f02e5ada10516f;0xea4ba4ce14fdd287f380b55419b1c5b6c3f22ab6,-0.001656543346217676,-0.03705752212389368,-0.07743362831858402,-0.012168141592920345
2026-03-06,COMP,17.41,1192389.3908709656,4067.075771601962,1196456.4666425674,0.0033992676582832756,293.1810120668838,12,binance;bitget;bybit;coinbase;crypto_com;gate;htx;kraken;kucoin;mexc;okx;upbit,base;eth,base;eth,5,sushiswap;uniswap-v3-base;uniswap_v2;uniswap_v3,0x31503dcb60119a812fee820bb7042752019f2355;0x3367fedd8ad5a8cf01cfe89df3c697d3a59a1cad;0x7b15b17969b58679a37ce62ee382fc6fd9ce6f5a;0xcffdded873554f362ac02f8fb1f02e5ada10516f;0xea4ba4ce14fdd287f380b55419b1c5b6c3f22ab6,-0.03705752212389368,-0.010913268236645735,-0.04882251579551988,0.06375646180356109
2026-03-07,COMP,17.22,1898694.400349064,4686.3942814908,1903380.7946305547,0.002462142254829479,405.15037495843524,12,binance;bitget;bybit;coinbase;crypto_com;gate;htx;kraken;kucoin;mexc;okx;upbit,base;eth,base;eth,5,sushiswap;uniswap-v3-base;uniswap_v2;uniswap_v3,0x31503dcb60119a812fee820bb7042752019f2355;0x3367fedd8ad5a8cf01cfe89df3c697d3a59a1cad;0x7b15b17969b58679a37ce62ee382fc6fd9ce6f5a;0xcffdded873554f362ac02f8fb1f02e5ada10516f;0xea4ba4ce14fdd287f380b55419b1c5b6c3f22ab6,-0.010913268236645735,-0.03135888501742157,-0.03310104529616731,0.07549361207897798
2026-03-08,COMP,16.68,2378131.452979561,9895.79160538023,2388027.2445849413,0.004143919056124587,240.31745491554187,12,binance;bitget;bybit;coinbase;crypto_com;gate;htx;kraken;kucoin;mexc;okx;upbit,base;eth,base;eth,5,sushiswap;uniswap-v3-base;uniswap_v2;uniswap_v3,0x31503dcb60119a812fee820bb7042752019f2355;0x3367fedd8ad5a8cf01cfe89df3c697d3a59a1cad;0x7b15b17969b58679a37ce62ee382fc6fd9ce6f5a;0xcffdded873554f362ac02f8fb1f02e5ada10516f;0xea4ba4ce14fdd287f380b55419b1c5b6c3f22ab6,-0.03135888501742157,-0.007194244604316613,0.10611510791366907,0.14568345323741005
2026-03-09,COMP,16.56,2011083.328690582,21866.833197695472,2032950.1618882774,0.010756207214339564,91.96957376080083,12,binance;bitget;bybit;coinbase;crypto_com;gate;htx;kraken;kucoin;mexc;okx;upbit,base;eth,base;eth,5,sushiswap;uniswap-v3-base;uniswap_v2;uniswap_v3,0x31503dcb60119a812fee820bb7042752019f2355;0x3367fedd8ad5a8cf01cfe89df3c697d3a59a1cad;0x7b15b17969b58679a37ce62ee382fc6fd9ce6f5a;0xcffdded873554f362ac02f8fb1f02e5ada10516f;0xea4ba4ce14fdd287f380b55419b1c5b6c3f22ab6,-0.007194244604316613,0.005434782608695565,0.07850241545893732,0.17934782608695676
2026-03-10,COMP,16.65,4426831.003784089,8768.410916946792,4435599.414701036,0.0019768266015829546,504.8612622873673,12,binance;bitget;bybit;coinbase;crypto_com;gate;htx;kraken;kucoin;mexc;okx;upbit,base;eth,base;eth,5,sushiswap;uniswap-v3-base;uniswap_v2;uniswap_v3,0x31503dcb60119a812fee820bb7042752019f2355;0x3367fedd8ad5a8cf01cfe89df3c697d3a59a1cad;0x7b15b17969b58679a37ce62ee382fc6fd9ce6f5a;0xcffdded873554f362ac02f8fb1f02e5ada10516f;0xea4ba4ce14fdd287f380b55419b1c5b6c3f22ab6,0.005434782608695565,0.10810810810810811,0.11231231231231242,0.1579579579579582
2026-03-11,COMP,18.45,49528955.584898636,130872.33319995664,49659827.91809859,0.0026353762928014507,378.4524534243961,12,binance;bitget;bybit;coinbase;crypto_com;gate;htx;kraken;kucoin;mexc;okx;upbit,base;eth,base;eth,5,sushiswap;uniswap-v3-base;uniswap_v2;uniswap_v3,0x31503dcb60119a812fee820bb7042752019f2355;0x3367fedd8ad5a8cf01cfe89df3c697d3a59a1cad;0x7b15b17969b58679a37ce62ee382fc6fd9ce6f5a;0xcffdded873554f362ac02f8fb1f02e5ada10516f;0xea4ba4ce14fdd287f380b55419b1c5b6c3f22ab6,0.10810810810810811,-0.03197831978319787,0.003794037940379358,0.02276422764227659
2026-03-12,COMP,17.86,9284524.442766994,22039.74874446648,9306564.191511462,0.0023681939210787356,421.2627172121488,12,binance;bitget;bybit;coinbase;crypto_com;gate;htx;kraken;kucoin;mexc;okx;upbit,base;eth,base;eth,5,sushiswap;uniswap-v3-base;uniswap_v2;uniswap_v3,0x31503dcb60119a812fee820bb7042752019f2355;0x3367fedd8ad5a8cf01cfe89df3c697d3a59a1cad;0x7b15b17969b58679a37ce62ee382fc6fd9ce6f5a;0xcffdded873554f362ac02f8fb1f02e5ada10516f;0xea4ba4ce14fdd287f380b55419b1c5b6c3f22ab6,-0.03197831978319787,0.03695408734602457,0.0699888017917134,0.07670772676371795
2026-03-13,COMP,18.52,10608913.208251372,33263.786706910774,10642176.994958283,0.003125656218898581,318.9328172924852,12,binance;bitget;bybit;coinbase;crypto_com;gate;htx;kraken;kucoin;mexc;okx;upbit,base;eth,base;eth,5,sushiswap;uniswap-v3-base;uniswap_v2;uniswap_v3,0x31503dcb60119a812fee820bb7042752019f2355;0x3367fedd8ad5a8cf01cfe89df3c697d3a59a1cad;0x7b15b17969b58679a37ce62ee382fc6fd9ce6f5a;0xcffdded873554f362ac02f8fb1f02e5ada10516f;0xea4ba4ce14fdd287f380b55419b1c5b6c3f22ab6,0.03695408734602457,0.0,0.054535637149028204,0.02699784017278617
2026-03-14,COMP,18.52,2699231.0697206073,6328.073063192548,2705559.1427837997,0.0023389150741984803,426.5486575085197,12,binance;bitget;bybit;coinbase;crypto_com;gate;htx;kraken;kucoin;mexc;okx;upbit,base;eth,base;eth,5,sushiswap;uniswap-v3-base;uniswap_v2;uniswap_v3,0x31503dcb60119a812fee820bb7042752019f2355;0x3367fedd8ad5a8cf01cfe89df3c697d3a59a1cad;0x7b15b17969b58679a37ce62ee382fc6fd9ce6f5a;0xcffdded873554f362ac02f8fb1f02e5ada10516f;0xea4ba4ce14fdd287f380b55419b1c5b6c3f22ab6,0.0,0.03185745140388763,0.04103671706263512,0.01565874730021588
2026-03-15,COMP,19.11,2506167.1766691324,7587.49487991759,2513754.67154905,0.003018391160360112,330.3023219564074,12,binance;bitget;bybit;coinbase;crypto_com;gate;htx;kraken;kucoin;mexc;okx;upbit,base;eth,base;eth,5,sushiswap;uniswap-v3-base;uniswap_v2;uniswap_v3,0x31503dcb60119a812fee820bb7042752019f2355;0x3367fedd8ad5a8cf01cfe89df3c697d3a59a1cad;0x7b15b17969b58679a37ce62ee382fc6fd9ce6f5a;0xcffdded873554f362ac02f8fb1f02e5ada10516f;0xea4ba4ce14fdd287f380b55419b1c5b6c3f22ab6,0.03185745140388763,0.021978021978022122,-0.012558869701726816,-0.03715332286760864
2026-03-16,COMP,19.53,3374706.314587585,19502.296982128588,3394208.611569714,0.005745756732704003,173.0414790462929,12,binance;bitget;bybit;coinbase;crypto_com;gate;htx;kraken;kucoin;mexc;okx;upbit,base;eth,base;eth,5,sushiswap;uniswap-v3-base;uniswap_v2;uniswap_v3,0x31503dcb60119a812fee820bb7042752019f2355;0x3367fedd8ad5a8cf01cfe89df3c697d3a59a1cad;0x7b15b17969b58679a37ce62ee382fc6fd9ce6f5a;0xcffdded873554f362ac02f8fb1f02e5ada10516f;0xea4ba4ce14fdd287f380b55419b1c5b6c3f22ab6,0.021978021978022122,-0.01280081925243215,-0.015360983102918668,-0.017409114183307706
2026-03-17,COMP,19.28,2102570.292651289,12683.640481346407,2115253.9331326354,0.005996273205157108,165.77025308652512,12,binance;bitget;bybit;coinbase;crypto_com;gate;htx;kraken;kucoin;mexc;okx;upbit,base;eth,base;eth,5,sushiswap;uniswap-v3-base;uniswap_v2;uniswap_v3,0x31503dcb60119a812fee820bb7042752019f2355;0x3367fedd8ad5a8cf01cfe89df3c697d3a59a1cad;0x7b15b17969b58679a37ce62ee382fc6fd9ce6f5a;0xcffdded873554f362ac02f8fb1f02e5ada10516f;0xea4ba4ce14fdd287f380b55419b1c5b6c3f22ab6,-0.01280081925243215,-0.02126556016597514,-0.0134854771784233,0.018672199170124415
2026-03-18,COMP,18.87,1832847.4252027615,8296.55997240106,1841143.9851751626,0.004506198341468521,220.91655231804796,12,binance;bitget;bybit;coinbase;crypto_com;gate;htx;kraken;kucoin;mexc;okx;upbit,base;eth,base;eth,5,sushiswap;uniswap-v3-base;uniswap_v2;uniswap_v3,0x31503dcb60119a812fee820bb7042752019f2355;0x3367fedd8ad5a8cf01cfe89df3c697d3a59a1cad;0x7b15b17969b58679a37ce62ee382fc6fd9ce6f5a;0xcffdded873554f362ac02f8fb1f02e5ada10516f;0xea4ba4ce14fdd287f380b55419b1c5b6c3f22ab6,-0.02126556016597514,0.019077901430842648,-0.0031796502384738856,0.03815580286168507
2026-03-19,COMP,19.23,1974752.340231508,7985.995595811409,1982738.3358273194,0.004027760724401974,247.27691325891163,12,binance;bitget;bybit;coinbase;crypto_com;gate;htx;kraken;kucoin;mexc;okx;upbit,base;eth,base;eth,4,sushiswap;uniswap-v3-base;uniswap_v2;uniswap_v3,0x31503dcb60119a812fee820bb7042752019f2355;0x3367fedd8ad5a8cf01cfe89df3c697d3a59a1cad;0xcffdded873554f362ac02f8fb1f02e5ada10516f;0xea4ba4ce14fdd287f380b55419b1c5b6c3f22ab6,0.019077901430842648,-0.01092043681747279,-0.0431617264690588,-0.018200728029121205
2026-03-20,COMP,19.02,1655819.1028505308,7011.09516511167,1662830.1980156424,0.004216362664978325,236.1712491209863,12,binance;bitget;bybit;coinbase;crypto_com;gate;htx;kraken;kucoin;mexc;okx;upbit,base;eth,base;eth,4,sushiswap;uniswap-v3-base;uniswap_v2;uniswap_v3,0x31503dcb60119a812fee820bb7042752019f2355;0x3367fedd8ad5a8cf01cfe89df3c697d3a59a1cad;0xcffdded873554f362ac02f8fb1f02e5ada10516f;0xea4ba4ce14fdd287f380b55419b1c5b6c3f22ab6,-0.01092043681747279,-0.01104100946372244,0.008937960042061155,-0.03364879074658256
2026-03-21,COMP,18.81,1197244.4931314392,4999.010800740201,1202243.5039321794,0.004158068464824248,239.49628053497378,12,binance;bitget;bybit;coinbase;crypto_com;gate;htx;kraken;kucoin;mexc;okx;upbit,base;eth,base;eth,4,sushiswap;uniswap-v3-base;uniswap_v2;uniswap_v3,0x31503dcb60119a812fee820bb7042752019f2355;0x3367fedd8ad5a8cf01cfe89df3c697d3a59a1cad;0xcffdded873554f362ac02f8fb1f02e5ada10516f;0xea4ba4ce14fdd287f380b55419b1c5b6c3f22ab6,-0.01104100946372244,-0.021796916533758703,0.0441254651780969,-0.02658160552897393
2026-03-22,COMP,18.4,1425854.241776686,4551.1001159304615,1430405.3418926164,0.003181685626193727,313.2988080806422,12,binance;bitget;bybit;coinbase;crypto_com;gate;htx;kraken;kucoin;mexc;okx;upbit,base;eth,base;eth,4,sushiswap;uniswap-v3-base;uniswap_v2;uniswap_v3,0x31503dcb60119a812fee820bb7042752019f2355;0x3367fedd8ad5a8cf01cfe89df3c697d3a59a1cad;0xcffdded873554f362ac02f8fb1f02e5ada10516f;0xea4ba4ce14fdd287f380b55419b1c5b6c3f22ab6,-0.021796916533758703,0.042934782608695876,0.06467391304347836,-0.02717391304347827
2026-03-23,COMP,19.19,1945063.9784041564,9236.408794540152,1954300.3871986966,0.004726197085689403,210.5866058628682,12,binance;bitget;bybit;coinbase;crypto_com;gate;htx;kraken;kucoin;mexc;okx;upbit,base;eth,base;eth,4,sushiswap;uniswap-v3-base;uniswap_v2;uniswap_v3,0x31503dcb60119a812fee820bb7042752019f2355;0x3367fedd8ad5a8cf01cfe89df3c697d3a59a1cad;0xcffdded873554f362ac02f8fb1f02e5ada10516f;0xea4ba4ce14fdd287f380b55419b1c5b6c3f22ab6,0.042934782608695876,0.02344971339239188,-0.01615424700364787,-0.09171443460135498
2026-03-24,COMP,19.64,1330088.6752269068,6269.976167473455,1336358.6513943803,0.004691836402549009,212.1361612388518,12,binance;bitget;bybit;coinbase;crypto_com;gate;htx;kraken;kucoin;mexc;okx;upbit,base;eth,base;eth,4,sushiswap;uniswap-v3-base;uniswap_v2;uniswap_v3,0x31503dcb60119a812fee820bb7042752019f2355;0x3367fedd8ad5a8cf01cfe89df3c697d3a59a1cad;0xcffdded873554f362ac02f8fb1f02e5ada10516f;0xea4ba4ce14fdd287f380b55419b1c5b6c3f22ab6,0.02344971339239188,-0.002545824847250522,-0.0641547861507129,-0.10234215885947051
2026-03-25,COMP,19.59,1209906.330261521,12199.337070608022,1222105.667332129,0.00998222772114241,99.17803920481546,12,binance;bitget;bybit;coinbase;crypto_com;gate;htx;kraken;kucoin;mexc;okx;upbit,base;eth,base;eth,4,sushiswap;uniswap-v3-base;uniswap_v2;uniswap_v3,0x31503dcb60119a812fee820bb7042752019f2355;0x3367fedd8ad5a8cf01cfe89df3c697d3a59a1cad;0xcffdded873554f362ac02f8fb1f02e5ada10516f;0xea4ba4ce14fdd287f380b55419b1c5b6c3f22ab6,-0.002545824847250522,-0.036242981112812656,-0.06533945890760595,-0.14037774374680956
2026-03-26,COMP,18.88,1651737.3665120872,6507.241110616999,1658244.6076227042,0.003924174443688331,253.83066931655063,12,binance;bitget;bybit;coinbase;crypto_com;gate;htx;kraken;kucoin;mexc;okx;upbit,base;eth,base;eth,4,sushiswap;uniswap-v3-base;uniswap_v2;uniswap_v3,0x31503dcb60119a812fee820bb7042752019f2355;0x3367fedd8ad5a8cf01cfe89df3c697d3a59a1cad;0xcffdded873554f362ac02f8fb1f02e5ada10516f;0xea4ba4ce14fdd287f380b55419b1c5b6c3f22ab6,-0.036242981112812656,-0.026483050847457612,-0.05190677966101698,-0.11652542372881358
2026-03-27,COMP,18.38,1656721.2260846682,3749.3440323589457,1660470.570117027,0.0022580008943456904,441.86962086867277,12,binance;bitget;bybit;coinbase;crypto_com;gate;htx;kraken;kucoin;mexc;okx;upbit,base;eth,base;eth,4,sushiswap;uniswap-v3-base;uniswap_v2;uniswap_v3,0x31503dcb60119a812fee820bb7042752019f2355;0x3367fedd8ad5a8cf01cfe89df3c697d3a59a1cad;0xcffdded873554f362ac02f8fb1f02e5ada10516f;0xea4ba4ce14fdd287f380b55419b1c5b6c3f22ab6,-0.026483050847457612,-0.003808487486398282,-0.05168661588683343,-0.07616974972796509
2026-03-28,COMP,18.31,1170687.8287633876,5670.721147678568,1176358.5499110662,0.004820572051019037,206.44425960578823,12,binance;bitget;bybit;coinbase;crypto_com;gate;htx;kraken;kucoin;mexc;okx;upbit,base;eth,base;eth,4,sushiswap;uniswap-v3-base;uniswap_v2;uniswap_v3,0x31503dcb60119a812fee820bb7042752019f2355;0x3367fedd8ad5a8cf01cfe89df3c697d3a59a1cad;0xcffdded873554f362ac02f8fb1f02e5ada10516f;0xea4ba4ce14fdd287f380b55419b1c5b6c3f22ab6,-0.003808487486398282,-0.022392135445111983,-0.03713817586018564,-0.08028399781540141
2026-03-29,COMP,17.9,1439600.1213007784,10874.770497436395,1450474.8917982148,0.007497386241518793,132.37981635016095,12,binance;bitget;bybit;coinbase;crypto_com;gate;htx;kraken;kucoin;mexc;okx;upbit,base;eth,base;eth,4,sushiswap;uniswap-v3-base;uniswap_v2;uniswap_v3,0x31503dcb60119a812fee820bb7042752019f2355;0x3367fedd8ad5a8cf01cfe89df3c697d3a59a1cad;0xcffdded873554f362ac02f8fb1f02e5ada10516f;0xea4ba4ce14fdd287f380b55419b1c5b6c3f22ab6,-0.022392135445111983,-0.026256983240223408,-0.05921787709497195,-0.05474860335195508
2026-03-30,COMP,17.43,1885205.495756783,10091.895432568579,1895297.3911893517,0.0053247028563868995,186.80390699182686,12,binance;bitget;bybit;coinbase;crypto_com;gate;htx;kraken;kucoin;mexc;okx;upbit,base;eth,base;eth,4,sushiswap;uniswap-v3-base;uniswap_v2;uniswap_v3,0x31503dcb60119a812fee820bb7042752019f2355;0x3367fedd8ad5a8cf01cfe89df3c697d3a59a1cad;0xcffdded873554f362ac02f8fb1f02e5ada10516f;0xea4ba4ce14fdd287f380b55419b1c5b6c3f22ab6,-0.026256983240223408,0.011474469305794655,-0.04302925989672979,-0.04016064257028107
2026-03-31,COMP,17.63,3188115.9003402353,11327.779022920067,3199443.6793631553,0.0035405464693708394,281.44227512644443,12,binance;bitget;bybit;coinbase;crypto_com;gate;htx;kraken;kucoin;mexc;okx;upbit,base;eth,base;eth,4,sushiswap;uniswap-v3-base;uniswap_v2;uniswap_v3,0x31503dcb60119a812fee820bb7042752019f2355;0x3367fedd8ad5a8cf01cfe89df3c697d3a59a1cad;0xcffdded873554f362ac02f8fb1f02e5ada10516f;0xea4ba4ce14fdd287f380b55419b1c5b6c3f22ab6,0.011474469305794655,-0.04480998298355077,-0.036868973340896116,-0.011344299489506438
2026-04-01,COMP,16.84,6723271.642561089,35222.2406874493,6758493.883248539,0.00521155175929809,190.8814292146037,12,binance;bitget;bybit;coinbase;crypto_com;gate;htx;kraken;kucoin;mexc;okx;upbit,base;eth,base;eth,5,sushiswap;uniswap-v3-base;uniswap_v2;uniswap_v3,0x31503dcb60119a812fee820bb7042752019f2355;0x3367fedd8ad5a8cf01cfe89df3c697d3a59a1cad;0x7b15b17969b58679a37ce62ee382fc6fd9ce6f5a;0xcffdded873554f362ac02f8fb1f02e5ada10516f;0xea4ba4ce14fdd287f380b55419b1c5b6c3f22ab6,-0.04480998298355077,-0.009501187648456089,0.0,0.07897862232779107
2026-04-02,COMP,16.68,2452864.709611664,25159.22133611267,2478023.930947777,0.010152937193988257,97.49366551702089,12,binance;bitget;bybit;coinbase;crypto_com;gate;htx;kraken;kucoin;mexc;okx;upbit,base;eth,base;eth,5,sushiswap;uniswap-v3-base;uniswap_v2;uniswap_v3,0x31503dcb60119a812fee820bb7042752019f2355;0x3367fedd8ad5a8cf01cfe89df3c697d3a59a1cad;0x7b15b17969b58679a37ce62ee382fc6fd9ce6f5a;0xcffdded873554f362ac02f8fb1f02e5ada10516f;0xea4ba4ce14fdd287f380b55419b1c5b6c3f22ab6,-0.009501187648456089,0.017985611510791477,0.014388489208633226,0.15887290167865697
2026-04-03,COMP,16.98,1668990.1911687267,6161.855141971308,1675152.046310698,0.00367838558627677,270.8583945442738,12,binance;bitget;bybit;coinbase;crypto_com;gate;htx;kraken;kucoin;mexc;okx;upbit,base;eth,base;eth,4,sushiswap;uniswap-v3-base;uniswap_v2;uniswap_v3,0x31503dcb60119a812fee820bb7042752019f2355;0x3367fedd8ad5a8cf01cfe89df3c697d3a59a1cad;0xcffdded873554f362ac02f8fb1f02e5ada10516f;0xea4ba4ce14fdd287f380b55419b1c5b6c3f22ab6,0.017985611510791477,-0.008244994110718551,-0.014723203769140158,0.18374558303886923
2026-04-04,COMP,16.84,974426.2853652093,4575.213734114389,979001.4990993238,0.004673347015631295,212.9794020549351,12,binance;bitget;bybit;coinbase;crypto_com;gate;htx;kraken;kucoin;mexc;okx;upbit,base;eth,base;eth,4,sushiswap;uniswap-v3-base;uniswap_v2;uniswap_v3,0x31503dcb60119a812fee820bb7042752019f2355;0x3367fedd8ad5a8cf01cfe89df3c697d3a59a1cad;0xcffdded873554f362ac02f8fb1f02e5ada10516f;0xea4ba4ce14fdd287f380b55419b1c5b6c3f22ab6,-0.008244994110718551,0.004750593824228044,0.03503562945368177,0.19833729216152007
2026-04-05,COMP,16.92,1188161.5821796905,4884.045228696482,1193045.627408387,0.0040937623142762196,243.27407436740765,12,binance;bitget;bybit;coinbase;crypto_com;gate;htx;kraken;kucoin;mexc;okx;upbit,base;eth,base;eth,4,sushiswap;uniswap-v3-base;uniswap_v2;uniswap_v3,0x31503dcb60119a812fee820bb7042752019f2355;0x3367fedd8ad5a8cf01cfe89df3c697d3a59a1cad;0xcffdded873554f362ac02f8fb1f02e5ada10516f;0xea4ba4ce14fdd287f380b55419b1c5b6c3f22ab6,0.004750593824228044,-0.011229314420803882,0.07387706855791953,0.20981087470449156
2026-04-06,COMP,16.73,1794168.5609574998,9541.782763875479,1803710.3437213753,0.0052900859592505765,188.03284515657768,12,binance;bitget;bybit;coinbase;crypto_com;gate;htx;kraken;kucoin;mexc;okx;upbit,base;eth,base;eth,4,sushiswap;uniswap-v3-base;uniswap_v2;uniswap_v3,0x31503dcb60119a812fee820bb7042752019f2355;0x3367fedd8ad5a8cf01cfe89df3c697d3a59a1cad;0xcffdded873554f362ac02f8fb1f02e5ada10516f;0xea4ba4ce14fdd287f380b55419b1c5b6c3f22ab6,-0.011229314420803882,0.04184100418410042,0.15540944411237279,0.2522414823670054
2026-04-07,COMP,17.43,2710097.429605894,16120.317462827863,2726217.747068722,0.0059130703995162225,168.1168770934665,12,binance;bitget;bybit;coinbase;crypto_com;gate;htx;kraken;kucoin;mexc;okx;upbit,base;eth,base;eth,4,sushiswap;uniswap-v3-base;uniswap_v2;uniswap_v3,0x31503dcb60119a812fee820bb7042752019f2355;0x3367fedd8ad5a8cf01cfe89df3c697d3a59a1cad;0xcffdded873554f362ac02f8fb1f02e5ada10516f;0xea4ba4ce14fdd287f380b55419b1c5b6c3f22ab6,0.04184100418410042,0.042455536431440066,0.153184165232358,0.2317842799770511
2026-04-08,COMP,18.17,12751998.904361095,61592.993475887175,12813591.897836983,0.004806848381544325,207.03651803111876,12,binance;bitget;bybit;coinbase;crypto_com;gate;htx;kraken;kucoin;mexc;okx;upbit,base;eth,base;eth,4,sushiswap;uniswap-v3-base;uniswap_v2;uniswap_v3,0x31503dcb60119a812fee820bb7042752019f2355;0x3367fedd8ad5a8cf01cfe89df3c697d3a59a1cad;0xcffdded873554f362ac02f8fb1f02e5ada10516f;0xea4ba4ce14fdd287f380b55419b1c5b6c3f22ab6,0.042455536431440066,0.06384149697303232,0.11062190423775453,0.2515134837644466
2026-04-09,COMP,19.33,10393914.957689488,25937.39318517764,10419852.350874666,0.0024892284757758966,400.7309016555012,12,binance;bitget;bybit;coinbase;crypto_com;gate;htx;kraken;kucoin;mexc;okx;upbit,base;eth,base;eth,4,sushiswap;uniswap-v3-base;uniswap_v2;uniswap_v3,0x31503dcb60119a812fee820bb7042752019f2355;0x3367fedd8ad5a8cf01cfe89df3c697d3a59a1cad;0xcffdded873554f362ac02f8fb1f02e5ada10516f;0xea4ba4ce14fdd287f380b55419b1c5b6c3f22ab6,0.06384149697303232,0.03983445421624432,0.058975685463010796,0.215209518882566
2026-04-10,COMP,20.1,52659124.255629495,138409.44679676875,52797533.70242626,0.002621513489188005,380.45903277794804,12,binance;bitget;bybit;coinbase;crypto_com;gate;htx;kraken;kucoin;mexc;okx;upbit,base;eth,base;eth,4,sushiswap;uniswap-v3-base;uniswap_v2;uniswap_v3,0x31503dcb60119a812fee820bb7042752019f2355;0x3367fedd8ad5a8cf01cfe89df3c697d3a59a1cad;0xcffdded873554f362ac02f8fb1f02e5ada10516f;0xea4ba4ce14fdd287f380b55419b1c5b6c3f22ab6,0.03983445421624432,0.003980099502487455,0.04228855721393021,0.30497512437810936
2026-04-11,COMP,20.18,16384659.945618447,83439.09062553685,16468099.036243984,0.005066710519647658,196.36671280551877,12,binance;bitget;bybit;coinbase;crypto_com;gate;htx;kraken;kucoin;mexc;okx;upbit,base;eth,base;eth,4,sushiswap;uniswap-v3-base;uniswap_v2;uniswap_v3,0x31503dcb60119a812fee820bb7042752019f2355;0x3367fedd8ad5a8cf01cfe89df3c697d3a59a1cad;0xcffdded873554f362ac02f8fb1f02e5ada10516f;0xea4ba4ce14fdd287f380b55419b1c5b6c3f22ab6,0.003980099502487455,0.01437066402378595,0.06392467789890977,0.26362735381565905
2026-04-12,COMP,20.47,16439792.892496634,32815.639196115444,16472608.531692749,0.001992133737226818,500.9743309965054,12,binance;bitget;bybit;coinbase;crypto_com;gate;htx;kraken;kucoin;mexc;okx;upbit,base;eth,base;eth,4,sushiswap;uniswap-v3-base;uniswap_v2;uniswap_v3,0x31503dcb60119a812fee820bb7042752019f2355;0x3367fedd8ad5a8cf01cfe89df3c697d3a59a1cad;0xcffdded873554f362ac02f8fb1f02e5ada10516f;0xea4ba4ce14fdd287f380b55419b1c5b6c3f22ab6,0.01437066402378595,0.02344894968246214,0.11089399120664378,0.1895456765999024
2026-04-13,COMP,20.95,7158363.29417638,25052.027461756054,7183415.321638136,0.0034874814193595984,285.7398789421016,12,binance;bitget;bybit;coinbase;crypto_com;gate;htx;kraken;kucoin;mexc;okx;upbit,base;eth,base;eth,4,sushiswap;uniswap-v3-base;uniswap_v2;uniswap_v3,0x31503dcb60119a812fee820bb7042752019f2355;0x3367fedd8ad5a8cf01cfe89df3c697d3a59a1cad;0xcffdded873554f362ac02f8fb1f02e5ada10516f;0xea4ba4ce14fdd287f380b55419b1c5b6c3f22ab6,0.02344894968246214,0.02482100238663487,0.12124105011933173,0.22052505966587121
2026-04-14,COMP,21.47,8473400.899538737,48493.05640275307,8521893.955941489,0.005690408335689694,174.7343130769889,12,binance;bitget;bybit;coinbase;crypto_com;gate;htx;kraken;kucoin;mexc;okx;upbit,base;eth,base;eth,4,sushiswap;uniswap-v3-base;uniswap_v2;uniswap_v3,0x31503dcb60119a812fee820bb7042752019f2355;0x3367fedd8ad5a8cf01cfe89df3c697d3a59a1cad;0xcffdded873554f362ac02f8fb1f02e5ada10516f;0xea4ba4ce14fdd287f380b55419b1c5b6c3f22ab6,0.02482100238663487,0.05915230554261752,0.22170470423847233,0.046576618537494285
2026-04-15,COMP,22.74,6674640.191347497,31924.635865487573,6706564.827212984,0.0047602068552216395,209.07490439266618,12,binance;bitget;bybit;coinbase;crypto_com;gate;htx;kraken;kucoin;mexc;okx;upbit,base;eth,base;eth,4,sushiswap;uniswap-v3-base;uniswap_v2;uniswap_v3,0x31503dcb60119a812fee820bb7042752019f2355;0x3367fedd8ad5a8cf01cfe89df3c697d3a59a1cad;0xcffdded873554f362ac02f8fb1f02e5ada10516f;0xea4ba4ce14fdd287f380b55419b1c5b6c3f22ab6,0.05915230554261752,0.03298153034300788,0.12137203166226929,0.0070360598065084545
2026-04-16,COMP,23.49,7085436.823145561,27276.244003146574,7112713.067148708,0.003834857915065717,259.76585421101925,12,binance;bitget;bybit;coinbase;crypto_com;gate;htx;kraken;kucoin;mexc;okx;upbit,base;eth,base;eth,4,sushiswap;uniswap-v3-base;uniswap_v2;uniswap_v3,0x31503dcb60119a812fee820bb7042752019f2355;0x3367fedd8ad5a8cf01cfe89df3c697d3a59a1cad;0xcffdded873554f362ac02f8fb1f02e5ada10516f;0xea4ba4ce14fdd287f380b55419b1c5b6c3f22ab6,0.03298153034300788,0.1166453810131971,0.03661132396764599,-0.001702852277564837
2026-04-17,COMP,26.23,13685738.764675036,53393.64306162551,13739132.40773666,0.003886245614137829,256.3177558212187,12,binance;bitget;bybit;coinbase;crypto_com;gate;htx;kraken;kucoin;mexc;okx;upbit,base;eth,base;eth,4,sushiswap;uniswap-v3-base;uniswap_v2;uniswap_v3,0x31503dcb60119a812fee820bb7042752019f2355;0x3367fedd8ad5a8cf01cfe89df3c697d3a59a1cad;0xcffdded873554f362ac02f8fb1f02e5ada10516f;0xea4ba4ce14fdd287f380b55419b1c5b6c3f22ab6,0.1166453810131971,-0.027830728173846797,-0.025162028211971,-0.13457872664887538
2026-04-18,COMP,25.5,23331716.130127303,142799.49658349514,23474515.6267108,0.006083171165457778,163.38794385374604,12,binance;bitget;bybit;coinbase;crypto_com;gate;htx;kraken;kucoin;mexc;okx;upbit,base;eth,base;eth,4,sushiswap;uniswap-v3-base;uniswap_v2;uniswap_v3,0x31503dcb60119a812fee820bb7042752019f2355;0x3367fedd8ad5a8cf01cfe89df3c697d3a59a1cad;0xcffdded873554f362ac02f8fb1f02e5ada10516f;0xea4ba4ce14fdd287f380b55419b1c5b6c3f22ab6,-0.027830728173846797,-0.045098039215686225,-0.11882352941176477,-0.14823529411764713
2026-04-19,COMP,24.35,7154314.653188059,30934.13323576197,7185248.786423821,0.0043052278571356515,231.2757431624812,12,binance;bitget;bybit;coinbase;crypto_com;gate;htx;kraken;kucoin;mexc;okx;upbit,base;eth,base;eth,4,sushiswap;uniswap-v3-base;uniswap_v2;uniswap_v3,0x31503dcb60119a812fee820bb7042752019f2355;0x3367fedd8ad5a8cf01cfe89df3c697d3a59a1cad;0xcffdded873554f362ac02f8fb1f02e5ada10516f;0xea4ba4ce14fdd287f380b55419b1c5b6c3f22ab6,-0.045098039215686225,0.050102669404517464,-0.059548254620123364,-0.07802874743326493
2026-04-20,COMP,25.57,6544245.726474656,26393.698301705776,6570639.424776361,0.004016914731644114,247.94728088756372,12,binance;bitget;bybit;coinbase;crypto_com;gate;htx;kraken;kucoin;mexc;okx;upbit,base;eth,base;eth,4,sushiswap;uniswap-v3-base;uniswap_v2;uniswap_v3,0x31503dcb60119a812fee820bb7042752019f2355;0x3367fedd8ad5a8cf01cfe89df3c697d3a59a1cad;0xcffdded873554f362ac02f8fb1f02e5ada10516f;0xea4ba4ce14fdd287f380b55419b1c5b6c3f22ab6,0.050102669404517464,-0.1212358232303481,-0.0829096597575284,-0.08877590926867418
2026-04-21,COMP,22.47,8040122.251981866,139040.01692137506,8179162.268903241,0.01699929801490773,57.82595852623082,12,binance;bitget;bybit;coinbase;crypto_com;gate;htx;kraken;kucoin;mexc;okx;upbit,base;eth,base;eth,4,sushiswap;uniswap-v3-base;uniswap_v2;uniswap_v3,0x31503dcb60119a812fee820bb7042752019f2355;0x3367fedd8ad5a8cf01cfe89df3c697d3a59a1cad;0xcffdded873554f362ac02f8fb1f02e5ada10516f;0xea4ba4ce14fdd287f380b55419b1c5b6c3f22ab6,-0.1212358232303481,0.01913662661326221,0.01023587004895421,0.058744993324432615
2026-04-22,COMP,22.9,4522744.918462112,12594.511456288425,4535339.4299184,0.002776972187176523,359.10443482934073,12,binance;bitget;bybit;coinbase;crypto_com;gate;htx;kraken;kucoin;mexc;okx;upbit,base;eth,base;eth,4,sushiswap;uniswap-v3-base;uniswap_v2;uniswap_v3,0x31503dcb60119a812fee820bb7042752019f2355;0x3367fedd8ad5a8cf01cfe89df3c697d3a59a1cad;0xcffdded873554f362ac02f8fb1f02e5ada10516f;0xea4ba4ce14fdd287f380b55419b1c5b6c3f22ab6,0.01913662661326221,0.02401746724890841,-0.051528384279475925,0.039301310043668325
2026-04-23,COMP,23.45,3808553.45777805,18315.60712698527,3826869.0649050353,0.0047860553408925624,207.94033369315528,12,binance;bitget;bybit;coinbase;crypto_com;gate;htx;kraken;kucoin;mexc;okx;upbit,base;eth,base;eth,4,sushiswap;uniswap-v3-base;uniswap_v2;uniswap_v3,0x31503dcb60119a812fee820bb7042752019f2355;0x3367fedd8ad5a8cf01cfe89df3c697d3a59a1cad;0xcffdded873554f362ac02f8fb1f02e5ada10516f;0xea4ba4ce14fdd287f380b55419b1c5b6c3f22ab6,0.02401746724890841,-0.031982942430703654,-0.04264392324093813,0.005970149253731405
2026-04-24,COMP,22.7,2423345.6369161853,14536.139934086379,2437881.7768502715,0.005962610686096101,166.7117713440268,12,binance;bitget;bybit;coinbase;crypto_com;gate;htx;kraken;kucoin;mexc;okx;upbit,base;eth,base;eth,4,sushiswap;uniswap-v3-base;uniswap_v2;uniswap_v3,0x31503dcb60119a812fee820bb7042752019f2355;0x3367fedd8ad5a8cf01cfe89df3c697d3a59a1cad;0xcffdded873554f362ac02f8fb1f02e5ada10516f;0xea4ba4ce14fdd287f380b55419b1c5b6c3f22ab6,-0.031982942430703654,-0.043171806167400906,0.026431718061673992,0.04845814977973584
2026-04-25,COMP,21.72,3640818.867603213,17150.51130262159,3657969.3789058346,0.004688533316195124,212.2863163296295,12,binance;bitget;bybit;coinbase;crypto_com;gate;htx;kraken;kucoin;mexc;okx;upbit,base;eth,base;eth,4,sushiswap;uniswap-v3-base;uniswap_v2;uniswap_v3,0x31503dcb60119a812fee820bb7042752019f2355;0x3367fedd8ad5a8cf01cfe89df3c697d3a59a1cad;0xcffdded873554f362ac02f8fb1f02e5ada10516f;0xea4ba4ce14fdd287f380b55419b1c5b6c3f22ab6,-0.043171806167400906,0.03360957642725593,0.09530386740331487,0.06215469613259672
2026-04-26,COMP,22.45,13663369.10037061,96066.04950045771,13759435.149871068,0.006981830900330083,142.2289057520317,12,binance;bitget;bybit;coinbase;crypto_com;gate;htx;kraken;kucoin;mexc;okx;upbit,base;eth,base;eth,4,sushiswap;uniswap-v3-base;uniswap_v2;uniswap_v3,0x31503dcb60119a812fee820bb7042752019f2355;0x3367fedd8ad5a8cf01cfe89df3c697d3a59a1cad;0xcffdded873554f362ac02f8fb1f02e5ada10516f;0xea4ba4ce14fdd287f380b55419b1c5b6c3f22ab6,0.03360957642725593,0.03786191536748329,0.060133630289532336,0.007572383073496836
2026-04-27,COMP,23.3,4767003.286157052,20747.999191045204,4787751.285348097,0.004333558272866028,229.757252362651,12,binance;bitget;bybit;coinbase;crypto_com;gate;htx;kraken;kucoin;mexc;okx;upbit,base;eth,base;eth,4,sushiswap;uniswap-v3-base;uniswap_v2;uniswap_v3,0x31503dcb60119a812fee820bb7042752019f2355;0x3367fedd8ad5a8cf01cfe89df3c697d3a59a1cad;0xcffdded873554f362ac02f8fb1f02e5ada10516f;0xea4ba4ce14fdd287f380b55419b1c5b6c3f22ab6,0.03786191536748329,0.021030042918454894,0.01244635193133048,0.020171673819742386
2026-04-28,COMP,23.79,4424011.010816137,15546.434378273454,4439557.445194411,0.003501798224303113,284.56756727438466,12,binance;bitget;bybit;coinbase;crypto_com;gate;htx;kraken;kucoin;mexc;okx;upbit,base;eth,base;eth,4,sushiswap;uniswap-v3-base;uniswap_v2;uniswap_v3,0x31503dcb60119a812fee820bb7042752019f2355;0x3367fedd8ad5a8cf01cfe89df3c697d3a59a1cad;0xcffdded873554f362ac02f8fb1f02e5ada10516f;0xea4ba4ce14fdd287f380b55419b1c5b6c3f22ab6,0.021030042918454894,0.0004203446826398505,0.0004203446826398505,-0.010088272383354302
2026-04-29,COMP,23.8,4361067.69969839,14758.832050210705,4375826.531748601,0.0033728101292701393,295.48867314579473,12,binance;bitget;bybit;coinbase;crypto_com;gate;htx;kraken;kucoin;mexc;okx;upbit,base;eth,base;eth,4,sushiswap;uniswap-v3-base;uniswap_v2;uniswap_v3,0x31503dcb60119a812fee820bb7042752019f2355;0x3367fedd8ad5a8cf01cfe89df3c697d3a59a1cad;0xcffdded873554f362ac02f8fb1f02e5ada10516f;0xea4ba4ce14fdd287f380b55419b1c5b6c3f22ab6,0.0004203446826398505,-0.008823529411764786,-0.030672268907563027,-0.012605042016806789
2026-04-30,COMP,23.59,5684222.563308863,21096.322346695266,5705318.885655559,0.0036976587583449744,269.4413969361487,12,binance;bitget;bybit;coinbase;crypto_com;gate;htx;kraken;kucoin;mexc;okx;upbit,base;eth,base;eth,4,sushiswap;uniswap-v3-base;uniswap_v2;uniswap_v3,0x31503dcb60119a812fee820bb7042752019f2355;0x3367fedd8ad5a8cf01cfe89df3c697d3a59a1cad;0xcffdded873554f362ac02f8fb1f02e5ada10516f;0xea4ba4ce14fdd287f380b55419b1c5b6c3f22ab6,-0.008823529411764786,0.008902077151335286,-0.04111911827045356,-0.027977956761339517
2026-05-01,COMP,23.8,5025019.0773920175,30615.13562359624,5055634.213015614,0.006055646894860051,164.1351238541973,12,binance;bitget;bybit;coinbase;crypto_com;gate;htx;kraken;kucoin;mexc;okx;upbit,base;eth,base;eth,4,sushiswap;uniswap-v3-base;uniswap_v2;uniswap_v3,0x31503dcb60119a812fee820bb7042752019f2355;0x3367fedd8ad5a8cf01cfe89df3c697d3a59a1cad;0xcffdded873554f362ac02f8fb1f02e5ada10516f;0xea4ba4ce14fdd287f380b55419b1c5b6c3f22ab6,0.008902077151335286,-0.030672268907563027,-0.0012605042016806678,-0.02899159663865547
2026-05-02,COMP,23.07,2312670.500155094,16915.10016490204,2329585.600319996,0.007260991037452563,136.72224684508615,12,binance;bitget;bybit;coinbase;crypto_com;gate;htx;kraken;kucoin;mexc;okx;upbit,base;eth,base;eth,5,sushiswap;uniswap-v3-base;uniswap_v2;uniswap_v3,0x31503dcb60119a812fee820bb7042752019f2355;0x3367fedd8ad5a8cf01cfe89df3c697d3a59a1cad;0x7b15b17969b58679a37ce62ee382fc6fd9ce6f5a;0xcffdded873554f362ac02f8fb1f02e5ada10516f;0xea4ba4ce14fdd287f380b55419b1c5b6c3f22ab6,-0.030672268907563027,-0.01950585175552666,0.02080624187256186,-0.005201560468140465
2026-05-03,COMP,22.62,2250731.569334461,15546.383767259345,2266277.95310172,0.006859875129607087,144.77524825255486,12,binance;bitget;bybit;coinbase;crypto_com;gate;htx;kraken;kucoin;mexc;okx;upbit,base;eth,base;eth,5,sushiswap;uniswap-v3-base;uniswap_v2;uniswap_v3,0x31503dcb60119a812fee820bb7042752019f2355;0x3367fedd8ad5a8cf01cfe89df3c697d3a59a1cad;0x7b15b17969b58679a37ce62ee382fc6fd9ce6f5a;0xcffdded873554f362ac02f8fb1f02e5ada10516f;0xea4ba4ce14fdd287f380b55419b1c5b6c3f22ab6,-0.01950585175552666,0.05083996463306795,0.0389036251105217,0.027851458885941538
2026-05-04,COMP,23.77,8218259.274648463,74879.9745242544,8293139.249172717,0.009029147138910523,109.75243149937883,12,binance;bitget;bybit;coinbase;crypto_com;gate;htx;kraken;kucoin;mexc;okx;upbit,base;eth,base;eth,5,sushiswap;uniswap-v3-base;uniswap_v2;uniswap_v3,0x31503dcb60119a812fee820bb7042752019f2355;0x3367fedd8ad5a8cf01cfe89df3c697d3a59a1cad;0x7b15b17969b58679a37ce62ee382fc6fd9ce6f5a;0xcffdded873554f362ac02f8fb1f02e5ada10516f;0xea4ba4ce14fdd287f380b55419b1c5b6c3f22ab6,0.05083996463306795,-0.009255363904080771,-0.03533866217921755,0.002944888514934796
2026-05-05,COMP,23.55,3635846.738558553,37399.74735999261,3673246.4859185456,0.010181660148145569,97.21581013800922,12,binance;bitget;bybit;coinbase;crypto_com;gate;htx;kraken;kucoin;mexc;okx;upbit,base;eth,base;eth,5,sushiswap;uniswap-v3-base;uniswap_v2;uniswap_v3,0x31503dcb60119a812fee820bb7042752019f2355;0x3367fedd8ad5a8cf01cfe89df3c697d3a59a1cad;0x7b15b17969b58679a37ce62ee382fc6fd9ce6f5a;0xcffdded873554f362ac02f8fb1f02e5ada10516f;0xea4ba4ce14fdd287f380b55419b1c5b6c3f22ab6,-0.009255363904080771,-0.002123142250530785,-0.01868365180467102,0.003397027600849256
2026-05-06,COMP,23.5,4169779.6178223593,33158.16487644414,4202937.782698804,0.007889282828058548,125.75423378706365,12,binance;bitget;bybit;coinbase;crypto_com;gate;htx;kraken;kucoin;mexc;okx;upbit,base;eth,base;eth,5,sushiswap;uniswap-v3-base;uniswap_v2;uniswap_v3,0x31503dcb60119a812fee820bb7042752019f2355;0x3367fedd8ad5a8cf01cfe89df3c697d3a59a1cad;0x7b15b17969b58679a37ce62ee382fc6fd9ce6f5a;0xcffdded873554f362ac02f8fb1f02e5ada10516f;0xea4ba4ce14fdd287f380b55419b1c5b6c3f22ab6,-0.002123142250530785,-0.024255319148936194,-0.023404255319148914,-0.03234042553191496
2026-05-07,COMP,22.93,4958496.090428441,25041.492063813734,4983537.582492255,0.005024842624200808,198.0112078702262,12,binance;bitget;bybit;coinbase;crypto_com;gate;htx;kraken;kucoin;mexc;okx;upbit,base;eth,base;eth,5,sushiswap;uniswap-v3-base;uniswap_v2;uniswap_v3,0x31503dcb60119a812fee820bb7042752019f2355;0x3367fedd8ad5a8cf01cfe89df3c697d3a59a1cad;0x7b15b17969b58679a37ce62ee382fc6fd9ce6f5a;0xcffdded873554f362ac02f8fb1f02e5ada10516f;0xea4ba4ce14fdd287f380b55419b1c5b6c3f22ab6,-0.024255319148936194,0.007849978194504947,0.013955516790231215,-0.005233318796336706
2026-05-08,COMP,23.11,8388008.747709628,60407.0151379078,8448415.762847535,0.007150099714972792,138.85818937684638,12,binance;bitget;bybit;coinbase;crypto_com;gate;htx;kraken;kucoin;mexc;okx;upbit,base;eth,base;eth,5,sushiswap;uniswap-v3-base;uniswap_v2;uniswap_v3,0x31503dcb60119a812fee820bb7042752019f2355;0x3367fedd8ad5a8cf01cfe89df3c697d3a59a1cad;0x7b15b17969b58679a37ce62ee382fc6fd9ce6f5a;0xcffdded873554f362ac02f8fb1f02e5ada10516f;0xea4ba4ce14fdd287f380b55419b1c5b6c3f22ab6,0.007849978194504947,-0.00692340977931627,0.03158805711813062,-0.0441367373431415
2026-05-09,COMP,22.95,2916726.7736202264,19100.277724892145,2935827.051345119,0.006505927423804103,152.70598761080038,12,binance;bitget;bybit;coinbase;crypto_com;gate;htx;kraken;kucoin;mexc;okx;upbit,base;eth,base;eth,5,sushiswap;uniswap-v3-base;uniswap_v2;uniswap_v3,0x31503dcb60119a812fee820bb7042752019f2355;0x3367fedd8ad5a8cf01cfe89df3c697d3a59a1cad;0x7b15b17969b58679a37ce62ee382fc6fd9ce6f5a;0xcffdded873554f362ac02f8fb1f02e5ada10516f;0xea4ba4ce14fdd287f380b55419b1c5b6c3f22ab6,-0.00692340977931627,0.013071895424836555,0.029629629629629672,-0.05795206971677558
2026-05-10,COMP,23.25,3141740.5294550285,15964.210155032706,3157704.739610061,0.005055637392178756,196.79899593808574,12,binance;bitget;bybit;coinbase;crypto_com;gate;htx;kraken;kucoin;mexc;okx;upbit,base;eth,base;eth,5,sushiswap;uniswap-v3-base;uniswap_v2;uniswap_v3,0x31503dcb60119a812fee820bb7042752019f2355;0x3367fedd8ad5a8cf01cfe89df3c697d3a59a1cad;0x7b15b17969b58679a37ce62ee382fc6fd9ce6f5a;0xcffdded873554f362ac02f8fb1f02e5ada10516f;0xea4ba4ce14fdd287f380b55419b1c5b6c3f22ab6,0.013071895424836555,0.02537634408602152,-0.021935483870967776,-0.08946236559139775
2026-05-11,COMP,23.84,4834683.988266071,35437.70161039575,4870121.689876467,0.0072765536196067095,136.4276961699966,12,binance;bitget;bybit;coinbase;crypto_com;gate;htx;kraken;kucoin;mexc;okx;upbit,base;eth,base;eth,5,sushiswap;uniswap-v3-base;uniswap_v2;uniswap_v3,0x31503dcb60119a812fee820bb7042752019f2355;0x3367fedd8ad5a8cf01cfe89df3c697d3a59a1cad;0x7b15b17969b58679a37ce62ee382fc6fd9ce6f5a;0xcffdded873554f362ac02f8fb1f02e5ada10516f;0xea4ba4ce14fdd287f380b55419b1c5b6c3f22ab6,0.02537634408602152,-0.008808724832214843,-0.04320469798657722,-0.09228187919463082
2026-05-12,COMP,23.63,4739213.360946791,50417.88741565005,4789631.248362442,0.010526465358452752,93.99865015914386,12,binance;bitget;bybit;coinbase;crypto_com;gate;htx;kraken;kucoin;mexc;okx;upbit,base;eth,base;eth,5,sushiswap;uniswap-v3-base;uniswap_v2;uniswap_v3,0x31503dcb60119a812fee820bb7042752019f2355;0x3367fedd8ad5a8cf01cfe89df3c697d3a59a1cad;0x7b15b17969b58679a37ce62ee382fc6fd9ce6f5a;0xcffdded873554f362ac02f8fb1f02e5ada10516f;0xea4ba4ce14fdd287f380b55419b1c5b6c3f22ab6,-0.008808724832214843,-0.037663986457892484,-0.06517139229792634,-0.035124841303427745
2026-05-13,COMP,22.74,2512737.7896662774,22184.852582499254,2534922.6422487767,0.00875168820253176,113.26366854691096,12,binance;bitget;bybit;coinbase;crypto_com;gate;htx;kraken;kucoin;mexc;okx;upbit,base;eth,base;eth,5,sushiswap;uniswap-v3-base;uniswap_v2;uniswap_v3,0x31503dcb60119a812fee820bb7042752019f2355;0x3367fedd8ad5a8cf01cfe89df3c697d3a59a1cad;0x7b15b17969b58679a37ce62ee382fc6fd9ce6f5a;0xcffdded873554f362ac02f8fb1f02e5ada10516f;0xea4ba4ce14fdd287f380b55419b1c5b6c3f22ab6,-0.037663986457892484,0.0030782761653473933,-0.049252418645558405,-0.004397537379067673
2026-05-14,COMP,22.81,2523906.799578948,16635.31099204805,2540542.110570996,0.0065479375141352025,151.71984465967705,12,binance;bitget;bybit;coinbase;crypto_com;gate;htx;kraken;kucoin;mexc;okx;upbit,base;eth,base;eth,5,sushiswap;uniswap-v3-base;uniswap_v2;uniswap_v3,0x31503dcb60119a812fee820bb7042752019f2355;0x3367fedd8ad5a8cf01cfe89df3c697d3a59a1cad;0x7b15b17969b58679a37ce62ee382fc6fd9ce6f5a;0xcffdded873554f362ac02f8fb1f02e5ada10516f;0xea4ba4ce14fdd287f380b55419b1c5b6c3f22ab6,0.0030782761653473933,-0.03156510302498894,-0.07189829022358607,-0.004384042086803985
2026-05-15,COMP,22.09,2257851.398155694,13123.885222526582,2270975.2833782206,0.005778964358874028,172.04138560128442,12,binance;bitget;bybit;coinbase;crypto_com;gate;htx;kraken;kucoin;mexc;okx;upbit,base;eth,base;eth,5,sushiswap;uniswap-v3-base;uniswap_v2;uniswap_v3,0x31503dcb60119a812fee820bb7042752019f2355;0x3367fedd8ad5a8cf01cfe89df3c697d3a59a1cad;0x7b15b17969b58679a37ce62ee382fc6fd9ce6f5a;0xcffdded873554f362ac02f8fb1f02e5ada10516f;0xea4ba4ce14fdd287f380b55419b1c5b6c3f22ab6,-0.03156510302498894,-0.02127659574468077,-0.020371208691715714,-0.10502489814395655
2026-05-16,COMP,21.62,1889601.112603796,12373.907836516024,1901975.0204403119,0.006505820372788826,152.7085167894566,12,binance;bitget;bybit;coinbase;crypto_com;gate;htx;kraken;kucoin;mexc;okx;upbit,base;eth,base;eth,5,sushiswap;uniswap-v3-base;uniswap_v2;uniswap_v3,0x31503dcb60119a812fee820bb7042752019f2355;0x3367fedd8ad5a8cf01cfe89df3c697d3a59a1cad;0x7b15b17969b58679a37ce62ee382fc6fd9ce6f5a;0xcffdded873554f362ac02f8fb1f02e5ada10516f;0xea4ba4ce14fdd287f380b55419b1c5b6c3f22ab6,-0.02127659574468077,-0.02081406105457906,0.0545790934320074,-0.07261794634597596
2026-05-17,COMP,21.17,2404177.9649388995,12037.6899526819,2416215.6548915813,0.004982042860417625,199.72087455228635,12,binance;bitget;bybit;coinbase;crypto_com;gate;htx;kraken;kucoin;mexc;okx;upbit,base;eth,base;eth,5,sushiswap;uniswap-v3-base;uniswap_v2;uniswap_v3,0x31503dcb60119a812fee820bb7042752019f2355;0x3367fedd8ad5a8cf01cfe89df3c697d3a59a1cad;0x7b15b17969b58679a37ce62ee382fc6fd9ce6f5a;0xcffdded873554f362ac02f8fb1f02e5ada10516f;0xea4ba4ce14fdd287f380b55419b1c5b6c3f22ab6,-0.02081406105457906,0.022201228153046815,0.06943788379782712,-0.04818138875767608
2026-05-18,COMP,21.64,2352128.2129499856,12956.697840773937,2365084.9107907596,0.005478322482909039,181.53762956082696,12,binance;bitget;bybit;coinbase;crypto_com;gate;htx;kraken;kucoin;mexc;okx;upbit,base;eth,base;eth,5,sushiswap;uniswap-v3-base;uniswap_v2;uniswap_v3,0x31503dcb60119a812fee820bb7042752019f2355;0x3367fedd8ad5a8cf01cfe89df3c697d3a59a1cad;0x7b15b17969b58679a37ce62ee382fc6fd9ce6f5a;0xcffdded873554f362ac02f8fb1f02e5ada10516f;0xea4ba4ce14fdd287f380b55419b1c5b6c3f22ab6,0.022201228153046815,0.05360443622920519,0.049445471349353065,-0.09889094269870613
2026-05-19,COMP,22.8,8644669.372986889,34304.16271874913,8678973.535705637,0.003952559894049736,252.00059374316388,12,binance;bitget;bybit;coinbase;crypto_com;gate;htx;kraken;kucoin;mexc;okx;upbit,base;eth,base;eth,5,sushiswap;uniswap-v3-base;uniswap_v2;uniswap_v3,0x31503dcb60119a812fee820bb7042752019f2355;0x3367fedd8ad5a8cf01cfe89df3c697d3a59a1cad;0x7b15b17969b58679a37ce62ee382fc6fd9ce6f5a;0xcffdded873554f362ac02f8fb1f02e5ada10516f;0xea4ba4ce14fdd287f380b55419b1c5b6c3f22ab6,0.05360443622920519,-0.007017543859649145,-0.1328947368421053,-0.16491228070175445
2026-05-20,COMP,22.64,2861216.1977500836,18507.96192286833,2879724.159672952,0.006426991231330387,154.5938018283246,12,binance;bitget;bybit;coinbase;crypto_com;gate;htx;kraken;kucoin;mexc;okx;upbit,base;eth,base;eth,5,sushiswap;uniswap-v3-base;uniswap_v2;uniswap_v3,0x31503dcb60119a812fee820bb7042752019f2355;0x3367fedd8ad5a8cf01cfe89df3c697d3a59a1cad;0x7b15b17969b58679a37ce62ee382fc6fd9ce6f5a;0xcffdded873554f362ac02f8fb1f02e5ada10516f;0xea4ba4ce14fdd287f380b55419b1c5b6c3f22ab6,-0.007017543859649145,0.0030918727915194566,-0.11439929328621912,-0.20185512367491165
2026-05-21,COMP,22.71,2093388.724995744,10443.04487550797,2103831.769871252,0.004963821264162701,200.45769696014233,12,binance;bitget;bybit;coinbase;crypto_com;gate;htx;kraken;kucoin;mexc;okx;upbit,base;eth,base;eth,5,sushiswap;uniswap-v3-base;uniswap_v2;uniswap_v3,0x31503dcb60119a812fee820bb7042752019f2355;0x3367fedd8ad5a8cf01cfe89df3c697d3a59a1cad;0x7b15b17969b58679a37ce62ee382fc6fd9ce6f5a;0xcffdded873554f362ac02f8fb1f02e5ada10516f;0xea4ba4ce14fdd287f380b55419b1c5b6c3f22ab6,0.0030918727915194566,-0.1294583883751652,-0.11272567151034796,-0.22192866578599735
2026-05-22,COMP,19.77,7764529.462083494,53528.31717516495,7818057.779258659,0.0068467538468666485,145.0546154229921,12,binance;bitget;bybit;coinbase;crypto_com;gate;htx;kraken;kucoin;mexc;okx;upbit,base;eth,base;eth,5,sushiswap;uniswap-v3-base;uniswap_v2;uniswap_v3,0x31503dcb60119a812fee820bb7042752019f2355;0x3367fedd8ad5a8cf01cfe89df3c697d3a59a1cad;0x7b15b17969b58679a37ce62ee382fc6fd9ce6f5a;0xcffdded873554f362ac02f8fb1f02e5ada10516f;0xea4ba4ce14fdd287f380b55419b1c5b6c3f22ab6,-0.1294583883751652,0.014162873039959667,-0.01365705614567525,-0.10773899848254931
2026-05-23,COMP,20.05,5003528.178040227,25740.1000358912,5029268.278076118,0.005118060642757706,194.38650864073807,12,binance;bitget;bybit;coinbase;crypto_com;gate;htx;kraken;kucoin;mexc;okx;upbit,base;eth,base;eth,5,sushiswap;uniswap-v3-base;uniswap_v2;uniswap_v3,0x31503dcb60119a812fee820bb7042752019f2355;0x3367fedd8ad5a8cf01cfe89df3c697d3a59a1cad;0x7b15b17969b58679a37ce62ee382fc6fd9ce6f5a;0xcffdded873554f362ac02f8fb1f02e5ada10516f;0xea4ba4ce14fdd287f380b55419b1c5b6c3f22ab6,0.014162873039959667,0.004987531172069737,-0.0503740648379053,-0.08827930174563592
2026-05-24,COMP,20.15,3062650.131492561,10689.30823403166,3073339.439726593,0.00347807602891485,286.5152790469612,12,binance;bitget;bybit;coinbase;crypto_com;gate;htx;kraken;kucoin;mexc;okx;upbit,base;eth,base;eth,5,sushiswap;uniswap-v3-base;uniswap_v2;uniswap_v3,0x31503dcb60119a812fee820bb7042752019f2355;0x3367fedd8ad5a8cf01cfe89df3c697d3a59a1cad;0x7b15b17969b58679a37ce62ee382fc6fd9ce6f5a;0xcffdded873554f362ac02f8fb1f02e5ada10516f;0xea4ba4ce14fdd287f380b55419b1c5b6c3f22ab6,0.004987531172069737,-0.032258064516129004,-0.10322580645161283,-0.08287841191066991
2026-05-25,COMP,19.5,6618326.943487241,27792.53827058484,6646119.481757826,0.004181769278579689,238.13323126704006,12,binance;bitget;bybit;coinbase;crypto_com;gate;htx;kraken;kucoin;mexc;okx;upbit,base;eth,base;eth,5,sushiswap;uniswap-v3-base;uniswap_v2;uniswap_v3,0x31503dcb60119a812fee820bb7042752019f2355;0x3367fedd8ad5a8cf01cfe89df3c697d3a59a1cad;0x7b15b17969b58679a37ce62ee382fc6fd9ce6f5a;0xcffdded873554f362ac02f8fb1f02e5ada10516f;0xea4ba4ce14fdd287f380b55419b1c5b6c3f22ab6,-0.032258064516129004,-0.02358974358974364,-0.0938461538461538,-0.07435897435897432
2026-05-26,COMP,19.04,3702253.1065425333,17572.146073107906,3719825.2526156413,0.004723917087436254,210.68872812344728,12,binance;bitget;bybit;coinbase;crypto_com;gate;htx;kraken;kucoin;mexc;okx;upbit,base;eth,base;eth,5,sushiswap;uniswap-v3-base;uniswap_v2;uniswap_v3,0x31503dcb60119a812fee820bb7042752019f2355;0x3367fedd8ad5a8cf01cfe89df3c697d3a59a1cad;0x7b15b17969b58679a37ce62ee382fc6fd9ce6f5a;0xcffdded873554f362ac02f8fb1f02e5ada10516f;0xea4ba4ce14fdd287f380b55419b1c5b6c3f22ab6,-0.02358974358974364,-0.050945378151260434,-0.07352941176470584,-0.08613445378151263
2026-05-27,COMP,18.07,6695117.180607645,18071.25754260465,6713188.438150249,0.002691903811295963,370.4842988830905,12,binance;bitget;bybit;coinbase;crypto_com;gate;htx;kraken;kucoin;mexc;okx;upbit,base;eth,base;eth,5,sushiswap;uniswap-v3-base;uniswap_v2;uniswap_v3,0x31503dcb60119a812fee820bb7042752019f2355;0x3367fedd8ad5a8cf01cfe89df3c697d3a59a1cad;0x7b15b17969b58679a37ce62ee382fc6fd9ce6f5a;0xcffdded873554f362ac02f8fb1f02e5ada10516f;0xea4ba4ce14fdd287f380b55419b1c5b6c3f22ab6,-0.050945378151260434,-0.022136137244050835,0.011621472053126691,-0.017708909795240757
2026-05-28,COMP,17.67,6955163.397147289,20888.697029733405,6976052.094177022,0.002994343612652979,332.9630080443584,12,binance;bitget;bybit;coinbase;crypto_com;gate;htx;kraken;kucoin;mexc;okx;upbit,base;eth,base;eth,5,sushiswap;uniswap-v3-base;uniswap_v2;uniswap_v3,0x31503dcb60119a812fee820bb7042752019f2355;0x3367fedd8ad5a8cf01cfe89df3c697d3a59a1cad;0x7b15b17969b58679a37ce62ee382fc6fd9ce6f5a;0xcffdded873554f362ac02f8fb1f02e5ada10516f;0xea4ba4ce14fdd287f380b55419b1c5b6c3f22ab6,-0.022136137244050835,-0.001697792869269965,0.0458404074702885,-0.03848330503678565
2026-05-29,COMP,17.64,2532801.165628606,9834.262221682186,2542635.4278502883,0.003867743725256247,257.54867101716974,12,binance;bitget;bybit;coinbase;crypto_com;gate;htx;kraken;kucoin;mexc;okx;upbit,base;eth,base;eth,5,sushiswap;uniswap-v3-base;uniswap_v2;uniswap_v3,0x31503dcb60119a812fee820bb7042752019f2355;0x3367fedd8ad5a8cf01cfe89df3c697d3a59a1cad;0x7b15b17969b58679a37ce62ee382fc6fd9ce6f5a;0xcffdded873554f362ac02f8fb1f02e5ada10516f;0xea4ba4ce14fdd287f380b55419b1c5b6c3f22ab6,-0.001697792869269965,0.03628117913832196,0.023242630385487573,-0.09126984126984128
2026-05-30,COMP,18.28,2697371.9774945793,13962.756587128753,2711334.734081708,0.005149772328593632,193.18334174650653,12,binance;bitget;bybit;coinbase;crypto_com;gate;htx;kraken;kucoin;mexc;okx;upbit,base;eth,base;eth,5,sushiswap;uniswap-v3-base;uniswap_v2;uniswap_v3,0x31503dcb60119a812fee820bb7042752019f2355;0x3367fedd8ad5a8cf01cfe89df3c697d3a59a1cad;0x7b15b17969b58679a37ce62ee382fc6fd9ce6f5a;0xcffdded873554f362ac02f8fb1f02e5ada10516f;0xea4ba4ce14fdd287f380b55419b1c5b6c3f22ab6,0.03628117913832196,0.010940919037199182,-0.04814004376367631,-0.10995623632385132
2026-05-31,COMP,18.48,2175327.218413833,11103.639678543292,2186430.8580923765,0.005078431653782561,195.91118600664268,12,binance;bitget;bybit;coinbase;crypto_com;gate;htx;kraken;kucoin;mexc;okx;upbit,base;eth,base;eth,5,sushiswap;uniswap-v3-base;uniswap_v2;uniswap_v3,0x31503dcb60119a812fee820bb7042752019f2355;0x3367fedd8ad5a8cf01cfe89df3c697d3a59a1cad;0x7b15b17969b58679a37ce62ee382fc6fd9ce6f5a;0xcffdded873554f362ac02f8fb1f02e5ada10516f;0xea4ba4ce14fdd287f380b55419b1c5b6c3f22ab6,0.010940919037199182,-0.023268398268398216,-0.03950216450216448,-0.10822510822510822
2026-06-01,COMP,18.05,3021637.826215129,11429.359136490157,3033067.185351619,0.003768251224927999,264.3750878881774,12,binance;bitget;bybit;coinbase;crypto_com;gate;htx;kraken;kucoin;mexc;okx;upbit,base;eth,base;eth,5,sushiswap;uniswap-v3-base;uniswap_v2;uniswap_v3,0x31503dcb60119a812fee820bb7042752019f2355;0x3367fedd8ad5a8cf01cfe89df3c697d3a59a1cad;0x7b15b17969b58679a37ce62ee382fc6fd9ce6f5a;0xcffdded873554f362ac02f8fb1f02e5ada10516f;0xea4ba4ce14fdd287f380b55419b1c5b6c3f22ab6,-0.023268398268398216,-0.03601108033241007,-0.05872576177285327,0.007756232686980669
2026-06-02,COMP,17.4,4236419.822317192,18601.494503883252,4255021.316821076,0.004371657183090311,227.74620724333715,12,binance;bitget;bybit;coinbase;crypto_com;gate;htx;kraken;kucoin;mexc;okx;upbit,base;eth,base;eth,5,sushiswap;uniswap-v3-base;uniswap_v2;uniswap_v3,0x31503dcb60119a812fee820bb7042752019f2355;0x3367fedd8ad5a8cf01cfe89df3c697d3a59a1cad;0x7b15b17969b58679a37ce62ee382fc6fd9ce6f5a;0xcffdded873554f362ac02f8fb1f02e5ada10516f;0xea4ba4ce14fdd287f380b55419b1c5b6c3f22ab6,-0.03601108033241007,0.02011494252873569,-0.07873563218390789,0.07528735632183925
2026-06-03,COMP,17.75,4307679.053613089,17555.516129842166,4325234.569742931,0.004058858738587575,245.3746743617852,12,binance;bitget;bybit;coinbase;crypto_com;gate;htx;kraken;kucoin;mexc;okx;upbit,base;eth,base;eth,5,sushiswap;uniswap-v3-base;uniswap_v2;uniswap_v3,0x31503dcb60119a812fee820bb7042752019f2355;0x3367fedd8ad5a8cf01cfe89df3c697d3a59a1cad;0x7b15b17969b58679a37ce62ee382fc6fd9ce6f5a;0xcffdded873554f362ac02f8fb1f02e5ada10516f;0xea4ba4ce14fdd287f380b55419b1c5b6c3f22ab6,0.02011494252873569,-0.04281690140845085,-0.08338028169014089,-0.007887323943661984
2026-06-04,COMP,16.99,5526332.55048745,30597.55667350627,5556930.107160957,0.005506197861671254,180.61352445414624,12,binance;bitget;bybit;coinbase;crypto_com;gate;htx;kraken;kucoin;mexc;okx;upbit,base;eth,base;eth,5,sushiswap;uniswap-v3-base;uniswap_v2;uniswap_v3,0x31503dcb60119a812fee820bb7042752019f2355;0x3367fedd8ad5a8cf01cfe89df3c697d3a59a1cad;0x7b15b17969b58679a37ce62ee382fc6fd9ce6f5a;0xcffdded873554f362ac02f8fb1f02e5ada10516f;0xea4ba4ce14fdd287f380b55419b1c5b6c3f22ab6,-0.04281690140845085,-0.05650382577987034,-0.030017657445556067,0.05297233666862877
2026-06-05,COMP,16.03,4800887.313648955,28943.381091237083,4829830.694740192,0.005992628504091698,165.87168232057294,12,binance;bitget;bybit;coinbase;crypto_com;gate;htx;kraken;kucoin;mexc;okx;upbit,base;eth,base;eth,5,sushiswap;uniswap-v3-base;uniswap_v2;uniswap_v3,0x31503dcb60119a812fee820bb7042752019f2355;0x3367fedd8ad5a8cf01cfe89df3c697d3a59a1cad;0x7b15b17969b58679a37ce62ee382fc6fd9ce6f5a;0xcffdded873554f362ac02f8fb1f02e5ada10516f;0xea4ba4ce14fdd287f380b55419b1c5b6c3f22ab6,-0.05650382577987034,0.014971927635683002,0.1347473487211479,0.08172177167810357
2026-06-06,COMP,16.27,1852158.035380292,13909.258827818774,1866067.2942081108,0.007453782010429235,133.16008123135518,12,binance;bitget;bybit;coinbase;crypto_com;gate;htx;kraken;kucoin;mexc;okx;upbit,base;eth,base;eth,5,sushiswap;uniswap-v3-base;uniswap_v2;uniswap_v3,0x31503dcb60119a812fee820bb7042752019f2355;0x3367fedd8ad5a8cf01cfe89df3c697d3a59a1cad;0x7b15b17969b58679a37ce62ee382fc6fd9ce6f5a;0xcffdded873554f362ac02f8fb1f02e5ada10516f;0xea4ba4ce14fdd287f380b55419b1c5b6c3f22ab6,0.014971927635683002,0.01290719114935479,0.1499692685925016,0.08481868469575904
2026-06-07,COMP,16.48,2065484.1038378268,11951.55259521377,2077435.6564330405,0.005753031415535921,172.8214043642321,12,binance;bitget;bybit;coinbase;crypto_com;gate;htx;kraken;kucoin;mexc;okx;upbit,base;eth,base;eth,5,sushiswap;uniswap-v3-base;uniswap_v2;uniswap_v3,0x31503dcb60119a812fee820bb7042752019f2355;0x3367fedd8ad5a8cf01cfe89df3c697d3a59a1cad;0x7b15b17969b58679a37ce62ee382fc6fd9ce6f5a;0xcffdded873554f362ac02f8fb1f02e5ada10516f;0xea4ba4ce14fdd287f380b55419b1c5b6c3f22ab6,0.01290719114935479,0.10376213592233019,0.06856796116504849,0.08859223300970887
2026-06-08,COMP,18.19,7234508.4253505375,31907.90194999364,7266416.327300531,0.004391146957835735,226.730934446537,12,binance;bitget;bybit;coinbase;crypto_com;gate;htx;kraken;kucoin;mexc;okx;upbit,base;eth,base;eth,5,sushiswap;uniswap-v3-base;uniswap_v2;uniswap_v3,0x31503dcb60119a812fee820bb7042752019f2355;0x3367fedd8ad5a8cf01cfe89df3c697d3a59a1cad;0x7b15b17969b58679a37ce62ee382fc6fd9ce6f5a;0xcffdded873554f362ac02f8fb1f02e5ada10516f;0xea4ba4ce14fdd287f380b55419b1c5b6c3f22ab6,0.10376213592233019,0.028587135788894935,-0.016492578339747155,-0.006597031335898951
2026-06-09,COMP,18.71,4274539.36370323,20722.56896221684,4295261.932665447,0.004824518105548302,206.27458745568353,12,binance;bitget;bybit;coinbase;crypto_com;gate;htx;kraken;kucoin;mexc;okx;upbit,base;eth,base;eth,5,sushiswap;uniswap-v3-base;uniswap_v2;uniswap_v3,0x31503dcb60119a812fee820bb7042752019f2355;0x3367fedd8ad5a8cf01cfe89df3c697d3a59a1cad;0x7b15b17969b58679a37ce62ee382fc6fd9ce6f5a;0xcffdded873554f362ac02f8fb1f02e5ada10516f;0xea4ba4ce14fdd287f380b55419b1c5b6c3f22ab6,0.028587135788894935,-0.05879208979155537,-0.07322287546766437,-0.05451630144307851
2026-06-10,COMP,17.61,3385416.200287804,46711.52060840652,3432127.7208962105,0.013610076432764287,72.4749731157016,12,binance;bitget;bybit;coinbase;crypto_com;gate;htx;kraken;kucoin;mexc;okx;upbit,base;eth,base;eth,5,sushiswap;uniswap-v3-base;uniswap_v2;uniswap_v3,0x31503dcb60119a812fee820bb7042752019f2355;0x3367fedd8ad5a8cf01cfe89df3c697d3a59a1cad;0x7b15b17969b58679a37ce62ee382fc6fd9ce6f5a;0xcffdded873554f362ac02f8fb1f02e5ada10516f;0xea4ba4ce14fdd287f380b55419b1c5b6c3f22ab6,-0.05879208979155537,0.015900056785917105,0.0022714366837024436,0.0017035775127769437
2026-06-11,COMP,17.89,1911303.0755343589,15311.071452751527,1926614.1469871104,0.007947139533204082,124.83143857256847,12,binance;bitget;bybit;coinbase;crypto_com;gate;htx;kraken;kucoin;mexc;okx;upbit,base;eth,base;eth,5,sushiswap;uniswap-v3-base;uniswap_v2;uniswap_v3,0x31503dcb60119a812fee820bb7042752019f2355;0x3367fedd8ad5a8cf01cfe89df3c697d3a59a1cad;0x7b15b17969b58679a37ce62ee382fc6fd9ce6f5a;0xcffdded873554f362ac02f8fb1f02e5ada10516f;0xea4ba4ce14fdd287f380b55419b1c5b6c3f22ab6,0.015900056785917105,-0.030743432084963662,0.0027948574622693734,-0.012297372833985354
2026-06-12,COMP,17.34,1771925.963756714,16386.171563896216,1788312.1353206101,0.009162925889869047,108.13544560102207,12,binance;bitget;bybit;coinbase;crypto_com;gate;htx;kraken;kucoin;mexc;okx;upbit,base;eth,base;eth,5,sushiswap;uniswap-v3-base;uniswap_v2;uniswap_v3,0x31503dcb60119a812fee820bb7042752019f2355;0x3367fedd8ad5a8cf01cfe89df3c697d3a59a1cad;0x7b15b17969b58679a37ce62ee382fc6fd9ce6f5a;0xcffdded873554f362ac02f8fb1f02e5ada10516f;0xea4ba4ce14fdd287f380b55419b1c5b6c3f22ab6,-0.030743432084963662,0.017877739331026543,0.0420991926182237,0.040945790080738176
2026-06-13,COMP,17.65,1669551.763253193,13214.85777788276,1682766.621031076,0.007853054376480123,126.33898838074995,12,binance;bitget;bybit;coinbase;crypto_com;gate;htx;kraken;kucoin;mexc;okx;upbit,base;eth,base;eth,5,sushiswap;uniswap-v3-base;uniswap_v2;uniswap_v3,0x31503dcb60119a812fee820bb7042752019f2355;0x3367fedd8ad5a8cf01cfe89df3c697d3a59a1cad;0x7b15b17969b58679a37ce62ee382fc6fd9ce6f5a;0xcffdded873554f362ac02f8fb1f02e5ada10516f;0xea4ba4ce14fdd287f380b55419b1c5b6c3f22ab6,0.017877739331026543,0.016430594900850082,0.002266288951841444,0.017563739376770693
2026-06-14,COMP,17.94,1929434.7722014845,9400.260038673205,1938835.0322401577,0.004848406327696694,205.25334025480998,12,binance;bitget;bybit;coinbase;crypto_com;gate;htx;kraken;kucoin;mexc;okx;upbit,base;eth,base;eth,5,sushiswap;uniswap-v3-base;uniswap_v2;uniswap_v3,0x31503dcb60119a812fee820bb7042752019f2355;0x3367fedd8ad5a8cf01cfe89df3c697d3a59a1cad;0x7b15b17969b58679a37ce62ee382fc6fd9ce6f5a;0xcffdded873554f362ac02f8fb1f02e5ada10516f;0xea4ba4ce14fdd287f380b55419b1c5b6c3f22ab6,0.016430594900850082,0.007246376811594235,-0.01672240802675584,-0.01449275362318847
2026-06-15,COMP,18.07,2494953.5254115,11868.733582103952,2506822.258993604,0.004734573238897602,210.21227818050184,12,binance;bitget;bybit;coinbase;crypto_com;gate;htx;kraken;kucoin;mexc;okx;upbit,base;eth,base;eth,5,sushiswap;uniswap-v3-base;uniswap_v2;uniswap_v3,0x31503dcb60119a812fee820bb7042752019f2355;0x3367fedd8ad5a8cf01cfe89df3c697d3a59a1cad;0x7b15b17969b58679a37ce62ee382fc6fd9ce6f5a;0xcffdded873554f362ac02f8fb1f02e5ada10516f;0xea4ba4ce14fdd287f380b55419b1c5b6c3f22ab6,0.007246376811594235,-0.021029330381848288,-0.022136137244050835,-0.026563364692861136
2026-06-16,COMP,17.69,2529059.9707080424,15841.29904444165,2544901.269752484,0.006224720476477411,159.6497839989601,12,binance;bitget;bybit;coinbase;crypto_com;gate;htx;kraken;kucoin;mexc;okx;upbit,base;eth,base;eth,5,sushiswap;uniswap-v3-base;uniswap_v2;uniswap_v3,0x31503dcb60119a812fee820bb7042752019f2355;0x3367fedd8ad5a8cf01cfe89df3c697d3a59a1cad;0x7b15b17969b58679a37ce62ee382fc6fd9ce6f5a;0xcffdded873554f362ac02f8fb1f02e5ada10516f;0xea4ba4ce14fdd287f380b55419b1c5b6c3f22ab6,-0.021029330381848288,-0.0028264556246467842,0.020350480497456136,-0.039005087620124446
2026-06-17,COMP,17.64,2831600.4428350492,37937.57399041443,2869538.0168254636,0.013220795043651076,74.63841635077934,12,binance;bitget;bybit;coinbase;crypto_com;gate;htx;kraken;kucoin;mexc;okx;upbit,base;eth,base;eth,5,sushiswap;uniswap-v3-base;uniswap_v2;uniswap_v3,0x31503dcb60119a812fee820bb7042752019f2355;0x3367fedd8ad5a8cf01cfe89df3c697d3a59a1cad;0x7b15b17969b58679a37ce62ee382fc6fd9ce6f5a;0xcffdded873554f362ac02f8fb1f02e5ada10516f;0xea4ba4ce14fdd287f380b55419b1c5b6c3f22ab6,-0.0028264556246467842,0.001700680272108901,0.018140589569161092,-0.05555555555555558
2026-06-18,COMP,17.67,1881784.4820594594,12134.100291497367,1893918.5823509567,0.006406875355980234,155.08232475860345,12,binance;bitget;bybit;coinbase;crypto_com;gate;htx;kraken;kucoin;mexc;okx;upbit,base;eth,base;eth,5,sushiswap;uniswap-v3-base;uniswap_v2;uniswap_v3,0x31503dcb60119a812fee820bb7042752019f2355;0x3367fedd8ad5a8cf01cfe89df3c697d3a59a1cad;0x7b15b17969b58679a37ce62ee382fc6fd9ce6f5a;0xcffdded873554f362ac02f8fb1f02e5ada10516f;0xea4ba4ce14fdd287f380b55419b1c5b6c3f22ab6,0.001700680272108901,0.021505376344086002,0.0005659309564232107,-0.11318619128466334
2026-06-19,COMP,18.05,1900155.276515467,13858.216503008676,1914013.4930184758,0.007240396451518069,137.11398404714888,12,binance;bitget;bybit;coinbase;crypto_com;gate;htx;kraken;kucoin;mexc;okx;upbit,base;eth,base;eth,5,sushiswap;uniswap-v3-base;uniswap_v2;uniswap_v3,0x31503dcb60119a812fee820bb7042752019f2355;0x3367fedd8ad5a8cf01cfe89df3c697d3a59a1cad;0x7b15b17969b58679a37ce62ee382fc6fd9ce6f5a;0xcffdded873554f362ac02f8fb1f02e5ada10516f;0xea4ba4ce14fdd287f380b55419b1c5b6c3f22ab6,0.021505376344086002,-0.004986149584487509,-0.025484764542936356,-0.10858725761772858
2026-06-20,COMP,17.96,1460139.3339056463,10200.559911463528,1470339.89381711,0.006937552299544922,143.14305749674799,12,binance;bitget;bybit;coinbase;crypto_com;gate;htx;kraken;kucoin;mexc;okx;upbit,base;eth,base;eth,5,sushiswap;uniswap-v3-base;uniswap_v2;uniswap_v3,0x31503dcb60119a812fee820bb7042752019f2355;0x3367fedd8ad5a8cf01cfe89df3c697d3a59a1cad;0x7b15b17969b58679a37ce62ee382fc6fd9ce6f5a;0xcffdded873554f362ac02f8fb1f02e5ada10516f;0xea4ba4ce14fdd287f380b55419b1c5b6c3f22ab6,-0.004986149584487509,-0.015590200445434355,-0.053452115812917644,-0.12360801781737196
2026-06-21,COMP,17.68,2268518.1940214555,12605.789879612927,2281123.9839010686,0.005526130963760729,179.95843304434902,12,binance;bitget;bybit;coinbase;crypto_com;gate;htx;kraken;kucoin;mexc;okx;upbit,base;eth,base;eth,5,sushiswap;uniswap-v3-base;uniswap_v2;uniswap_v3,0x31503dcb60119a812fee820bb7042752019f2355;0x3367fedd8ad5a8cf01cfe89df3c697d3a59a1cad;0x7b15b17969b58679a37ce62ee382fc6fd9ce6f5a;0xcffdded873554f362ac02f8fb1f02e5ada10516f;0xea4ba4ce14fdd287f380b55419b1c5b6c3f22ab6,-0.015590200445434355,-0.005090497737556543,-0.05769230769230771,-0.1136877828054299
2026-06-22,COMP,17.59,2103961.2671455536,13061.81202234251,2117023.079167896,0.006169895902824312,161.07728878249685,12,binance;bitget;bybit;coinbase;crypto_com;gate;htx;kraken;kucoin;mexc;okx;upbit,base;eth,base;eth,5,sushiswap;uniswap-v3-base;uniswap_v2;uniswap_v3,0x31503dcb60119a812fee820bb7042752019f2355;0x3367fedd8ad5a8cf01cfe89df3c697d3a59a1cad;0x7b15b17969b58679a37ce62ee382fc6fd9ce6f5a;0xcffdded873554f362ac02f8fb1f02e5ada10516f;0xea4ba4ce14fdd287f380b55419b1c5b6c3f22ab6,-0.005090497737556543,-0.03354178510517336,-0.10915292779988628,-0.10631040363843092
2026-06-23,COMP,17.0,1800239.8811636555,5219.931859474848,1805459.8130231304,0.002891192493913446,344.8780424012602,12,binance;bitget;bybit;coinbase;crypto_com;gate;htx;kraken;kucoin;mexc;okx;upbit,base;eth,base;eth,5,sushiswap;uniswap-v3-base;uniswap_v2;uniswap_v3,0x31503dcb60119a812fee820bb7042752019f2355;0x3367fedd8ad5a8cf01cfe89df3c697d3a59a1cad;0x7b15b17969b58679a37ce62ee382fc6fd9ce6f5a;0xcffdded873554f362ac02f8fb1f02e5ada10516f;0xea4ba4ce14fdd287f380b55419b1c5b6c3f22ab6,-0.03354178510517336,-0.020000000000000018,-0.053529411764705936,-0.1064705882352941
2026-06-24,COMP,16.66,2771686.045615861,19076.28079438561,2790762.326410247,0.006835508926667861,145.294886120129,12,binance;bitget;bybit;coinbase;crypto_com;gate;htx;kraken;kucoin;mexc;okx;upbit,base;eth,base;eth,5,sushiswap;uniswap-v3-base;uniswap_v2;uniswap_v3,0x31503dcb60119a812fee820bb7042752019f2355;0x3367fedd8ad5a8cf01cfe89df3c697d3a59a1cad;0x7b15b17969b58679a37ce62ee382fc6fd9ce6f5a;0xcffdded873554f362ac02f8fb1f02e5ada10516f;0xea4ba4ce14fdd287f380b55419b1c5b6c3f22ab6,-0.020000000000000018,-0.05942376950780315,-0.055222088835534255,-0.06182472989195675
2026-06-25,COMP,15.67,6169531.39120847,40156.830787927276,6209688.221996397,0.006466803058755979,153.63591374504767,12,binance;bitget;bybit;coinbase;crypto_com;gate;htx;kraken;kucoin;mexc;okx;upbit,base;eth,base;eth,5,sushiswap;uniswap-v3-base;uniswap_v2;uniswap_v3,0x31503dcb60119a812fee820bb7042752019f2355;0x3367fedd8ad5a8cf01cfe89df3c697d3a59a1cad;0x7b15b17969b58679a37ce62ee382fc6fd9ce6f5a;0xcffdded873554f362ac02f8fb1f02e5ada10516f;0xea4ba4ce14fdd287f380b55419b1c5b6c3f22ab6,-0.05942376950780315,0.02680280791320988,0.0,0.02680280791320988
2026-06-26,COMP,16.09,4264027.889557528,14512.406430609291,4278540.295988138,0.0033919059835002957,293.8194923044549,12,binance;bitget;bybit;coinbase;crypto_com;gate;htx;kraken;kucoin;mexc;okx;upbit,base;eth,base;eth,5,sushiswap;uniswap-v3-base;uniswap_v2;uniswap_v3,0x31503dcb60119a812fee820bb7042752019f2355;0x3367fedd8ad5a8cf01cfe89df3c697d3a59a1cad;0x7b15b17969b58679a37ce62ee382fc6fd9ce6f5a;0xcffdded873554f362ac02f8fb1f02e5ada10516f;0xea4ba4ce14fdd287f380b55419b1c5b6c3f22ab6,0.02680280791320988,-0.021752641392169036,-0.022995649471721502,0.04474829086389054
2026-06-27,COMP,15.74,2072562.54501775,16267.744527836707,2088830.2895455868,0.007787968514845533,127.40318988113347,12,binance;bitget;bybit;coinbase;crypto_com;gate;htx;kraken;kucoin;mexc;okx;upbit,base;eth,base;eth,5,sushiswap;uniswap-v3-base;uniswap_v2;uniswap_v3,0x31503dcb60119a812fee820bb7042752019f2355;0x3367fedd8ad5a8cf01cfe89df3c697d3a59a1cad;0x7b15b17969b58679a37ce62ee382fc6fd9ce6f5a;0xcffdded873554f362ac02f8fb1f02e5ada10516f;0xea4ba4ce14fdd287f380b55419b1c5b6c3f22ab6,-0.021752641392169036,-0.004447268106734459,-0.034942820838627764,0.09085133418043201
2026-06-28,COMP,15.67,2102650.6463477626,3993.323592994475,2106643.969940757,0.001895585419261317,526.5415129483778,12,binance;bitget;bybit;coinbase;crypto_com;gate;htx;kraken;kucoin;mexc;okx;upbit,base;eth,base;eth,5,sushiswap;uniswap-v3-base;uniswap_v2;uniswap_v3,0x31503dcb60119a812fee820bb7042752019f2355;0x3367fedd8ad5a8cf01cfe89df3c697d3a59a1cad;0x7b15b17969b58679a37ce62ee382fc6fd9ce6f5a;0xcffdded873554f362ac02f8fb1f02e5ada10516f;0xea4ba4ce14fdd287f380b55419b1c5b6c3f22ab6,-0.004447268106734459,0.0031908104658584513,-0.00255264837268665,0.08359923420548832
2026-06-29,COMP,15.72,2068178.3013084314,13102.000357705316,2081280.3016661368,0.006295163773575674,157.85210233887156,12,binance;bitget;bybit;coinbase;crypto_com;gate;htx;kraken;kucoin;mexc;okx;upbit,base;eth,base;eth,5,sushiswap;uniswap-v3-base;uniswap_v2;uniswap_v3,0x31503dcb60119a812fee820bb7042752019f2355;0x3367fedd8ad5a8cf01cfe89df3c697d3a59a1cad;0x7b15b17969b58679a37ce62ee382fc6fd9ce6f5a;0xcffdded873554f362ac02f8fb1f02e5ada10516f;0xea4ba4ce14fdd287f380b55419b1c5b6c3f22ab6,0.0031908104658584513,-0.03371501272264643,0.023536895674300284,0.11259541984732802
2026-06-30,COMP,15.19,1969897.5853252008,9186.474064646512,1979084.0593898473,0.004641780636381209,214.43456667517415,12,binance;bitget;bybit;coinbase;crypto_com;gate;htx;kraken;kucoin;mexc;okx;upbit,base;eth,base;eth,5,sushiswap;uniswap-v3-base;uniswap_v2;uniswap_v3,0x31503dcb60119a812fee820bb7042752019f2355;0x3367fedd8ad5a8cf01cfe89df3c697d3a59a1cad;0x7b15b17969b58679a37ce62ee382fc6fd9ce6f5a;0xcffdded873554f362ac02f8fb1f02e5ada10516f;0xea4ba4ce14fdd287f380b55419b1c5b6c3f22ab6,-0.03371501272264643,0.02896642527978943,0.10664911125740617,0.1283739302172482
2026-07-01,COMP,15.63,2534738.3781469595,12062.78156049153,2546801.159707451,0.004736444191770815,210.12884677020338,12,binance;bitget;bybit;coinbase;crypto_com;gate;htx;kraken;kucoin;mexc;okx;upbit,base;eth,base;eth,5,sushiswap;uniswap-v3-base;uniswap_v2;uniswap_v3,0x31503dcb60119a812fee820bb7042752019f2355;0x3367fedd8ad5a8cf01cfe89df3c697d3a59a1cad;0x7b15b17969b58679a37ce62ee382fc6fd9ce6f5a;0xcffdded873554f362ac02f8fb1f02e5ada10516f;0xea4ba4ce14fdd287f380b55419b1c5b6c3f22ab6,0.02896642527978943,0.029430582213691547,0.09852847088931549,
2026-07-02,COMP,16.09,2906920.799216629,21677.214539280394,2928598.013755909,0.007401908502792262,134.1002919885817,12,binance;bitget;bybit;coinbase;crypto_com;gate;htx;kraken;kucoin;mexc;okx;upbit,base;eth,base;eth,5,sushiswap;uniswap-v3-base;uniswap_v2;uniswap_v3,0x31503dcb60119a812fee820bb7042752019f2355;0x3367fedd8ad5a8cf01cfe89df3c697d3a59a1cad;0x7b15b17969b58679a37ce62ee382fc6fd9ce6f5a;0xcffdded873554f362ac02f8fb1f02e5ada10516f;0xea4ba4ce14fdd287f380b55419b1c5b6c3f22ab6,0.029430582213691547,0.04474829086389054,0.05531385954008705,
2026-07-03,COMP,16.81,3143294.498520459,11665.558213495571,3154960.0567339547,0.0036975296053579423,269.4508433281886,12,binance;bitget;bybit;coinbase;crypto_com;gate;htx;kraken;kucoin;mexc;okx;upbit,base;eth,base;eth,5,sushiswap;uniswap-v3-base;uniswap_v2;uniswap_v3,0x31503dcb60119a812fee820bb7042752019f2355;0x3367fedd8ad5a8cf01cfe89df3c697d3a59a1cad;0x7b15b17969b58679a37ce62ee382fc6fd9ce6f5a;0xcffdded873554f362ac02f8fb1f02e5ada10516f;0xea4ba4ce14fdd287f380b55419b1c5b6c3f22ab6,0.04474829086389054,0.02141582391433694,0.04045211183819153,
2026-07-04,COMP,17.17,1543177.6675935555,13247.125046445319,1556424.7926400008,0.008511252910573086,116.49151511615312,12,binance;bitget;bybit;coinbase;crypto_com;gate;htx;kraken;kucoin;mexc;okx;upbit,base;eth,base;eth,5,sushiswap;uniswap-v3-base;uniswap_v2;uniswap_v3,0x31503dcb60119a812fee820bb7042752019f2355;0x3367fedd8ad5a8cf01cfe89df3c697d3a59a1cad;0x7b15b17969b58679a37ce62ee382fc6fd9ce6f5a;0xcffdded873554f362ac02f8fb1f02e5ada10516f;0xea4ba4ce14fdd287f380b55419b1c5b6c3f22ab6,0.02141582391433694,-0.01106581246359939,-0.0017472335468842193,
2026-07-05,COMP,16.98,2044387.2901189663,6108.921868727636,2050496.2119876938,0.0029792407481727644,334.6559890681284,12,binance;bitget;bybit;coinbase;crypto_com;gate;htx;kraken;kucoin;mexc;okx;upbit,base;eth,base;eth,5,sushiswap;uniswap-v3-base;uniswap_v2;uniswap_v3,0x31503dcb60119a812fee820bb7042752019f2355;0x3367fedd8ad5a8cf01cfe89df3c697d3a59a1cad;0x7b15b17969b58679a37ce62ee382fc6fd9ce6f5a;0xcffdded873554f362ac02f8fb1f02e5ada10516f;0xea4ba4ce14fdd287f380b55419b1c5b6c3f22ab6,-0.01106581246359939,0.030035335689045928,,
2026-07-06,COMP,17.49,3139647.330413592,18994.613464186983,3158641.943877779,0.006013538033648668,165.29145677711094,12,binance;bitget;bybit;coinbase;crypto_com;gate;htx;kraken;kucoin;mexc;okx;upbit,base;eth,base;eth,5,sushiswap;uniswap-v3-base;uniswap_v2;uniswap_v3,0x31503dcb60119a812fee820bb7042752019f2355;0x3367fedd8ad5a8cf01cfe89df3c697d3a59a1cad;0x7b15b17969b58679a37ce62ee382fc6fd9ce6f5a;0xcffdded873554f362ac02f8fb1f02e5ada10516f;0xea4ba4ce14fdd287f380b55419b1c5b6c3f22ab6,0.030035335689045928,-0.020011435105774633,,
2026-07-07,COMP,17.14,2163341.2520952793,9824.733610637255,2173165.985705917,0.0045209310633701335,220.19337498912196,12,binance;bitget;bybit;coinbase;crypto_com;gate;htx;kraken;kucoin;mexc;okx;upbit,base;eth,base;eth,5,sushiswap;uniswap-v3-base;uniswap_v2;uniswap_v3,0x31503dcb60119a812fee820bb7042752019f2355;0x3367fedd8ad5a8cf01cfe89df3c697d3a59a1cad;0x7b15b17969b58679a37ce62ee382fc6fd9ce6f5a;0xcffdded873554f362ac02f8fb1f02e5ada10516f;0xea4ba4ce14fdd287f380b55419b1c5b6c3f22ab6,-0.020011435105774633,,,
2026-01-17,CRV,0.4171,29560253.703899782,1114445.6985483058,30674699.402448088,0.03633110414308947,26.524624521773852,11,binance;bitget;bybit;coinbase;crypto_com;gate;htx;kraken;kucoin;mexc;okx,arbitrum;eth,arbitrum;eth,4,curve;uniswap-v4-ethereum;uniswap_v3;uniswap_v3_arbitrum,0x4ebdf703948ddcea3b11f675b4d1fba9d2414a14;0x540a21655573a3b1d18812d51660b515cafede7ccb1d978c064ba79360916557;0x919fa96e88d67499339577fa202345436bcdaf79;0xa95b0f5a65a769d82ab4f3e82842e45b8bbaf101,,-0.03955885878686172,-0.12275233756892834,-0.13881563174298728
2026-01-18,CRV,0.4006,17730227.96122722,879806.1613791111,18610034.12260633,0.04727590264385257,20.15242531767996,11,binance;bitget;bybit;coinbase;crypto_com;gate;htx;kraken;kucoin;mexc;okx,arbitrum;eth,arbitrum;eth,4,curve;uniswap-v4-ethereum;uniswap_v3;uniswap_v3_arbitrum,0x4ebdf703948ddcea3b11f675b4d1fba9d2414a14;0x540a21655573a3b1d18812d51660b515cafede7ccb1d978c064ba79360916557;0x919fa96e88d67499339577fa202345436bcdaf79;0xa95b0f5a65a769d82ab4f3e82842e45b8bbaf101,-0.03955885878686172,-0.03569645531702459,-0.08112830753869205,-0.1407888167748378
2026-01-19,CRV,0.3863,25802344.61003294,1212234.2456005288,27014578.855633467,0.04487333495290586,21.28494942596735,11,binance;bitget;bybit;coinbase;crypto_com;gate;htx;kraken;kucoin;mexc;okx,arbitrum;eth,arbitrum;eth,4,curve;uniswap-v4-ethereum;uniswap_v3;uniswap_v3_arbitrum,0x4ebdf703948ddcea3b11f675b4d1fba9d2414a14;0x540a21655573a3b1d18812d51660b515cafede7ccb1d978c064ba79360916557;0x919fa96e88d67499339577fa202345436bcdaf79;0xa95b0f5a65a769d82ab4f3e82842e45b8bbaf101,-0.03569645531702459,-0.05280869790318399,-0.06083354905513838,-0.08128397618431271
2026-01-20,CRV,0.3659,21830346.895736344,1148390.3315115767,22978737.22724792,0.0499762158448737,19.009518189692525,11,binance;bitget;bybit;coinbase;crypto_com;gate;htx;kraken;kucoin;mexc;okx,arbitrum;eth,arbitrum;eth,4,curve;uniswap-v4-ethereum;uniswap_v3;uniswap_v3_arbitrum,0x4ebdf703948ddcea3b11f675b4d1fba9d2414a14;0x540a21655573a3b1d18812d51660b515cafede7ccb1d978c064ba79360916557;0x919fa96e88d67499339577fa202345436bcdaf79;0xa95b0f5a65a769d82ab4f3e82842e45b8bbaf101,-0.05280869790318399,0.006012571740912742,-0.011205247335337454,-0.054113145668215346
2026-01-21,CRV,0.3681,19946554.82194657,1316172.028610414,21262726.850556985,0.06190043440152345,15.154975480679157,11,binance;bitget;bybit;coinbase;crypto_com;gate;htx;kraken;kucoin;mexc;okx,arbitrum;eth,arbitrum;eth,4,curve;uniswap-v4-ethereum;uniswap_v3;uniswap_v3_arbitrum,0x4ebdf703948ddcea3b11f675b4d1fba9d2414a14;0x540a21655573a3b1d18812d51660b515cafede7ccb1d978c064ba79360916557;0x919fa96e88d67499339577fa202345436bcdaf79;0xa95b0f5a65a769d82ab4f3e82842e45b8bbaf101,0.006012571740912742,-0.014398261342026597,-0.02417821244227103,-0.0407497962510186
2026-01-22,CRV,0.3628,16538202.071223425,990973.6544134484,17529175.725636873,0.05653281534305825,16.688841320420664,11,binance;bitget;bybit;coinbase;crypto_com;gate;htx;kraken;kucoin;mexc;okx,arbitrum;eth,arbitrum;eth,4,curve;uniswap-v4-ethereum;uniswap_v3;uniswap_v3_arbitrum,0x4ebdf703948ddcea3b11f675b4d1fba9d2414a14;0x540a21655573a3b1d18812d51660b515cafede7ccb1d978c064ba79360916557;0x919fa96e88d67499339577fa202345436bcdaf79;0xa95b0f5a65a769d82ab4f3e82842e45b8bbaf101,-0.014398261342026597,-0.002756339581036382,-0.051267916207276776,-0.09123484013230432
2026-01-23,CRV,0.3618,14437441.636513824,1572669.3818327687,16010111.018346593,0.09822976118220463,9.180214101764108,11,binance;bitget;bybit;coinbase;crypto_com;gate;htx;kraken;kucoin;mexc;okx,arbitrum;eth,arbitrum;eth,4,curve;uniswap-v4-ethereum;uniswap_v3;uniswap_v3_arbitrum,0x4ebdf703948ddcea3b11f675b4d1fba9d2414a14;0x540a21655573a3b1d18812d51660b515cafede7ccb1d978c064ba79360916557;0x919fa96e88d67499339577fa202345436bcdaf79;0xa95b0f5a65a769d82ab4f3e82842e45b8bbaf101,-0.002756339581036382,-0.007186290768380288,-0.019071310116086315,-0.12299613045881697
2026-01-24,CRV,0.3592,11711059.154927647,541627.7016293996,12252686.856557047,0.04420481058320253,21.621972287785162,11,binance;bitget;bybit;coinbase;crypto_com;gate;htx;kraken;kucoin;mexc;okx,arbitrum;eth,arbitrum;eth,4,curve;uniswap-v4-ethereum;uniswap_v3;uniswap_v3_arbitrum,0x4ebdf703948ddcea3b11f675b4d1fba9d2414a14;0x540a21655573a3b1d18812d51660b515cafede7ccb1d978c064ba79360916557;0x919fa96e88d67499339577fa202345436bcdaf79;0xa95b0f5a65a769d82ab4f3e82842e45b8bbaf101,-0.007186290768380288,-0.041759465478841906,-0.03646993318485525,-0.19515590200445432
2026-01-25,CRV,0.3442,22383500.256749965,1095653.3512573303,23479153.608007297,0.04666494242295303,20.429363202388338,11,binance;bitget;bybit;coinbase;crypto_com;gate;htx;kraken;kucoin;mexc;okx,arbitrum;eth,arbitrum;eth,4,curve;uniswap-v4-ethereum;uniswap_v3;uniswap_v3_arbitrum,0x4ebdf703948ddcea3b11f675b4d1fba9d2414a14;0x540a21655573a3b1d18812d51660b515cafede7ccb1d978c064ba79360916557;0x919fa96e88d67499339577fa202345436bcdaf79;0xa95b0f5a65a769d82ab4f3e82842e45b8bbaf101,-0.041759465478841906,0.031086577571179497,0.025857059848925168,-0.18797210923881458
2026-01-26,CRV,0.3549,14955998.227056399,917838.8713581156,15873837.098414514,0.057820857406290865,16.29479715206023,11,binance;bitget;bybit;coinbase;crypto_com;gate;htx;kraken;kucoin;mexc;okx,arbitrum;eth,arbitrum;eth,4,curve;uniswap-v4-ethereum;uniswap_v3;uniswap_v3_arbitrum,0x4ebdf703948ddcea3b11f675b4d1fba9d2414a14;0x540a21655573a3b1d18812d51660b515cafede7ccb1d978c064ba79360916557;0x919fa96e88d67499339577fa202345436bcdaf79;0xa95b0f5a65a769d82ab4f3e82842e45b8bbaf101,0.031086577571179497,-0.02479571710340933,-0.07100591715976334,-0.18822203437588048
2026-01-27,CRV,0.3461,24595223.21587896,969201.1472576675,25564424.363136627,0.03791210525574108,25.376799527601243,11,binance;bitget;bybit;coinbase;crypto_com;gate;htx;kraken;kucoin;mexc;okx,arbitrum;eth,arbitrum;eth,4,curve;uniswap-v4-ethereum;uniswap_v3;uniswap_v3_arbitrum,0x4ebdf703948ddcea3b11f675b4d1fba9d2414a14;0x540a21655573a3b1d18812d51660b515cafede7ccb1d978c064ba79360916557;0x919fa96e88d67499339577fa202345436bcdaf79;0xa95b0f5a65a769d82ab4f3e82842e45b8bbaf101,-0.02479571710340933,0.0202253683906386,-0.08321294423576997,-0.19994221323316974
2026-01-28,CRV,0.3531,21867861.354425628,912224.673385363,22780086.02781099,0.04004483004461338,23.97201258903869,11,binance;bitget;bybit;coinbase;crypto_com;gate;htx;kraken;kucoin;mexc;okx,arbitrum;eth,arbitrum;eth,4,curve;uniswap-v4-ethereum;uniswap_v3;uniswap_v3_arbitrum,0x4ebdf703948ddcea3b11f675b4d1fba9d2414a14;0x540a21655573a3b1d18812d51660b515cafede7ccb1d978c064ba79360916557;0x919fa96e88d67499339577fa202345436bcdaf79;0xa95b0f5a65a769d82ab4f3e82842e45b8bbaf101,0.0202253683906386,-0.06627017841971117,-0.1812517700368168,-0.22090059473237045
2026-01-29,CRV,0.3297,31364346.899908945,1394906.412251338,32759253.312160283,0.04258053133749378,22.48491126317773,11,binance;bitget;bybit;coinbase;crypto_com;gate;htx;kraken;kucoin;mexc;okx,arbitrum;eth,arbitrum;eth,4,curve;uniswap-v4-ethereum;uniswap_v3;uniswap_v3_arbitrum,0x4ebdf703948ddcea3b11f675b4d1fba9d2414a14;0x540a21655573a3b1d18812d51660b515cafede7ccb1d978c064ba79360916557;0x919fa96e88d67499339577fa202345436bcdaf79;0xa95b0f5a65a769d82ab4f3e82842e45b8bbaf101,-0.06627017841971117,-0.03760994843797383,-0.15225962996663622,-0.3005762814680012
2026-01-30,CRV,0.3173,29260637.4725719,1597327.0908182082,30857964.563390106,0.051763851356329486,18.318500725849177,11,binance;bitget;bybit;coinbase;crypto_com;gate;htx;kraken;kucoin;mexc;okx,arbitrum;eth,arbitrum;eth,4,curve;uniswap-v4-ethereum;uniswap_v3;uniswap_v3_arbitrum,0x4ebdf703948ddcea3b11f675b4d1fba9d2414a14;0x540a21655573a3b1d18812d51660b515cafede7ccb1d978c064ba79360916557;0x919fa96e88d67499339577fa202345436bcdaf79;0xa95b0f5a65a769d82ab4f3e82842e45b8bbaf101,-0.03760994843797383,-0.08887488181531678,-0.09202647336905134,-0.18783485660258437
2026-01-31,CRV,0.2891,46288863.1181313,2889098.966762635,49177962.084893934,0.058747838346275914,16.02190290144337,11,binance;bitget;bybit;coinbase;crypto_com;gate;htx;kraken;kucoin;mexc;okx,arbitrum;eth,arbitrum;eth,4,curve;uniswap-v4-ethereum;uniswap_v3;uniswap_v3_arbitrum,0x4ebdf703948ddcea3b11f675b4d1fba9d2414a14;0x540a21655573a3b1d18812d51660b515cafede7ccb1d978c064ba79360916557;0x919fa96e88d67499339577fa202345436bcdaf79;0xa95b0f5a65a769d82ab4f3e82842e45b8bbaf101,-0.08887488181531678,-0.033206502940159144,-0.04219993081978568,-0.1093047388446905
2026-02-01,CRV,0.2795,29746346.29079535,2470396.8888387918,32216743.17963414,0.0766805283533581,12.04112036620059,11,binance;bitget;bybit;coinbase;crypto_com;gate;htx;kraken;kucoin;mexc;okx,arbitrum;eth,arbitrum;eth,5,curve;uniswap-v4-ethereum;uniswap_v3;uniswap_v3_arbitrum,0x4ebdf703948ddcea3b11f675b4d1fba9d2414a14;0x540a21655573a3b1d18812d51660b515cafede7ccb1d978c064ba79360916557;0x6bf6ce5b16c6941ada9a4e2a003209174cd2ec6fcd619a6e045bdff0b239d1fe;0x919fa96e88d67499339577fa202345436bcdaf79;0xa95b0f5a65a769d82ab4f3e82842e45b8bbaf101,-0.033206502940159144,0.03076923076923066,-0.015742397137746056,-0.09660107334525947
2026-02-02,CRV,0.2881,33453990.94156468,2643238.0457012937,36097228.987265974,0.07322551120568699,12.656442727877275,11,binance;bitget;bybit;coinbase;crypto_com;gate;htx;kraken;kucoin;mexc;okx,arbitrum;eth,arbitrum;eth,5,curve;uniswap-v4-ethereum;uniswap_v3;uniswap_v3_arbitrum,0x4ebdf703948ddcea3b11f675b4d1fba9d2414a14;0x540a21655573a3b1d18812d51660b515cafede7ccb1d978c064ba79360916557;0x6bf6ce5b16c6941ada9a4e2a003209174cd2ec6fcd619a6e045bdff0b239d1fe;0x919fa96e88d67499339577fa202345436bcdaf79;0xa95b0f5a65a769d82ab4f3e82842e45b8bbaf101,0.03076923076923066,-0.038875390489413575,-0.19958347795904208,-0.12148559527941694
2026-02-03,CRV,0.2769,33121392.215119828,2012458.9639322725,35133851.1790521,0.05727977139984482,16.45817023289847,11,binance;bitget;bybit;coinbase;crypto_com;gate;htx;kraken;kucoin;mexc;okx,arbitrum;eth,arbitrum;eth,5,curve;uniswap-v4-ethereum;uniswap_v3;uniswap_v3_arbitrum,0x4ebdf703948ddcea3b11f675b4d1fba9d2414a14;0x540a21655573a3b1d18812d51660b515cafede7ccb1d978c064ba79360916557;0x6bf6ce5b16c6941ada9a4e2a003209174cd2ec6fcd619a6e045bdff0b239d1fe;0x919fa96e88d67499339577fa202345436bcdaf79;0xa95b0f5a65a769d82ab4f3e82842e45b8bbaf101,-0.038875390489413575,-0.006500541711809249,-0.06933911159263273,-0.1592632719393282
2026-02-04,CRV,0.2751,26387597.659914225,2043590.0425476588,28431187.702461883,0.07187846191774473,12.912373377498897,11,binance;bitget;bybit;coinbase;crypto_com;gate;htx;kraken;kucoin;mexc;okx,arbitrum;eth,arbitrum;eth,5,curve;uniswap-v4-ethereum;uniswap_v3;uniswap_v3_arbitrum,0x4ebdf703948ddcea3b11f675b4d1fba9d2414a14;0x540a21655573a3b1d18812d51660b515cafede7ccb1d978c064ba79360916557;0x6bf6ce5b16c6941ada9a4e2a003209174cd2ec6fcd619a6e045bdff0b239d1fe;0x919fa96e88d67499339577fa202345436bcdaf79;0xa95b0f5a65a769d82ab4f3e82842e45b8bbaf101,-0.006500541711809249,-0.1617593602326427,-0.06397673573246099,-0.15739731006906577
2026-02-05,CRV,0.2306,52235765.19586455,3848982.061127105,56084747.256991655,0.06862796480993827,13.57131947260057,11,binance;bitget;bybit;coinbase;crypto_com;gate;htx;kraken;kucoin;mexc;okx,arbitrum;eth,arbitrum;eth,5,curve;uniswap-v4-ethereum;uniswap_v3;uniswap_v3_arbitrum,0x4ebdf703948ddcea3b11f675b4d1fba9d2414a14;0x540a21655573a3b1d18812d51660b515cafede7ccb1d978c064ba79360916557;0x6bf6ce5b16c6941ada9a4e2a003209174cd2ec6fcd619a6e045bdff0b239d1fe;0x919fa96e88d67499339577fa202345436bcdaf79;0xa95b0f5a65a769d82ab4f3e82842e45b8bbaf101,-0.1617593602326427,0.11751951431049434,0.09496964440589761,0.035993061578490915
2026-02-06,CRV,0.2577,41036678.7151795,3193686.341043754,44230365.05622326,0.07220574229907693,12.849314031811897,11,binance;bitget;bybit;coinbase;crypto_com;gate;htx;kraken;kucoin;mexc;okx,arbitrum;eth,arbitrum;eth,5,curve;uniswap-v4-ethereum;uniswap_v3;uniswap_v3_arbitrum,0x4ebdf703948ddcea3b11f675b4d1fba9d2414a14;0x540a21655573a3b1d18812d51660b515cafede7ccb1d978c064ba79360916557;0x6bf6ce5b16c6941ada9a4e2a003209174cd2ec6fcd619a6e045bdff0b239d1fe;0x919fa96e88d67499339577fa202345436bcdaf79;0xa95b0f5a65a769d82ab4f3e82842e45b8bbaf101,0.11751951431049434,-0.0007760962359332213,-0.017850213426464867,-0.02405898331393086
2026-02-07,CRV,0.2575,22877894.428069524,1624977.2487243642,24502871.67679389,0.06631782878997579,14.078901379098738,11,binance;bitget;bybit;coinbase;crypto_com;gate;htx;kraken;kucoin;mexc;okx,arbitrum;eth,arbitrum;eth,5,curve;uniswap-v4-ethereum;uniswap_v3;uniswap_v3_arbitrum,0x4ebdf703948ddcea3b11f675b4d1fba9d2414a14;0x540a21655573a3b1d18812d51660b515cafede7ccb1d978c064ba79360916557;0x6bf6ce5b16c6941ada9a4e2a003209174cd2ec6fcd619a6e045bdff0b239d1fe;0x919fa96e88d67499339577fa202345436bcdaf79;0xa95b0f5a65a769d82ab4f3e82842e45b8bbaf101,-0.0007760962359332213,-0.01941747572815533,-0.0959223300970874,0.032621359223301116
2026-02-08,CRV,0.2525,13464264.951120375,982418.3208071669,14446683.271927541,0.06800303587441273,13.705225835016972,11,binance;bitget;bybit;coinbase;crypto_com;gate;htx;kraken;kucoin;mexc;okx,arbitrum;eth,arbitrum;eth,5,curve;uniswap-v4-ethereum;uniswap_v3;uniswap_v3_arbitrum,0x4ebdf703948ddcea3b11f675b4d1fba9d2414a14;0x540a21655573a3b1d18812d51660b515cafede7ccb1d978c064ba79360916557;0x6bf6ce5b16c6941ada9a4e2a003209174cd2ec6fcd619a6e045bdff0b239d1fe;0x919fa96e88d67499339577fa202345436bcdaf79;0xa95b0f5a65a769d82ab4f3e82842e45b8bbaf101,-0.01941747572815533,0.0023762376237623783,-0.08198019801980194,-0.009504950495049513
2026-02-09,CRV,0.2531,16634939.500323983,1245561.4042235701,17880500.904547554,0.0696603194101115,13.355374888718147,11,binance;bitget;bybit;coinbase;crypto_com;gate;htx;kraken;kucoin;mexc;okx,arbitrum;eth,arbitrum;eth,5,curve;uniswap-v4-ethereum;uniswap_v3;uniswap_v3_arbitrum,0x4ebdf703948ddcea3b11f675b4d1fba9d2414a14;0x540a21655573a3b1d18812d51660b515cafede7ccb1d978c064ba79360916557;0x6bf6ce5b16c6941ada9a4e2a003209174cd2ec6fcd619a6e045bdff0b239d1fe;0x919fa96e88d67499339577fa202345436bcdaf79;0xa95b0f5a65a769d82ab4f3e82842e45b8bbaf101,0.0023762376237623783,-0.08020545239035948,-0.05610430659818255,0.006716712761754451
2026-02-10,CRV,0.2328,22944223.116267517,1250870.1371419195,24195093.253409438,0.051699331101592416,18.34261002400471,11,binance;bitget;bybit;coinbase;crypto_com;gate;htx;kraken;kucoin;mexc;okx,arbitrum;eth,arbitrum;eth,5,curve;uniswap-v4-ethereum;uniswap_v3;uniswap_v3_arbitrum,0x4ebdf703948ddcea3b11f675b4d1fba9d2414a14;0x540a21655573a3b1d18812d51660b515cafede7ccb1d978c064ba79360916557;0x6bf6ce5b16c6941ada9a4e2a003209174cd2ec6fcd619a6e045bdff0b239d1fe;0x919fa96e88d67499339577fa202345436bcdaf79;0xa95b0f5a65a769d82ab4f3e82842e45b8bbaf101,-0.08020545239035948,-0.004295532646048095,0.08032646048109959,0.0850515463917525
2026-02-11,CRV,0.2318,15889126.373911524,1259424.6946499262,17148551.06856145,0.07344204706360513,12.616178197401567,11,binance;bitget;bybit;coinbase;crypto_com;gate;htx;kraken;kucoin;mexc;okx,arbitrum;eth,arbitrum;eth,5,curve;uniswap-v4-ethereum;uniswap_v3;uniswap_v3_arbitrum,0x4ebdf703948ddcea3b11f675b4d1fba9d2414a14;0x540a21655573a3b1d18812d51660b515cafede7ccb1d978c064ba79360916557;0x6bf6ce5b16c6941ada9a4e2a003209174cd2ec6fcd619a6e045bdff0b239d1fe;0x919fa96e88d67499339577fa202345436bcdaf79;0xa95b0f5a65a769d82ab4f3e82842e45b8bbaf101,-0.004295532646048095,0.030629853321829215,0.147109577221743,0.053494391716997436
2026-02-12,CRV,0.2389,13960744.698125426,1078181.267123863,15038925.965249289,0.07169270396138896,12.948420756156205,11,binance;bitget;bybit;coinbase;crypto_com;gate;htx;kraken;kucoin;mexc;okx,arbitrum;eth,arbitrum;eth,5,curve;uniswap-v4-ethereum;uniswap_v3;uniswap_v3_arbitrum,0x4ebdf703948ddcea3b11f675b4d1fba9d2414a14;0x540a21655573a3b1d18812d51660b515cafede7ccb1d978c064ba79360916557;0x6bf6ce5b16c6941ada9a4e2a003209174cd2ec6fcd619a6e045bdff0b239d1fe;0x919fa96e88d67499339577fa202345436bcdaf79;0xa95b0f5a65a769d82ab4f3e82842e45b8bbaf101,0.030629853321829215,0.05274173294265383,0.04688154039346992,0.004604437002930117
2026-02-13,CRV,0.2515,14682317.891241979,1186605.0000183745,15868922.891260354,0.07477539642415712,12.373382794623842,11,binance;bitget;bybit;coinbase;crypto_com;gate;htx;kraken;kucoin;mexc;okx,arbitrum;eth,arbitrum;eth,5,curve;uniswap-v4-ethereum;uniswap_v3;uniswap_v3_arbitrum,0x4ebdf703948ddcea3b11f675b4d1fba9d2414a14;0x540a21655573a3b1d18812d51660b515cafede7ccb1d978c064ba79360916557;0x6bf6ce5b16c6941ada9a4e2a003209174cd2ec6fcd619a6e045bdff0b239d1fe;0x919fa96e88d67499339577fa202345436bcdaf79;0xa95b0f5a65a769d82ab4f3e82842e45b8bbaf101,0.05274173294265383,0.05725646123260453,0.013121272365805181,-0.01749502982107365
2026-02-14,CRV,0.2659,18073242.333287098,925324.7255523786,18998567.058839478,0.04870497457448256,19.531783636818048,11,binance;bitget;bybit;coinbase;crypto_com;gate;htx;kraken;kucoin;mexc;okx,arbitrum;eth,arbitrum;eth,5,curve;uniswap-v4-ethereum;uniswap_v3;uniswap_v3_arbitrum,0x4ebdf703948ddcea3b11f675b4d1fba9d2414a14;0x540a21655573a3b1d18812d51660b515cafede7ccb1d978c064ba79360916557;0x6bf6ce5b16c6941ada9a4e2a003209174cd2ec6fcd619a6e045bdff0b239d1fe;0x919fa96e88d67499339577fa202345436bcdaf79;0xa95b0f5a65a769d82ab4f3e82842e45b8bbaf101,0.05725646123260453,-0.05942083490033856,-0.05001880406167747,-0.10191801429108693
2026-02-15,CRV,0.2501,12675472.213354804,1111185.5083691953,13786657.721724,0.08059861431231959,11.407161196655323,11,binance;bitget;bybit;coinbase;crypto_com;gate;htx;kraken;kucoin;mexc;okx,arbitrum;eth,arbitrum;eth,5,curve;uniswap-v4-ethereum;uniswap_v3;uniswap_v3_arbitrum,0x4ebdf703948ddcea3b11f675b4d1fba9d2414a14;0x540a21655573a3b1d18812d51660b515cafede7ccb1d978c064ba79360916557;0x6bf6ce5b16c6941ada9a4e2a003209174cd2ec6fcd619a6e045bdff0b239d1fe;0x919fa96e88d67499339577fa202345436bcdaf79;0xa95b0f5a65a769d82ab4f3e82842e45b8bbaf101,-0.05942083490033856,0.018792483006797367,-0.023590563774490203,-0.07157137145141945
2026-02-16,CRV,0.2548,10973680.667219792,985665.4824769864,11959346.149696779,0.08241800765186291,11.133270731610518,11,binance;bitget;bybit;coinbase;crypto_com;gate;htx;kraken;kucoin;mexc;okx,arbitrum;eth,arbitrum;eth,5,curve;uniswap-v4-ethereum;uniswap_v3;uniswap_v3_arbitrum,0x4ebdf703948ddcea3b11f675b4d1fba9d2414a14;0x540a21655573a3b1d18812d51660b515cafede7ccb1d978c064ba79360916557;0x6bf6ce5b16c6941ada9a4e2a003209174cd2ec6fcd619a6e045bdff0b239d1fe;0x919fa96e88d67499339577fa202345436bcdaf79;0xa95b0f5a65a769d82ab4f3e82842e45b8bbaf101,0.018792483006797367,-0.008634222919937318,-0.058084772370486815,-0.12833594976452134
2026-02-17,CRV,0.2526,9622451.10370545,847546.0279155971,10469997.131621048,0.08094997708794724,11.353308005431067,11,binance;bitget;bybit;coinbase;crypto_com;gate;htx;kraken;kucoin;mexc;okx,arbitrum;eth,arbitrum;eth,5,curve;uniswap-v4-ethereum;uniswap_v3;uniswap_v3_arbitrum,0x4ebdf703948ddcea3b11f675b4d1fba9d2414a14;0x540a21655573a3b1d18812d51660b515cafede7ccb1d978c064ba79360916557;0x6bf6ce5b16c6941ada9a4e2a003209174cd2ec6fcd619a6e045bdff0b239d1fe;0x919fa96e88d67499339577fa202345436bcdaf79;0xa95b0f5a65a769d82ab4f3e82842e45b8bbaf101,-0.008634222919937318,-0.0332541567695962,-0.021773555027711833,-0.11045130641330159
2026-02-18,CRV,0.2442,11326408.2406405,911837.9588570787,12238246.199497579,0.07450724098805209,12.42151429497113,11,binance;bitget;bybit;coinbase;crypto_com;gate;htx;kraken;kucoin;mexc;okx,arbitrum;eth,arbitrum;eth,5,curve;uniswap-v4-ethereum;uniswap_v3;uniswap_v3_arbitrum,0x4ebdf703948ddcea3b11f675b4d1fba9d2414a14;0x540a21655573a3b1d18812d51660b515cafede7ccb1d978c064ba79360916557;0x6bf6ce5b16c6941ada9a4e2a003209174cd2ec6fcd619a6e045bdff0b239d1fe;0x919fa96e88d67499339577fa202345436bcdaf79;0xa95b0f5a65a769d82ab4f3e82842e45b8bbaf101,-0.0332541567695962,-0.017199017199017286,-0.02211302211302202,0.03890253890253881
2026-02-19,CRV,0.24,10658610.691940432,664702.2263486915,11323312.918289123,0.05870209815318992,16.03516622847763,11,binance;bitget;bybit;coinbase;crypto_com;gate;htx;kraken;kucoin;mexc;okx,arbitrum;eth,arbitrum;eth,5,curve;uniswap-v4-ethereum;uniswap_v3;uniswap_v3_arbitrum,0x4ebdf703948ddcea3b11f675b4d1fba9d2414a14;0x540a21655573a3b1d18812d51660b515cafede7ccb1d978c064ba79360916557;0x6bf6ce5b16c6941ada9a4e2a003209174cd2ec6fcd619a6e045bdff0b239d1fe;0x919fa96e88d67499339577fa202345436bcdaf79;0xa95b0f5a65a769d82ab4f3e82842e45b8bbaf101,-0.017199017199017286,0.029583333333333295,-0.03249999999999997,0.04208333333333325
2026-02-20,CRV,0.2471,12199044.666093726,755821.4774428383,12954866.143536564,0.05834266977894884,16.140113810164017,11,binance;bitget;bybit;coinbase;crypto_com;gate;htx;kraken;kucoin;mexc;okx,arbitrum;eth,arbitrum;eth,5,curve;uniswap-v4-ethereum;uniswap_v3;uniswap_v3_arbitrum,0x4ebdf703948ddcea3b11f675b4d1fba9d2414a14;0x540a21655573a3b1d18812d51660b515cafede7ccb1d978c064ba79360916557;0x6bf6ce5b16c6941ada9a4e2a003209174cd2ec6fcd619a6e045bdff0b239d1fe;0x919fa96e88d67499339577fa202345436bcdaf79;0xa95b0f5a65a769d82ab4f3e82842e45b8bbaf101,0.029583333333333295,-0.0335896398219343,-0.10117361392148927,-0.021044111695669665
2026-02-21,CRV,0.2388,7398914.856736611,355337.52107249264,7754252.377809104,0.045824858897988326,20.82221667558477,11,binance;bitget;bybit;coinbase;crypto_com;gate;htx;kraken;kucoin;mexc;okx,arbitrum;eth,arbitrum;eth,5,curve;uniswap-v4-ethereum;uniswap_v3;uniswap_v3_arbitrum,0x4ebdf703948ddcea3b11f675b4d1fba9d2414a14;0x540a21655573a3b1d18812d51660b515cafede7ccb1d978c064ba79360916557;0x6bf6ce5b16c6941ada9a4e2a003209174cd2ec6fcd619a6e045bdff0b239d1fe;0x919fa96e88d67499339577fa202345436bcdaf79;0xa95b0f5a65a769d82ab4f3e82842e45b8bbaf101,-0.0335896398219343,-0.027638190954773934,-0.05904522613065322,0.051926298157453754
2026-02-22,CRV,0.2322,9123255.722535653,407339.3157024867,9530595.03823814,0.042740176669786294,22.397189200364625,11,binance;bitget;bybit;coinbase;crypto_com;gate;htx;kraken;kucoin;mexc;okx,arbitrum;eth,arbitrum;eth,5,curve;uniswap-v4-ethereum;uniswap_v3;uniswap_v3_arbitrum,0x4ebdf703948ddcea3b11f675b4d1fba9d2414a14;0x540a21655573a3b1d18812d51660b515cafede7ccb1d978c064ba79360916557;0x6bf6ce5b16c6941ada9a4e2a003209174cd2ec6fcd619a6e045bdff0b239d1fe;0x919fa96e88d67499339577fa202345436bcdaf79;0xa95b0f5a65a769d82ab4f3e82842e45b8bbaf101,-0.027638190954773934,-0.0434969853574505,0.09259259259259256,0.042204995693367886
2026-02-23,CRV,0.2221,15286812.171547864,961364.46099648,16248176.632544344,0.059167528931887134,15.901162141673797,11,binance;bitget;bybit;coinbase;crypto_com;gate;htx;kraken;kucoin;mexc;okx,arbitrum;eth,arbitrum;eth,5,curve;uniswap-v4-ethereum;uniswap_v3;uniswap_v3_arbitrum,0x4ebdf703948ddcea3b11f675b4d1fba9d2414a14;0x540a21655573a3b1d18812d51660b515cafede7ccb1d978c064ba79360916557;0x6bf6ce5b16c6941ada9a4e2a003209174cd2ec6fcd619a6e045bdff0b239d1fe;0x919fa96e88d67499339577fa202345436bcdaf79;0xa95b0f5a65a769d82ab4f3e82842e45b8bbaf101,-0.0434969853574505,0.011706438541197794,0.12606933813597476,0.12381809995497517
2026-02-24,CRV,0.2247,14373481.341305047,1025171.2866690337,15398652.627974082,0.06657538886270142,14.020565663721502,11,binance;bitget;bybit;coinbase;crypto_com;gate;htx;kraken;kucoin;mexc;okx,arbitrum;eth,arbitrum;eth,5,curve;uniswap-v4-ethereum;uniswap_v3;uniswap_v3_arbitrum,0x4ebdf703948ddcea3b11f675b4d1fba9d2414a14;0x540a21655573a3b1d18812d51660b515cafede7ccb1d978c064ba79360916557;0x6bf6ce5b16c6941ada9a4e2a003209174cd2ec6fcd619a6e045bdff0b239d1fe;0x919fa96e88d67499339577fa202345436bcdaf79;0xa95b0f5a65a769d82ab4f3e82842e45b8bbaf101,0.011706438541197794,0.12906097018246543,0.07654650645304839,0.12105028927458839
2026-02-25,CRV,0.2537,22039088.069774304,1229414.150245812,23268502.220020115,0.052835981388953755,17.926496181427353,11,binance;bitget;bybit;coinbase;crypto_com;gate;htx;kraken;kucoin;mexc;okx,arbitrum;eth,arbitrum;eth,5,curve;uniswap-v4-ethereum;uniswap_v3;uniswap_v3_arbitrum,0x4ebdf703948ddcea3b11f675b4d1fba9d2414a14;0x540a21655573a3b1d18812d51660b515cafede7ccb1d978c064ba79360916557;0x6bf6ce5b16c6941ada9a4e2a003209174cd2ec6fcd619a6e045bdff0b239d1fe;0x919fa96e88d67499339577fa202345436bcdaf79;0xa95b0f5a65a769d82ab4f3e82842e45b8bbaf101,0.12906097018246543,-0.014189988175009827,-0.009854158454867923,0.005912495072920798
2026-02-26,CRV,0.2501,19798333.440760527,1042835.3038956444,20841168.74465617,0.05003727558047986,18.98510087527851,11,binance;bitget;bybit;coinbase;crypto_com;gate;htx;kraken;kucoin;mexc;okx,arbitrum;eth,arbitrum;eth,5,curve;uniswap-v4-ethereum;uniswap_v3;uniswap_v3_arbitrum,0x4ebdf703948ddcea3b11f675b4d1fba9d2414a14;0x540a21655573a3b1d18812d51660b515cafede7ccb1d978c064ba79360916557;0x6bf6ce5b16c6941ada9a4e2a003209174cd2ec6fcd619a6e045bdff0b239d1fe;0x919fa96e88d67499339577fa202345436bcdaf79;0xa95b0f5a65a769d82ab4f3e82842e45b8bbaf101,-0.014189988175009827,-0.032786885245901565,-0.032387045181927254,0.0007996801279490651
2026-02-27,CRV,0.2419,11869454.19769721,1000004.6134090893,12869458.811106298,0.0777037036356252,11.86939943930195,11,binance;bitget;bybit;coinbase;crypto_com;gate;htx;kraken;kucoin;mexc;okx,arbitrum;eth,arbitrum;eth,5,curve;uniswap-v4-ethereum;uniswap_v3;uniswap_v3_arbitrum,0x4ebdf703948ddcea3b11f675b4d1fba9d2414a14;0x540a21655573a3b1d18812d51660b515cafede7ccb1d978c064ba79360916557;0x6bf6ce5b16c6941ada9a4e2a003209174cd2ec6fcd619a6e045bdff0b239d1fe;0x919fa96e88d67499339577fa202345436bcdaf79;0xa95b0f5a65a769d82ab4f3e82842e45b8bbaf101,-0.032786885245901565,0.0384456386936749,0.031831335262505034,0.007027697395618038
2026-02-28,CRV,0.2512,18421066.812504575,1205512.8793810296,19626579.691885605,0.06142246373571834,15.280688516544815,11,binance;bitget;bybit;coinbase;crypto_com;gate;htx;kraken;kucoin;mexc;okx,arbitrum;eth,arbitrum;eth,5,curve;uniswap-v4-ethereum;uniswap_v3;uniswap_v3_arbitrum,0x4ebdf703948ddcea3b11f675b4d1fba9d2414a14;0x540a21655573a3b1d18812d51660b515cafede7ccb1d978c064ba79360916557;0x6bf6ce5b16c6941ada9a4e2a003209174cd2ec6fcd619a6e045bdff0b239d1fe;0x919fa96e88d67499339577fa202345436bcdaf79;0xa95b0f5a65a769d82ab4f3e82842e45b8bbaf101,0.0384456386936749,-0.03662420382165599,0.002786624203821697,-0.06727707006369421
2026-03-01,CRV,0.242,15655300.934055597,987662.0884951942,16642963.022550792,0.05934412563177225,15.850867534976537,11,binance;bitget;bybit;coinbase;crypto_com;gate;htx;kraken;kucoin;mexc;okx,arbitrum;eth,arbitrum;eth,5,curve;uniswap-v4-ethereum;uniswap_v3;uniswap_v3_arbitrum,0x4ebdf703948ddcea3b11f675b4d1fba9d2414a14;0x540a21655573a3b1d18812d51660b515cafede7ccb1d978c064ba79360916557;0x6bf6ce5b16c6941ada9a4e2a003209174cd2ec6fcd619a6e045bdff0b239d1fe;0x919fa96e88d67499339577fa202345436bcdaf79;0xa95b0f5a65a769d82ab4f3e82842e45b8bbaf101,-0.03662420382165599,0.03140495867768589,0.05454545454545445,-0.03842975206611576
2026-03-02,CRV,0.2496,19104641.30832079,1130655.4922222367,20235296.80054303,0.05587540935855681,16.896960603597957,11,binance;bitget;bybit;coinbase;crypto_com;gate;htx;kraken;kucoin;mexc;okx,arbitrum;eth,arbitrum;eth,5,curve;uniswap-v4-ethereum;uniswap_v3;uniswap_v3_arbitrum,0x4ebdf703948ddcea3b11f675b4d1fba9d2414a14;0x540a21655573a3b1d18812d51660b515cafede7ccb1d978c064ba79360916557;0x6bf6ce5b16c6941ada9a4e2a003209174cd2ec6fcd619a6e045bdff0b239d1fe;0x919fa96e88d67499339577fa202345436bcdaf79;0xa95b0f5a65a769d82ab4f3e82842e45b8bbaf101,0.03140495867768589,0.009214743589743613,0.002804487179487225,-0.030048076923076872
2026-03-03,CRV,0.2519,18450444.922742203,1064280.0181526816,19514724.940894883,0.054537279996316315,17.3360813019561,11,binance;bitget;bybit;coinbase;crypto_com;gate;htx;kraken;kucoin;mexc;okx,arbitrum;eth,arbitrum;eth,5,curve;uniswap-v4-ethereum;uniswap_v3;uniswap_v3_arbitrum,0x4ebdf703948ddcea3b11f675b4d1fba9d2414a14;0x540a21655573a3b1d18812d51660b515cafede7ccb1d978c064ba79360916557;0x6bf6ce5b16c6941ada9a4e2a003209174cd2ec6fcd619a6e045bdff0b239d1fe;0x919fa96e88d67499339577fa202345436bcdaf79;0xa95b0f5a65a769d82ab4f3e82842e45b8bbaf101,0.009214743589743613,0.013100436681222627,-0.032949583167923735,-0.04088924176260422
2026-03-04,CRV,0.2552,18574651.11983963,1572363.5480456667,20147014.667885296,0.07804449314031832,11.813203850296942,11,binance;bitget;bybit;coinbase;crypto_com;gate;htx;kraken;kucoin;mexc;okx,arbitrum;eth,arbitrum;eth,5,curve;uniswap-v4-ethereum;uniswap_v3;uniswap_v3_arbitrum,0x4ebdf703948ddcea3b11f675b4d1fba9d2414a14;0x540a21655573a3b1d18812d51660b515cafede7ccb1d978c064ba79360916557;0x6bf6ce5b16c6941ada9a4e2a003209174cd2ec6fcd619a6e045bdff0b239d1fe;0x919fa96e88d67499339577fa202345436bcdaf79;0xa95b0f5a65a769d82ab4f3e82842e45b8bbaf101,0.013100436681222627,-0.019200626959247513,-0.08189655172413779,-0.08620689655172409
2026-03-05,CRV,0.2503,12823217.694927372,1053111.7447715062,13876329.439698879,0.07589267387661265,12.176502406883353,11,binance;bitget;bybit;coinbase;crypto_com;gate;htx;kraken;kucoin;mexc;okx,arbitrum;eth,arbitrum;eth,5,curve;uniswap-v4-ethereum;uniswap_v3;uniswap_v3_arbitrum,0x4ebdf703948ddcea3b11f675b4d1fba9d2414a14;0x540a21655573a3b1d18812d51660b515cafede7ccb1d978c064ba79360916557;0x6bf6ce5b16c6941ada9a4e2a003209174cd2ec6fcd619a6e045bdff0b239d1fe;0x919fa96e88d67499339577fa202345436bcdaf79;0xa95b0f5a65a769d82ab4f3e82842e45b8bbaf101,-0.019200626959247513,-0.02676787854574514,-0.07031562125449475,-0.060727127447063545
2026-03-06,CRV,0.2436,9790921.846280623,943357.3319552301,10734279.178235853,0.0878826902385697,10.37880505575514,11,binance;bitget;bybit;coinbase;crypto_com;gate;htx;kraken;kucoin;mexc;okx,arbitrum;eth,arbitrum;eth,5,curve;uniswap-v4-ethereum;uniswap_v3;uniswap_v3_arbitrum,0x4ebdf703948ddcea3b11f675b4d1fba9d2414a14;0x540a21655573a3b1d18812d51660b515cafede7ccb1d978c064ba79360916557;0x6bf6ce5b16c6941ada9a4e2a003209174cd2ec6fcd619a6e045bdff0b239d1fe;0x919fa96e88d67499339577fa202345436bcdaf79;0xa95b0f5a65a769d82ab4f3e82842e45b8bbaf101,-0.02676787854574514,-0.03817733990147787,-0.006157635467980316,-0.0336617405582923
2026-03-07,CRV,0.2343,10303563.798535397,671595.286225324,10975159.084760722,0.0611923053723978,15.341923938219086,11,binance;bitget;bybit;coinbase;crypto_com;gate;htx;kraken;kucoin;mexc;okx,arbitrum;eth,arbitrum;eth,5,curve;uniswap-v4-ethereum;uniswap_v3;uniswap_v3_arbitrum,0x4ebdf703948ddcea3b11f675b4d1fba9d2414a14;0x540a21655573a3b1d18812d51660b515cafede7ccb1d978c064ba79360916557;0x6bf6ce5b16c6941ada9a4e2a003209174cd2ec6fcd619a6e045bdff0b239d1fe;0x919fa96e88d67499339577fa202345436bcdaf79;0xa95b0f5a65a769d82ab4f3e82842e45b8bbaf101,-0.03817733990147787,-0.006828851899274513,0.031156636790439673,0.0017072129748185727
2026-03-08,CRV,0.2327,14303077.89023966,1030324.104077391,15333401.994317051,0.06719474937520423,13.882115184568475,11,binance;bitget;bybit;coinbase;crypto_com;gate;htx;kraken;kucoin;mexc;okx,arbitrum;eth,arbitrum;eth,5,curve;uniswap-v4-ethereum;uniswap_v3;uniswap_v3_arbitrum,0x4ebdf703948ddcea3b11f675b4d1fba9d2414a14;0x540a21655573a3b1d18812d51660b515cafede7ccb1d978c064ba79360916557;0x6bf6ce5b16c6941ada9a4e2a003209174cd2ec6fcd619a6e045bdff0b239d1fe;0x919fa96e88d67499339577fa202345436bcdaf79;0xa95b0f5a65a769d82ab4f3e82842e45b8bbaf101,-0.006828851899274513,0.040395358831113004,0.0021486892995272733,0.046411688869789414
2026-03-09,CRV,0.2421,15626081.81515856,1343802.864734468,16969884.679893028,0.07918750716831265,11.628254579027285,11,binance;bitget;bybit;coinbase;crypto_com;gate;htx;kraken;kucoin;mexc;okx,arbitrum;eth,arbitrum;eth,5,curve;uniswap-v4-ethereum;uniswap_v3;uniswap_v3_arbitrum,0x4ebdf703948ddcea3b11f675b4d1fba9d2414a14;0x540a21655573a3b1d18812d51660b515cafede7ccb1d978c064ba79360916557;0x6bf6ce5b16c6941ada9a4e2a003209174cd2ec6fcd619a6e045bdff0b239d1fe;0x919fa96e88d67499339577fa202345436bcdaf79;0xa95b0f5a65a769d82ab4f3e82842e45b8bbaf101,0.040395358831113004,-0.0020652622883106098,-0.028913672036348648,0.052457662123089666
2026-03-10,CRV,0.2416,16916230.32390026,1235932.8838062342,18152163.207706496,0.06808736069988172,13.68701370887089,11,binance;bitget;bybit;coinbase;crypto_com;gate;htx;kraken;kucoin;mexc;okx,arbitrum;eth,arbitrum;eth,5,curve;uniswap-v4-ethereum;uniswap_v3;uniswap_v3_arbitrum,0x4ebdf703948ddcea3b11f675b4d1fba9d2414a14;0x540a21655573a3b1d18812d51660b515cafede7ccb1d978c064ba79360916557;0x6bf6ce5b16c6941ada9a4e2a003209174cd2ec6fcd619a6e045bdff0b239d1fe;0x919fa96e88d67499339577fa202345436bcdaf79;0xa95b0f5a65a769d82ab4f3e82842e45b8bbaf101,-0.0020652622883106098,-0.03476821192052992,-0.025662251655629187,0.036009933774834524
2026-03-11,CRV,0.2332,13805260.029579427,939229.9993650363,14744490.028944463,0.06370040588187603,14.698487099978102,11,binance;bitget;bybit;coinbase;crypto_com;gate;htx;kraken;kucoin;mexc;okx,arbitrum;eth,arbitrum;eth,5,curve;uniswap-v4-ethereum;uniswap_v3;uniswap_v3_arbitrum,0x4ebdf703948ddcea3b11f675b4d1fba9d2414a14;0x540a21655573a3b1d18812d51660b515cafede7ccb1d978c064ba79360916557;0x6bf6ce5b16c6941ada9a4e2a003209174cd2ec6fcd619a6e045bdff0b239d1fe;0x919fa96e88d67499339577fa202345436bcdaf79;0xa95b0f5a65a769d82ab4f3e82842e45b8bbaf101,-0.03476821192052992,0.00814751286449411,0.0064322469982847075,0.027873070325900473
2026-03-12,CRV,0.2351,12911699.440252306,932035.2607746302,13843734.701026937,0.0673254205532768,13.853230648721567,11,binance;bitget;bybit;coinbase;crypto_com;gate;htx;kraken;kucoin;mexc;okx,arbitrum;eth,arbitrum;eth,5,curve;uniswap-v4-ethereum;uniswap_v3;uniswap_v3_arbitrum,0x4ebdf703948ddcea3b11f675b4d1fba9d2414a14;0x540a21655573a3b1d18812d51660b515cafede7ccb1d978c064ba79360916557;0x6bf6ce5b16c6941ada9a4e2a003209174cd2ec6fcd619a6e045bdff0b239d1fe;0x919fa96e88d67499339577fa202345436bcdaf79;0xa95b0f5a65a769d82ab4f3e82842e45b8bbaf101,0.00814751286449411,0.0012760527435133895,0.03572947681837513,0.006805614632071411
2026-03-13,CRV,0.2354,15296049.874493921,864413.0196034007,16160462.894097323,0.05348937250548258,17.69530250887691,11,binance;bitget;bybit;coinbase;crypto_com;gate;htx;kraken;kucoin;mexc;okx,arbitrum;eth,arbitrum;eth,5,curve;uniswap-v4-ethereum;uniswap_v3;uniswap_v3_arbitrum,0x4ebdf703948ddcea3b11f675b4d1fba9d2414a14;0x540a21655573a3b1d18812d51660b515cafede7ccb1d978c064ba79360916557;0x6bf6ce5b16c6941ada9a4e2a003209174cd2ec6fcd619a6e045bdff0b239d1fe;0x919fa96e88d67499339577fa202345436bcdaf79;0xa95b0f5a65a769d82ab4f3e82842e45b8bbaf101,0.0012760527435133895,-0.0029736618521665203,0.08241291418861518,0.0
2026-03-14,CRV,0.2347,12464327.924280057,586201.9742466102,13050529.898526667,0.0449178676118576,21.262855588808407,11,binance;bitget;bybit;coinbase;crypto_com;gate;htx;kraken;kucoin;mexc;okx,arbitrum;eth,arbitrum;eth,5,curve;uniswap-v4-ethereum;uniswap_v3;uniswap_v3_arbitrum,0x4ebdf703948ddcea3b11f675b4d1fba9d2414a14;0x540a21655573a3b1d18812d51660b515cafede7ccb1d978c064ba79360916557;0x6bf6ce5b16c6941ada9a4e2a003209174cd2ec6fcd619a6e045bdff0b239d1fe;0x919fa96e88d67499339577fa202345436bcdaf79;0xa95b0f5a65a769d82ab4f3e82842e45b8bbaf101,-0.0029736618521665203,0.03749467405198126,0.06646783127396683,-0.030677460587984595
2026-03-15,CRV,0.2435,17213442.548973683,743664.5612290219,17957107.110202704,0.04141338338437005,23.146783437583444,11,binance;bitget;bybit;coinbase;crypto_com;gate;htx;kraken;kucoin;mexc;okx,arbitrum;eth,arbitrum;eth,5,curve;uniswap-v4-ethereum;uniswap_v3;uniswap_v3_arbitrum,0x4ebdf703948ddcea3b11f675b4d1fba9d2414a14;0x540a21655573a3b1d18812d51660b515cafede7ccb1d978c064ba79360916557;0x6bf6ce5b16c6941ada9a4e2a003209174cd2ec6fcd619a6e045bdff0b239d1fe;0x919fa96e88d67499339577fa202345436bcdaf79;0xa95b0f5a65a769d82ab4f3e82842e45b8bbaf101,0.03749467405198126,0.04640657084188926,-0.015605749486652942,-0.1100616016427104
2026-03-16,CRV,0.2548,17328181.89412424,1195841.4657360436,18524023.359860282,0.06455624906667486,14.490367152019349,11,binance;bitget;bybit;coinbase;crypto_com;gate;htx;kraken;kucoin;mexc;okx,arbitrum;eth,arbitrum;eth,5,curve;uniswap-v4-ethereum;uniswap_v3;uniswap_v3_arbitrum,0x4ebdf703948ddcea3b11f675b4d1fba9d2414a14;0x540a21655573a3b1d18812d51660b515cafede7ccb1d978c064ba79360916557;0x6bf6ce5b16c6941ada9a4e2a003209174cd2ec6fcd619a6e045bdff0b239d1fe;0x919fa96e88d67499339577fa202345436bcdaf79;0xa95b0f5a65a769d82ab4f3e82842e45b8bbaf101,0.04640657084188926,-0.017660910518053408,-0.07103610675039262,-0.1385400313971743
2026-03-17,CRV,0.2503,19379161.435433026,1174093.9676877907,20553255.403120816,0.05712447710397817,16.505630698024536,11,binance;bitget;bybit;coinbase;crypto_com;gate;htx;kraken;kucoin;mexc;okx,arbitrum;eth,arbitrum;eth,5,curve;uniswap-v4-ethereum;uniswap_v3;uniswap_v3_arbitrum,0x4ebdf703948ddcea3b11f675b4d1fba9d2414a14;0x540a21655573a3b1d18812d51660b515cafede7ccb1d978c064ba79360916557;0x6bf6ce5b16c6941ada9a4e2a003209174cd2ec6fcd619a6e045bdff0b239d1fe;0x919fa96e88d67499339577fa202345436bcdaf79;0xa95b0f5a65a769d82ab4f3e82842e45b8bbaf101,-0.017660910518053408,-0.0423491809828207,-0.05952856572113474,-0.09588493807431087
2026-03-18,CRV,0.2397,13537901.211226664,841908.4520430244,14379809.66326969,0.05854795520649407,16.080015800262846,11,binance;bitget;bybit;coinbase;crypto_com;gate;htx;kraken;kucoin;mexc;okx,arbitrum;eth,arbitrum;eth,5,curve;uniswap-v4-ethereum;uniswap_v3;uniswap_v3_arbitrum,0x4ebdf703948ddcea3b11f675b4d1fba9d2414a14;0x540a21655573a3b1d18812d51660b515cafede7ccb1d978c064ba79360916557;0x6bf6ce5b16c6941ada9a4e2a003209174cd2ec6fcd619a6e045bdff0b239d1fe;0x919fa96e88d67499339577fa202345436bcdaf79;0xa95b0f5a65a769d82ab4f3e82842e45b8bbaf101,-0.0423491809828207,-0.01251564455569465,-0.050896954526491456,-0.02127659574468077
2026-03-19,CRV,0.2367,12703746.67998864,909588.3341503982,13613335.014139038,0.06681598103665887,13.966479343487388,11,binance;bitget;bybit;coinbase;crypto_com;gate;htx;kraken;kucoin;mexc;okx,arbitrum;eth,arbitrum;eth,5,curve;uniswap-v4-ethereum;uniswap_v3;uniswap_v3_arbitrum,0x4ebdf703948ddcea3b11f675b4d1fba9d2414a14;0x540a21655573a3b1d18812d51660b515cafede7ccb1d978c064ba79360916557;0x6bf6ce5b16c6941ada9a4e2a003209174cd2ec6fcd619a6e045bdff0b239d1fe;0x919fa96e88d67499339577fa202345436bcdaf79;0xa95b0f5a65a769d82ab4f3e82842e45b8bbaf101,-0.01251564455569465,-0.005492184199408556,-0.084495141529362,-0.06801858893113644
2026-03-20,CRV,0.2354,8606285.279374221,649306.1481070763,9255591.427481297,0.07015285335296725,13.254587692514763,11,binance;bitget;bybit;coinbase;crypto_com;gate;htx;kraken;kucoin;mexc;okx,arbitrum;eth,arbitrum;eth,4,curve;uniswap-v4-ethereum;uniswap_v3;uniswap_v3_arbitrum,0x4ebdf703948ddcea3b11f675b4d1fba9d2414a14;0x540a21655573a3b1d18812d51660b515cafede7ccb1d978c064ba79360916557;0x919fa96e88d67499339577fa202345436bcdaf79;0xa95b0f5a65a769d82ab4f3e82842e45b8bbaf101,-0.005492184199408556,-0.03355989804587933,-0.06754460492778247,-0.11894647408666104
2026-03-21,CRV,0.2275,9326798.940807253,286763.1232465945,9613562.064053848,0.02982901876910255,32.524401447486376,11,binance;bitget;bybit;coinbase;crypto_com;gate;htx;kraken;kucoin;mexc;okx,arbitrum;eth,arbitrum;eth,5,curve;uniswap-v4-ethereum;uniswap_v3;uniswap_v3_arbitrum,0x4ebdf703948ddcea3b11f675b4d1fba9d2414a14;0x540a21655573a3b1d18812d51660b515cafede7ccb1d978c064ba79360916557;0x6bf6ce5b16c6941ada9a4e2a003209174cd2ec6fcd619a6e045bdff0b239d1fe;0x919fa96e88d67499339577fa202345436bcdaf79;0xa95b0f5a65a769d82ab4f3e82842e45b8bbaf101,-0.03355989804587933,-0.047472527472527504,-0.005274725274725278,-0.07999999999999996
2026-03-22,CRV,0.2167,13170052.564978005,679078.5458395926,13849131.110817598,0.04903401812039762,19.394004781427668,11,binance;bitget;bybit;coinbase;crypto_com;gate;htx;kraken;kucoin;mexc;okx,arbitrum;eth,arbitrum;eth,5,curve;uniswap-v4-ethereum;uniswap_v3;uniswap_v3_arbitrum,0x4ebdf703948ddcea3b11f675b4d1fba9d2414a14;0x540a21655573a3b1d18812d51660b515cafede7ccb1d978c064ba79360916557;0x6bf6ce5b16c6941ada9a4e2a003209174cd2ec6fcd619a6e045bdff0b239d1fe;0x919fa96e88d67499339577fa202345436bcdaf79;0xa95b0f5a65a769d82ab4f3e82842e45b8bbaf101,-0.047472527472527504,0.01292108906322098,0.08260267651130593,-0.039686202122750314
2026-03-23,CRV,0.2195,21038703.174827404,914984.5978735762,21953687.77270098,0.041677945288597175,22.99350527180604,11,binance;bitget;bybit;coinbase;crypto_com;gate;htx;kraken;kucoin;mexc;okx,arbitrum;eth,arbitrum;eth,5,curve;uniswap-v4-ethereum;uniswap_v3;uniswap_v3_arbitrum,0x4ebdf703948ddcea3b11f675b4d1fba9d2414a14;0x540a21655573a3b1d18812d51660b515cafede7ccb1d978c064ba79360916557;0x6bf6ce5b16c6941ada9a4e2a003209174cd2ec6fcd619a6e045bdff0b239d1fe;0x919fa96e88d67499339577fa202345436bcdaf79;0xa95b0f5a65a769d82ab4f3e82842e45b8bbaf101,0.01292108906322098,0.030979498861047894,0.005011389521640153,-0.02095671981776759
2026-03-24,CRV,0.2263,18029773.30135556,624830.8305737707,18654604.13192933,0.03349472474220488,28.855447617396134,11,binance;bitget;bybit;coinbase;crypto_com;gate;htx;kraken;kucoin;mexc;okx,arbitrum;eth,arbitrum;eth,5,curve;uniswap-v4-ethereum;uniswap_v3;uniswap_v3_arbitrum,0x4ebdf703948ddcea3b11f675b4d1fba9d2414a14;0x540a21655573a3b1d18812d51660b515cafede7ccb1d978c064ba79360916557;0x6bf6ce5b16c6941ada9a4e2a003209174cd2ec6fcd619a6e045bdff0b239d1fe;0x919fa96e88d67499339577fa202345436bcdaf79;0xa95b0f5a65a769d82ab4f3e82842e45b8bbaf101,0.030979498861047894,0.036676977463544036,-0.08351745470614225,-0.036235086168802555
2026-03-25,CRV,0.2346,20803151.04470043,793370.3042649796,21596521.34896541,0.036736022966170255,26.221237337555223,11,binance;bitget;bybit;coinbase;crypto_com;gate;htx;kraken;kucoin;mexc;okx,arbitrum;eth,arbitrum;eth,5,curve;uniswap-v4-ethereum;uniswap_v3;uniswap_v3_arbitrum,0x4ebdf703948ddcea3b11f675b4d1fba9d2414a14;0x540a21655573a3b1d18812d51660b515cafede7ccb1d978c064ba79360916557;0x6bf6ce5b16c6941ada9a4e2a003209174cd2ec6fcd619a6e045bdff0b239d1fe;0x919fa96e88d67499339577fa202345436bcdaf79;0xa95b0f5a65a769d82ab4f3e82842e45b8bbaf101,0.036676977463544036,-0.05967604433077589,-0.10784313725490191,-0.07246376811594213
2026-03-26,CRV,0.2206,14150798.118762065,754546.5538821176,14905344.672644183,0.050622549860718,18.75404247220621,11,binance;bitget;bybit;coinbase;crypto_com;gate;htx;kraken;kucoin;mexc;okx,arbitrum;eth,arbitrum;eth,5,curve;uniswap-v4-ethereum;uniswap_v3;uniswap_v3_arbitrum,0x4ebdf703948ddcea3b11f675b4d1fba9d2414a14;0x540a21655573a3b1d18812d51660b515cafede7ccb1d978c064ba79360916557;0x6bf6ce5b16c6941ada9a4e2a003209174cd2ec6fcd619a6e045bdff0b239d1fe;0x919fa96e88d67499339577fa202345436bcdaf79;0xa95b0f5a65a769d82ab4f3e82842e45b8bbaf101,-0.05967604433077589,-0.059836808703535804,-0.05666364460562101,-0.05530371713508608
2026-03-27,CRV,0.2074,13999570.876911456,756272.4753715055,14755843.352282962,0.051252406068305015,18.511279112775345,11,binance;bitget;bybit;coinbase;crypto_com;gate;htx;kraken;kucoin;mexc;okx,arbitrum;eth,arbitrum;eth,5,curve;uniswap-v4-ethereum;uniswap_v3;uniswap_v3_arbitrum,0x4ebdf703948ddcea3b11f675b4d1fba9d2414a14;0x540a21655573a3b1d18812d51660b515cafede7ccb1d978c064ba79360916557;0x6bf6ce5b16c6941ada9a4e2a003209174cd2ec6fcd619a6e045bdff0b239d1fe;0x919fa96e88d67499339577fa202345436bcdaf79;0xa95b0f5a65a769d82ab4f3e82842e45b8bbaf101,-0.059836808703535804,0.009161041465766795,0.03616200578592088,0.009643201542912205
2026-03-28,CRV,0.2093,8191405.633269469,381437.934876268,8572843.568145737,0.044493747243164856,21.475068115410764,11,binance;bitget;bybit;coinbase;crypto_com;gate;htx;kraken;kucoin;mexc;okx,arbitrum;eth,arbitrum;eth,5,curve;uniswap-v4-ethereum;uniswap_v3;uniswap_v3_arbitrum,0x4ebdf703948ddcea3b11f675b4d1fba9d2414a14;0x540a21655573a3b1d18812d51660b515cafede7ccb1d978c064ba79360916557;0x6bf6ce5b16c6941ada9a4e2a003209174cd2ec6fcd619a6e045bdff0b239d1fe;0x919fa96e88d67499339577fa202345436bcdaf79;0xa95b0f5a65a769d82ab4f3e82842e45b8bbaf101,0.009161041465766795,-0.005733397037744892,0.04204491161012891,0.02532250358337307
2026-03-29,CRV,0.2081,8964996.339481609,414761.977993608,9379758.317475216,0.044218834212484376,21.614797920603444,11,binance;bitget;bybit;coinbase;crypto_com;gate;htx;kraken;kucoin;mexc;okx,arbitrum;eth,arbitrum;eth,5,curve;uniswap-v4-ethereum;uniswap_v3;uniswap_v3_arbitrum,0x4ebdf703948ddcea3b11f675b4d1fba9d2414a14;0x540a21655573a3b1d18812d51660b515cafede7ccb1d978c064ba79360916557;0x6bf6ce5b16c6941ada9a4e2a003209174cd2ec6fcd619a6e045bdff0b239d1fe;0x919fa96e88d67499339577fa202345436bcdaf79;0xa95b0f5a65a769d82ab4f3e82842e45b8bbaf101,-0.005733397037744892,0.03267659778952425,0.04565112926477655,0.0211436809226333
2026-03-30,CRV,0.2149,11347543.820150005,662887.1365962025,12010430.956746208,0.055192618731458726,17.118364791957575,11,binance;bitget;bybit;coinbase;crypto_com;gate;htx;kraken;kucoin;mexc;okx,arbitrum;eth,arbitrum;eth,5,curve;uniswap-v4-ethereum;uniswap_v3;uniswap_v3_arbitrum,0x4ebdf703948ddcea3b11f675b4d1fba9d2414a14;0x540a21655573a3b1d18812d51660b515cafede7ccb1d978c064ba79360916557;0x6bf6ce5b16c6941ada9a4e2a003209174cd2ec6fcd619a6e045bdff0b239d1fe;0x919fa96e88d67499339577fa202345436bcdaf79;0xa95b0f5a65a769d82ab4f3e82842e45b8bbaf101,0.03267659778952425,0.014890646812470765,-0.030246626337831595,-0.030711959050721216
2026-03-31,CRV,0.2181,13228191.271413162,674031.1706541247,13902222.442067288,0.04848369916845432,19.625488920008916,11,binance;bitget;bybit;coinbase;crypto_com;gate;htx;kraken;kucoin;mexc;okx,arbitrum;eth,arbitrum;eth,5,curve;uniswap-v4-ethereum;uniswap_v3;uniswap_v3_arbitrum,0x4ebdf703948ddcea3b11f675b4d1fba9d2414a14;0x540a21655573a3b1d18812d51660b515cafede7ccb1d978c064ba79360916557;0x6bf6ce5b16c6941ada9a4e2a003209174cd2ec6fcd619a6e045bdff0b239d1fe;0x919fa96e88d67499339577fa202345436bcdaf79;0xa95b0f5a65a769d82ab4f3e82842e45b8bbaf101,0.014890646812470765,-0.0022925263640531934,-0.03988995873452539,0.028885832187070193
2026-04-01,CRV,0.2176,14621708.59935625,628673.3226018675,15250381.921958119,0.0412234477679984,23.25803891095922,11,binance;bitget;bybit;coinbase;crypto_com;gate;htx;kraken;kucoin;mexc;okx,arbitrum;eth,arbitrum;eth,5,curve;uniswap-v4-ethereum;uniswap_v3;uniswap_v3_arbitrum,0x4ebdf703948ddcea3b11f675b4d1fba9d2414a14;0x540a21655573a3b1d18812d51660b515cafede7ccb1d978c064ba79360916557;0x6bf6ce5b16c6941ada9a4e2a003209174cd2ec6fcd619a6e045bdff0b239d1fe;0x919fa96e88d67499339577fa202345436bcdaf79;0xa95b0f5a65a769d82ab4f3e82842e45b8bbaf101,-0.0022925263640531934,-0.04227941176470584,-0.013786764705882248,-0.0018382352941175295
2026-04-02,CRV,0.2084,14826530.255921485,565352.6274893645,15391882.883410849,0.03673056972767727,26.22527876409384,11,binance;bitget;bybit;coinbase;crypto_com;gate;htx;kraken;kucoin;mexc;okx,arbitrum;eth,arbitrum;eth,5,curve;uniswap-v4-ethereum;uniswap_v3;uniswap_v3_arbitrum,0x4ebdf703948ddcea3b11f675b4d1fba9d2414a14;0x540a21655573a3b1d18812d51660b515cafede7ccb1d978c064ba79360916557;0x6bf6ce5b16c6941ada9a4e2a003209174cd2ec6fcd619a6e045bdff0b239d1fe;0x919fa96e88d67499339577fa202345436bcdaf79;0xa95b0f5a65a769d82ab4f3e82842e45b8bbaf101,-0.04227941176470584,0.004798464491362786,0.01967370441458738,0.05758157389635321
2026-04-03,CRV,0.2094,7076771.850735998,334783.4908730452,7411555.341609043,0.04517047710533103,21.13835372312195,11,binance;bitget;bybit;coinbase;crypto_com;gate;htx;kraken;kucoin;mexc;okx,arbitrum;eth,arbitrum;eth,5,curve;uniswap-v4-ethereum;uniswap_v3;uniswap_v3_arbitrum,0x4ebdf703948ddcea3b11f675b4d1fba9d2414a14;0x540a21655573a3b1d18812d51660b515cafede7ccb1d978c064ba79360916557;0x6bf6ce5b16c6941ada9a4e2a003209174cd2ec6fcd619a6e045bdff0b239d1fe;0x919fa96e88d67499339577fa202345436bcdaf79;0xa95b0f5a65a769d82ab4f3e82842e45b8bbaf101,0.004798464491362786,0.024832855778414542,-0.005253104106972217,0.03915950334288443
2026-04-04,CRV,0.2146,7563681.191945915,219456.59740933464,7783137.78935525,0.028196416837111434,34.465499243287695,11,binance;bitget;bybit;coinbase;crypto_com;gate;htx;kraken;kucoin;mexc;okx,arbitrum;eth,arbitrum;eth,5,curve;uniswap-v4-ethereum;uniswap_v3;uniswap_v3_arbitrum,0x4ebdf703948ddcea3b11f675b4d1fba9d2414a14;0x540a21655573a3b1d18812d51660b515cafede7ccb1d978c064ba79360916557;0x6bf6ce5b16c6941ada9a4e2a003209174cd2ec6fcd619a6e045bdff0b239d1fe;0x919fa96e88d67499339577fa202345436bcdaf79;0xa95b0f5a65a769d82ab4f3e82842e45b8bbaf101,0.024832855778414542,-0.009785647716682333,0.04566635601118341,0.02236719478098781
2026-04-05,CRV,0.2125,9897804.938810391,344939.2641021651,10242744.202912556,0.03367645010641587,28.694341204017963,11,binance;bitget;bybit;coinbase;crypto_com;gate;htx;kraken;kucoin;mexc;okx,arbitrum;eth,arbitrum;eth,5,curve;uniswap-v4-ethereum;uniswap_v3;uniswap_v3_arbitrum,0x4ebdf703948ddcea3b11f675b4d1fba9d2414a14;0x540a21655573a3b1d18812d51660b515cafede7ccb1d978c064ba79360916557;0x6bf6ce5b16c6941ada9a4e2a003209174cd2ec6fcd619a6e045bdff0b239d1fe;0x919fa96e88d67499339577fa202345436bcdaf79;0xa95b0f5a65a769d82ab4f3e82842e45b8bbaf101,-0.009785647716682333,-0.019764705882352906,0.022117647058823575,-0.015999999999999903
2026-04-06,CRV,0.2083,15857791.845248874,576377.6965874773,16434169.541836351,0.035071908873776474,27.51284780645936,11,binance;bitget;bybit;coinbase;crypto_com;gate;htx;kraken;kucoin;mexc;okx,arbitrum;eth,arbitrum;eth,5,curve;uniswap-v4-ethereum;uniswap_v3;uniswap_v3_arbitrum,0x4ebdf703948ddcea3b11f675b4d1fba9d2414a14;0x540a21655573a3b1d18812d51660b515cafede7ccb1d978c064ba79360916557;0x6bf6ce5b16c6941ada9a4e2a003209174cd2ec6fcd619a6e045bdff0b239d1fe;0x919fa96e88d67499339577fa202345436bcdaf79;0xa95b0f5a65a769d82ab4f3e82842e45b8bbaf101,-0.019764705882352906,0.07729236677868445,0.05808929428708587,0.0604896783485358
2026-04-07,CRV,0.2244,22745843.499573644,815075.0507924649,23560918.550366107,0.03459436647387415,27.906440612381363,11,binance;bitget;bybit;coinbase;crypto_com;gate;htx;kraken;kucoin;mexc;okx,arbitrum;eth,arbitrum;eth,5,curve;uniswap-v4-ethereum;uniswap_v3;uniswap_v3_arbitrum,0x4ebdf703948ddcea3b11f675b4d1fba9d2414a14;0x540a21655573a3b1d18812d51660b515cafede7ccb1d978c064ba79360916557;0x6bf6ce5b16c6941ada9a4e2a003209174cd2ec6fcd619a6e045bdff0b239d1fe;0x919fa96e88d67499339577fa202345436bcdaf79;0xa95b0f5a65a769d82ab4f3e82842e45b8bbaf101,0.07729236677868445,-0.03208556149732611,-0.030303030303030276,-0.035204991087343984
2026-04-08,CRV,0.2172,17338268.285006344,699498.8993438879,18037767.184350234,0.03877968332747863,24.786698451233015,11,binance;bitget;bybit;coinbase;crypto_com;gate;htx;kraken;kucoin;mexc;okx,arbitrum;eth,arbitrum;eth,5,curve;uniswap-v4-ethereum;uniswap_v3;uniswap_v3_arbitrum,0x4ebdf703948ddcea3b11f675b4d1fba9d2414a14;0x540a21655573a3b1d18812d51660b515cafede7ccb1d978c064ba79360916557;0x6bf6ce5b16c6941ada9a4e2a003209174cd2ec6fcd619a6e045bdff0b239d1fe;0x919fa96e88d67499339577fa202345436bcdaf79;0xa95b0f5a65a769d82ab4f3e82842e45b8bbaf101,-0.03208556149732611,0.014732965009208066,0.010128913443830712,0.025782688766114115
2026-04-09,CRV,0.2204,20131587.789219905,632101.5106272541,20763689.29984716,0.030442639624351682,31.848662676415216,11,binance;bitget;bybit;coinbase;crypto_com;gate;htx;kraken;kucoin;mexc;okx,arbitrum;eth,arbitrum;eth,5,curve;uniswap-v4-ethereum;uniswap_v3;uniswap_v3_arbitrum,0x4ebdf703948ddcea3b11f675b4d1fba9d2414a14;0x540a21655573a3b1d18812d51660b515cafede7ccb1d978c064ba79360916557;0x6bf6ce5b16c6941ada9a4e2a003209174cd2ec6fcd619a6e045bdff0b239d1fe;0x919fa96e88d67499339577fa202345436bcdaf79;0xa95b0f5a65a769d82ab4f3e82842e45b8bbaf101,0.014732965009208066,-0.012704174228675202,-0.05127041742286753,0.058529945553539076
2026-04-10,CRV,0.2176,14893067.46824293,487285.04519007605,15380352.513433006,0.03168230668084411,30.56335837771005,11,binance;bitget;bybit;coinbase;crypto_com;gate;htx;kraken;kucoin;mexc;okx,arbitrum;eth,arbitrum;eth,5,curve;uniswap-v4-ethereum;uniswap_v3;uniswap_v3_arbitrum,0x4ebdf703948ddcea3b11f675b4d1fba9d2414a14;0x540a21655573a3b1d18812d51660b515cafede7ccb1d978c064ba79360916557;0x6bf6ce5b16c6941ada9a4e2a003209174cd2ec6fcd619a6e045bdff0b239d1fe;0x919fa96e88d67499339577fa202345436bcdaf79;0xa95b0f5a65a769d82ab4f3e82842e45b8bbaf101,-0.012704174228675202,0.008272058823529438,0.015165441176470784,0.09926470588235303
2026-04-11,CRV,0.2194,12605827.66129472,368369.3267663316,12974196.98806105,0.02839245674358943,34.22062247134652,11,binance;bitget;bybit;coinbase;crypto_com;gate;htx;kraken;kucoin;mexc;okx,arbitrum;eth,arbitrum;eth,5,curve;uniswap-v4-ethereum;uniswap_v3;uniswap_v3_arbitrum,0x4ebdf703948ddcea3b11f675b4d1fba9d2414a14;0x540a21655573a3b1d18812d51660b515cafede7ccb1d978c064ba79360916557;0x6bf6ce5b16c6941ada9a4e2a003209174cd2ec6fcd619a6e045bdff0b239d1fe;0x919fa96e88d67499339577fa202345436bcdaf79;0xa95b0f5a65a769d82ab4f3e82842e45b8bbaf101,0.008272058823529438,-0.04694621695533274,-0.013217866909753906,0.04375569735642659
2026-04-12,CRV,0.2091,11976787.74610644,414851.87178700004,12391639.61789344,0.03347836804323754,28.8700342474428,11,binance;bitget;bybit;coinbase;crypto_com;gate;htx;kraken;kucoin;mexc;okx,arbitrum;eth,arbitrum;eth,5,curve;uniswap-v4-ethereum;uniswap_v3;uniswap_v3_arbitrum,0x4ebdf703948ddcea3b11f675b4d1fba9d2414a14;0x540a21655573a3b1d18812d51660b515cafede7ccb1d978c064ba79360916557;0x6bf6ce5b16c6941ada9a4e2a003209174cd2ec6fcd619a6e045bdff0b239d1fe;0x919fa96e88d67499339577fa202345436bcdaf79;0xa95b0f5a65a769d82ab4f3e82842e45b8bbaf101,-0.04694621695533274,0.05643232902917261,0.0655188904830224,0.06264945002391209
2026-04-13,CRV,0.2209,15380129.299478313,544181.2367873112,15924310.536265625,0.034172985734484795,28.262880562141675,11,binance;bitget;bybit;coinbase;crypto_com;gate;htx;kraken;kucoin;mexc;okx,arbitrum;eth,arbitrum;eth,5,curve;uniswap-v4-ethereum;uniswap_v3;uniswap_v3_arbitrum,0x4ebdf703948ddcea3b11f675b4d1fba9d2414a14;0x540a21655573a3b1d18812d51660b515cafede7ccb1d978c064ba79360916557;0x6bf6ce5b16c6941ada9a4e2a003209174cd2ec6fcd619a6e045bdff0b239d1fe;0x919fa96e88d67499339577fa202345436bcdaf79;0xa95b0f5a65a769d82ab4f3e82842e45b8bbaf101,0.05643232902917261,-0.01991851516523324,0.05613399728383883,0.04798551380715255
2026-04-14,CRV,0.2165,16214823.706056293,631053.5126723284,16845877.21872862,0.03746041268606342,25.6948473947815,11,binance;bitget;bybit;coinbase;crypto_com;gate;htx;kraken;kucoin;mexc;okx,arbitrum;eth,arbitrum;eth,5,curve;uniswap-v4-ethereum;uniswap_v3;uniswap_v3_arbitrum,0x4ebdf703948ddcea3b11f675b4d1fba9d2414a14;0x540a21655573a3b1d18812d51660b515cafede7ccb1d978c064ba79360916557;0x6bf6ce5b16c6941ada9a4e2a003209174cd2ec6fcd619a6e045bdff0b239d1fe;0x919fa96e88d67499339577fa202345436bcdaf79;0xa95b0f5a65a769d82ab4f3e82842e45b8bbaf101,-0.01991851516523324,0.02909930715935327,0.10484988452655886,0.0646651270207852
2026-04-15,CRV,0.2228,16381725.049567068,551758.3230585443,16933483.37262561,0.03258386422432774,29.69003704150537,11,binance;bitget;bybit;coinbase;crypto_com;gate;htx;kraken;kucoin;mexc;okx,arbitrum;eth,arbitrum;eth,5,curve;uniswap-v4-ethereum;uniswap_v3;uniswap_v3_arbitrum,0x4ebdf703948ddcea3b11f675b4d1fba9d2414a14;0x540a21655573a3b1d18812d51660b515cafede7ccb1d978c064ba79360916557;0x6bf6ce5b16c6941ada9a4e2a003209174cd2ec6fcd619a6e045bdff0b239d1fe;0x919fa96e88d67499339577fa202345436bcdaf79;0xa95b0f5a65a769d82ab4f3e82842e45b8bbaf101,0.02909930715935327,0.04712746858168759,0.02782764811490135,0.019299820466786244
2026-04-16,CRV,0.2333,24151212.463144995,548570.2887475947,24699782.75189259,0.02220951877423137,44.02573919612574,11,binance;bitget;bybit;coinbase;crypto_com;gate;htx;kraken;kucoin;mexc;okx,arbitrum;eth,arbitrum;eth,5,curve;uniswap-v4-ethereum;uniswap_v3;uniswap_v3_arbitrum,0x4ebdf703948ddcea3b11f675b4d1fba9d2414a14;0x540a21655573a3b1d18812d51660b515cafede7ccb1d978c064ba79360916557;0x6bf6ce5b16c6941ada9a4e2a003209174cd2ec6fcd619a6e045bdff0b239d1fe;0x919fa96e88d67499339577fa202345436bcdaf79;0xa95b0f5a65a769d82ab4f3e82842e45b8bbaf101,0.04712746858168759,0.025289327046720933,-0.047578225460780055,-0.04800685812258898
2026-04-17,CRV,0.2392,22161257.82125337,560444.6122827013,22721702.43353607,0.02466560830651112,39.542280067588045,11,binance;bitget;bybit;coinbase;crypto_com;gate;htx;kraken;kucoin;mexc;okx,arbitrum;eth,arbitrum;eth,5,curve;uniswap-v4-ethereum;uniswap_v3;uniswap_v3_arbitrum,0x4ebdf703948ddcea3b11f675b4d1fba9d2414a14;0x540a21655573a3b1d18812d51660b515cafede7ccb1d978c064ba79360916557;0x6bf6ce5b16c6941ada9a4e2a003209174cd2ec6fcd619a6e045bdff0b239d1fe;0x919fa96e88d67499339577fa202345436bcdaf79;0xa95b0f5a65a769d82ab4f3e82842e45b8bbaf101,0.025289327046720933,-0.04264214046822734,-0.03219063545150491,-0.060618729096989954
2026-04-18,CRV,0.229,19172330.202325746,459474.2550767928,19631804.45740254,0.02340458596527735,41.72666910167021,11,binance;bitget;bybit;coinbase;crypto_com;gate;htx;kraken;kucoin;mexc;okx,arbitrum;eth,arbitrum;eth,5,curve;uniswap-v4-ethereum;uniswap_v3;uniswap_v3_arbitrum,0x4ebdf703948ddcea3b11f675b4d1fba9d2414a14;0x540a21655573a3b1d18812d51660b515cafede7ccb1d978c064ba79360916557;0x6bf6ce5b16c6941ada9a4e2a003209174cd2ec6fcd619a6e045bdff0b239d1fe;0x919fa96e88d67499339577fa202345436bcdaf79;0xa95b0f5a65a769d82ab4f3e82842e45b8bbaf101,-0.04264214046822734,-0.029694323144104806,0.0065502183406114245,-0.014847161572052459
2026-04-19,CRV,0.2222,19333694.18324162,506759.3455639933,19840453.528805614,0.025541721857731143,38.151628287632974,11,binance;bitget;bybit;coinbase;crypto_com;gate;htx;kraken;kucoin;mexc;okx,arbitrum;eth,arbitrum;eth,5,curve;uniswap-v4-ethereum;uniswap_v3;uniswap_v3_arbitrum,0x4ebdf703948ddcea3b11f675b4d1fba9d2414a14;0x540a21655573a3b1d18812d51660b515cafede7ccb1d978c064ba79360916557;0x6bf6ce5b16c6941ada9a4e2a003209174cd2ec6fcd619a6e045bdff0b239d1fe;0x919fa96e88d67499339577fa202345436bcdaf79;0xa95b0f5a65a769d82ab4f3e82842e45b8bbaf101,-0.029694323144104806,0.04185418541854191,0.022052205220522092,0.034653465346534684
2026-04-20,CRV,0.2315,16882215.138544332,472618.9187681717,17354834.057312503,0.027232695928258242,35.72056569920209,11,binance;bitget;bybit;coinbase;crypto_com;gate;htx;kraken;kucoin;mexc;okx,arbitrum;eth,arbitrum;eth,5,curve;uniswap-v4-ethereum;uniswap_v3;uniswap_v3_arbitrum,0x4ebdf703948ddcea3b11f675b4d1fba9d2414a14;0x540a21655573a3b1d18812d51660b515cafede7ccb1d978c064ba79360916557;0x6bf6ce5b16c6941ada9a4e2a003209174cd2ec6fcd619a6e045bdff0b239d1fe;0x919fa96e88d67499339577fa202345436bcdaf79;0xa95b0f5a65a769d82ab4f3e82842e45b8bbaf101,0.04185418541854191,-0.004319654427645814,-0.04060475161987054,0.003455723542116651
2026-04-21,CRV,0.2305,14359035.14199021,380550.2303167252,14739585.372306935,0.025818245269755794,37.73229917648306,11,binance;bitget;bybit;coinbase;crypto_com;gate;htx;kraken;kucoin;mexc;okx,arbitrum;eth,arbitrum;eth,5,curve;uniswap-v4-ethereum;uniswap_v3;uniswap_v3_arbitrum,0x4ebdf703948ddcea3b11f675b4d1fba9d2414a14;0x540a21655573a3b1d18812d51660b515cafede7ccb1d978c064ba79360916557;0x6bf6ce5b16c6941ada9a4e2a003209174cd2ec6fcd619a6e045bdff0b239d1fe;0x919fa96e88d67499339577fa202345436bcdaf79;0xa95b0f5a65a769d82ab4f3e82842e45b8bbaf101,-0.004319654427645814,-0.014750542299349356,-0.02516268980477221,-0.013015184381778733
2026-04-22,CRV,0.2271,17443957.193467733,343624.71413362474,17787581.907601357,0.019318236504467196,50.76455934623006,11,binance;bitget;bybit;coinbase;crypto_com;gate;htx;kraken;kucoin;mexc;okx,arbitrum;eth,arbitrum;eth,5,curve;uniswap-v4-ethereum;uniswap_v3;uniswap_v3_arbitrum,0x4ebdf703948ddcea3b11f675b4d1fba9d2414a14;0x540a21655573a3b1d18812d51660b515cafede7ccb1d978c064ba79360916557;0x6bf6ce5b16c6941ada9a4e2a003209174cd2ec6fcd619a6e045bdff0b239d1fe;0x919fa96e88d67499339577fa202345436bcdaf79;0xa95b0f5a65a769d82ab4f3e82842e45b8bbaf101,-0.014750542299349356,-0.022016732716864884,-0.006605019815059454,0.014531043593130732
2026-04-23,CRV,0.2221,18307384.511495706,307639.3102521308,18615023.821747836,0.016526398955918464,59.50924963552802,11,binance;bitget;bybit;coinbase;crypto_com;gate;htx;kraken;kucoin;mexc;okx,arbitrum;eth,arbitrum;eth,5,curve;uniswap-v4-ethereum;uniswap_v3;uniswap_v3_arbitrum,0x4ebdf703948ddcea3b11f675b4d1fba9d2414a14;0x540a21655573a3b1d18812d51660b515cafede7ccb1d978c064ba79360916557;0x6bf6ce5b16c6941ada9a4e2a003209174cd2ec6fcd619a6e045bdff0b239d1fe;0x919fa96e88d67499339577fa202345436bcdaf79;0xa95b0f5a65a769d82ab4f3e82842e45b8bbaf101,-0.022016732716864884,0.011706438541197794,0.03511931562359294,0.06033318325078785
2026-04-24,CRV,0.2247,11183315.68189455,264180.30142123165,11447495.983315783,0.023077562272680655,42.33213309898877,11,binance;bitget;bybit;coinbase;crypto_com;gate;htx;kraken;kucoin;mexc;okx,arbitrum;eth,arbitrum;eth,5,curve;uniswap-v4-ethereum;uniswap_v3;uniswap_v3_arbitrum,0x4ebdf703948ddcea3b11f675b4d1fba9d2414a14;0x540a21655573a3b1d18812d51660b515cafede7ccb1d978c064ba79360916557;0x6bf6ce5b16c6941ada9a4e2a003209174cd2ec6fcd619a6e045bdff0b239d1fe;0x919fa96e88d67499339577fa202345436bcdaf79;0xa95b0f5a65a769d82ab4f3e82842e45b8bbaf101,0.011706438541197794,0.004005340453938411,0.03382287494437031,0.02625723186470852
2026-04-25,CRV,0.2256,9810775.503154987,189240.3718551052,10000015.875010092,0.01892400714363008,51.84293080266593,11,binance;bitget;bybit;coinbase;crypto_com;gate;htx;kraken;kucoin;mexc;okx,arbitrum;eth,arbitrum;eth,5,curve;uniswap-v4-ethereum;uniswap_v3;uniswap_v3_arbitrum,0x4ebdf703948ddcea3b11f675b4d1fba9d2414a14;0x540a21655573a3b1d18812d51660b515cafede7ccb1d978c064ba79360916557;0x6bf6ce5b16c6941ada9a4e2a003209174cd2ec6fcd619a6e045bdff0b239d1fe;0x919fa96e88d67499339577fa202345436bcdaf79;0xa95b0f5a65a769d82ab4f3e82842e45b8bbaf101,0.004005340453938411,0.019060283687943214,0.00842198581560294,0.05141843971631199
2026-04-26,CRV,0.2299,9000406.400546474,172811.6430703444,9173218.043616818,0.01883871529583834,52.08217594970024,11,binance;bitget;bybit;coinbase;crypto_com;gate;htx;kraken;kucoin;mexc;okx,arbitrum;eth,arbitrum;eth,5,curve;uniswap-v4-ethereum;uniswap_v3;uniswap_v3_arbitrum,0x4ebdf703948ddcea3b11f675b4d1fba9d2414a14;0x540a21655573a3b1d18812d51660b515cafede7ccb1d978c064ba79360916557;0x6bf6ce5b16c6941ada9a4e2a003209174cd2ec6fcd619a6e045bdff0b239d1fe;0x919fa96e88d67499339577fa202345436bcdaf79;0xa95b0f5a65a769d82ab4f3e82842e45b8bbaf101,0.019060283687943214,0.010439321444106087,0.002174858634188759,0.01609395389299695
2026-04-27,CRV,0.2323,11833110.360312866,239056.45625096548,12072166.816563832,0.019802282380903136,49.49922936986177,11,binance;bitget;bybit;coinbase;crypto_com;gate;htx;kraken;kucoin;mexc;okx,arbitrum;eth,arbitrum;eth,5,curve;uniswap-v4-ethereum;uniswap_v3;uniswap_v3_arbitrum,0x4ebdf703948ddcea3b11f675b4d1fba9d2414a14;0x540a21655573a3b1d18812d51660b515cafede7ccb1d978c064ba79360916557;0x6bf6ce5b16c6941ada9a4e2a003209174cd2ec6fcd619a6e045bdff0b239d1fe;0x919fa96e88d67499339577fa202345436bcdaf79;0xa95b0f5a65a769d82ab4f3e82842e45b8bbaf101,0.010439321444106087,-0.0206629358588033,0.013775290572535459,0.01764959104606101
2026-04-28,CRV,0.2275,12206527.311677946,247144.61843609522,12453671.93011404,0.019845120364739854,49.39022095208687,11,binance;bitget;bybit;coinbase;crypto_com;gate;htx;kraken;kucoin;mexc;okx,arbitrum;eth,arbitrum;eth,5,curve;uniswap-v4-ethereum;uniswap_v3;uniswap_v3_arbitrum,0x4ebdf703948ddcea3b11f675b4d1fba9d2414a14;0x540a21655573a3b1d18812d51660b515cafede7ccb1d978c064ba79360916557;0x6bf6ce5b16c6941ada9a4e2a003209174cd2ec6fcd619a6e045bdff0b239d1fe;0x919fa96e88d67499339577fa202345436bcdaf79;0xa95b0f5a65a769d82ab4f3e82842e45b8bbaf101,-0.0206629358588033,0.012747252747252746,0.013626373626373534,0.05802197802197795
2026-04-29,CRV,0.2304,16895193.379530583,307859.22020444856,17203052.599735033,0.01789561581699694,54.87960818035765,11,binance;bitget;bybit;coinbase;crypto_com;gate;htx;kraken;kucoin;mexc;okx,arbitrum;eth,arbitrum;eth,5,curve;uniswap-v4-ethereum;uniswap_v3;uniswap_v3_arbitrum,0x4ebdf703948ddcea3b11f675b4d1fba9d2414a14;0x540a21655573a3b1d18812d51660b515cafede7ccb1d978c064ba79360916557;0x6bf6ce5b16c6941ada9a4e2a003209174cd2ec6fcd619a6e045bdff0b239d1fe;0x919fa96e88d67499339577fa202345436bcdaf79;0xa95b0f5a65a769d82ab4f3e82842e45b8bbaf101,0.012747252747252746,0.02213541666666674,0.02951388888888884,0.0824652777777779
2026-04-30,CRV,0.2355,11847098.821469376,302481.1155824389,12149579.937051814,0.024896425814688553,39.166408119916305,11,binance;bitget;bybit;coinbase;crypto_com;gate;htx;kraken;kucoin;mexc;okx,arbitrum;eth,arbitrum;eth,5,curve;uniswap-v4-ethereum;uniswap_v3;uniswap_v3_arbitrum,0x4ebdf703948ddcea3b11f675b4d1fba9d2414a14;0x540a21655573a3b1d18812d51660b515cafede7ccb1d978c064ba79360916557;0x6bf6ce5b16c6941ada9a4e2a003209174cd2ec6fcd619a6e045bdff0b239d1fe;0x919fa96e88d67499339577fa202345436bcdaf79;0xa95b0f5a65a769d82ab4f3e82842e45b8bbaf101,0.02213541666666674,-0.020806794055201694,-0.008067940552016872,0.022505307855626322
2026-05-01,CRV,0.2306,9368427.889836501,181350.47901190116,9549778.368848402,0.01899001966406578,51.65923983703234,11,binance;bitget;bybit;coinbase;crypto_com;gate;htx;kraken;kucoin;mexc;okx,arbitrum;eth,arbitrum;eth,5,curve;uniswap-v4-ethereum;uniswap_v3;uniswap_v3_arbitrum,0x4ebdf703948ddcea3b11f675b4d1fba9d2414a14;0x540a21655573a3b1d18812d51660b515cafede7ccb1d978c064ba79360916557;0x6bf6ce5b16c6941ada9a4e2a003209174cd2ec6fcd619a6e045bdff0b239d1fe;0x919fa96e88d67499339577fa202345436bcdaf79;0xa95b0f5a65a769d82ab4f3e82842e45b8bbaf101,-0.020806794055201694,0.028620988725065022,0.025151777970511713,0.11318300086730271
2026-05-02,CRV,0.2372,7161166.181960722,146870.39448194107,7308036.576442664,0.020097107197762993,48.75840503608947,11,binance;bitget;bybit;coinbase;crypto_com;gate;htx;kraken;kucoin;mexc;okx,arbitrum;eth,arbitrum;eth,5,curve;uniswap-v4-ethereum;uniswap_v3;uniswap_v3_arbitrum,0x4ebdf703948ddcea3b11f675b4d1fba9d2414a14;0x540a21655573a3b1d18812d51660b515cafede7ccb1d978c064ba79360916557;0x6bf6ce5b16c6941ada9a4e2a003209174cd2ec6fcd619a6e045bdff0b239d1fe;0x919fa96e88d67499339577fa202345436bcdaf79;0xa95b0f5a65a769d82ab4f3e82842e45b8bbaf101,0.028620988725065022,-0.015177065767284947,0.01475548060708265,0.05522765598650947
2026-05-03,CRV,0.2336,10515916.054416439,119715.5440639308,10635631.59848037,0.01125608225100951,87.8408575648347,11,binance;bitget;bybit;coinbase;crypto_com;gate;htx;kraken;kucoin;mexc;okx,arbitrum;eth,arbitrum;eth,4,curve;uniswap-v4-ethereum;uniswap_v3;uniswap_v3_arbitrum,0x4ebdf703948ddcea3b11f675b4d1fba9d2414a14;0x540a21655573a3b1d18812d51660b515cafede7ccb1d978c064ba79360916557;0x919fa96e88d67499339577fa202345436bcdaf79;0xa95b0f5a65a769d82ab4f3e82842e45b8bbaf101,-0.015177065767284947,0.011986301369862895,0.06763698630136994,0.11601027397260277
2026-05-04,CRV,0.2364,14979960.546055153,337799.49336782296,15317760.039422976,0.02205279965859473,44.34571643878631,11,binance;bitget;bybit;coinbase;crypto_com;gate;htx;kraken;kucoin;mexc;okx,arbitrum;eth,arbitrum;eth,5,curve;uniswap-v4-ethereum;uniswap_v3;uniswap_v3_arbitrum,0x4ebdf703948ddcea3b11f675b4d1fba9d2414a14;0x540a21655573a3b1d18812d51660b515cafede7ccb1d978c064ba79360916557;0x6bf6ce5b16c6941ada9a4e2a003209174cd2ec6fcd619a6e045bdff0b239d1fe;0x919fa96e88d67499339577fa202345436bcdaf79;0xa95b0f5a65a769d82ab4f3e82842e45b8bbaf101,0.011986301369862895,0.01818950930626051,0.018612521150592087,0.19035532994923843
2026-05-05,CRV,0.2407,14041218.263981186,325596.87368567975,14366815.137666866,0.02266312126701143,43.12454878647301,11,binance;bitget;bybit;coinbase;crypto_com;gate;htx;kraken;kucoin;mexc;okx,arbitrum;eth,arbitrum;eth,5,curve;uniswap-v4-ethereum;uniswap_v3;uniswap_v3_arbitrum,0x4ebdf703948ddcea3b11f675b4d1fba9d2414a14;0x540a21655573a3b1d18812d51660b515cafede7ccb1d978c064ba79360916557;0x6bf6ce5b16c6941ada9a4e2a003209174cd2ec6fcd619a6e045bdff0b239d1fe;0x919fa96e88d67499339577fa202345436bcdaf79;0xa95b0f5a65a769d82ab4f3e82842e45b8bbaf101,0.01818950930626051,0.03614457831325302,0.06647278770253418,0.14790195263813866
2026-05-06,CRV,0.2494,18242973.234115094,355947.4976841839,18598920.73179928,0.01913807273104869,51.251865381285135,11,binance;bitget;bybit;coinbase;crypto_com;gate;htx;kraken;kucoin;mexc;okx,arbitrum;eth,arbitrum;eth,5,curve;uniswap-v4-ethereum;uniswap_v3;uniswap_v3_arbitrum,0x4ebdf703948ddcea3b11f675b4d1fba9d2414a14;0x540a21655573a3b1d18812d51660b515cafede7ccb1d978c064ba79360916557;0x6bf6ce5b16c6941ada9a4e2a003209174cd2ec6fcd619a6e045bdff0b239d1fe;0x919fa96e88d67499339577fa202345436bcdaf79;0xa95b0f5a65a769d82ab4f3e82842e45b8bbaf101,0.03614457831325302,-0.034482758620689724,0.003608660785886064,0.06816359262229366
2026-05-07,CRV,0.2408,14698353.105852727,207377.2470324808,14905730.352885207,0.013912585436804183,70.87736632722573,11,binance;bitget;bybit;coinbase;crypto_com;gate;htx;kraken;kucoin;mexc;okx,arbitrum;eth,arbitrum;eth,5,curve;uniswap-v4-ethereum;uniswap_v3;uniswap_v3_arbitrum,0x4ebdf703948ddcea3b11f675b4d1fba9d2414a14;0x540a21655573a3b1d18812d51660b515cafede7ccb1d978c064ba79360916557;0x6bf6ce5b16c6941ada9a4e2a003209174cd2ec6fcd619a6e045bdff0b239d1fe;0x919fa96e88d67499339577fa202345436bcdaf79;0xa95b0f5a65a769d82ab4f3e82842e45b8bbaf101,-0.034482758620689724,0.066029900332226,0.08264119601328912,0.1490863787375416
2026-05-08,CRV,0.2567,15174978.338187138,317327.3132441938,15492305.651431331,0.020482897793517002,47.82121709929675,11,binance;bitget;bybit;coinbase;crypto_com;gate;htx;kraken;kucoin;mexc;okx,arbitrum;eth,arbitrum;eth,5,curve;uniswap-v4-ethereum;uniswap_v3;uniswap_v3_arbitrum,0x4ebdf703948ddcea3b11f675b4d1fba9d2414a14;0x540a21655573a3b1d18812d51660b515cafede7ccb1d978c064ba79360916557;0x6bf6ce5b16c6941ada9a4e2a003209174cd2ec6fcd619a6e045bdff0b239d1fe;0x919fa96e88d67499339577fa202345436bcdaf79;0xa95b0f5a65a769d82ab4f3e82842e45b8bbaf101,0.066029900332226,-0.024931827035449827,0.09622126996493963,-0.006232956758862485
2026-05-09,CRV,0.2503,10216560.786083767,203738.2002520874,10420298.986335855,0.019552049372023726,50.14553369688507,11,binance;bitget;bybit;coinbase;crypto_com;gate;htx;kraken;kucoin;mexc;okx,arbitrum;eth,arbitrum;eth,5,curve;uniswap-v4-ethereum;uniswap_v3;uniswap_v3_arbitrum,0x4ebdf703948ddcea3b11f675b4d1fba9d2414a14;0x540a21655573a3b1d18812d51660b515cafede7ccb1d978c064ba79360916557;0x6bf6ce5b16c6941ada9a4e2a003209174cd2ec6fcd619a6e045bdff0b239d1fe;0x919fa96e88d67499339577fa202345436bcdaf79;0xa95b0f5a65a769d82ab4f3e82842e45b8bbaf101,-0.024931827035449827,0.04155013983220113,0.10387534958050315,-0.03835397522972439
2026-05-10,CRV,0.2607,21586750.197210032,249688.06555058865,21836438.26276062,0.011434468503794466,86.45487380267438,11,binance;bitget;bybit;coinbase;crypto_com;gate;htx;kraken;kucoin;mexc;okx,arbitrum;eth,arbitrum;eth,5,curve;uniswap-v4-ethereum;uniswap_v3;uniswap_v3_arbitrum,0x4ebdf703948ddcea3b11f675b4d1fba9d2414a14;0x540a21655573a3b1d18812d51660b515cafede7ccb1d978c064ba79360916557;0x6bf6ce5b16c6941ada9a4e2a003209174cd2ec6fcd619a6e045bdff0b239d1fe;0x919fa96e88d67499339577fa202345436bcdaf79;0xa95b0f5a65a769d82ab4f3e82842e45b8bbaf101,0.04155013983220113,0.07940161104718069,0.021864211737629535,-0.11737629459148446
2026-05-11,CRV,0.2814,48227085.071923174,743691.0183729342,48970776.090296105,0.015186425001753275,64.84828225764457,11,binance;bitget;bybit;coinbase;crypto_com;gate;htx;kraken;kucoin;mexc;okx,arbitrum;eth,arbitrum;eth,5,curve;uniswap-v4-ethereum;uniswap_v3;uniswap_v3_arbitrum,0x4ebdf703948ddcea3b11f675b4d1fba9d2414a14;0x540a21655573a3b1d18812d51660b515cafede7ccb1d978c064ba79360916557;0x6bf6ce5b16c6941ada9a4e2a003209174cd2ec6fcd619a6e045bdff0b239d1fe;0x919fa96e88d67499339577fa202345436bcdaf79;0xa95b0f5a65a769d82ab4f3e82842e45b8bbaf101,0.07940161104718069,-0.018123667377398678,-0.016702203269367333,-0.15493958777540862
2026-05-12,CRV,0.2763,39540459.39990534,647038.2774670345,40187497.67737237,0.016100486839501587,61.109923132669465,11,binance;bitget;bybit;coinbase;crypto_com;gate;htx;kraken;kucoin;mexc;okx,arbitrum;eth,arbitrum;eth,5,curve;uniswap-v4-ethereum;uniswap_v3;uniswap_v3_arbitrum,0x4ebdf703948ddcea3b11f675b4d1fba9d2414a14;0x540a21655573a3b1d18812d51660b515cafede7ccb1d978c064ba79360916557;0x6bf6ce5b16c6941ada9a4e2a003209174cd2ec6fcd619a6e045bdff0b239d1fe;0x919fa96e88d67499339577fa202345436bcdaf79;0xa95b0f5a65a769d82ab4f3e82842e45b8bbaf101,-0.018123667377398678,-0.03583061889250805,-0.07672819399203767,-0.1628664495114006
2026-05-13,CRV,0.2664,21736381.46374253,388214.15079468326,22124595.614537217,0.01754672300268407,55.99069848239087,11,binance;bitget;bybit;coinbase;crypto_com;gate;htx;kraken;kucoin;mexc;okx,arbitrum;eth,arbitrum;eth,5,curve;uniswap-v4-ethereum;uniswap_v3;uniswap_v3_arbitrum,0x4ebdf703948ddcea3b11f675b4d1fba9d2414a14;0x540a21655573a3b1d18812d51660b515cafede7ccb1d978c064ba79360916557;0x6bf6ce5b16c6941ada9a4e2a003209174cd2ec6fcd619a6e045bdff0b239d1fe;0x919fa96e88d67499339577fa202345436bcdaf79;0xa95b0f5a65a769d82ab4f3e82842e45b8bbaf101,-0.03583061889250805,0.03866366366366347,-0.09647147147147161,-0.11186186186186198
2026-05-14,CRV,0.2767,18271725.000042144,371147.7925364941,18642872.792578638,0.019908293998779025,49.23032109438056,11,binance;bitget;bybit;coinbase;crypto_com;gate;htx;kraken;kucoin;mexc;okx,arbitrum;eth,arbitrum;eth,5,curve;uniswap-v4-ethereum;uniswap_v3;uniswap_v3_arbitrum,0x4ebdf703948ddcea3b11f675b4d1fba9d2414a14;0x540a21655573a3b1d18812d51660b515cafede7ccb1d978c064ba79360916557;0x6bf6ce5b16c6941ada9a4e2a003209174cd2ec6fcd619a6e045bdff0b239d1fe;0x919fa96e88d67499339577fa202345436bcdaf79;0xa95b0f5a65a769d82ab4f3e82842e45b8bbaf101,0.03866366366366347,-0.07806288398988082,-0.1684134441633538,-0.1348030357788218
2026-05-15,CRV,0.2551,13302215.458935538,375187.8009867776,13677403.259922316,0.02743121584242216,35.4548186906651,11,binance;bitget;bybit;coinbase;crypto_com;gate;htx;kraken;kucoin;mexc;okx,arbitrum;eth,arbitrum;eth,5,curve;uniswap-v4-ethereum;uniswap_v3;uniswap_v3_arbitrum,0x4ebdf703948ddcea3b11f675b4d1fba9d2414a14;0x540a21655573a3b1d18812d51660b515cafede7ccb1d978c064ba79360916557;0x6bf6ce5b16c6941ada9a4e2a003209174cd2ec6fcd619a6e045bdff0b239d1fe;0x919fa96e88d67499339577fa202345436bcdaf79;0xa95b0f5a65a769d82ab4f3e82842e45b8bbaf101,-0.07806288398988082,-0.05644845158761269,-0.06781654253234015,-0.10505684045472363
2026-05-16,CRV,0.2407,7659585.487948334,192192.15436475846,7851777.642313092,0.024477534020963396,39.85378858603836,11,binance;bitget;bybit;coinbase;crypto_com;gate;htx;kraken;kucoin;mexc;okx,arbitrum;eth,arbitrum;eth,5,curve;uniswap-v4-ethereum;uniswap_v3;uniswap_v3_arbitrum,0x4ebdf703948ddcea3b11f675b4d1fba9d2414a14;0x540a21655573a3b1d18812d51660b515cafede7ccb1d978c064ba79360916557;0x6bf6ce5b16c6941ada9a4e2a003209174cd2ec6fcd619a6e045bdff0b239d1fe;0x919fa96e88d67499339577fa202345436bcdaf79;0xa95b0f5a65a769d82ab4f3e82842e45b8bbaf101,-0.05644845158761269,-0.04403822185292894,-0.039052762775238836,-0.026589115081013692
2026-05-17,CRV,0.2301,9123286.401922163,166620.47231186484,9289906.874234028,0.017935645057324975,54.75489461370651,11,binance;bitget;bybit;coinbase;crypto_com;gate;htx;kraken;kucoin;mexc;okx,arbitrum;eth,arbitrum;eth,5,curve;uniswap-v4-ethereum;uniswap_v3;uniswap_v3_arbitrum,0x4ebdf703948ddcea3b11f675b4d1fba9d2414a14;0x540a21655573a3b1d18812d51660b515cafede7ccb1d978c064ba79360916557;0x6bf6ce5b16c6941ada9a4e2a003209174cd2ec6fcd619a6e045bdff0b239d1fe;0x919fa96e88d67499339577fa202345436bcdaf79;0xa95b0f5a65a769d82ab4f3e82842e45b8bbaf101,-0.04403822185292894,0.03346371142981308,0.02824858757062154,-0.013906996957844475
2026-05-18,CRV,0.2378,7501475.529888364,244845.34207464533,7746320.871963009,0.031607952487591524,30.637607668278243,11,binance;bitget;bybit;coinbase;crypto_com;gate;htx;kraken;kucoin;mexc;okx,arbitrum;eth,arbitrum;eth,5,curve;uniswap-v4-ethereum;uniswap_v3;uniswap_v3_arbitrum,0x4ebdf703948ddcea3b11f675b4d1fba9d2414a14;0x540a21655573a3b1d18812d51660b515cafede7ccb1d978c064ba79360916557;0x6bf6ce5b16c6941ada9a4e2a003209174cd2ec6fcd619a6e045bdff0b239d1fe;0x919fa96e88d67499339577fa202345436bcdaf79;0xa95b0f5a65a769d82ab4f3e82842e45b8bbaf101,0.03346371142981308,-0.02733389402859543,0.006728343145500304,-0.060555088309503846
2026-05-19,CRV,0.2313,6542571.3062700005,214656.21123109054,6757227.517501091,0.03176690597958039,30.47930115204783,11,binance;bitget;bybit;coinbase;crypto_com;gate;htx;kraken;kucoin;mexc;okx,arbitrum;eth,arbitrum;eth,5,curve;uniswap-v4-ethereum;uniswap_v3;uniswap_v3_arbitrum,0x4ebdf703948ddcea3b11f675b4d1fba9d2414a14;0x540a21655573a3b1d18812d51660b515cafede7ccb1d978c064ba79360916557;0x6bf6ce5b16c6941ada9a4e2a003209174cd2ec6fcd619a6e045bdff0b239d1fe;0x919fa96e88d67499339577fa202345436bcdaf79;0xa95b0f5a65a769d82ab4f3e82842e45b8bbaf101,-0.02733389402859543,0.022913964548205712,-0.012970168612192023,-0.054042369217466524
2026-05-20,CRV,0.2366,8353739.116208581,189849.23186914547,8543588.348077727,0.022221252257765996,44.001964263760826,11,binance;bitget;bybit;coinbase;crypto_com;gate;htx;kraken;kucoin;mexc;okx,arbitrum;eth,arbitrum;eth,5,curve;uniswap-v4-ethereum;uniswap_v3;uniswap_v3_arbitrum,0x4ebdf703948ddcea3b11f675b4d1fba9d2414a14;0x540a21655573a3b1d18812d51660b515cafede7ccb1d978c064ba79360916557;0x6bf6ce5b16c6941ada9a4e2a003209174cd2ec6fcd619a6e045bdff0b239d1fe;0x919fa96e88d67499339577fa202345436bcdaf79;0xa95b0f5a65a769d82ab4f3e82842e45b8bbaf101,0.022913964548205712,0.01183431952662728,-0.009721048182586678,-0.09087066779374464
2026-05-21,CRV,0.2394,9952014.161271608,340232.98036271555,10292247.141634323,0.03305721050813101,29.250586320767507,11,binance;bitget;bybit;coinbase;crypto_com;gate;htx;kraken;kucoin;mexc;okx,arbitrum;eth,arbitrum;eth,5,curve;uniswap-v4-ethereum;uniswap_v3;uniswap_v3_arbitrum,0x4ebdf703948ddcea3b11f675b4d1fba9d2414a14;0x540a21655573a3b1d18812d51660b515cafede7ccb1d978c064ba79360916557;0x6bf6ce5b16c6941ada9a4e2a003209174cd2ec6fcd619a6e045bdff0b239d1fe;0x919fa96e88d67499339577fa202345436bcdaf79;0xa95b0f5a65a769d82ab4f3e82842e45b8bbaf101,0.01183431952662728,-0.04636591478696739,-0.05221386800334171,-0.11403508771929816
2026-05-22,CRV,0.2283,11133054.900852725,332253.83692688,11465308.737779604,0.028979057130146237,33.50767895963473,11,binance;bitget;bybit;coinbase;crypto_com;gate;htx;kraken;kucoin;mexc;okx,arbitrum;eth,arbitrum;eth,5,curve;uniswap-v4-ethereum;uniswap_v3;uniswap_v3_arbitrum,0x4ebdf703948ddcea3b11f675b4d1fba9d2414a14;0x540a21655573a3b1d18812d51660b515cafede7ccb1d978c064ba79360916557;0x6bf6ce5b16c6941ada9a4e2a003209174cd2ec6fcd619a6e045bdff0b239d1fe;0x919fa96e88d67499339577fa202345436bcdaf79;0xa95b0f5a65a769d82ab4f3e82842e45b8bbaf101,-0.04636591478696739,0.026281208935611033,-0.021462987297415803,-0.06876916338151551
2026-05-23,CRV,0.2343,7862202.805926369,259721.42663943776,8121924.232565806,0.0319778194430889,30.27167572447225,11,binance;bitget;bybit;coinbase;crypto_com;gate;htx;kraken;kucoin;mexc;okx,arbitrum;eth,arbitrum;eth,5,curve;uniswap-v4-ethereum;uniswap_v3;uniswap_v3_arbitrum,0x4ebdf703948ddcea3b11f675b4d1fba9d2414a14;0x540a21655573a3b1d18812d51660b515cafede7ccb1d978c064ba79360916557;0x6bf6ce5b16c6941ada9a4e2a003209174cd2ec6fcd619a6e045bdff0b239d1fe;0x919fa96e88d67499339577fa202345436bcdaf79;0xa95b0f5a65a769d82ab4f3e82842e45b8bbaf101,0.026281208935611033,-0.03158344003414437,-0.06615450277422119,-0.08279982927870255
2026-05-24,CRV,0.2269,6098764.447776982,200217.05463242804,6298981.50240941,0.031785623525937244,30.46076398922911,11,binance;bitget;bybit;coinbase;crypto_com;gate;htx;kraken;kucoin;mexc;okx,arbitrum;eth,arbitrum;eth,5,curve;uniswap-v4-ethereum;uniswap_v3;uniswap_v3_arbitrum,0x4ebdf703948ddcea3b11f675b4d1fba9d2414a14;0x540a21655573a3b1d18812d51660b515cafede7ccb1d978c064ba79360916557;0x6bf6ce5b16c6941ada9a4e2a003209174cd2ec6fcd619a6e045bdff0b239d1fe;0x919fa96e88d67499339577fa202345436bcdaf79;0xa95b0f5a65a769d82ab4f3e82842e45b8bbaf101,-0.03158344003414437,-0.01542529748788013,-0.052005288673424355,-0.04715733803437627
2026-05-25,CRV,0.2234,6843899.30439937,168169.0069049073,7012068.311304278,0.02398279643593875,40.69655539007444,11,binance;bitget;bybit;coinbase;crypto_com;gate;htx;kraken;kucoin;mexc;okx,arbitrum;eth,arbitrum;eth,5,curve;uniswap-v4-ethereum;uniswap_v3;uniswap_v3_arbitrum,0x4ebdf703948ddcea3b11f675b4d1fba9d2414a14;0x540a21655573a3b1d18812d51660b515cafede7ccb1d978c064ba79360916557;0x6bf6ce5b16c6941ada9a4e2a003209174cd2ec6fcd619a6e045bdff0b239d1fe;0x919fa96e88d67499339577fa202345436bcdaf79;0xa95b0f5a65a769d82ab4f3e82842e45b8bbaf101,-0.01542529748788013,-0.020590868397493245,-0.05058191584601601,-0.03222918531781549
2026-05-26,CRV,0.2188,8921293.50564571,223611.51604187742,9144905.021687586,0.024452032635830755,39.896395604128685,11,binance;bitget;bybit;coinbase;crypto_com;gate;htx;kraken;kucoin;mexc;okx,arbitrum;eth,arbitrum;eth,5,curve;uniswap-v4-ethereum;uniswap_v3;uniswap_v3_arbitrum,0x4ebdf703948ddcea3b11f675b4d1fba9d2414a14;0x540a21655573a3b1d18812d51660b515cafede7ccb1d978c064ba79360916557;0x6bf6ce5b16c6941ada9a4e2a003209174cd2ec6fcd619a6e045bdff0b239d1fe;0x919fa96e88d67499339577fa202345436bcdaf79;0xa95b0f5a65a769d82ab4f3e82842e45b8bbaf101,-0.020590868397493245,-0.016910420475319876,-0.02833638025594143,-0.08500914076782451
2026-05-27,CRV,0.2151,8852905.725237865,758599.7220767263,9611505.447314592,0.07892621257252425,11.670061914869072,11,binance;bitget;bybit;coinbase;crypto_com;gate;htx;kraken;kucoin;mexc;okx,arbitrum;eth,arbitrum;eth,5,curve;uniswap-v4-ethereum;uniswap_v3;uniswap_v3_arbitrum,0x4ebdf703948ddcea3b11f675b4d1fba9d2414a14;0x540a21655573a3b1d18812d51660b515cafede7ccb1d978c064ba79360916557;0x6bf6ce5b16c6941ada9a4e2a003209174cd2ec6fcd619a6e045bdff0b239d1fe;0x919fa96e88d67499339577fa202345436bcdaf79;0xa95b0f5a65a769d82ab4f3e82842e45b8bbaf101,-0.016910420475319876,-0.013947001394700176,-0.0009298000929800487,-0.051603905160390595
2026-05-28,CRV,0.2121,7664432.44394367,297885.46755595075,7962317.91149962,0.037411903275769494,25.729460744855192,11,binance;bitget;bybit;coinbase;crypto_com;gate;htx;kraken;kucoin;mexc;okx,arbitrum;eth,arbitrum;eth,5,curve;uniswap-v4-ethereum;uniswap_v3;uniswap_v3_arbitrum,0x4ebdf703948ddcea3b11f675b4d1fba9d2414a14;0x540a21655573a3b1d18812d51660b515cafede7ccb1d978c064ba79360916557;0x6bf6ce5b16c6941ada9a4e2a003209174cd2ec6fcd619a6e045bdff0b239d1fe;0x919fa96e88d67499339577fa202345436bcdaf79;0xa95b0f5a65a769d82ab4f3e82842e45b8bbaf101,-0.013947001394700176,0.0023573785950024018,0.019330504479019295,-0.08722300801508731
2026-05-29,CRV,0.2126,7081808.382869491,256348.21855692333,7338156.601426415,0.03493359878788816,27.625736674651176,11,binance;bitget;bybit;coinbase;crypto_com;gate;htx;kraken;kucoin;mexc;okx,arbitrum;eth,arbitrum;eth,5,curve;uniswap-v4-ethereum;uniswap_v3;uniswap_v3_arbitrum,0x4ebdf703948ddcea3b11f675b4d1fba9d2414a14;0x540a21655573a3b1d18812d51660b515cafede7ccb1d978c064ba79360916557;0x6bf6ce5b16c6941ada9a4e2a003209174cd2ec6fcd619a6e045bdff0b239d1fe;0x919fa96e88d67499339577fa202345436bcdaf79;0xa95b0f5a65a769d82ab4f3e82842e45b8bbaf101,0.0023573785950024018,0.010818438381937856,0.016933207902163572,-0.14299153339604898
2026-05-30,CRV,0.2149,4869925.9410291305,202765.82548276335,5072691.766511894,0.03997203749325973,24.017488792474605,11,binance;bitget;bybit;coinbase;crypto_com;gate;htx;kraken;kucoin;mexc;okx,arbitrum;eth,arbitrum;eth,5,curve;uniswap-v4-ethereum;uniswap_v3;uniswap_v3_arbitrum,0x4ebdf703948ddcea3b11f675b4d1fba9d2414a14;0x540a21655573a3b1d18812d51660b515cafede7ccb1d978c064ba79360916557;0x6bf6ce5b16c6941ada9a4e2a003209174cd2ec6fcd619a6e045bdff0b239d1fe;0x919fa96e88d67499339577fa202345436bcdaf79;0xa95b0f5a65a769d82ab4f3e82842e45b8bbaf101,0.010818438381937856,0.006049325267566186,-0.0684039087947883,-0.1307584923220103
2026-05-31,CRV,0.2162,5306536.087190495,188399.38667696618,5494935.473867461,0.03428600528121696,28.1664191205102,11,binance;bitget;bybit;coinbase;crypto_com;gate;htx;kraken;kucoin;mexc;okx,arbitrum;eth,arbitrum;eth,5,curve;uniswap-v4-ethereum;uniswap_v3;uniswap_v3_arbitrum,0x4ebdf703948ddcea3b11f675b4d1fba9d2414a14;0x540a21655573a3b1d18812d51660b515cafede7ccb1d978c064ba79360916557;0x6bf6ce5b16c6941ada9a4e2a003209174cd2ec6fcd619a6e045bdff0b239d1fe;0x919fa96e88d67499339577fa202345436bcdaf79;0xa95b0f5a65a769d82ab4f3e82842e45b8bbaf101,0.006049325267566186,0.0,-0.05642923219241447,-0.08973172987974098
2026-06-01,CRV,0.2162,8640320.611625759,248105.68782958022,8888426.29945534,0.02791334252777497,34.82516135446542,11,binance;bitget;bybit;coinbase;crypto_com;gate;htx;kraken;kucoin;mexc;okx,arbitrum;eth,arbitrum;eth,5,curve;uniswap-v4-ethereum;uniswap_v3;uniswap_v3_arbitrum,0x4ebdf703948ddcea3b11f675b4d1fba9d2414a14;0x540a21655573a3b1d18812d51660b515cafede7ccb1d978c064ba79360916557;0x6bf6ce5b16c6941ada9a4e2a003209174cd2ec6fcd619a6e045bdff0b239d1fe;0x919fa96e88d67499339577fa202345436bcdaf79;0xa95b0f5a65a769d82ab4f3e82842e45b8bbaf101,0.0,-0.07400555041628132,-0.10453283996299723,-0.08001850138760414
2026-06-02,CRV,0.2002,11392115.694483088,431293.5735767645,11823409.268059853,0.036477936591595046,26.413831302903574,11,binance;bitget;bybit;coinbase;crypto_com;gate;htx;kraken;kucoin;mexc;okx,arbitrum;eth,arbitrum;eth,5,curve;uniswap-v4-ethereum;uniswap_v3;uniswap_v3_arbitrum,0x4ebdf703948ddcea3b11f675b4d1fba9d2414a14;0x540a21655573a3b1d18812d51660b515cafede7ccb1d978c064ba79360916557;0x6bf6ce5b16c6941ada9a4e2a003209174cd2ec6fcd619a6e045bdff0b239d1fe;0x919fa96e88d67499339577fa202345436bcdaf79;0xa95b0f5a65a769d82ab4f3e82842e45b8bbaf101,-0.07400555041628132,0.018981018981018893,-0.08991008991008986,0.004995004995004937
2026-06-03,CRV,0.204,11437263.490562508,548237.062945732,11985500.55350824,0.04574169101225056,20.861893993647488,11,binance;bitget;bybit;coinbase;crypto_com;gate;htx;kraken;kucoin;mexc;okx,arbitrum;eth,arbitrum;eth,5,curve;uniswap-v4-ethereum;uniswap_v3;uniswap_v3_arbitrum,0x4ebdf703948ddcea3b11f675b4d1fba9d2414a14;0x540a21655573a3b1d18812d51660b515cafede7ccb1d978c064ba79360916557;0x6bf6ce5b16c6941ada9a4e2a003209174cd2ec6fcd619a6e045bdff0b239d1fe;0x919fa96e88d67499339577fa202345436bcdaf79;0xa95b0f5a65a769d82ab4f3e82842e45b8bbaf101,0.018981018981018893,-0.050980392156862675,-0.084313725490196,0.03529411764705892
2026-06-04,CRV,0.1936,15222763.489241643,787030.5138970187,16009794.003138661,0.04915931546294251,19.342024509145663,11,binance;bitget;bybit;coinbase;crypto_com;gate;htx;kraken;kucoin;mexc;okx,arbitrum;eth,arbitrum;eth,5,curve;uniswap-v4-ethereum;uniswap_v3;uniswap_v3_arbitrum,0x4ebdf703948ddcea3b11f675b4d1fba9d2414a14;0x540a21655573a3b1d18812d51660b515cafede7ccb1d978c064ba79360916557;0x6bf6ce5b16c6941ada9a4e2a003209174cd2ec6fcd619a6e045bdff0b239d1fe;0x919fa96e88d67499339577fa202345436bcdaf79;0xa95b0f5a65a769d82ab4f3e82842e45b8bbaf101,-0.050980392156862675,-0.058884297520661155,0.016528925619834656,0.3228305785123966
2026-06-05,CRV,0.1822,20131999.953862496,1068499.279341672,21200499.233204167,0.050399722553145884,18.841379066035778,11,binance;bitget;bybit;coinbase;crypto_com;gate;htx;kraken;kucoin;mexc;okx,arbitrum;eth,arbitrum;eth,5,curve;uniswap-v4-ethereum;uniswap_v3;uniswap_v3_arbitrum,0x4ebdf703948ddcea3b11f675b4d1fba9d2414a14;0x540a21655573a3b1d18812d51660b515cafede7ccb1d978c064ba79360916557;0x6bf6ce5b16c6941ada9a4e2a003209174cd2ec6fcd619a6e045bdff0b239d1fe;0x919fa96e88d67499339577fa202345436bcdaf79;0xa95b0f5a65a769d82ab4f3e82842e45b8bbaf101,-0.058884297520661155,0.02524698133918757,0.09165751920965959,0.2958287596048299
2026-06-06,CRV,0.1868,9379853.472269362,666560.7918222072,10046414.26409157,0.06634812922304671,14.072015017005779,11,binance;bitget;bybit;coinbase;crypto_com;gate;htx;kraken;kucoin;mexc;okx,arbitrum;eth,arbitrum;eth,5,curve;uniswap-v4-ethereum;uniswap_v3;uniswap_v3_arbitrum,0x4ebdf703948ddcea3b11f675b4d1fba9d2414a14;0x540a21655573a3b1d18812d51660b515cafede7ccb1d978c064ba79360916557;0x6bf6ce5b16c6941ada9a4e2a003209174cd2ec6fcd619a6e045bdff0b239d1fe;0x919fa96e88d67499339577fa202345436bcdaf79;0xa95b0f5a65a769d82ab4f3e82842e45b8bbaf101,0.02524698133918757,0.05353319057815842,0.0770877944325481,0.26980728051391867
2026-06-07,CRV,0.1968,10312889.146718351,454077.02616332524,10766966.172881676,0.04217316362588663,22.711761556967534,11,binance;bitget;bybit;coinbase;crypto_com;gate;htx;kraken;kucoin;mexc;okx,arbitrum;eth,arbitrum;eth,5,curve;uniswap-v4-ethereum;uniswap_v3;uniswap_v3_arbitrum,0x4ebdf703948ddcea3b11f675b4d1fba9d2414a14;0x540a21655573a3b1d18812d51660b515cafede7ccb1d978c064ba79360916557;0x6bf6ce5b16c6941ada9a4e2a003209174cd2ec6fcd619a6e045bdff0b239d1fe;0x919fa96e88d67499339577fa202345436bcdaf79;0xa95b0f5a65a769d82ab4f3e82842e45b8bbaf101,0.05353319057815842,0.010670731707316916,0.07317073170731714,0.19969512195121952
2026-06-08,CRV,0.1989,7118504.699255409,521015.4253513096,7639520.124606718,0.06820002000821111,13.662752296547751,11,binance;bitget;bybit;coinbase;crypto_com;gate;htx;kraken;kucoin;mexc;okx,arbitrum;eth,arbitrum;eth,5,curve;uniswap-v4-ethereum;uniswap_v3;uniswap_v3_arbitrum,0x4ebdf703948ddcea3b11f675b4d1fba9d2414a14;0x540a21655573a3b1d18812d51660b515cafede7ccb1d978c064ba79360916557;0x6bf6ce5b16c6941ada9a4e2a003209174cd2ec6fcd619a6e045bdff0b239d1fe;0x919fa96e88d67499339577fa202345436bcdaf79;0xa95b0f5a65a769d82ab4f3e82842e45b8bbaf101,0.010670731707316916,0.011563599798893875,0.2875816993464053,0.19959778783308213
2026-06-09,CRV,0.2012,12052779.907870928,457999.26814204967,12510779.176012978,0.03660837280384387,26.31615538768225,11,binance;bitget;bybit;coinbase;crypto_com;gate;htx;kraken;kucoin;mexc;okx,arbitrum;eth,arbitrum;eth,5,curve;uniswap-v4-ethereum;uniswap_v3;uniswap_v3_arbitrum,0x4ebdf703948ddcea3b11f675b4d1fba9d2414a14;0x540a21655573a3b1d18812d51660b515cafede7ccb1d978c064ba79360916557;0x6bf6ce5b16c6941ada9a4e2a003209174cd2ec6fcd619a6e045bdff0b239d1fe;0x919fa96e88d67499339577fa202345436bcdaf79;0xa95b0f5a65a769d82ab4f3e82842e45b8bbaf101,0.011563599798893875,0.0497017892644136,0.17345924453280337,0.18936381709741568
2026-06-10,CRV,0.2112,32053990.923516072,714397.6788745346,32768388.602390606,0.021801428429789067,44.868554128023035,11,binance;bitget;bybit;coinbase;crypto_com;gate;htx;kraken;kucoin;mexc;okx,arbitrum;eth,arbitrum;eth,5,curve;uniswap-v4-ethereum;uniswap_v3;uniswap_v3_arbitrum,0x4ebdf703948ddcea3b11f675b4d1fba9d2414a14;0x540a21655573a3b1d18812d51660b515cafede7ccb1d978c064ba79360916557;0x6bf6ce5b16c6941ada9a4e2a003209174cd2ec6fcd619a6e045bdff0b239d1fe;0x919fa96e88d67499339577fa202345436bcdaf79;0xa95b0f5a65a769d82ab4f3e82842e45b8bbaf101,0.0497017892644136,0.21259469696969702,0.12310606060606055,0.07765151515151514
2026-06-11,CRV,0.2561,47788670.37579842,1303196.585493409,49091866.96129183,0.02654607914017528,36.6703465215917,11,binance;bitget;bybit;coinbase;crypto_com;gate;htx;kraken;kucoin;mexc;okx,arbitrum;eth,arbitrum;eth,5,curve;uniswap-v4-ethereum;uniswap_v3;uniswap_v3_arbitrum,0x4ebdf703948ddcea3b11f675b4d1fba9d2414a14;0x540a21655573a3b1d18812d51660b515cafede7ccb1d978c064ba79360916557;0x6bf6ce5b16c6941ada9a4e2a003209174cd2ec6fcd619a6e045bdff0b239d1fe;0x919fa96e88d67499339577fa202345436bcdaf79;0xa95b0f5a65a769d82ab4f3e82842e45b8bbaf101,0.21259469696969702,-0.07809449433814908,-0.07809449433814908,-0.12104646622413118
2026-06-12,CRV,0.2361,20872171.276439894,573238.5465578872,21445409.822997782,0.026730127859023407,36.41096957238929,11,binance;bitget;bybit;coinbase;crypto_com;gate;htx;kraken;kucoin;mexc;okx,arbitrum;eth,arbitrum;eth,5,curve;uniswap-v4-ethereum;uniswap_v3;uniswap_v3_arbitrum,0x4ebdf703948ddcea3b11f675b4d1fba9d2414a14;0x540a21655573a3b1d18812d51660b515cafede7ccb1d978c064ba79360916557;0x6bf6ce5b16c6941ada9a4e2a003209174cd2ec6fcd619a6e045bdff0b239d1fe;0x919fa96e88d67499339577fa202345436bcdaf79;0xa95b0f5a65a769d82ab4f3e82842e45b8bbaf101,-0.07809449433814908,0.004659042778483613,0.01058873358746304,-0.08894536213468862
2026-06-13,CRV,0.2372,11659985.136762887,398990.8825263893,12058976.019289277,0.03308663039781919,29.223688177866304,11,binance;bitget;bybit;coinbase;crypto_com;gate;htx;kraken;kucoin;mexc;okx,arbitrum;eth,arbitrum;eth,5,curve;uniswap-v4-ethereum;uniswap_v3;uniswap_v3_arbitrum,0x4ebdf703948ddcea3b11f675b4d1fba9d2414a14;0x540a21655573a3b1d18812d51660b515cafede7ccb1d978c064ba79360916557;0x6bf6ce5b16c6941ada9a4e2a003209174cd2ec6fcd619a6e045bdff0b239d1fe;0x919fa96e88d67499339577fa202345436bcdaf79;0xa95b0f5a65a769d82ab4f3e82842e45b8bbaf101,0.004659042778483613,-0.004637436762225944,0.00885328836424959,-0.09443507588532885
2026-06-14,CRV,0.2361,17981719.90341961,342588.0369219305,18324307.94034154,0.01869582404079295,52.48788038537759,11,binance;bitget;bybit;coinbase;crypto_com;gate;htx;kraken;kucoin;mexc;okx,arbitrum;eth,arbitrum;eth,5,curve;uniswap-v4-ethereum;uniswap_v3;uniswap_v3_arbitrum,0x4ebdf703948ddcea3b11f675b4d1fba9d2414a14;0x540a21655573a3b1d18812d51660b515cafede7ccb1d978c064ba79360916557;0x6bf6ce5b16c6941ada9a4e2a003209174cd2ec6fcd619a6e045bdff0b239d1fe;0x919fa96e88d67499339577fa202345436bcdaf79;0xa95b0f5a65a769d82ab4f3e82842e45b8bbaf101,-0.004637436762225944,0.01058873358746304,-0.03600169419737398,-0.12240576027107164
2026-06-15,CRV,0.2386,25369965.197446346,446140.7045484245,25816105.901994772,0.01728148723289642,56.865390086128464,11,binance;bitget;bybit;coinbase;crypto_com;gate;htx;kraken;kucoin;mexc;okx,arbitrum;eth,arbitrum;eth,5,curve;uniswap-v4-ethereum;uniswap_v3;uniswap_v3_arbitrum,0x4ebdf703948ddcea3b11f675b4d1fba9d2414a14;0x540a21655573a3b1d18812d51660b515cafede7ccb1d978c064ba79360916557;0x6bf6ce5b16c6941ada9a4e2a003209174cd2ec6fcd619a6e045bdff0b239d1fe;0x919fa96e88d67499339577fa202345436bcdaf79;0xa95b0f5a65a769d82ab4f3e82842e45b8bbaf101,0.01058873358746304,0.002933780385582674,-0.05658005029337809,-0.12238055322715846
2026-06-16,CRV,0.2393,27379172.30175999,636793.9154391119,28015966.217199102,0.02272967887319131,42.995342194625444,11,binance;bitget;bybit;coinbase;crypto_com;gate;htx;kraken;kucoin;mexc;okx,arbitrum;eth,arbitrum;eth,5,curve;uniswap-v4-ethereum;uniswap_v3;uniswap_v3_arbitrum,0x4ebdf703948ddcea3b11f675b4d1fba9d2414a14;0x540a21655573a3b1d18812d51660b515cafede7ccb1d978c064ba79360916557;0x6bf6ce5b16c6941ada9a4e2a003209174cd2ec6fcd619a6e045bdff0b239d1fe;0x919fa96e88d67499339577fa202345436bcdaf79;0xa95b0f5a65a769d82ab4f3e82842e45b8bbaf101,0.002933780385582674,-0.04889260342666113,-0.10112829084830754,-0.14625992478061012
2026-06-17,CRV,0.2276,37402261.75029654,713882.1065744448,38116143.85687099,0.018729127197523607,52.39277102737715,11,binance;bitget;bybit;coinbase;crypto_com;gate;htx;kraken;kucoin;mexc;okx,arbitrum;eth,arbitrum;eth,5,curve;uniswap-v4-ethereum;uniswap_v3;uniswap_v3_arbitrum,0x4ebdf703948ddcea3b11f675b4d1fba9d2414a14;0x540a21655573a3b1d18812d51660b515cafede7ccb1d978c064ba79360916557;0x6bf6ce5b16c6941ada9a4e2a003209174cd2ec6fcd619a6e045bdff0b239d1fe;0x919fa96e88d67499339577fa202345436bcdaf79;0xa95b0f5a65a769d82ab4f3e82842e45b8bbaf101,-0.04889260342666113,-0.010984182776801465,-0.05623901581722324,-0.1419156414762741
2026-06-18,CRV,0.2251,21213561.71305437,444341.1284075589,21657902.84146193,0.0205163506208418,47.74161192118334,11,binance;bitget;bybit;coinbase;crypto_com;gate;htx;kraken;kucoin;mexc;okx,arbitrum;eth,arbitrum;eth,5,curve;uniswap-v4-ethereum;uniswap_v3;uniswap_v3_arbitrum,0x4ebdf703948ddcea3b11f675b4d1fba9d2414a14;0x540a21655573a3b1d18812d51660b515cafede7ccb1d978c064ba79360916557;0x6bf6ce5b16c6941ada9a4e2a003209174cd2ec6fcd619a6e045bdff0b239d1fe;0x919fa96e88d67499339577fa202345436bcdaf79;0xa95b0f5a65a769d82ab4f3e82842e45b8bbaf101,-0.010984182776801465,-0.04442470013327404,-0.07952021323856062,-0.14127054642381165
2026-06-19,CRV,0.2151,10470660.566755038,321874.360044941,10792534.926799979,0.029823796006039686,32.53027226304417,11,binance;bitget;bybit;coinbase;crypto_com;gate;htx;kraken;kucoin;mexc;okx,arbitrum;eth,arbitrum;eth,5,curve;uniswap-v4-ethereum;uniswap_v3;uniswap_v3_arbitrum,0x4ebdf703948ddcea3b11f675b4d1fba9d2414a14;0x540a21655573a3b1d18812d51660b515cafede7ccb1d978c064ba79360916557;0x6bf6ce5b16c6941ada9a4e2a003209174cd2ec6fcd619a6e045bdff0b239d1fe;0x919fa96e88d67499339577fa202345436bcdaf79;0xa95b0f5a65a769d82ab4f3e82842e45b8bbaf101,-0.04442470013327404,-0.001394700139470073,-0.02649930264993028,-0.10041841004184104
2026-06-20,CRV,0.2148,8924418.805492865,181732.53727816173,9106151.342771027,0.019957118044433907,49.10743524057585,11,binance;bitget;bybit;coinbase;crypto_com;gate;htx;kraken;kucoin;mexc;okx,arbitrum;eth,arbitrum;eth,5,curve;uniswap-v4-ethereum;uniswap_v3;uniswap_v3_arbitrum,0x4ebdf703948ddcea3b11f675b4d1fba9d2414a14;0x540a21655573a3b1d18812d51660b515cafede7ccb1d978c064ba79360916557;0x6bf6ce5b16c6941ada9a4e2a003209174cd2ec6fcd619a6e045bdff0b239d1fe;0x919fa96e88d67499339577fa202345436bcdaf79;0xa95b0f5a65a769d82ab4f3e82842e45b8bbaf101,-0.001394700139470073,-0.035381750465549366,-0.04888268156424569,-0.10800744878957169
2026-06-21,CRV,0.2072,10449031.236074805,204731.79079494064,10653763.026869746,0.019216852325191457,51.037658565398644,11,binance;bitget;bybit;coinbase;crypto_com;gate;htx;kraken;kucoin;mexc;okx,arbitrum;eth,arbitrum;eth,5,curve;uniswap-v4-ethereum;uniswap_v3;uniswap_v3_arbitrum,0x4ebdf703948ddcea3b11f675b4d1fba9d2414a14;0x540a21655573a3b1d18812d51660b515cafede7ccb1d978c064ba79360916557;0x6bf6ce5b16c6941ada9a4e2a003209174cd2ec6fcd619a6e045bdff0b239d1fe;0x919fa96e88d67499339577fa202345436bcdaf79;0xa95b0f5a65a769d82ab4f3e82842e45b8bbaf101,-0.035381750465549366,0.010617760617760652,-0.057432432432432456,-0.084942084942085
2026-06-22,CRV,0.2094,11264587.521972409,230720.34251627527,11495307.864488684,0.02007082761384902,48.82355582138489,11,binance;bitget;bybit;coinbase;crypto_com;gate;htx;kraken;kucoin;mexc;okx,arbitrum;eth,arbitrum;eth,5,curve;uniswap-v4-ethereum;uniswap_v3;uniswap_v3_arbitrum,0x4ebdf703948ddcea3b11f675b4d1fba9d2414a14;0x540a21655573a3b1d18812d51660b515cafede7ccb1d978c064ba79360916557;0x6bf6ce5b16c6941ada9a4e2a003209174cd2ec6fcd619a6e045bdff0b239d1fe;0x919fa96e88d67499339577fa202345436bcdaf79;0xa95b0f5a65a769d82ab4f3e82842e45b8bbaf101,0.010617760617760652,-0.024355300859598805,-0.07688634192932187,-0.08166189111747857
2026-06-23,CRV,0.2043,11788368.419907097,234132.12444892,12022500.544356016,0.019474494809553884,50.349213922068756,11,binance;bitget;bybit;coinbase;crypto_com;gate;htx;kraken;kucoin;mexc;okx,arbitrum;eth,arbitrum;eth,5,curve;uniswap-v4-ethereum;uniswap_v3;uniswap_v3_arbitrum,0x4ebdf703948ddcea3b11f675b4d1fba9d2414a14;0x540a21655573a3b1d18812d51660b515cafede7ccb1d978c064ba79360916557;0x6bf6ce5b16c6941ada9a4e2a003209174cd2ec6fcd619a6e045bdff0b239d1fe;0x919fa96e88d67499339577fa202345436bcdaf79;0xa95b0f5a65a769d82ab4f3e82842e45b8bbaf101,-0.024355300859598805,-0.04405286343612336,-0.052863436123347984,-0.09691629955947145
2026-06-24,CRV,0.1953,13433847.626900498,357039.874421876,13790887.501322374,0.025889550211155035,37.62562276455193,11,binance;bitget;bybit;coinbase;crypto_com;gate;htx;kraken;kucoin;mexc;okx,arbitrum;eth,arbitrum;eth,5,curve;uniswap-v4-ethereum;uniswap_v3;uniswap_v3_arbitrum,0x4ebdf703948ddcea3b11f675b4d1fba9d2414a14;0x540a21655573a3b1d18812d51660b515cafede7ccb1d978c064ba79360916557;0x6bf6ce5b16c6941ada9a4e2a003209174cd2ec6fcd619a6e045bdff0b239d1fe;0x919fa96e88d67499339577fa202345436bcdaf79;0xa95b0f5a65a769d82ab4f3e82842e45b8bbaf101,-0.04405286343612336,-0.010240655401945742,-0.018945212493599595,0.05171530977982597
2026-06-25,CRV,0.1933,11175899.445014004,405881.4742933452,11581780.91930735,0.03504482403191745,27.534884326690847,11,binance;bitget;bybit;coinbase;crypto_com;gate;htx;kraken;kucoin;mexc;okx,arbitrum;eth,arbitrum;eth,5,curve;uniswap-v4-ethereum;uniswap_v3;uniswap_v3_arbitrum,0x4ebdf703948ddcea3b11f675b4d1fba9d2414a14;0x540a21655573a3b1d18812d51660b515cafede7ccb1d978c064ba79360916557;0x6bf6ce5b16c6941ada9a4e2a003209174cd2ec6fcd619a6e045bdff0b239d1fe;0x919fa96e88d67499339577fa202345436bcdaf79;0xa95b0f5a65a769d82ab4f3e82842e45b8bbaf101,-0.010240655401945742,0.0010346611484739476,-0.0191412312467667,0.06207966890843264
2026-06-26,CRV,0.1935,7720341.538709183,341068.93981756654,8061410.47852675,0.042308841700354406,22.635721513775767,11,binance;bitget;bybit;coinbase;crypto_com;gate;htx;kraken;kucoin;mexc;okx,arbitrum;eth,arbitrum;eth,5,curve;uniswap-v4-ethereum;uniswap_v3;uniswap_v3_arbitrum,0x4ebdf703948ddcea3b11f675b4d1fba9d2414a14;0x540a21655573a3b1d18812d51660b515cafede7ccb1d978c064ba79360916557;0x6bf6ce5b16c6941ada9a4e2a003209174cd2ec6fcd619a6e045bdff0b239d1fe;0x919fa96e88d67499339577fa202345436bcdaf79;0xa95b0f5a65a769d82ab4f3e82842e45b8bbaf101,0.0010346611484739476,-0.009819121447028456,-0.006201550387596955,0.08113695090439266
2026-06-27,CRV,0.1916,4650900.168496297,155330.50733017115,4806230.675826468,0.0323185709981473,29.941962132463292,11,binance;bitget;bybit;coinbase;crypto_com;gate;htx;kraken;kucoin;mexc;okx,arbitrum;eth,arbitrum;eth,5,curve;uniswap-v4-ethereum;uniswap_v3;uniswap_v3_arbitrum,0x4ebdf703948ddcea3b11f675b4d1fba9d2414a14;0x540a21655573a3b1d18812d51660b515cafede7ccb1d978c064ba79360916557;0x6bf6ce5b16c6941ada9a4e2a003209174cd2ec6fcd619a6e045bdff0b239d1fe;0x919fa96e88d67499339577fa202345436bcdaf79;0xa95b0f5a65a769d82ab4f3e82842e45b8bbaf101,-0.009819121447028456,-0.01043841336116913,-0.03705636743215024,0.10699373695198333
2026-06-28,CRV,0.1896,4972679.115328488,239840.34565343978,5212519.460981928,0.046012364548229226,20.733288645746953,11,binance;bitget;bybit;coinbase;crypto_com;gate;htx;kraken;kucoin;mexc;okx,arbitrum;eth,arbitrum;eth,5,curve;uniswap-v4-ethereum;uniswap_v3;uniswap_v3_arbitrum,0x4ebdf703948ddcea3b11f675b4d1fba9d2414a14;0x540a21655573a3b1d18812d51660b515cafede7ccb1d978c064ba79360916557;0x6bf6ce5b16c6941ada9a4e2a003209174cd2ec6fcd619a6e045bdff0b239d1fe;0x919fa96e88d67499339577fa202345436bcdaf79;0xa95b0f5a65a769d82ab4f3e82842e45b8bbaf101,-0.01043841336116913,0.014240506329114,0.08333333333333348,0.13502109704641363
2026-06-29,CRV,0.1923,6172557.354997988,322845.64377977775,6495402.998777766,0.04970371258573599,19.11922144196087,11,binance;bitget;bybit;coinbase;crypto_com;gate;htx;kraken;kucoin;mexc;okx,arbitrum;eth,arbitrum;eth,5,curve;uniswap-v4-ethereum;uniswap_v3;uniswap_v3_arbitrum,0x4ebdf703948ddcea3b11f675b4d1fba9d2414a14;0x540a21655573a3b1d18812d51660b515cafede7ccb1d978c064ba79360916557;0x6bf6ce5b16c6941ada9a4e2a003209174cd2ec6fcd619a6e045bdff0b239d1fe;0x919fa96e88d67499339577fa202345436bcdaf79;0xa95b0f5a65a769d82ab4f3e82842e45b8bbaf101,0.014240506329114,-0.040561622464898583,0.06760270410816438,0.12272490899636002
2026-06-30,CRV,0.1845,6122816.133035221,241730.95677485975,6364547.089810081,0.037980857610729536,25.329052657239142,11,binance;bitget;bybit;coinbase;crypto_com;gate;htx;kraken;kucoin;mexc;okx,arbitrum;eth,arbitrum;eth,5,curve;uniswap-v4-ethereum;uniswap_v3;uniswap_v3_arbitrum,0x4ebdf703948ddcea3b11f675b4d1fba9d2414a14;0x540a21655573a3b1d18812d51660b515cafede7ccb1d978c064ba79360916557;0x6bf6ce5b16c6941ada9a4e2a003209174cd2ec6fcd619a6e045bdff0b239d1fe;0x919fa96e88d67499339577fa202345436bcdaf79;0xa95b0f5a65a769d82ab4f3e82842e45b8bbaf101,-0.040561622464898583,0.11327913279132784,0.13387533875338753,0.11653116531165297
2026-07-01,CRV,0.2054,12410270.184984433,422369.9206438296,12832640.105628261,0.03291371979321563,29.382466833971343,11,binance;bitget;bybit;coinbase;crypto_com;gate;htx;kraken;kucoin;mexc;okx,arbitrum;eth,arbitrum;eth,5,curve;uniswap-v4-ethereum;uniswap_v3;uniswap_v3_arbitrum,0x4ebdf703948ddcea3b11f675b4d1fba9d2414a14;0x540a21655573a3b1d18812d51660b515cafede7ccb1d978c064ba79360916557;0x6bf6ce5b16c6941ada9a4e2a003209174cd2ec6fcd619a6e045bdff0b239d1fe;0x919fa96e88d67499339577fa202345436bcdaf79;0xa95b0f5a65a769d82ab4f3e82842e45b8bbaf101,0.11327913279132784,-0.0004868549172346581,0.03261927945472265,
2026-07-02,CRV,0.2053,8890629.391341507,427373.70471529575,9318003.096056804,0.045865374835103015,20.80293965971583,11,binance;bitget;bybit;coinbase;crypto_com;gate;htx;kraken;kucoin;mexc;okx,arbitrum;eth,arbitrum;eth,5,curve;uniswap-v4-ethereum;uniswap_v3;uniswap_v3_arbitrum,0x4ebdf703948ddcea3b11f675b4d1fba9d2414a14;0x540a21655573a3b1d18812d51660b515cafede7ccb1d978c064ba79360916557;0x6bf6ce5b16c6941ada9a4e2a003209174cd2ec6fcd619a6e045bdff0b239d1fe;0x919fa96e88d67499339577fa202345436bcdaf79;0xa95b0f5a65a769d82ab4f3e82842e45b8bbaf101,-0.0004868549172346581,0.018996590355577103,0.048222113979542014,
2026-07-03,CRV,0.2092,13507263.338481251,478148.0471644146,13985411.385645665,0.03418905843950903,28.249123715100488,11,binance;bitget;bybit;coinbase;crypto_com;gate;htx;kraken;kucoin;mexc;okx,arbitrum;eth,arbitrum;eth,5,curve;uniswap-v4-ethereum;uniswap_v3;uniswap_v3_arbitrum,0x4ebdf703948ddcea3b11f675b4d1fba9d2414a14;0x540a21655573a3b1d18812d51660b515cafede7ccb1d978c064ba79360916557;0x6bf6ce5b16c6941ada9a4e2a003209174cd2ec6fcd619a6e045bdff0b239d1fe;0x919fa96e88d67499339577fa202345436bcdaf79;0xa95b0f5a65a769d82ab4f3e82842e45b8bbaf101,0.018996590355577103,0.013862332695984803,0.03202676864244758,
2026-07-04,CRV,0.2121,11558968.063164713,335420.38375973643,11894388.44692445,0.028199884782345964,34.461137792521484,11,binance;bitget;bybit;coinbase;crypto_com;gate;htx;kraken;kucoin;mexc;okx,arbitrum;eth,arbitrum;eth,5,curve;uniswap-v4-ethereum;uniswap_v3;uniswap_v3_arbitrum,0x4ebdf703948ddcea3b11f675b4d1fba9d2414a14;0x540a21655573a3b1d18812d51660b515cafede7ccb1d978c064ba79360916557;0x6bf6ce5b16c6941ada9a4e2a003209174cd2ec6fcd619a6e045bdff0b239d1fe;0x919fa96e88d67499339577fa202345436bcdaf79;0xa95b0f5a65a769d82ab4f3e82842e45b8bbaf101,0.013862332695984803,0.014615747289014491,-0.028760018859028902,
2026-07-05,CRV,0.2152,6077672.603827293,227915.60028754268,6305588.204114836,0.036145018182254886,26.66632997548033,11,binance;bitget;bybit;coinbase;crypto_com;gate;htx;kraken;kucoin;mexc;okx,arbitrum;eth,arbitrum;eth,5,curve;uniswap-v4-ethereum;uniswap_v3;uniswap_v3_arbitrum,0x4ebdf703948ddcea3b11f675b4d1fba9d2414a14;0x540a21655573a3b1d18812d51660b515cafede7ccb1d978c064ba79360916557;0x6bf6ce5b16c6941ada9a4e2a003209174cd2ec6fcd619a6e045bdff0b239d1fe;0x919fa96e88d67499339577fa202345436bcdaf79;0xa95b0f5a65a769d82ab4f3e82842e45b8bbaf101,0.014615747289014491,0.0032527881040893547,,
2026-07-06,CRV,0.2159,12828940.105397763,412175.53354415647,13241115.63894192,0.031128459624048182,31.124943285900777,11,binance;bitget;bybit;coinbase;crypto_com;gate;htx;kraken;kucoin;mexc;okx,arbitrum;eth,arbitrum;eth,5,curve;uniswap-v4-ethereum;uniswap_v3;uniswap_v3_arbitrum,0x4ebdf703948ddcea3b11f675b4d1fba9d2414a14;0x540a21655573a3b1d18812d51660b515cafede7ccb1d978c064ba79360916557;0x6bf6ce5b16c6941ada9a4e2a003209174cd2ec6fcd619a6e045bdff0b239d1fe;0x919fa96e88d67499339577fa202345436bcdaf79;0xa95b0f5a65a769d82ab4f3e82842e45b8bbaf101,0.0032527881040893547,-0.04585456229735996,,
2026-07-07,CRV,0.206,7623165.467076115,171616.44968967958,7794781.916765795,0.02201683786951753,44.419783073595106,11,binance;bitget;bybit;coinbase;crypto_com;gate;htx;kraken;kucoin;mexc;okx,arbitrum;eth,arbitrum;eth,5,curve;uniswap-v4-ethereum;uniswap_v3;uniswap_v3_arbitrum,0x4ebdf703948ddcea3b11f675b4d1fba9d2414a14;0x540a21655573a3b1d18812d51660b515cafede7ccb1d978c064ba79360916557;0x6bf6ce5b16c6941ada9a4e2a003209174cd2ec6fcd619a6e045bdff0b239d1fe;0x919fa96e88d67499339577fa202345436bcdaf79;0xa95b0f5a65a769d82ab4f3e82842e45b8bbaf101,-0.04585456229735996,,,
2026-01-17,EIGEN,0.404,7299325.288362269,86585.13847525188,7385910.426837522,0.011723014966528054,84.30228809356923,10,binance;bitget;bybit;coinbase;gate;htx;kraken;kucoin;mexc;okx,base;eth,base;eth,5,aerodrome-slipstream;balancer-v3-ethereum;curve;uniswap_v3,0x3c5428b3d6e07f6de38b0c7f84ea9d30b3b27231;0xbda917a67c7d9ae67da92c4ea87e10e5d6c11b54;0xc2c390c6cd3c4e6c2b70727d35a45e8a072f18ca;0xd1419e4d76e74d3b4d8a224f3a34118622fb4df4;0xd640333b71b015092d9b3afcff3e427036304370,,-0.08663366336633671,-0.1955445544554456,-0.17079207920792083
2026-01-18,EIGEN,0.369,14434093.048335813,137885.95100492245,14571978.999340735,0.00946240390623406,104.68139025868216,10,binance;bitget;bybit;coinbase;gate;htx;kraken;kucoin;mexc;okx,base;eth,base;eth,5,aerodrome-slipstream;balancer-v3-ethereum;curve;uniswap_v3,0x3c5428b3d6e07f6de38b0c7f84ea9d30b3b27231;0xbda917a67c7d9ae67da92c4ea87e10e5d6c11b54;0xc2c390c6cd3c4e6c2b70727d35a45e8a072f18ca;0xd1419e4d76e74d3b4d8a224f3a34118622fb4df4;0xd640333b71b015092d9b3afcff3e427036304370,-0.08663366336633671,-0.07046070460704601,-0.07046070460704601,-0.14634146341463417
2026-01-19,EIGEN,0.343,29783731.07539705,424138.603564127,30207869.678961176,0.014040665828862672,70.2216936282574,10,binance;bitget;bybit;coinbase;gate;htx;kraken;kucoin;mexc;okx,base;eth,base;eth,5,aerodrome-slipstream;balancer-v3-ethereum;curve;uniswap_v3,0x3c5428b3d6e07f6de38b0c7f84ea9d30b3b27231;0xbda917a67c7d9ae67da92c4ea87e10e5d6c11b54;0xc2c390c6cd3c4e6c2b70727d35a45e8a072f18ca;0xd1419e4d76e74d3b4d8a224f3a34118622fb4df4;0xd640333b71b015092d9b3afcff3e427036304370,-0.07046070460704601,-0.05247813411078717,-0.03206997084548102,-0.05247813411078717
2026-01-20,EIGEN,0.325,18533927.274359673,172934.932325937,18706862.20668561,0.009244464967734253,107.17283677208766,10,binance;bitget;bybit;coinbase;gate;htx;kraken;kucoin;mexc;okx,base;eth,base;eth,5,aerodrome-slipstream;balancer-v3-ethereum;curve;uniswap_v3,0x3c5428b3d6e07f6de38b0c7f84ea9d30b3b27231;0xbda917a67c7d9ae67da92c4ea87e10e5d6c11b54;0xc2c390c6cd3c4e6c2b70727d35a45e8a072f18ca;0xd1419e4d76e74d3b4d8a224f3a34118622fb4df4;0xd640333b71b015092d9b3afcff3e427036304370,-0.05247813411078717,0.055384615384615365,0.027692307692307683,0.03692307692307706
2026-01-21,EIGEN,0.343,18435078.91194035,78495.65857901199,18513574.57051936,0.0042398975022363795,234.8547581568987,10,binance;bitget;bybit;coinbase;gate;htx;kraken;kucoin;mexc;okx,base;eth,base;eth,5,aerodrome-slipstream;balancer-v3-ethereum;curve;uniswap_v3,0x3c5428b3d6e07f6de38b0c7f84ea9d30b3b27231;0xbda917a67c7d9ae67da92c4ea87e10e5d6c11b54;0xc2c390c6cd3c4e6c2b70727d35a45e8a072f18ca;0xd1419e4d76e74d3b4d8a224f3a34118622fb4df4;0xd640333b71b015092d9b3afcff3e427036304370,0.055384615384615365,-0.03206997084548102,-0.023323615160349864,-0.029154518950437303
2026-01-22,EIGEN,0.332,10390762.621315751,44937.5132131959,10435700.134528948,0.004306133046551391,231.2269166301909,10,binance;bitget;bybit;coinbase;gate;htx;kraken;kucoin;mexc;okx,base;eth,base;eth,5,aerodrome-slipstream;balancer-v3-ethereum;curve;uniswap_v3,0x3c5428b3d6e07f6de38b0c7f84ea9d30b3b27231;0xbda917a67c7d9ae67da92c4ea87e10e5d6c11b54;0xc2c390c6cd3c4e6c2b70727d35a45e8a072f18ca;0xd1419e4d76e74d3b4d8a224f3a34118622fb4df4;0xd640333b71b015092d9b3afcff3e427036304370,-0.03206997084548102,0.006024096385542244,-0.051204819277108515,-0.09337349397590367
2026-01-23,EIGEN,0.334,11380555.22510475,212631.69703677393,11593186.922141524,0.01834109106191277,53.52238346259599,10,binance;bitget;bybit;coinbase;gate;htx;kraken;kucoin;mexc;okx,base;eth,base;eth,5,aerodrome-slipstream;balancer-v3-ethereum;curve;uniswap_v3,0x3c5428b3d6e07f6de38b0c7f84ea9d30b3b27231;0xbda917a67c7d9ae67da92c4ea87e10e5d6c11b54;0xc2c390c6cd3c4e6c2b70727d35a45e8a072f18ca;0xd1419e4d76e74d3b4d8a224f3a34118622fb4df4;0xd640333b71b015092d9b3afcff3e427036304370,0.006024096385542244,0.0029940119760478723,-0.026946107784431184,-0.11676646706586835
2026-01-24,EIGEN,0.335,5019967.11402798,74170.44308071268,5094137.557108693,0.014559960788104434,67.68150364917227,10,binance;bitget;bybit;coinbase;gate;htx;kraken;kucoin;mexc;okx,base;eth,base;eth,5,aerodrome-slipstream;balancer-v3-ethereum;curve;uniswap_v3,0x3c5428b3d6e07f6de38b0c7f84ea9d30b3b27231;0xbda917a67c7d9ae67da92c4ea87e10e5d6c11b54;0xc2c390c6cd3c4e6c2b70727d35a45e8a072f18ca;0xd1419e4d76e74d3b4d8a224f3a34118622fb4df4;0xd640333b71b015092d9b3afcff3e427036304370,0.0029940119760478723,-0.059701492537313494,0.005970149253731405,-0.21791044776119406
2026-01-25,EIGEN,0.315,12912043.747300513,234288.93878225607,13146332.68608277,0.017821619487104846,55.11162334172649,10,binance;bitget;bybit;coinbase;gate;htx;kraken;kucoin;mexc;okx,base;eth,base;eth,5,aerodrome-slipstream;balancer-v3-ethereum;curve;uniswap_v3,0x3c5428b3d6e07f6de38b0c7f84ea9d30b3b27231;0xbda917a67c7d9ae67da92c4ea87e10e5d6c11b54;0xc2c390c6cd3c4e6c2b70727d35a45e8a072f18ca;0xd1419e4d76e74d3b4d8a224f3a34118622fb4df4;0xd640333b71b015092d9b3afcff3e427036304370,-0.059701492537313494,0.031746031746031855,0.05714285714285716,-0.2063492063492064
2026-01-26,EIGEN,0.325,8970012.838822426,120567.72598905108,9090580.564811477,0.013262929152814943,74.39812574417307,10,binance;bitget;bybit;coinbase;gate;htx;kraken;kucoin;mexc;okx,base;eth,base;eth,5,aerodrome-slipstream;balancer-v3-ethereum;curve;uniswap_v3,0x3c5428b3d6e07f6de38b0c7f84ea9d30b3b27231;0xbda917a67c7d9ae67da92c4ea87e10e5d6c11b54;0xc2c390c6cd3c4e6c2b70727d35a45e8a072f18ca;0xd1419e4d76e74d3b4d8a224f3a34118622fb4df4;0xd640333b71b015092d9b3afcff3e427036304370,0.031746031746031855,0.03692307692307706,-0.0738461538461539,-0.22153846153846157
2026-01-27,EIGEN,0.337,8950033.903852193,90843.50912319245,9040877.412975386,0.010048085487014198,98.52144627873297,10,binance;bitget;bybit;coinbase;gate;htx;kraken;kucoin;mexc;okx,base;eth,base;eth,5,aerodrome-slipstream;balancer-v3-ethereum;curve;uniswap_v3,0x3c5428b3d6e07f6de38b0c7f84ea9d30b3b27231;0xbda917a67c7d9ae67da92c4ea87e10e5d6c11b54;0xc2c390c6cd3c4e6c2b70727d35a45e8a072f18ca;0xd1419e4d76e74d3b4d8a224f3a34118622fb4df4;0xd640333b71b015092d9b3afcff3e427036304370,0.03692307692307706,-0.011869436201780381,-0.12462908011869445,-0.26112759643916916
2026-01-28,EIGEN,0.333,9403925.993381107,212980.98959991397,9616906.98298102,0.022146516543918443,44.153828053134866,10,binance;bitget;bybit;coinbase;gate;htx;kraken;kucoin;mexc;okx,base;eth,base;eth,5,aerodrome-slipstream;balancer-v3-ethereum;curve;uniswap_v3,0x3c5428b3d6e07f6de38b0c7f84ea9d30b3b27231;0xbda917a67c7d9ae67da92c4ea87e10e5d6c11b54;0xc2c390c6cd3c4e6c2b70727d35a45e8a072f18ca;0xd1419e4d76e74d3b4d8a224f3a34118622fb4df4;0xd640333b71b015092d9b3afcff3e427036304370,-0.011869436201780381,-0.09609609609609615,-0.21321321321321318,-0.26726726726726735
2026-01-29,EIGEN,0.301,13351951.30472885,101952.64004191842,13453903.944770768,0.007577922397873603,130.9622909150672,10,binance;bitget;bybit;coinbase;gate;htx;kraken;kucoin;mexc;okx,base;eth,base;eth,5,aerodrome-slipstream;balancer-v3-ethereum;curve;uniswap_v3,0x3c5428b3d6e07f6de38b0c7f84ea9d30b3b27231;0xbda917a67c7d9ae67da92c4ea87e10e5d6c11b54;0xc2c390c6cd3c4e6c2b70727d35a45e8a072f18ca;0xd1419e4d76e74d3b4d8a224f3a34118622fb4df4;0xd640333b71b015092d9b3afcff3e427036304370,-0.09609609609609615,-0.019933554817275767,-0.16943521594684385,-0.33554817275747506
2026-01-30,EIGEN,0.295,15235297.009830946,147066.06655311454,15382363.07638406,0.009560694011890756,103.59491735184575,10,binance;bitget;bybit;coinbase;gate;htx;kraken;kucoin;mexc;okx,base;eth,base;eth,5,aerodrome-slipstream;balancer-v3-ethereum;curve;uniswap_v3,0x3c5428b3d6e07f6de38b0c7f84ea9d30b3b27231;0xbda917a67c7d9ae67da92c4ea87e10e5d6c11b54;0xc2c390c6cd3c4e6c2b70727d35a45e8a072f18ca;0xd1419e4d76e74d3b4d8a224f3a34118622fb4df4;0xd640333b71b015092d9b3afcff3e427036304370,-0.019933554817275767,-0.11186440677966092,-0.14237288135593218,-0.2406779661016949
2026-01-31,EIGEN,0.262,22434680.795262624,67606.79160414835,22502287.586866774,0.003004440830433896,331.8406370564408,10,binance;bitget;bybit;coinbase;gate;htx;kraken;kucoin;mexc;okx,base;eth,base;eth,5,aerodrome-slipstream;balancer-v3-ethereum;curve;uniswap_v3,0x3c5428b3d6e07f6de38b0c7f84ea9d30b3b27231;0xbda917a67c7d9ae67da92c4ea87e10e5d6c11b54;0xc2c390c6cd3c4e6c2b70727d35a45e8a072f18ca;0xd1419e4d76e74d3b4d8a224f3a34118622fb4df4;0xd640333b71b015092d9b3afcff3e427036304370,-0.11186440677966092,-0.04580152671755733,-0.04961832061068705,-0.1717557251908397
2026-02-01,EIGEN,0.25,12333130.695979415,127963.28620785387,12461093.98218727,0.010269025046338087,96.38022796590586,10,binance;bitget;bybit;coinbase;gate;htx;kraken;kucoin;mexc;okx,base;eth,base;eth,5,aerodrome-slipstream;balancer-v3-ethereum;curve;uniswap_v3,0x3c5428b3d6e07f6de38b0c7f84ea9d30b3b27231;0xbda917a67c7d9ae67da92c4ea87e10e5d6c11b54;0xc2c390c6cd3c4e6c2b70727d35a45e8a072f18ca;0xd1419e4d76e74d3b4d8a224f3a34118622fb4df4;0xd640333b71b015092d9b3afcff3e427036304370,-0.04580152671755733,0.01200000000000001,-0.02400000000000002,-0.17200000000000004
2026-02-02,EIGEN,0.253,12460340.81902467,321249.5909782205,12781590.410002891,0.025133772924440616,38.787102517647824,10,binance;bitget;bybit;coinbase;gate;htx;kraken;kucoin;mexc;okx,base;eth,base;eth,5,aerodrome-slipstream;balancer-v3-ethereum;curve;uniswap_v3,0x3c5428b3d6e07f6de38b0c7f84ea9d30b3b27231;0xbda917a67c7d9ae67da92c4ea87e10e5d6c11b54;0xc2c390c6cd3c4e6c2b70727d35a45e8a072f18ca;0xd1419e4d76e74d3b4d8a224f3a34118622fb4df4;0xd640333b71b015092d9b3afcff3e427036304370,0.01200000000000001,-0.015810276679841917,-0.20948616600790515,-0.19367588932806334
2026-02-03,EIGEN,0.249,12896433.754346041,214040.1934943488,13110473.947840389,0.01632589289646591,60.25239252405432,10,binance;bitget;bybit;coinbase;gate;htx;kraken;kucoin;mexc;okx,base;eth,base;eth,5,aerodrome-slipstream;balancer-v3-ethereum;curve;uniswap_v3,0x3c5428b3d6e07f6de38b0c7f84ea9d30b3b27231;0xbda917a67c7d9ae67da92c4ea87e10e5d6c11b54;0xc2c390c6cd3c4e6c2b70727d35a45e8a072f18ca;0xd1419e4d76e74d3b4d8a224f3a34118622fb4df4;0xd640333b71b015092d9b3afcff3e427036304370,-0.015810276679841917,-0.02008032128514059,-0.10040160642570284,-0.20481927710843373
2026-02-04,EIGEN,0.244,12688856.717875052,187712.1307146171,12876568.84858967,0.014577806628601734,67.59742521470923,10,binance;bitget;bybit;coinbase;gate;htx;kraken;kucoin;mexc;okx,base;eth,base;eth,5,aerodrome-slipstream;balancer-v3-ethereum;curve;uniswap_v3,0x3c5428b3d6e07f6de38b0c7f84ea9d30b3b27231;0xbda917a67c7d9ae67da92c4ea87e10e5d6c11b54;0xc2c390c6cd3c4e6c2b70727d35a45e8a072f18ca;0xd1419e4d76e74d3b4d8a224f3a34118622fb4df4;0xd640333b71b015092d9b3afcff3e427036304370,-0.02008032128514059,-0.180327868852459,-0.11065573770491799,-0.19262295081967207
2026-02-05,EIGEN,0.2,19728578.261241328,272198.35729154834,20000776.618532877,0.013609389399375981,72.47868230192987,10,binance;bitget;bybit;coinbase;gate;htx;kraken;kucoin;mexc;okx,base;eth,base;eth,5,aerodrome-slipstream;balancer-v3-ethereum;curve;uniswap_v3,0x3c5428b3d6e07f6de38b0c7f84ea9d30b3b27231;0xbda917a67c7d9ae67da92c4ea87e10e5d6c11b54;0xc2c390c6cd3c4e6c2b70727d35a45e8a072f18ca;0xd1419e4d76e74d3b4d8a224f3a34118622fb4df4;0xd640333b71b015092d9b3afcff3e427036304370,-0.180327868852459,0.11999999999999988,0.03499999999999992,0.019999999999999796
2026-02-06,EIGEN,0.224,13350098.663613109,133246.48726752415,13483345.150880633,0.009882301889959515,100.19099893274932,10,binance;bitget;bybit;coinbase;gate;htx;kraken;kucoin;mexc;okx,base;eth,base;eth,5,aerodrome-slipstream;balancer-v3-ethereum;curve;uniswap_v3,0x3c5428b3d6e07f6de38b0c7f84ea9d30b3b27231;0xbda917a67c7d9ae67da92c4ea87e10e5d6c11b54;0xc2c390c6cd3c4e6c2b70727d35a45e8a072f18ca;0xd1419e4d76e74d3b4d8a224f3a34118622fb4df4;0xd640333b71b015092d9b3afcff3e427036304370,0.11999999999999988,-0.03125,-0.08928571428571441,-0.06696428571428581
2026-02-07,EIGEN,0.217,7469668.45032722,139343.11541424497,7609011.565741465,0.018312906244172148,53.60629714730492,10,binance;bitget;bybit;coinbase;gate;htx;kraken;kucoin;mexc;okx,base;eth,base;eth,5,aerodrome-slipstream;balancer-v3-ethereum;curve;uniswap_v3,0x3c5428b3d6e07f6de38b0c7f84ea9d30b3b27231;0xbda917a67c7d9ae67da92c4ea87e10e5d6c11b54;0xc2c390c6cd3c4e6c2b70727d35a45e8a072f18ca;0xd1419e4d76e74d3b4d8a224f3a34118622fb4df4;0xd640333b71b015092d9b3afcff3e427036304370,-0.03125,-0.04608294930875578,-0.0875576036866359,0.009216589861751112
2026-02-08,EIGEN,0.207,6143084.756625722,23453.07589095542,6166537.832516678,0.0038032809540688066,261.9308778595978,10,binance;bitget;bybit;coinbase;gate;htx;kraken;kucoin;mexc;okx,base;eth,base;eth,5,aerodrome-slipstream;balancer-v3-ethereum;curve;uniswap_v3,0x3c5428b3d6e07f6de38b0c7f84ea9d30b3b27231;0xbda917a67c7d9ae67da92c4ea87e10e5d6c11b54;0xc2c390c6cd3c4e6c2b70727d35a45e8a072f18ca;0xd1419e4d76e74d3b4d8a224f3a34118622fb4df4;0xd640333b71b015092d9b3afcff3e427036304370,-0.04608294930875578,-0.01449275362318847,-0.048309178743961234,0.009661835748792313
2026-02-09,EIGEN,0.204,7820833.411272484,23063.23058025356,7843896.641852737,0.0029402772159432735,339.1039856302083,10,binance;bitget;bybit;coinbase;gate;htx;kraken;kucoin;mexc;okx,base;eth,base;eth,5,aerodrome-slipstream;balancer-v3-ethereum;curve;uniswap_v3,0x3c5428b3d6e07f6de38b0c7f84ea9d30b3b27231;0xbda917a67c7d9ae67da92c4ea87e10e5d6c11b54;0xc2c390c6cd3c4e6c2b70727d35a45e8a072f18ca;0xd1419e4d76e74d3b4d8a224f3a34118622fb4df4;0xd640333b71b015092d9b3afcff3e427036304370,-0.01449275362318847,-0.02941176470588225,0.0,0.044117647058823595
2026-02-10,EIGEN,0.198,7342778.589267701,67755.38730243672,7410533.976570138,0.009143118096031773,108.37187833481146,10,binance;bitget;bybit;coinbase;gate;htx;kraken;kucoin;mexc;okx,base;eth,base;eth,5,aerodrome-slipstream;balancer-v3-ethereum;curve;uniswap_v3,0x3c5428b3d6e07f6de38b0c7f84ea9d30b3b27231;0xbda917a67c7d9ae67da92c4ea87e10e5d6c11b54;0xc2c390c6cd3c4e6c2b70727d35a45e8a072f18ca;0xd1419e4d76e74d3b4d8a224f3a34118622fb4df4;0xd640333b71b015092d9b3afcff3e427036304370,-0.02941176470588225,-0.005050505050505083,0.05555555555555536,0.045454545454545414
2026-02-11,EIGEN,0.197,9922385.51993188,117510.33420639549,10039895.854138276,0.011704337964617404,84.43840779572777,10,binance;bitget;bybit;coinbase;gate;htx;kraken;kucoin;mexc;okx,base;eth,base;eth,5,aerodrome-slipstream;balancer-v3-ethereum;curve;uniswap_v3,0x3c5428b3d6e07f6de38b0c7f84ea9d30b3b27231;0xbda917a67c7d9ae67da92c4ea87e10e5d6c11b54;0xc2c390c6cd3c4e6c2b70727d35a45e8a072f18ca;0xd1419e4d76e74d3b4d8a224f3a34118622fb4df4;0xd640333b71b015092d9b3afcff3e427036304370,-0.005050505050505083,0.035532994923857864,0.11167512690355319,0.0050761421319796
2026-02-12,EIGEN,0.204,7360132.228190817,97419.80057446253,7457552.02876528,0.013063241154563152,75.55068050632194,10,binance;bitget;bybit;coinbase;gate;htx;kraken;kucoin;mexc;okx,base;eth,base;eth,5,aerodrome-slipstream;balancer-v3-ethereum;curve;uniswap_v3,0x3c5428b3d6e07f6de38b0c7f84ea9d30b3b27231;0xbda917a67c7d9ae67da92c4ea87e10e5d6c11b54;0xc2c390c6cd3c4e6c2b70727d35a45e8a072f18ca;0xd1419e4d76e74d3b4d8a224f3a34118622fb4df4;0xd640333b71b015092d9b3afcff3e427036304370,0.035532994923857864,0.02450980392156854,0.02450980392156854,-0.0539215686274509
2026-02-13,EIGEN,0.209,6282024.286823211,78855.37436600351,6360879.661189214,0.012396929130280215,79.66513807499652,10,binance;bitget;bybit;coinbase;gate;htx;kraken;kucoin;mexc;okx,base;eth,base;eth,5,aerodrome-slipstream;balancer-v3-ethereum;curve;uniswap_v3,0x3c5428b3d6e07f6de38b0c7f84ea9d30b3b27231;0xbda917a67c7d9ae67da92c4ea87e10e5d6c11b54;0xc2c390c6cd3c4e6c2b70727d35a45e8a072f18ca;0xd1419e4d76e74d3b4d8a224f3a34118622fb4df4;0xd640333b71b015092d9b3afcff3e427036304370,0.02450980392156854,0.04784688995215314,0.019138755980861344,-0.05263157894736836
2026-02-14,EIGEN,0.219,4869032.77552209,220002.7865571764,5089035.562079266,0.043230742617818965,22.131686837778663,10,binance;bitget;bybit;coinbase;gate;htx;kraken;kucoin;mexc;okx,base;eth,base;eth,5,aerodrome-slipstream;balancer-v3-ethereum;curve;uniswap_v3,0x3c5428b3d6e07f6de38b0c7f84ea9d30b3b27231;0xbda917a67c7d9ae67da92c4ea87e10e5d6c11b54;0xc2c390c6cd3c4e6c2b70727d35a45e8a072f18ca;0xd1419e4d76e74d3b4d8a224f3a34118622fb4df4;0xd640333b71b015092d9b3afcff3e427036304370,0.04784688995215314,-0.045662100456621,-0.0547945205479452,-0.12328767123287665
2026-02-15,EIGEN,0.209,5422028.95056109,92467.09818214743,5514496.048743238,0.01676800515673972,58.637386239594555,10,binance;bitget;bybit;coinbase;gate;htx;kraken;kucoin;mexc;okx,base;eth,base;eth,5,aerodrome-slipstream;balancer-v3-ethereum;curve;uniswap_v3,0x3c5428b3d6e07f6de38b0c7f84ea9d30b3b27231;0xbda917a67c7d9ae67da92c4ea87e10e5d6c11b54;0xc2c390c6cd3c4e6c2b70727d35a45e8a072f18ca;0xd1419e4d76e74d3b4d8a224f3a34118622fb4df4;0xd640333b71b015092d9b3afcff3e427036304370,-0.045662100456621,0.019138755980861344,-0.05263157894736836,-0.13875598086124397
2026-02-16,EIGEN,0.213,4481577.378233552,35770.59432396372,4517347.972557516,0.00791849433368137,125.28663453688323,10,binance;bitget;bybit;coinbase;gate;htx;kraken;kucoin;mexc;okx,base;eth,base;eth,5,aerodrome-slipstream;balancer-v3-ethereum;curve;uniswap_v3,0x3c5428b3d6e07f6de38b0c7f84ea9d30b3b27231;0xbda917a67c7d9ae67da92c4ea87e10e5d6c11b54;0xc2c390c6cd3c4e6c2b70727d35a45e8a072f18ca;0xd1419e4d76e74d3b4d8a224f3a34118622fb4df4;0xd640333b71b015092d9b3afcff3e427036304370,0.019138755980861344,-0.028169014084507116,-0.09389671361502339,-0.13145539906103287
2026-02-17,EIGEN,0.207,5102191.388527219,25620.38933908688,5127811.777866306,0.004996359158437672,199.14573978558684,10,binance;bitget;bybit;coinbase;gate;htx;kraken;kucoin;mexc;okx,base;eth,base;eth,5,aerodrome-slipstream;balancer-v3-ethereum;curve;uniswap_v3,0x3c5428b3d6e07f6de38b0c7f84ea9d30b3b27231;0xbda917a67c7d9ae67da92c4ea87e10e5d6c11b54;0xc2c390c6cd3c4e6c2b70727d35a45e8a072f18ca;0xd1419e4d76e74d3b4d8a224f3a34118622fb4df4;0xd640333b71b015092d9b3afcff3e427036304370,-0.028169014084507116,-0.04347826086956508,-0.04347826086956508,-0.07729468599033806
2026-02-18,EIGEN,0.198,5125212.594473385,69947.8779009369,5195160.472374322,0.013464045677297226,73.27188112457,10,binance;bitget;bybit;coinbase;gate;htx;kraken;kucoin;mexc;okx,base;eth,base;eth,5,aerodrome-slipstream;balancer-v3-ethereum;curve;uniswap_v3,0x3c5428b3d6e07f6de38b0c7f84ea9d30b3b27231;0xbda917a67c7d9ae67da92c4ea87e10e5d6c11b54;0xc2c390c6cd3c4e6c2b70727d35a45e8a072f18ca;0xd1419e4d76e74d3b4d8a224f3a34118622fb4df4;0xd640333b71b015092d9b3afcff3e427036304370,-0.04347826086956508,-0.025252525252525304,-0.030303030303030276,0.0
2026-02-19,EIGEN,0.193,4886250.938095941,58170.598694342865,4944421.536790284,0.011764894692232256,83.99863587051465,10,binance;bitget;bybit;coinbase;gate;htx;kraken;kucoin;mexc;okx,base;eth,base;eth,5,aerodrome-slipstream;balancer-v3-ethereum;curve;uniswap_v3,0x3c5428b3d6e07f6de38b0c7f84ea9d30b3b27231;0xbda917a67c7d9ae67da92c4ea87e10e5d6c11b54;0xc2c390c6cd3c4e6c2b70727d35a45e8a072f18ca;0xd1419e4d76e74d3b4d8a224f3a34118622fb4df4;0xd640333b71b015092d9b3afcff3e427036304370,-0.025252525252525304,0.02590673575129543,-0.06735751295336789,0.005181347150259086
2026-02-20,EIGEN,0.198,5532298.728768028,98136.3697827064,5630435.098550735,0.017429624543219856,56.37358240393085,10,binance;bitget;bybit;coinbase;gate;htx;kraken;kucoin;mexc;okx,base;eth,base;eth,5,aerodrome-slipstream;balancer-v3-ethereum;curve;uniswap_v3,0x3c5428b3d6e07f6de38b0c7f84ea9d30b3b27231;0xbda917a67c7d9ae67da92c4ea87e10e5d6c11b54;0xc2c390c6cd3c4e6c2b70727d35a45e8a072f18ca;0xd1419e4d76e74d3b4d8a224f3a34118622fb4df4;0xd640333b71b015092d9b3afcff3e427036304370,0.02590673575129543,-0.030303030303030276,-0.06565656565656575,-0.06060606060606066
2026-02-21,EIGEN,0.192,2890427.661425026,55274.83522805275,2945702.496653079,0.018764568143203965,52.29192723053282,10,binance;bitget;bybit;coinbase;gate;htx;kraken;kucoin;mexc;okx,base;eth,base;eth,5,aerodrome-slipstream;balancer-v3-ethereum;curve;uniswap_v3,0x3c5428b3d6e07f6de38b0c7f84ea9d30b3b27231;0xbda917a67c7d9ae67da92c4ea87e10e5d6c11b54;0xc2c390c6cd3c4e6c2b70727d35a45e8a072f18ca;0xd1419e4d76e74d3b4d8a224f3a34118622fb4df4;0xd640333b71b015092d9b3afcff3e427036304370,-0.030303030303030276,-0.0625,-0.00520833333333337,-0.03645833333333337
2026-02-22,EIGEN,0.18,4268888.100597431,34708.68824931509,4303596.788846746,0.008065041859698974,122.99191689221125,10,binance;bitget;bybit;coinbase;gate;htx;kraken;kucoin;mexc;okx,base;eth,base;eth,5,aerodrome-slipstream;balancer-v3-ethereum;curve;uniswap_v3,0x3c5428b3d6e07f6de38b0c7f84ea9d30b3b27231;0xbda917a67c7d9ae67da92c4ea87e10e5d6c11b54;0xc2c390c6cd3c4e6c2b70727d35a45e8a072f18ca;0xd1419e4d76e74d3b4d8a224f3a34118622fb4df4;0xd640333b71b015092d9b3afcff3e427036304370,-0.0625,0.0277777777777779,0.10000000000000009,-0.011111111111111072
2026-02-23,EIGEN,0.185,14130884.259030893,301024.39445764816,14431908.653488541,0.02085825247964574,46.942654878486934,10,binance;bitget;bybit;coinbase;gate;htx;kraken;kucoin;mexc;okx,base;eth,base;eth,5,aerodrome-slipstream;balancer-v3-ethereum;curve;uniswap_v3,0x3c5428b3d6e07f6de38b0c7f84ea9d30b3b27231;0xbda917a67c7d9ae67da92c4ea87e10e5d6c11b54;0xc2c390c6cd3c4e6c2b70727d35a45e8a072f18ca;0xd1419e4d76e74d3b4d8a224f3a34118622fb4df4;0xd640333b71b015092d9b3afcff3e427036304370,0.0277777777777779,0.032432432432432545,0.048648648648648596,0.00540540540540535
2026-02-24,EIGEN,0.191,12228840.55612305,146481.07587401554,12375321.631997066,0.011836546978729084,83.48409842811878,10,binance;bitget;bybit;coinbase;gate;htx;kraken;kucoin;mexc;okx,base;eth,base;eth,5,aerodrome-slipstream;balancer-v3-ethereum;curve;uniswap_v3,0x3c5428b3d6e07f6de38b0c7f84ea9d30b3b27231;0xbda917a67c7d9ae67da92c4ea87e10e5d6c11b54;0xc2c390c6cd3c4e6c2b70727d35a45e8a072f18ca;0xd1419e4d76e74d3b4d8a224f3a34118622fb4df4;0xd640333b71b015092d9b3afcff3e427036304370,0.032432432432432545,0.03664921465968596,-0.02617801047120416,0.0
2026-02-25,EIGEN,0.198,10135019.528833708,154189.96030204618,10289209.489135753,0.014985598307124898,65.73073570406264,10,binance;bitget;bybit;coinbase;gate;htx;kraken;kucoin;mexc;okx,base;eth,base;eth,5,aerodrome-slipstream;balancer-v3-ethereum;curve;uniswap_v3,0x3c5428b3d6e07f6de38b0c7f84ea9d30b3b27231;0xbda917a67c7d9ae67da92c4ea87e10e5d6c11b54;0xc2c390c6cd3c4e6c2b70727d35a45e8a072f18ca;0xd1419e4d76e74d3b4d8a224f3a34118622fb4df4;0xd640333b71b015092d9b3afcff3e427036304370,0.03664921465968596,-0.02020202020202022,-0.06565656565656575,-0.005050505050505083
2026-02-26,EIGEN,0.194,8403022.848288817,206848.64665615544,8609871.494944973,0.02402459163038617,40.62401656539317,10,binance;bitget;bybit;coinbase;gate;htx;kraken;kucoin;mexc;okx,base;eth,base;eth,5,aerodrome-slipstream;balancer-v3-ethereum;curve;uniswap_v3,0x3c5428b3d6e07f6de38b0c7f84ea9d30b3b27231;0xbda917a67c7d9ae67da92c4ea87e10e5d6c11b54;0xc2c390c6cd3c4e6c2b70727d35a45e8a072f18ca;0xd1419e4d76e74d3b4d8a224f3a34118622fb4df4;0xd640333b71b015092d9b3afcff3e427036304370,-0.02020202020202022,-0.04123711340206193,-0.08247422680412375,0.005154639175257714
2026-02-27,EIGEN,0.186,4429604.441480866,124496.19519255483,4554100.636673421,0.027337163827695753,35.58023949751813,10,binance;bitget;bybit;coinbase;gate;htx;kraken;kucoin;mexc;okx,base;eth,base;eth,5,aerodrome-slipstream;balancer-v3-ethereum;curve;uniswap_v3,0x3c5428b3d6e07f6de38b0c7f84ea9d30b3b27231;0xbda917a67c7d9ae67da92c4ea87e10e5d6c11b54;0xc2c390c6cd3c4e6c2b70727d35a45e8a072f18ca;0xd1419e4d76e74d3b4d8a224f3a34118622fb4df4;0xd640333b71b015092d9b3afcff3e427036304370,-0.04123711340206193,-0.005376344086021501,0.0,-0.010752688172043001
2026-02-28,EIGEN,0.185,6014392.362513576,123858.4617422381,6138250.824255814,0.020178136294594053,48.558590813360254,10,binance;bitget;bybit;coinbase;gate;htx;kraken;kucoin;mexc;okx,base;eth,base;eth,5,aerodrome-slipstream;balancer-v3-ethereum;curve;uniswap_v3,0x3c5428b3d6e07f6de38b0c7f84ea9d30b3b27231;0xbda917a67c7d9ae67da92c4ea87e10e5d6c11b54;0xc2c390c6cd3c4e6c2b70727d35a45e8a072f18ca;0xd1419e4d76e74d3b4d8a224f3a34118622fb4df4;0xd640333b71b015092d9b3afcff3e427036304370,-0.005376344086021501,-0.037837837837837895,0.032432432432432545,-0.04864864864864871
2026-03-01,EIGEN,0.178,6301653.859372513,120997.99493258557,6422651.854305099,0.01883925793852281,52.080646980005746,10,binance;bitget;bybit;coinbase;gate;htx;kraken;kucoin;mexc;okx,base;eth,base;eth,5,aerodrome-slipstream;balancer-v3-ethereum;curve;uniswap_v3,0x3c5428b3d6e07f6de38b0c7f84ea9d30b3b27231;0xbda917a67c7d9ae67da92c4ea87e10e5d6c11b54;0xc2c390c6cd3c4e6c2b70727d35a45e8a072f18ca;0xd1419e4d76e74d3b4d8a224f3a34118622fb4df4;0xd640333b71b015092d9b3afcff3e427036304370,-0.037837837837837895,0.04494382022471921,0.10674157303370801,0.00561797752808979
2026-03-02,EIGEN,0.186,7231248.797634834,48604.884042334255,7279853.681677168,0.006676629252133049,148.77617630640793,10,binance;bitget;bybit;coinbase;gate;htx;kraken;kucoin;mexc;okx,base;eth,base;eth,5,aerodrome-slipstream;balancer-v3-ethereum;curve;uniswap_v3,0x3c5428b3d6e07f6de38b0c7f84ea9d30b3b27231;0xbda917a67c7d9ae67da92c4ea87e10e5d6c11b54;0xc2c390c6cd3c4e6c2b70727d35a45e8a072f18ca;0xd1419e4d76e74d3b4d8a224f3a34118622fb4df4;0xd640333b71b015092d9b3afcff3e427036304370,0.04494382022471921,0.026881720430107503,0.048387096774193505,-0.016129032258064502
2026-03-03,EIGEN,0.191,7517009.276020018,106807.56001764098,7623816.836037659,0.014009722730058698,70.37900008930514,10,binance;bitget;bybit;coinbase;gate;htx;kraken;kucoin;mexc;okx,base;eth,base;eth,5,aerodrome-slipstream;balancer-v3-ethereum;curve;uniswap_v3,0x3c5428b3d6e07f6de38b0c7f84ea9d30b3b27231;0xbda917a67c7d9ae67da92c4ea87e10e5d6c11b54;0xc2c390c6cd3c4e6c2b70727d35a45e8a072f18ca;0xd1419e4d76e74d3b4d8a224f3a34118622fb4df4;0xd640333b71b015092d9b3afcff3e427036304370,0.026881720430107503,0.03141361256544495,-0.03664921465968585,-0.02617801047120416
2026-03-04,EIGEN,0.197,7751059.080613338,150586.32770870198,7901645.40832204,0.019057591163241006,51.47252873851326,10,binance;bitget;bybit;coinbase;gate;htx;kraken;kucoin;mexc;okx,base;eth,base;eth,5,aerodrome-slipstream;balancer-v3-ethereum;curve;uniswap_v3,0x3c5428b3d6e07f6de38b0c7f84ea9d30b3b27231;0xbda917a67c7d9ae67da92c4ea87e10e5d6c11b54;0xc2c390c6cd3c4e6c2b70727d35a45e8a072f18ca;0xd1419e4d76e74d3b4d8a224f3a34118622fb4df4;0xd640333b71b015092d9b3afcff3e427036304370,0.03141361256544495,-0.010152284263959421,-0.1065989847715737,-0.050761421319796995
2026-03-05,EIGEN,0.195,9497145.730860457,238950.1281066304,9736095.858967088,0.024542704957711957,39.74530503964576,10,binance;bitget;bybit;coinbase;gate;htx;kraken;kucoin;mexc;okx,base;eth,base;eth,5,aerodrome-slipstream;balancer-v3-ethereum;curve;uniswap_v3,0x3c5428b3d6e07f6de38b0c7f84ea9d30b3b27231;0xbda917a67c7d9ae67da92c4ea87e10e5d6c11b54;0xc2c390c6cd3c4e6c2b70727d35a45e8a072f18ca;0xd1419e4d76e74d3b4d8a224f3a34118622fb4df4;0xd640333b71b015092d9b3afcff3e427036304370,-0.010152284263959421,-0.05641025641025643,-0.08205128205128209,-0.03589743589743588
2026-03-06,EIGEN,0.184,5789467.506998788,88844.95819668488,5878312.465195472,0.015114024428391883,65.16371468352847,10,binance;bitget;bybit;coinbase;gate;htx;kraken;kucoin;mexc;okx,base;eth,base;eth,5,aerodrome-slipstream;balancer-v3-ethereum;curve;uniswap_v3,0x3c5428b3d6e07f6de38b0c7f84ea9d30b3b27231;0xbda917a67c7d9ae67da92c4ea87e10e5d6c11b54;0xc2c390c6cd3c4e6c2b70727d35a45e8a072f18ca;0xd1419e4d76e74d3b4d8a224f3a34118622fb4df4;0xd640333b71b015092d9b3afcff3e427036304370,-0.05641025641025643,-0.0434782608695653,-0.005434782608695676,0.021739130434782705
2026-03-07,EIGEN,0.176,3148443.4092480103,9572.28255195855,3158015.691799969,0.0030311067094485056,328.91250254661765,10,binance;bitget;bybit;coinbase;gate;htx;kraken;kucoin;mexc;okx,base;eth,base;eth,5,aerodrome-slipstream;balancer-v3-ethereum;curve;uniswap_v3,0x3c5428b3d6e07f6de38b0c7f84ea9d30b3b27231;0xbda917a67c7d9ae67da92c4ea87e10e5d6c11b54;0xc2c390c6cd3c4e6c2b70727d35a45e8a072f18ca;0xd1419e4d76e74d3b4d8a224f3a34118622fb4df4;0xd640333b71b015092d9b3afcff3e427036304370,-0.0434782608695653,0.017045454545454586,0.05681818181818188,0.09090909090909105
2026-03-08,EIGEN,0.179,5094847.44915604,105103.86365027675,5199951.312806317,0.02021247071899105,48.47440686013854,10,binance;bitget;bybit;coinbase;gate;htx;kraken;kucoin;mexc;okx,base;eth,base;eth,5,aerodrome-slipstream;balancer-v3-ethereum;curve;uniswap_v3,0x3c5428b3d6e07f6de38b0c7f84ea9d30b3b27231;0xbda917a67c7d9ae67da92c4ea87e10e5d6c11b54;0xc2c390c6cd3c4e6c2b70727d35a45e8a072f18ca;0xd1419e4d76e74d3b4d8a224f3a34118622fb4df4;0xd640333b71b015092d9b3afcff3e427036304370,0.017045454545454586,0.022346368715083775,0.04469273743016755,0.1899441340782122
2026-03-09,EIGEN,0.183,6569489.660854236,96870.16208285054,6666359.822937087,0.014531193133252018,67.81747361210691,10,binance;bitget;bybit;coinbase;gate;htx;kraken;kucoin;mexc;okx,base;eth,base;eth,5,aerodrome-slipstream;balancer-v3-ethereum;curve;uniswap_v3,0x3c5428b3d6e07f6de38b0c7f84ea9d30b3b27231;0xbda917a67c7d9ae67da92c4ea87e10e5d6c11b54;0xc2c390c6cd3c4e6c2b70727d35a45e8a072f18ca;0xd1419e4d76e74d3b4d8a224f3a34118622fb4df4;0xd640333b71b015092d9b3afcff3e427036304370,0.022346368715083775,0.016393442622950838,0.02732240437158473,0.2513661202185793
2026-03-10,EIGEN,0.186,5847332.2494686665,48634.61060761646,5895966.860076283,0.00824879307530355,120.22985640092574,10,binance;bitget;bybit;coinbase;gate;htx;kraken;kucoin;mexc;okx,base;eth,base;eth,5,aerodrome-slipstream;balancer-v3-ethereum;curve;uniswap_v3,0x3c5428b3d6e07f6de38b0c7f84ea9d30b3b27231;0xbda917a67c7d9ae67da92c4ea87e10e5d6c11b54;0xc2c390c6cd3c4e6c2b70727d35a45e8a072f18ca;0xd1419e4d76e74d3b4d8a224f3a34118622fb4df4;0xd640333b71b015092d9b3afcff3e427036304370,0.016393442622950838,0.005376344086021501,0.010752688172043001,0.17204301075268824
2026-03-11,EIGEN,0.187,4446331.1052775495,15800.36747863145,4462131.472756181,0.0035409910207938895,281.40681609404373,10,binance;bitget;bybit;coinbase;gate;htx;kraken;kucoin;mexc;okx,base;eth,base;eth,5,aerodrome-slipstream;balancer-v3-ethereum;curve;uniswap_v3,0x3c5428b3d6e07f6de38b0c7f84ea9d30b3b27231;0xbda917a67c7d9ae67da92c4ea87e10e5d6c11b54;0xc2c390c6cd3c4e6c2b70727d35a45e8a072f18ca;0xd1419e4d76e74d3b4d8a224f3a34118622fb4df4;0xd640333b71b015092d9b3afcff3e427036304370,0.005376344086021501,0.005347593582887722,0.02673796791443861,0.08556149732620333
2026-03-12,EIGEN,0.188,4724853.637506866,27936.05058652319,4752789.688093389,0.005877821746774978,169.13105246831896,10,binance;bitget;bybit;coinbase;gate;htx;kraken;kucoin;mexc;okx,base;eth,base;eth,5,aerodrome-slipstream;balancer-v3-ethereum;curve;uniswap_v3,0x3c5428b3d6e07f6de38b0c7f84ea9d30b3b27231;0xbda917a67c7d9ae67da92c4ea87e10e5d6c11b54;0xc2c390c6cd3c4e6c2b70727d35a45e8a072f18ca;0xd1419e4d76e74d3b4d8a224f3a34118622fb4df4;0xd640333b71b015092d9b3afcff3e427036304370,0.005347593582887722,0.0,0.1329787234042552,0.02659574468085113
2026-03-13,EIGEN,0.188,6452365.816126332,54841.03876751367,6507206.8548938455,0.008427738658141722,117.6557913769594,10,binance;bitget;bybit;coinbase;gate;htx;kraken;kucoin;mexc;okx,base;eth,base;eth,5,aerodrome-slipstream;balancer-v3-ethereum;curve;uniswap_v3,0x3c5428b3d6e07f6de38b0c7f84ea9d30b3b27231;0xbda917a67c7d9ae67da92c4ea87e10e5d6c11b54;0xc2c390c6cd3c4e6c2b70727d35a45e8a072f18ca;0xd1419e4d76e74d3b4d8a224f3a34118622fb4df4;0xd640333b71b015092d9b3afcff3e427036304370,0.0,0.02127659574468077,0.21808510638297873,0.037234042553191626
2026-03-14,EIGEN,0.192,6492102.242623589,101259.71329707478,6593361.955920664,0.015357827156166704,64.11337768236734,10,binance;bitget;bybit;coinbase;gate;htx;kraken;kucoin;mexc;okx,base;eth,base;eth,5,aerodrome-slipstream;balancer-v3-ethereum;curve;uniswap_v3,0x3c5428b3d6e07f6de38b0c7f84ea9d30b3b27231;0xbda917a67c7d9ae67da92c4ea87e10e5d6c11b54;0xc2c390c6cd3c4e6c2b70727d35a45e8a072f18ca;0xd1419e4d76e74d3b4d8a224f3a34118622fb4df4;0xd640333b71b015092d9b3afcff3e427036304370,0.02127659574468077,0.109375,0.13541666666666674,0.005208333333333259
2026-03-15,EIGEN,0.213,36641191.23582657,138784.1403602051,36779975.37618677,0.0037733614267197423,264.0156947380786,10,binance;bitget;bybit;coinbase;gate;htx;kraken;kucoin;mexc;okx,base;eth,base;eth,5,aerodrome-slipstream;balancer-v3-ethereum;curve;uniswap_v3,0x3c5428b3d6e07f6de38b0c7f84ea9d30b3b27231;0xbda917a67c7d9ae67da92c4ea87e10e5d6c11b54;0xc2c390c6cd3c4e6c2b70727d35a45e8a072f18ca;0xd1419e4d76e74d3b4d8a224f3a34118622fb4df4;0xd640333b71b015092d9b3afcff3e427036304370,0.109375,0.07511737089201875,-0.04694835680751164,-0.1220657276995305
2026-03-16,EIGEN,0.229,21807739.582191568,156233.1948482541,21963972.777039822,0.007113157370672643,139.5845460586846,10,binance;bitget;bybit;coinbase;gate;htx;kraken;kucoin;mexc;okx,base;eth,base;eth,5,aerodrome-slipstream;balancer-v3-ethereum;curve;uniswap_v3,0x3c5428b3d6e07f6de38b0c7f84ea9d30b3b27231;0xbda917a67c7d9ae67da92c4ea87e10e5d6c11b54;0xc2c390c6cd3c4e6c2b70727d35a45e8a072f18ca;0xd1419e4d76e74d3b4d8a224f3a34118622fb4df4;0xd640333b71b015092d9b3afcff3e427036304370,0.07511737089201875,-0.048034934497816595,-0.15720524017467252,-0.14410480349344978
2026-03-17,EIGEN,0.218,13078769.925960219,61137.06830235527,13139906.994262574,0.004652777856726858,213.92536948744018,10,binance;bitget;bybit;coinbase;gate;htx;kraken;kucoin;mexc;okx,base;eth,base;eth,5,aerodrome-slipstream;balancer-v3-ethereum;curve;uniswap_v3,0x3c5428b3d6e07f6de38b0c7f84ea9d30b3b27231;0xbda917a67c7d9ae67da92c4ea87e10e5d6c11b54;0xc2c390c6cd3c4e6c2b70727d35a45e8a072f18ca;0xd1419e4d76e74d3b4d8a224f3a34118622fb4df4;0xd640333b71b015092d9b3afcff3e427036304370,-0.048034934497816595,-0.0688073394495412,-0.10550458715596323,-0.08715596330275222
2026-03-18,EIGEN,0.203,8175327.594826032,153360.9706510882,8328688.565477121,0.018413579694500522,53.30774551124702,10,binance;bitget;bybit;coinbase;gate;htx;kraken;kucoin;mexc;okx,base;eth,base;eth,5,aerodrome-slipstream;balancer-v3-ethereum;curve;uniswap_v3,0x3c5428b3d6e07f6de38b0c7f84ea9d30b3b27231;0xbda917a67c7d9ae67da92c4ea87e10e5d6c11b54;0xc2c390c6cd3c4e6c2b70727d35a45e8a072f18ca;0xd1419e4d76e74d3b4d8a224f3a34118622fb4df4;0xd640333b71b015092d9b3afcff3e427036304370,-0.0688073394495412,-0.049261083743842415,-0.049261083743842415,-0.014778325123152691
2026-03-19,EIGEN,0.193,5472934.83670903,102677.74154017134,5575612.578249201,0.018415508627827436,53.30205704386101,10,binance;bitget;bybit;coinbase;gate;htx;kraken;kucoin;mexc;okx,base;eth,base;eth,5,aerodrome-slipstream;balancer-v3-ethereum;curve;uniswap_v3,0x3c5428b3d6e07f6de38b0c7f84ea9d30b3b27231;0xbda917a67c7d9ae67da92c4ea87e10e5d6c11b54;0xc2c390c6cd3c4e6c2b70727d35a45e8a072f18ca;0xd1419e4d76e74d3b4d8a224f3a34118622fb4df4;0xd640333b71b015092d9b3afcff3e427036304370,-0.049261083743842415,0.010362694300518172,-0.031088082901554404,-0.031088082901554404
2026-03-20,EIGEN,0.195,7041689.9267108925,125642.60601206221,7167332.532722955,0.017529897690449294,56.04539853331967,10,binance;bitget;bybit;coinbase;gate;htx;kraken;kucoin;mexc;okx,base;eth,base;eth,5,aerodrome-slipstream;balancer-v3-ethereum;curve;uniswap_v3,0x3c5428b3d6e07f6de38b0c7f84ea9d30b3b27231;0xbda917a67c7d9ae67da92c4ea87e10e5d6c11b54;0xc2c390c6cd3c4e6c2b70727d35a45e8a072f18ca;0xd1419e4d76e74d3b4d8a224f3a34118622fb4df4;0xd640333b71b015092d9b3afcff3e427036304370,0.010362694300518172,-0.01025641025641022,0.00512820512820511,-0.10769230769230775
2026-03-21,EIGEN,0.193,6013641.54757367,114474.63663384251,6128116.184207512,0.018680232748988973,52.532523573836244,10,binance;bitget;bybit;coinbase;gate;htx;kraken;kucoin;mexc;okx,base;eth,base;eth,5,aerodrome-slipstream;balancer-v3-ethereum;curve;uniswap_v3,0x3c5428b3d6e07f6de38b0c7f84ea9d30b3b27231;0xbda917a67c7d9ae67da92c4ea87e10e5d6c11b54;0xc2c390c6cd3c4e6c2b70727d35a45e8a072f18ca;0xd1419e4d76e74d3b4d8a224f3a34118622fb4df4;0xd640333b71b015092d9b3afcff3e427036304370,-0.01025641025641022,-0.031088082901554404,0.031088082901554515,-0.1295336787564767
2026-03-22,EIGEN,0.187,5035772.392407394,71921.96521358257,5107694.357620977,0.01408110199590757,70.01716898937545,10,binance;bitget;bybit;coinbase;gate;htx;kraken;kucoin;mexc;okx,base;eth,base;eth,5,aerodrome-slipstream;balancer-v3-ethereum;curve;uniswap_v3,0x3c5428b3d6e07f6de38b0c7f84ea9d30b3b27231;0xbda917a67c7d9ae67da92c4ea87e10e5d6c11b54;0xc2c390c6cd3c4e6c2b70727d35a45e8a072f18ca;0xd1419e4d76e74d3b4d8a224f3a34118622fb4df4;0xd640333b71b015092d9b3afcff3e427036304370,-0.031088082901554404,0.048128342245989275,0.06951871657754016,-0.106951871657754
2026-03-23,EIGEN,0.196,8143721.392510058,132865.8794167761,8276587.271926834,0.016053220373503558,61.29279712938704,10,binance;bitget;bybit;coinbase;gate;htx;kraken;kucoin;mexc;okx,base;eth,base;eth,5,aerodrome-slipstream;balancer-v3-ethereum;curve;uniswap_v3,0x3c5428b3d6e07f6de38b0c7f84ea9d30b3b27231;0xbda917a67c7d9ae67da92c4ea87e10e5d6c11b54;0xc2c390c6cd3c4e6c2b70727d35a45e8a072f18ca;0xd1419e4d76e74d3b4d8a224f3a34118622fb4df4;0xd640333b71b015092d9b3afcff3e427036304370,0.048128342245989275,0.015306122448979664,-0.04591836734693877,-0.16836734693877553
2026-03-24,EIGEN,0.199,4738183.57238217,91511.52089383926,4829695.093276009,0.018947680780354706,51.77690771721349,10,binance;bitget;bybit;coinbase;gate;htx;kraken;kucoin;mexc;okx,base;eth,base;eth,5,aerodrome-slipstream;balancer-v3-ethereum;curve;uniswap_v3,0x3c5428b3d6e07f6de38b0c7f84ea9d30b3b27231;0xbda917a67c7d9ae67da92c4ea87e10e5d6c11b54;0xc2c390c6cd3c4e6c2b70727d35a45e8a072f18ca;0xd1419e4d76e74d3b4d8a224f3a34118622fb4df4;0xd640333b71b015092d9b3afcff3e427036304370,0.015306122448979664,0.005025125628140614,-0.1256281407035177,-0.16582914572864327
2026-03-25,EIGEN,0.2,5162775.253974091,101827.9153335456,5264603.169307637,0.01934199256027445,50.7009815242019,10,binance;bitget;bybit;coinbase;gate;htx;kraken;kucoin;mexc;okx,base;eth,base;eth,5,aerodrome-slipstream;balancer-v3-ethereum;curve;uniswap_v3,0x3c5428b3d6e07f6de38b0c7f84ea9d30b3b27231;0xbda917a67c7d9ae67da92c4ea87e10e5d6c11b54;0xc2c390c6cd3c4e6c2b70727d35a45e8a072f18ca;0xd1419e4d76e74d3b4d8a224f3a34118622fb4df4;0xd640333b71b015092d9b3afcff3e427036304370,0.005025125628140614,-0.06500000000000006,-0.16000000000000003,-0.18500000000000005
2026-03-26,EIGEN,0.187,4980903.739457826,64932.296797102055,5045836.036254928,0.012868491233277464,76.70918764851277,10,binance;bitget;bybit;coinbase;gate;htx;kraken;kucoin;mexc;okx,base;eth,base;eth,5,aerodrome-slipstream;balancer-v3-ethereum;curve;uniswap_v3,0x3c5428b3d6e07f6de38b0c7f84ea9d30b3b27231;0xbda917a67c7d9ae67da92c4ea87e10e5d6c11b54;0xc2c390c6cd3c4e6c2b70727d35a45e8a072f18ca;0xd1419e4d76e74d3b4d8a224f3a34118622fb4df4;0xd640333b71b015092d9b3afcff3e427036304370,-0.06500000000000006,-0.06951871657754016,-0.106951871657754,-0.1925133689839572
2026-03-27,EIGEN,0.174,4588227.972880937,55640.56214395896,4643868.535024896,0.011981511045006502,82.46192698430696,10,binance;bitget;bybit;coinbase;gate;htx;kraken;kucoin;mexc;okx,base;eth,base;eth,5,aerodrome-slipstream;balancer-v3-ethereum;curve;uniswap_v3,0x3c5428b3d6e07f6de38b0c7f84ea9d30b3b27231;0xbda917a67c7d9ae67da92c4ea87e10e5d6c11b54;0xc2c390c6cd3c4e6c2b70727d35a45e8a072f18ca;0xd1419e4d76e74d3b4d8a224f3a34118622fb4df4;0xd640333b71b015092d9b3afcff3e427036304370,-0.06951871657754016,-0.0344827586206895,-0.06321839080459757,-0.13218390804597702
2026-03-28,EIGEN,0.168,4264290.620881222,10751.601997911619,4275042.222879134,0.00251496977980037,396.619091899934,10,binance;bitget;bybit;coinbase;gate;htx;kraken;kucoin;mexc;okx,base;eth,base;eth,5,aerodrome-slipstream;balancer-v3-ethereum;curve;uniswap_v3,0x3c5428b3d6e07f6de38b0c7f84ea9d30b3b27231;0xbda917a67c7d9ae67da92c4ea87e10e5d6c11b54;0xc2c390c6cd3c4e6c2b70727d35a45e8a072f18ca;0xd1419e4d76e74d3b4d8a224f3a34118622fb4df4;0xd640333b71b015092d9b3afcff3e427036304370,-0.0344827586206895,-0.005952380952380931,-0.011904761904761862,-0.08928571428571441
2026-03-29,EIGEN,0.167,3546330.1286291904,18610.194116687286,3564940.322745878,0.005220338191342534,190.55847060989475,10,binance;bitget;bybit;coinbase;gate;htx;kraken;kucoin;mexc;okx,base;eth,base;eth,5,aerodrome-slipstream;balancer-v3-ethereum;curve;uniswap_v3,0x3c5428b3d6e07f6de38b0c7f84ea9d30b3b27231;0xbda917a67c7d9ae67da92c4ea87e10e5d6c11b54;0xc2c390c6cd3c4e6c2b70727d35a45e8a072f18ca;0xd1419e4d76e74d3b4d8a224f3a34118622fb4df4;0xd640333b71b015092d9b3afcff3e427036304370,-0.005952380952380931,-0.0239520958083832,-0.0239520958083832,-0.07185628742514971
2026-03-30,EIGEN,0.163,3539180.2096751994,67002.21063052307,3606182.4203057224,0.018579817330716952,52.8218423895243,10,binance;bitget;bybit;coinbase;gate;htx;kraken;kucoin;mexc;okx,base;eth,base;eth,5,aerodrome-slipstream;balancer-v3-ethereum;curve;uniswap_v3,0x3c5428b3d6e07f6de38b0c7f84ea9d30b3b27231;0xbda917a67c7d9ae67da92c4ea87e10e5d6c11b54;0xc2c390c6cd3c4e6c2b70727d35a45e8a072f18ca;0xd1419e4d76e74d3b4d8a224f3a34118622fb4df4;0xd640333b71b015092d9b3afcff3e427036304370,-0.0239520958083832,0.01840490797546024,-0.07361963190184051,-0.06134969325153383
2026-03-31,EIGEN,0.166,5064937.96739374,31052.760830661206,5095990.728224401,0.006093566979758013,163.1074929219391,10,binance;bitget;bybit;coinbase;gate;htx;kraken;kucoin;mexc;okx,base;eth,base;eth,5,aerodrome-slipstream;balancer-v3-ethereum;curve;uniswap_v3,0x3c5428b3d6e07f6de38b0c7f84ea9d30b3b27231;0xbda917a67c7d9ae67da92c4ea87e10e5d6c11b54;0xc2c390c6cd3c4e6c2b70727d35a45e8a072f18ca;0xd1419e4d76e74d3b4d8a224f3a34118622fb4df4;0xd640333b71b015092d9b3afcff3e427036304370,0.01840490797546024,-0.01807228915662651,-0.09036144578313265,0.006024096385542244
2026-04-01,EIGEN,0.163,4270529.495552862,10161.348474227212,4280690.844027089,0.0023737636854587367,420.27192615079,10,binance;bitget;bybit;coinbase;gate;htx;kraken;kucoin;mexc;okx,base;eth,base;eth,5,aerodrome-slipstream;balancer-v3-ethereum;curve;uniswap_v3,0x3c5428b3d6e07f6de38b0c7f84ea9d30b3b27231;0xbda917a67c7d9ae67da92c4ea87e10e5d6c11b54;0xc2c390c6cd3c4e6c2b70727d35a45e8a072f18ca;0xd1419e4d76e74d3b4d8a224f3a34118622fb4df4;0xd640333b71b015092d9b3afcff3e427036304370,-0.01807228915662651,-0.07361963190184051,-0.06134969325153383,-0.018404907975460127
2026-04-02,EIGEN,0.151,6305566.6665802365,11380.338114523933,6316947.004694761,0.0018015566864920752,554.0755119158438,10,binance;bitget;bybit;coinbase;gate;htx;kraken;kucoin;mexc;okx,base;eth,base;eth,5,aerodrome-slipstream;balancer-v3-ethereum;curve;uniswap_v3,0x3c5428b3d6e07f6de38b0c7f84ea9d30b3b27231;0xbda917a67c7d9ae67da92c4ea87e10e5d6c11b54;0xc2c390c6cd3c4e6c2b70727d35a45e8a072f18ca;0xd1419e4d76e74d3b4d8a224f3a34118622fb4df4;0xd640333b71b015092d9b3afcff3e427036304370,-0.07361963190184051,0.0,0.026490066225165698,0.07947019867549687
2026-04-03,EIGEN,0.151,4147937.8202900467,3155.586015510521,4151093.406305557,0.0007601818862271687,1314.4746490515106,10,binance;bitget;bybit;coinbase;gate;htx;kraken;kucoin;mexc;okx,base;eth,base;eth,5,aerodrome-slipstream;balancer-v3-ethereum;curve;uniswap_v3,0x3c5428b3d6e07f6de38b0c7f84ea9d30b3b27231;0xbda917a67c7d9ae67da92c4ea87e10e5d6c11b54;0xc2c390c6cd3c4e6c2b70727d35a45e8a072f18ca;0xd1419e4d76e74d3b4d8a224f3a34118622fb4df4;0xd640333b71b015092d9b3afcff3e427036304370,0.0,0.013245033112582849,0.013245033112582849,0.0927152317880795
2026-04-04,EIGEN,0.153,2747997.8661676003,14634.61924779879,2762632.485415399,0.005297345674843999,187.7737862282225,10,binance;bitget;bybit;coinbase;gate;htx;kraken;kucoin;mexc;okx,base;eth,base;eth,5,aerodrome-slipstream;balancer-v3-ethereum;curve;uniswap_v3,0x3c5428b3d6e07f6de38b0c7f84ea9d30b3b27231;0xbda917a67c7d9ae67da92c4ea87e10e5d6c11b54;0xc2c390c6cd3c4e6c2b70727d35a45e8a072f18ca;0xd1419e4d76e74d3b4d8a224f3a34118622fb4df4;0xd640333b71b015092d9b3afcff3e427036304370,0.013245033112582849,0.013071895424836555,0.09150326797385633,0.07843137254901977
2026-04-05,EIGEN,0.155,2864011.721645215,27875.496026632438,2891887.2176718474,0.009639205794849073,102.74298684797999,10,binance;bitget;bybit;coinbase;gate;htx;kraken;kucoin;mexc;okx,base;eth,base;eth,5,aerodrome-slipstream;balancer-v3-ethereum;curve;uniswap_v3,0x3c5428b3d6e07f6de38b0c7f84ea9d30b3b27231;0xbda917a67c7d9ae67da92c4ea87e10e5d6c11b54;0xc2c390c6cd3c4e6c2b70727d35a45e8a072f18ca;0xd1419e4d76e74d3b4d8a224f3a34118622fb4df4;0xd640333b71b015092d9b3afcff3e427036304370,0.013071895424836555,-0.012903225806451646,0.032258064516129004,-0.01935483870967747
2026-04-06,EIGEN,0.153,4551607.140519774,24925.56266636811,4576532.703186141,0.005446385786561769,182.6079997247655,10,binance;bitget;bybit;coinbase;gate;htx;kraken;kucoin;mexc;okx,base;eth,base;eth,5,aerodrome-slipstream;balancer-v3-ethereum;curve;uniswap_v3,0x3c5428b3d6e07f6de38b0c7f84ea9d30b3b27231;0xbda917a67c7d9ae67da92c4ea87e10e5d6c11b54;0xc2c390c6cd3c4e6c2b70727d35a45e8a072f18ca;0xd1419e4d76e74d3b4d8a224f3a34118622fb4df4;0xd640333b71b015092d9b3afcff3e427036304370,-0.012903225806451646,0.09150326797385633,0.065359477124183,0.07843137254901977
2026-04-07,EIGEN,0.167,5202850.786825491,18235.221688906935,5221086.008514398,0.003492610858961039,285.31875705084246,10,binance;bitget;bybit;coinbase;gate;htx;kraken;kucoin;mexc;okx,base;eth,base;eth,5,aerodrome-slipstream;balancer-v3-ethereum;curve;uniswap_v3,0x3c5428b3d6e07f6de38b0c7f84ea9d30b3b27231;0xbda917a67c7d9ae67da92c4ea87e10e5d6c11b54;0xc2c390c6cd3c4e6c2b70727d35a45e8a072f18ca;0xd1419e4d76e74d3b4d8a224f3a34118622fb4df4;0xd640333b71b015092d9b3afcff3e427036304370,0.09150326797385633,-0.041916167664670656,-0.0119760479041916,-0.043712574850299446
2026-04-08,EIGEN,0.16,5766171.643675643,28193.764251607565,5794365.4079272505,0.00486572079369309,204.51939628270335,10,binance;bitget;bybit;coinbase;gate;htx;kraken;kucoin;mexc;okx,base;eth,base;eth,5,aerodrome-slipstream;balancer-v3-ethereum;curve;uniswap_v3,0x3c5428b3d6e07f6de38b0c7f84ea9d30b3b27231;0xbda917a67c7d9ae67da92c4ea87e10e5d6c11b54;0xc2c390c6cd3c4e6c2b70727d35a45e8a072f18ca;0xd1419e4d76e74d3b4d8a224f3a34118622fb4df4;0xd640333b71b015092d9b3afcff3e427036304370,-0.041916167664670656,0.018750000000000044,0.03125,0.06812499999999999
2026-04-09,EIGEN,0.163,4119157.5718514533,24122.97779833153,4143280.549649785,0.005822192706784132,170.7565959015373,10,binance;bitget;bybit;coinbase;gate;htx;kraken;kucoin;mexc;okx,base;eth,base;eth,5,aerodrome-slipstream;balancer-v3-ethereum;curve;uniswap_v3,0x3c5428b3d6e07f6de38b0c7f84ea9d30b3b27231;0xbda917a67c7d9ae67da92c4ea87e10e5d6c11b54;0xc2c390c6cd3c4e6c2b70727d35a45e8a072f18ca;0xd1419e4d76e74d3b4d8a224f3a34118622fb4df4;0xd640333b71b015092d9b3afcff3e427036304370,0.018750000000000044,0.012269938650306678,-0.06748466257668717,0.2153374233128833
2026-04-10,EIGEN,0.165,3998590.421389471,9720.933959997903,4008311.3553494685,0.0024251943270385927,411.33809136486855,10,binance;bitget;bybit;coinbase;gate;htx;kraken;kucoin;mexc;okx,base;eth,base;eth,5,aerodrome-slipstream;balancer-v3-ethereum;curve;uniswap_v3,0x3c5428b3d6e07f6de38b0c7f84ea9d30b3b27231;0xbda917a67c7d9ae67da92c4ea87e10e5d6c11b54;0xc2c390c6cd3c4e6c2b70727d35a45e8a072f18ca;0xd1419e4d76e74d3b4d8a224f3a34118622fb4df4;0xd640333b71b015092d9b3afcff3e427036304370,0.012269938650306678,0.0,0.0,0.18848484848484848
2026-04-11,EIGEN,0.165,3368132.41114666,8336.578138678951,3376468.9892853387,0.0024690225691791313,404.0185739421844,10,binance;bitget;bybit;coinbase;gate;htx;kraken;kucoin;mexc;okx,base;eth,base;eth,5,aerodrome-slipstream;balancer-v3-ethereum;curve;uniswap_v3,0x3c5428b3d6e07f6de38b0c7f84ea9d30b3b27231;0xbda917a67c7d9ae67da92c4ea87e10e5d6c11b54;0xc2c390c6cd3c4e6c2b70727d35a45e8a072f18ca;0xd1419e4d76e74d3b4d8a224f3a34118622fb4df4;0xd640333b71b015092d9b3afcff3e427036304370,0.0,-0.07878787878787885,-0.032121212121212106,0.08969696969696961
2026-04-12,EIGEN,0.152,4154359.2409962136,19320.039767106082,4173679.2807633197,0.004629018778743502,215.02850361981882,10,binance;bitget;bybit;coinbase;gate;htx;kraken;kucoin;mexc;okx,base;eth,base;eth,5,aerodrome-slipstream;balancer-v3-ethereum;curve;uniswap_v3,0x3c5428b3d6e07f6de38b0c7f84ea9d30b3b27231;0xbda917a67c7d9ae67da92c4ea87e10e5d6c11b54;0xc2c390c6cd3c4e6c2b70727d35a45e8a072f18ca;0xd1419e4d76e74d3b4d8a224f3a34118622fb4df4;0xd640333b71b015092d9b3afcff3e427036304370,-0.07878787878787885,0.08552631578947367,0.12434210526315792,0.14210526315789473
2026-04-13,EIGEN,0.165,4304427.392348312,15776.93763334327,4320204.329981655,0.003651896167006125,272.8303484734107,10,binance;bitget;bybit;coinbase;gate;htx;kraken;kucoin;mexc;okx,base;eth,base;eth,5,aerodrome-slipstream;balancer-v3-ethereum;curve;uniswap_v3,0x3c5428b3d6e07f6de38b0c7f84ea9d30b3b27231;0xbda917a67c7d9ae67da92c4ea87e10e5d6c11b54;0xc2c390c6cd3c4e6c2b70727d35a45e8a072f18ca;0xd1419e4d76e74d3b4d8a224f3a34118622fb4df4;0xd640333b71b015092d9b3afcff3e427036304370,0.08552631578947367,-0.032121212121212106,0.20060606060606045,0.09333333333333327
2026-04-14,EIGEN,0.1597,5299626.167039686,12641.842414649233,5312268.009454335,0.002379744845732619,419.2131172983564,10,binance;bitget;bybit;coinbase;gate;htx;kraken;kucoin;mexc;okx,base;eth,base;eth,5,aerodrome-slipstream;balancer-v3-ethereum;curve;uniswap_v3,0x3c5428b3d6e07f6de38b0c7f84ea9d30b3b27231;0xbda917a67c7d9ae67da92c4ea87e10e5d6c11b54;0xc2c390c6cd3c4e6c2b70727d35a45e8a072f18ca;0xd1419e4d76e74d3b4d8a224f3a34118622fb4df4;0xd640333b71b015092d9b3afcff3e427036304370,-0.032121212121212106,0.07013149655604245,0.2279273638071384,0.13462742642454595
2026-04-15,EIGEN,0.1709,5914775.124679525,61024.67168013154,5975799.796359657,0.010211967227768674,96.9243252250919,10,binance;bitget;bybit;coinbase;gate;htx;kraken;kucoin;mexc;okx,base;eth,base;eth,5,aerodrome-slipstream;balancer-v3-ethereum;curve;uniswap_v3,0x3c5428b3d6e07f6de38b0c7f84ea9d30b3b27231;0xbda917a67c7d9ae67da92c4ea87e10e5d6c11b54;0xc2c390c6cd3c4e6c2b70727d35a45e8a072f18ca;0xd1419e4d76e74d3b4d8a224f3a34118622fb4df4;0xd640333b71b015092d9b3afcff3e427036304370,0.07013149655604245,0.15915740198946748,0.05207723815096532,0.07021650087770626
2026-04-16,EIGEN,0.1981,16797922.26425374,180169.3519559157,16978091.616209656,0.010611872996603511,93.23407162148142,10,binance;bitget;bybit;coinbase;gate;htx;kraken;kucoin;mexc;okx,base;eth,base;eth,5,aerodrome-slipstream;balancer-v3-ethereum;curve;uniswap_v3,0x3c5428b3d6e07f6de38b0c7f84ea9d30b3b27231;0xbda917a67c7d9ae67da92c4ea87e10e5d6c11b54;0xc2c390c6cd3c4e6c2b70727d35a45e8a072f18ca;0xd1419e4d76e74d3b4d8a224f3a34118622fb4df4;0xd640333b71b015092d9b3afcff3e427036304370,0.15915740198946748,-0.010095911155981852,-0.12367491166077738,-0.07470974255426555
2026-04-17,EIGEN,0.1961,9681141.701877367,208113.9238361649,9889255.62571353,0.021044447804042788,46.51847182266731,10,binance;bitget;bybit;coinbase;gate;htx;kraken;kucoin;mexc;okx,base;eth,base;eth,5,aerodrome-slipstream;balancer-v3-ethereum;curve;uniswap_v3,0x3c5428b3d6e07f6de38b0c7f84ea9d30b3b27231;0xbda917a67c7d9ae67da92c4ea87e10e5d6c11b54;0xc2c390c6cd3c4e6c2b70727d35a45e8a072f18ca;0xd1419e4d76e74d3b4d8a224f3a34118622fb4df4;0xd640333b71b015092d9b3afcff3e427036304370,-0.010095911155981852,-0.08312085670576241,-0.0800611932687404,-0.0719020907700153
2026-04-18,EIGEN,0.1798,4816335.519273822,75173.26315460427,4891508.782428427,0.015368113704435369,64.06979446094229,10,binance;bitget;bybit;coinbase;gate;htx;kraken;kucoin;mexc;okx,base;eth,base;eth,5,aerodrome-slipstream;balancer-v3-ethereum;curve;uniswap_v3,0x3c5428b3d6e07f6de38b0c7f84ea9d30b3b27231;0xbda917a67c7d9ae67da92c4ea87e10e5d6c11b54;0xc2c390c6cd3c4e6c2b70727d35a45e8a072f18ca;0xd1419e4d76e74d3b4d8a224f3a34118622fb4df4;0xd640333b71b015092d9b3afcff3e427036304370,-0.08312085670576241,-0.03448275862068961,0.007786429365962189,-0.006117908787541704
2026-04-19,EIGEN,0.1736,5950640.0060117245,35431.734814940115,5986071.7408266645,0.005919029431820185,167.94661726533872,10,binance;bitget;bybit;coinbase;gate;htx;kraken;kucoin;mexc;okx,base;eth,base;eth,5,aerodrome-slipstream;balancer-v3-ethereum;curve;uniswap_v3,0x3c5428b3d6e07f6de38b0c7f84ea9d30b3b27231;0xbda917a67c7d9ae67da92c4ea87e10e5d6c11b54;0xc2c390c6cd3c4e6c2b70727d35a45e8a072f18ca;0xd1419e4d76e74d3b4d8a224f3a34118622fb4df4;0xd640333b71b015092d9b3afcff3e427036304370,-0.03448275862068961,0.03917050691244239,0.0535714285714286,0.04608294930875578
2026-04-20,EIGEN,0.1804,9201096.294985015,148708.0249818096,9349804.319966825,0.01590493446630092,61.87356933904891,10,binance;bitget;bybit;coinbase;gate;htx;kraken;kucoin;mexc;okx,base;eth,base;eth,5,aerodrome-slipstream;balancer-v3-ethereum;curve;uniswap_v3,0x3c5428b3d6e07f6de38b0c7f84ea9d30b3b27231;0xbda917a67c7d9ae67da92c4ea87e10e5d6c11b54;0xc2c390c6cd3c4e6c2b70727d35a45e8a072f18ca;0xd1419e4d76e74d3b4d8a224f3a34118622fb4df4;0xd640333b71b015092d9b3afcff3e427036304370,0.03917050691244239,0.0044345898004434225,0.01607538802660735,-0.008869179600887067
2026-04-21,EIGEN,0.1812,4469610.724528198,42486.41745646394,4512097.141984662,0.009416113199587751,105.20093225342505,10,binance;bitget;bybit;coinbase;gate;htx;kraken;kucoin;mexc;okx,base;eth,base;eth,5,aerodrome-slipstream;balancer-v3-ethereum;curve;uniswap_v3,0x3c5428b3d6e07f6de38b0c7f84ea9d30b3b27231;0xbda917a67c7d9ae67da92c4ea87e10e5d6c11b54;0xc2c390c6cd3c4e6c2b70727d35a45e8a072f18ca;0xd1419e4d76e74d3b4d8a224f3a34118622fb4df4;0xd640333b71b015092d9b3afcff3e427036304370,0.0044345898004434225,0.00938189845474624,0.004415011037527616,-0.007726269315673329
2026-04-22,EIGEN,0.1829,7312616.505072891,147745.3210409852,7460361.826113876,0.019804042281679275,49.49474171871973,10,binance;bitget;bybit;coinbase;gate;htx;kraken;kucoin;mexc;okx,base;eth,base;eth,5,aerodrome-slipstream;balancer-v3-ethereum;curve;uniswap_v3,0x3c5428b3d6e07f6de38b0c7f84ea9d30b3b27231;0xbda917a67c7d9ae67da92c4ea87e10e5d6c11b54;0xc2c390c6cd3c4e6c2b70727d35a45e8a072f18ca;0xd1419e4d76e74d3b4d8a224f3a34118622fb4df4;0xd640333b71b015092d9b3afcff3e427036304370,0.00938189845474624,0.002186987424822151,-0.02296336796063425,0.010388190267905939
2026-04-23,EIGEN,0.1833,4265187.406904439,52430.21820704965,4317617.625111489,0.012143321331215802,81.34979316814959,10,binance;bitget;bybit;coinbase;gate;htx;kraken;kucoin;mexc;okx,base;eth,base;eth,5,aerodrome-slipstream;balancer-v3-ethereum;curve;uniswap_v3,0x3c5428b3d6e07f6de38b0c7f84ea9d30b3b27231;0xbda917a67c7d9ae67da92c4ea87e10e5d6c11b54;0xc2c390c6cd3c4e6c2b70727d35a45e8a072f18ca;0xd1419e4d76e74d3b4d8a224f3a34118622fb4df4;0xd640333b71b015092d9b3afcff3e427036304370,0.002186987424822151,-0.007092198581560294,-0.009274413529732572,-0.013638843426077463
2026-04-24,EIGEN,0.182,2529862.842207222,42152.843598797466,2572015.685806019,0.016389030530188073,60.01642181689952,10,binance;bitget;bybit;coinbase;gate;htx;kraken;kucoin;mexc;okx,base;eth,base;eth,5,aerodrome-slipstream;balancer-v3-ethereum;curve;uniswap_v3,0x3c5428b3d6e07f6de38b0c7f84ea9d30b3b27231;0xbda917a67c7d9ae67da92c4ea87e10e5d6c11b54;0xc2c390c6cd3c4e6c2b70727d35a45e8a072f18ca;0xd1419e4d76e74d3b4d8a224f3a34118622fb4df4;0xd640333b71b015092d9b3afcff3e427036304370,-0.007092198581560294,-0.018131868131868067,-0.01758241758241763,-0.028021978021978033
2026-04-25,EIGEN,0.1787,2035801.3397932858,47459.33529743508,2083260.6750907209,0.0227812754615398,42.895698539277895,10,binance;bitget;bybit;coinbase;gate;htx;kraken;kucoin;mexc;okx,base;eth,base;eth,5,aerodrome-slipstream;balancer-v3-ethereum;curve;uniswap_v3,0x3c5428b3d6e07f6de38b0c7f84ea9d30b3b27231;0xbda917a67c7d9ae67da92c4ea87e10e5d6c11b54;0xc2c390c6cd3c4e6c2b70727d35a45e8a072f18ca;0xd1419e4d76e74d3b4d8a224f3a34118622fb4df4;0xd640333b71b015092d9b3afcff3e427036304370,-0.018131868131868067,0.016228315612758948,0.006155567991046329,0.0005595970900951208
2026-04-26,EIGEN,0.1816,2614230.4550458123,50622.9071166391,2664853.3621624513,0.018996507588530154,51.641254995933416,10,binance;bitget;bybit;coinbase;gate;htx;kraken;kucoin;mexc;okx,base;eth,base;eth,5,aerodrome-slipstream;balancer-v3-ethereum;curve;uniswap_v3,0x3c5428b3d6e07f6de38b0c7f84ea9d30b3b27231;0xbda917a67c7d9ae67da92c4ea87e10e5d6c11b54;0xc2c390c6cd3c4e6c2b70727d35a45e8a072f18ca;0xd1419e4d76e74d3b4d8a224f3a34118622fb4df4;0xd640333b71b015092d9b3afcff3e427036304370,0.016228315612758948,-0.015418502202643292,0.017621145374449254,-0.04295154185022032
2026-04-27,EIGEN,0.1788,5056108.2335482165,92230.50671975562,5148338.740267972,0.017914615057935172,54.820345386492455,10,binance;bitget;bybit;coinbase;gate;htx;kraken;kucoin;mexc;okx,base;eth,base;eth,5,aerodrome-slipstream;balancer-v3-ethereum;curve;uniswap_v3,0x3c5428b3d6e07f6de38b0c7f84ea9d30b3b27231;0xbda917a67c7d9ae67da92c4ea87e10e5d6c11b54;0xc2c390c6cd3c4e6c2b70727d35a45e8a072f18ca;0xd1419e4d76e74d3b4d8a224f3a34118622fb4df4;0xd640333b71b015092d9b3afcff3e427036304370,-0.015418502202643292,0.005592841163311046,0.01118568232662187,-0.012863534675615185
2026-04-28,EIGEN,0.1798,2490625.6928454037,44794.02257619752,2535419.715421601,0.017667300724901466,55.60174214335604,10,binance;bitget;bybit;coinbase;gate;htx;kraken;kucoin;mexc;okx,base;eth,base;eth,5,aerodrome-slipstream;balancer-v3-ethereum;curve;uniswap_v3,0x3c5428b3d6e07f6de38b0c7f84ea9d30b3b27231;0xbda917a67c7d9ae67da92c4ea87e10e5d6c11b54;0xc2c390c6cd3c4e6c2b70727d35a45e8a072f18ca;0xd1419e4d76e74d3b4d8a224f3a34118622fb4df4;0xd640333b71b015092d9b3afcff3e427036304370,0.005592841163311046,0.027808676307007785,-0.01612903225806439,0.034482758620689724
2026-04-29,EIGEN,0.1848,6385154.982149027,161126.01250343083,6546280.9946524585,0.02461336637322043,39.62833116107227,10,binance;bitget;bybit;coinbase;gate;htx;kraken;kucoin;mexc;okx,base;eth,base;eth,5,aerodrome-slipstream;balancer-v3-ethereum;curve;uniswap_v3,0x3c5428b3d6e07f6de38b0c7f84ea9d30b3b27231;0xbda917a67c7d9ae67da92c4ea87e10e5d6c11b54;0xc2c390c6cd3c4e6c2b70727d35a45e8a072f18ca;0xd1419e4d76e74d3b4d8a224f3a34118622fb4df4;0xd640333b71b015092d9b3afcff3e427036304370,0.027808676307007785,-0.02164502164502169,-0.032467532467532534,0.08333333333333326
2026-04-30,EIGEN,0.1808,3509675.0105290734,95735.72805343114,3605410.7385825044,0.02655334856274112,36.66003363519924,10,binance;bitget;bybit;coinbase;gate;htx;kraken;kucoin;mexc;okx,base;eth,base;eth,5,aerodrome-slipstream;balancer-v3-ethereum;curve;uniswap_v3,0x3c5428b3d6e07f6de38b0c7f84ea9d30b3b27231;0xbda917a67c7d9ae67da92c4ea87e10e5d6c11b54;0xc2c390c6cd3c4e6c2b70727d35a45e8a072f18ca;0xd1419e4d76e74d3b4d8a224f3a34118622fb4df4;0xd640333b71b015092d9b3afcff3e427036304370,-0.02164502164502169,-0.0215707964601769,-0.03871681415929196,0.08407079646017701
2026-05-01,EIGEN,0.1769,3223905.118663114,79619.01246306105,3303524.131126175,0.02410123531802955,40.491649154262404,10,binance;bitget;bybit;coinbase;gate;htx;kraken;kucoin;mexc;okx,base;eth,base;eth,5,aerodrome-slipstream;balancer-v3-ethereum;curve;uniswap_v3,0x3c5428b3d6e07f6de38b0c7f84ea9d30b3b27231;0xbda917a67c7d9ae67da92c4ea87e10e5d6c11b54;0xc2c390c6cd3c4e6c2b70727d35a45e8a072f18ca;0xd1419e4d76e74d3b4d8a224f3a34118622fb4df4;0xd640333b71b015092d9b3afcff3e427036304370,-0.0215707964601769,0.01074053137365727,-0.002261164499717472,0.2594686263425663
2026-05-02,EIGEN,0.1788,2503010.510261758,34128.75255956987,2537139.262821328,0.013451667025017107,73.34022847430155,10,binance;bitget;bybit;coinbase;gate;htx;kraken;kucoin;mexc;okx,base;eth,base;eth,5,aerodrome-slipstream;balancer-v3-ethereum;curve;uniswap_v3,0x3c5428b3d6e07f6de38b0c7f84ea9d30b3b27231;0xbda917a67c7d9ae67da92c4ea87e10e5d6c11b54;0xc2c390c6cd3c4e6c2b70727d35a45e8a072f18ca;0xd1419e4d76e74d3b4d8a224f3a34118622fb4df4;0xd640333b71b015092d9b3afcff3e427036304370,0.01074053137365727,-0.027964205816554677,0.04026845637583909,0.1879194630872485
2026-05-03,EIGEN,0.1738,2718109.411743316,24991.82869261493,2743101.240435931,0.009110793405730535,108.7599249008343,10,binance;bitget;bybit;coinbase;gate;htx;kraken;kucoin;mexc;okx,base;eth,base;eth,5,aerodrome-slipstream;balancer-v3-ethereum;curve;uniswap_v3,0x3c5428b3d6e07f6de38b0c7f84ea9d30b3b27231;0xbda917a67c7d9ae67da92c4ea87e10e5d6c11b54;0xc2c390c6cd3c4e6c2b70727d35a45e8a072f18ca;0xd1419e4d76e74d3b4d8a224f3a34118622fb4df4;0xd640333b71b015092d9b3afcff3e427036304370,-0.027964205816554677,0.015535097813578647,0.1518987341772151,0.2830840046029919
2026-05-04,EIGEN,0.1765,4912518.681797587,77844.12094028194,4990362.802737869,0.015598890104257393,63.107125142645295,10,binance;bitget;bybit;coinbase;gate;htx;kraken;kucoin;mexc;okx,base;eth,base;eth,5,aerodrome-slipstream;balancer-v3-ethereum;curve;uniswap_v3,0x3c5428b3d6e07f6de38b0c7f84ea9d30b3b27231;0xbda917a67c7d9ae67da92c4ea87e10e5d6c11b54;0xc2c390c6cd3c4e6c2b70727d35a45e8a072f18ca;0xd1419e4d76e74d3b4d8a224f3a34118622fb4df4;0xd640333b71b015092d9b3afcff3e427036304370,0.015535097813578647,0.053824362606232246,0.11048158640226635,0.23626062322946195
2026-05-05,EIGEN,0.186,29190830.566739883,499000.4836711013,29689831.050410986,0.016807117656676387,58.498601748811126,10,binance;bitget;bybit;coinbase;gate;htx;kraken;kucoin;mexc;okx,base;eth,base;eth,5,aerodrome-slipstream;balancer-v3-ethereum;curve;uniswap_v3,0x3c5428b3d6e07f6de38b0c7f84ea9d30b3b27231;0xbda917a67c7d9ae67da92c4ea87e10e5d6c11b54;0xc2c390c6cd3c4e6c2b70727d35a45e8a072f18ca;0xd1419e4d76e74d3b4d8a224f3a34118622fb4df4;0xd640333b71b015092d9b3afcff3e427036304370,0.053824362606232246,0.07634408602150522,0.1978494623655913,0.14623655913978495
2026-05-06,EIGEN,0.2002,15439695.66618878,260926.6755840247,15700622.341772804,0.01661887471108758,59.17254581820947,10,binance;bitget;bybit;coinbase;gate;htx;kraken;kucoin;mexc;okx,base;eth,base;eth,5,aerodrome-slipstream;balancer-v3-ethereum;curve;uniswap_v3,0x3c5428b3d6e07f6de38b0c7f84ea9d30b3b27231;0xbda917a67c7d9ae67da92c4ea87e10e5d6c11b54;0xc2c390c6cd3c4e6c2b70727d35a45e8a072f18ca;0xd1419e4d76e74d3b4d8a224f3a34118622fb4df4;0xd640333b71b015092d9b3afcff3e427036304370,0.07634408602150522,-0.020979020979020935,0.060939060939060985,0.05044955044955035
2026-05-07,EIGEN,0.196,6733903.840770129,146001.24501757204,6879905.085787701,0.021221403957908804,46.12223573819297,10,binance;bitget;bybit;coinbase;gate;htx;kraken;kucoin;mexc;okx,base;eth,base;eth,5,aerodrome-slipstream;balancer-v3-ethereum;curve;uniswap_v3,0x3c5428b3d6e07f6de38b0c7f84ea9d30b3b27231;0xbda917a67c7d9ae67da92c4ea87e10e5d6c11b54;0xc2c390c6cd3c4e6c2b70727d35a45e8a072f18ca;0xd1419e4d76e74d3b4d8a224f3a34118622fb4df4;0xd640333b71b015092d9b3afcff3e427036304370,-0.020979020979020935,0.13673469387755088,0.1377551020408163,0.1382653061224488
2026-05-08,EIGEN,0.2228,14030692.274994435,80198.34520756808,14110890.620202003,0.005683436103795694,174.9498975157208,10,binance;bitget;bybit;coinbase;gate;htx;kraken;kucoin;mexc;okx,base;eth,base;eth,5,aerodrome-slipstream;balancer-v3-ethereum;curve;uniswap_v3,0x3c5428b3d6e07f6de38b0c7f84ea9d30b3b27231;0xbda917a67c7d9ae67da92c4ea87e10e5d6c11b54;0xc2c390c6cd3c4e6c2b70727d35a45e8a072f18ca;0xd1419e4d76e74d3b4d8a224f3a34118622fb4df4;0xd640333b71b015092d9b3afcff3e427036304370,0.13673469387755088,-0.04667863554757623,-0.02064631956912022,-0.09784560143626564
2026-05-09,EIGEN,0.2124,4327448.55839096,23244.424598842135,4350692.982989802,0.005342694759138931,186.17146404245779,10,binance;bitget;bybit;coinbase;gate;htx;kraken;kucoin;mexc;okx,base;eth,base;eth,5,aerodrome-slipstream;balancer-v3-ethereum;curve;uniswap_v3,0x3c5428b3d6e07f6de38b0c7f84ea9d30b3b27231;0xbda917a67c7d9ae67da92c4ea87e10e5d6c11b54;0xc2c390c6cd3c4e6c2b70727d35a45e8a072f18ca;0xd1419e4d76e74d3b4d8a224f3a34118622fb4df4;0xd640333b71b015092d9b3afcff3e427036304370,-0.04667863554757623,0.04990583804143123,0.0037664783427495685,-0.10969868173258013
2026-05-10,EIGEN,0.223,6296423.394608246,57496.37885607149,6353919.773464317,0.009048962043271599,109.50991210020103,10,binance;bitget;bybit;coinbase;gate;htx;kraken;kucoin;mexc;okx,base;eth,base;eth,5,aerodrome-slipstream;balancer-v3-ethereum;curve;uniswap_v3,0x3c5428b3d6e07f6de38b0c7f84ea9d30b3b27231;0xbda917a67c7d9ae67da92c4ea87e10e5d6c11b54;0xc2c390c6cd3c4e6c2b70727d35a45e8a072f18ca;0xd1419e4d76e74d3b4d8a224f3a34118622fb4df4;0xd640333b71b015092d9b3afcff3e427036304370,0.04990583804143123,-0.021524663677130018,-0.05695067264573994,-0.16726457399103134
2026-05-11,EIGEN,0.2182,3968895.930829574,40289.30428257656,4009185.2351121507,0.010049249889909247,98.50991476529308,10,binance;bitget;bybit;coinbase;gate;htx;kraken;kucoin;mexc;okx,base;eth,base;eth,5,aerodrome-slipstream;balancer-v3-ethereum;curve;uniswap_v3,0x3c5428b3d6e07f6de38b0c7f84ea9d30b3b27231;0xbda917a67c7d9ae67da92c4ea87e10e5d6c11b54;0xc2c390c6cd3c4e6c2b70727d35a45e8a072f18ca;0xd1419e4d76e74d3b4d8a224f3a34118622fb4df4;0xd640333b71b015092d9b3afcff3e427036304370,-0.021524663677130018,-0.022914757103574712,0.022456461961503082,-0.13107241063244734
2026-05-12,EIGEN,0.2132,4816573.962483866,45376.3730482838,4861950.33553215,0.009332956924027745,106.14717834232094,10,binance;bitget;bybit;coinbase;gate;htx;kraken;kucoin;mexc;okx,base;eth,base;eth,5,aerodrome-slipstream;balancer-v3-ethereum;curve;uniswap_v3,0x3c5428b3d6e07f6de38b0c7f84ea9d30b3b27231;0xbda917a67c7d9ae67da92c4ea87e10e5d6c11b54;0xc2c390c6cd3c4e6c2b70727d35a45e8a072f18ca;0xd1419e4d76e74d3b4d8a224f3a34118622fb4df4;0xd640333b71b015092d9b3afcff3e427036304370,-0.022914757103574712,-0.013602251407129562,-0.05722326454033766,-0.14165103189493433
2026-05-13,EIGEN,0.2103,10402341.34842382,88198.13896459813,10490539.487388419,0.008407397834079811,117.94286671512671,10,binance;bitget;bybit;coinbase;gate;htx;kraken;kucoin;mexc;okx,base;eth,base;eth,5,aerodrome-slipstream;balancer-v3-ethereum;curve;uniswap_v3,0x3c5428b3d6e07f6de38b0c7f84ea9d30b3b27231;0xbda917a67c7d9ae67da92c4ea87e10e5d6c11b54;0xc2c390c6cd3c4e6c2b70727d35a45e8a072f18ca;0xd1419e4d76e74d3b4d8a224f3a34118622fb4df4;0xd640333b71b015092d9b3afcff3e427036304370,-0.013602251407129562,0.06086543033761305,-0.10080836899667145,-0.08511650023775563
2026-05-14,EIGEN,0.2231,7362397.722926473,128653.73371098671,7491051.45663746,0.017174322517434164,57.22645982016877,10,binance;bitget;bybit;coinbase;gate;htx;kraken;kucoin;mexc;okx,base;eth,base;eth,5,aerodrome-slipstream;balancer-v3-ethereum;curve;uniswap_v3,0x3c5428b3d6e07f6de38b0c7f84ea9d30b3b27231;0xbda917a67c7d9ae67da92c4ea87e10e5d6c11b54;0xc2c390c6cd3c4e6c2b70727d35a45e8a072f18ca;0xd1419e4d76e74d3b4d8a224f3a34118622fb4df4;0xd640333b71b015092d9b3afcff3e427036304370,0.06086543033761305,-0.09905871806364852,-0.1676378305692514,-0.12415956969968622
2026-05-15,EIGEN,0.201,5796914.15177854,128315.40149088032,5925229.55326942,0.02165576883347558,45.17707215521233,10,binance;bitget;bybit;coinbase;gate;htx;kraken;kucoin;mexc;okx,base;eth,base;eth,5,aerodrome-slipstream;balancer-v3-ethereum;curve;uniswap_v3,0x3c5428b3d6e07f6de38b0c7f84ea9d30b3b27231;0xbda917a67c7d9ae67da92c4ea87e10e5d6c11b54;0xc2c390c6cd3c4e6c2b70727d35a45e8a072f18ca;0xd1419e4d76e74d3b4d8a224f3a34118622fb4df4;0xd640333b71b015092d9b3afcff3e427036304370,-0.09905871806364852,-0.05920398009950256,-0.0567164179104479,-0.01990049751243783
2026-05-16,EIGEN,0.1891,3324737.5182830743,66456.35634425629,3391193.8746273303,0.019596743448222757,50.028886643443336,10,binance;bitget;bybit;coinbase;gate;htx;kraken;kucoin;mexc;okx,base;eth,base;eth,5,aerodrome-slipstream;balancer-v3-ethereum;curve;uniswap_v3,0x3c5428b3d6e07f6de38b0c7f84ea9d30b3b27231;0xbda917a67c7d9ae67da92c4ea87e10e5d6c11b54;0xc2c390c6cd3c4e6c2b70727d35a45e8a072f18ca;0xd1419e4d76e74d3b4d8a224f3a34118622fb4df4;0xd640333b71b015092d9b3afcff3e427036304370,-0.05920398009950256,-0.01797990481226852,-0.032258064516129004,0.20518244315177148
2026-05-17,EIGEN,0.1857,3514453.012205484,34482.05148646734,3548935.0636919513,0.009716168616113172,101.92122744160827,10,binance;bitget;bybit;coinbase;gate;htx;kraken;kucoin;mexc;okx,base;eth,base;eth,5,aerodrome-slipstream;balancer-v3-ethereum;curve;uniswap_v3,0x3c5428b3d6e07f6de38b0c7f84ea9d30b3b27231;0xbda917a67c7d9ae67da92c4ea87e10e5d6c11b54;0xc2c390c6cd3c4e6c2b70727d35a45e8a072f18ca;0xd1419e4d76e74d3b4d8a224f3a34118622fb4df4;0xd640333b71b015092d9b3afcff3e427036304370,-0.01797990481226852,0.02100161550888524,0.03607969843834136,0.20193861066235863
2026-05-18,EIGEN,0.1896,3221268.537695446,48721.92297251273,3269990.460667959,0.014899714099643071,66.11538176587935,10,binance;bitget;bybit;coinbase;gate;htx;kraken;kucoin;mexc;okx,base;eth,base;eth,5,aerodrome-slipstream;balancer-v3-ethereum;curve;uniswap_v3,0x3c5428b3d6e07f6de38b0c7f84ea9d30b3b27231;0xbda917a67c7d9ae67da92c4ea87e10e5d6c11b54;0xc2c390c6cd3c4e6c2b70727d35a45e8a072f18ca;0xd1419e4d76e74d3b4d8a224f3a34118622fb4df4;0xd640333b71b015092d9b3afcff3e427036304370,0.02100161550888524,-0.034810126582278444,0.030590717299578074,0.31856540084388185
2026-05-19,EIGEN,0.183,2702563.155023297,74216.43448628872,2776779.5895095854,0.026727520890268534,36.414618591285034,10,binance;bitget;bybit;coinbase;gate;htx;kraken;kucoin;mexc;okx,base;eth,base;eth,5,aerodrome-slipstream;balancer-v3-ethereum;curve;uniswap_v3,0x3c5428b3d6e07f6de38b0c7f84ea9d30b3b27231;0xbda917a67c7d9ae67da92c4ea87e10e5d6c11b54;0xc2c390c6cd3c4e6c2b70727d35a45e8a072f18ca;0xd1419e4d76e74d3b4d8a224f3a34118622fb4df4;0xd640333b71b015092d9b3afcff3e427036304370,-0.034810126582278444,0.051366120218579114,0.07650273224043724,0.3459016393442622
2026-05-20,EIGEN,0.1924,2917973.2792510083,80039.5414818594,2998012.820732868,0.02669753142092756,36.456646617751474,10,binance;bitget;bybit;coinbase;gate;htx;kraken;kucoin;mexc;okx,base;eth,base;eth,5,aerodrome-slipstream;balancer-v3-ethereum;curve;uniswap_v3,0x3c5428b3d6e07f6de38b0c7f84ea9d30b3b27231;0xbda917a67c7d9ae67da92c4ea87e10e5d6c11b54;0xc2c390c6cd3c4e6c2b70727d35a45e8a072f18ca;0xd1419e4d76e74d3b4d8a224f3a34118622fb4df4;0xd640333b71b015092d9b3afcff3e427036304370,0.051366120218579114,0.015592515592515621,0.18451143451143448,0.1850311850311852
2026-05-21,EIGEN,0.1954,4081092.9759164276,66050.71846881181,4147143.6943852394,0.01592679765551335,61.78726091894762,10,binance;bitget;bybit;coinbase;gate;htx;kraken;kucoin;mexc;okx,base;eth,base;eth,5,aerodrome-slipstream;balancer-v3-ethereum;curve;uniswap_v3,0x3c5428b3d6e07f6de38b0c7f84ea9d30b3b27231;0xbda917a67c7d9ae67da92c4ea87e10e5d6c11b54;0xc2c390c6cd3c4e6c2b70727d35a45e8a072f18ca;0xd1419e4d76e74d3b4d8a224f3a34118622fb4df4;0xd640333b71b015092d9b3afcff3e427036304370,0.015592515592515621,0.008188331627430934,0.14227226202661214,0.13613101330603894
2026-05-22,EIGEN,0.197,6727678.801536635,84105.6266499611,6811784.428186595,0.012347076971775417,79.99082902665403,10,binance;bitget;bybit;coinbase;gate;htx;kraken;kucoin;mexc;okx,base;eth,base;eth,5,aerodrome-slipstream;balancer-v3-ethereum;curve;uniswap_v3,0x3c5428b3d6e07f6de38b0c7f84ea9d30b3b27231;0xbda917a67c7d9ae67da92c4ea87e10e5d6c11b54;0xc2c390c6cd3c4e6c2b70727d35a45e8a072f18ca;0xd1419e4d76e74d3b4d8a224f3a34118622fb4df4;0xd640333b71b015092d9b3afcff3e427036304370,0.008188331627430934,0.15685279187817258,0.2690355329949239,0.12994923857868002
2026-05-23,EIGEN,0.2279,9175084.979795171,58554.974917750405,9233639.954712922,0.0063414834458499205,156.69180958036458,10,binance;bitget;bybit;coinbase;gate;htx;kraken;kucoin;mexc;okx,base;eth,base;eth,5,aerodrome-slipstream;balancer-v3-ethereum;curve;uniswap_v3,0x3c5428b3d6e07f6de38b0c7f84ea9d30b3b27231;0xbda917a67c7d9ae67da92c4ea87e10e5d6c11b54;0xc2c390c6cd3c4e6c2b70727d35a45e8a072f18ca;0xd1419e4d76e74d3b4d8a224f3a34118622fb4df4;0xd640333b71b015092d9b3afcff3e427036304370,0.15685279187817258,-0.02062308029837645,0.08073716542343123,-0.05221588415971912
2026-05-24,EIGEN,0.2232,10342462.814439874,56292.26777427798,10398755.082214152,0.005413366054803933,183.7279474316316,10,binance;bitget;bybit;coinbase;gate;htx;kraken;kucoin;mexc;okx,base;eth,base;eth,5,aerodrome-slipstream;balancer-v3-ethereum;curve;uniswap_v3,0x3c5428b3d6e07f6de38b0c7f84ea9d30b3b27231;0xbda917a67c7d9ae67da92c4ea87e10e5d6c11b54;0xc2c390c6cd3c4e6c2b70727d35a45e8a072f18ca;0xd1419e4d76e74d3b4d8a224f3a34118622fb4df4;0xd640333b71b015092d9b3afcff3e427036304370,-0.02062308029837645,0.12007168458781359,0.021505376344086002,-0.06093189964157708
2026-05-25,EIGEN,0.25,15192532.74797057,86445.81990439957,15278978.56787497,0.00565782715908493,175.74629709998692,10,binance;bitget;bybit;coinbase;gate;htx;kraken;kucoin;mexc;okx,base;eth,base;eth,5,aerodrome-slipstream;balancer-v3-ethereum;curve;uniswap_v3,0x3c5428b3d6e07f6de38b0c7f84ea9d30b3b27231;0xbda917a67c7d9ae67da92c4ea87e10e5d6c11b54;0xc2c390c6cd3c4e6c2b70727d35a45e8a072f18ca;0xd1419e4d76e74d3b4d8a224f3a34118622fb4df4;0xd640333b71b015092d9b3afcff3e427036304370,0.12007168458781359,-0.014800000000000035,-0.11199999999999999,-0.10440000000000005
2026-05-26,EIGEN,0.2463,16333163.345183294,110458.72796838416,16443622.073151678,0.0067174207408193624,147.8666615630249,10,binance;bitget;bybit;coinbase;gate;htx;kraken;kucoin;mexc;okx,base;eth,base;eth,5,aerodrome-slipstream;balancer-v3-ethereum;curve;uniswap_v3,0x3c5428b3d6e07f6de38b0c7f84ea9d30b3b27231;0xbda917a67c7d9ae67da92c4ea87e10e5d6c11b54;0xc2c390c6cd3c4e6c2b70727d35a45e8a072f18ca;0xd1419e4d76e74d3b4d8a224f3a34118622fb4df4;0xd640333b71b015092d9b3afcff3e427036304370,-0.014800000000000035,-0.07429963459196098,-0.09622411693057242,-0.19650832318311007
2026-05-27,EIGEN,0.228,8487129.070632953,110536.95109167442,8597666.021724628,0.0128566230430874,76.78092245907983,10,binance;bitget;bybit;coinbase;gate;htx;kraken;kucoin;mexc;okx,base;eth,base;eth,5,aerodrome-slipstream;balancer-v3-ethereum;curve;uniswap_v3,0x3c5428b3d6e07f6de38b0c7f84ea9d30b3b27231;0xbda917a67c7d9ae67da92c4ea87e10e5d6c11b54;0xc2c390c6cd3c4e6c2b70727d35a45e8a072f18ca;0xd1419e4d76e74d3b4d8a224f3a34118622fb4df4;0xd640333b71b015092d9b3afcff3e427036304370,-0.07429963459196098,-0.02631578947368418,-0.052631578947368474,-0.08070175438596494
2026-05-28,EIGEN,0.222,9435894.299568951,41217.770605113874,9477112.070174064,0.004349191008812966,228.9278182939434,10,binance;bitget;bybit;coinbase;gate;htx;kraken;kucoin;mexc;okx,base;eth,base;eth,5,aerodrome-slipstream;balancer-v3-ethereum;curve;uniswap_v3,0x3c5428b3d6e07f6de38b0c7f84ea9d30b3b27231;0xbda917a67c7d9ae67da92c4ea87e10e5d6c11b54;0xc2c390c6cd3c4e6c2b70727d35a45e8a072f18ca;0xd1419e4d76e74d3b4d8a224f3a34118622fb4df4;0xd640333b71b015092d9b3afcff3e427036304370,-0.02631578947368418,0.002702702702702675,-0.05585585585585584,-0.18018018018018023
2026-05-29,EIGEN,0.2226,7251011.092269566,54420.3150993154,7305431.407368882,0.007449295197600846,133.24088769123614,10,binance;bitget;bybit;coinbase;gate;htx;kraken;kucoin;mexc;okx,base;eth,base;eth,5,aerodrome-slipstream;balancer-v3-ethereum;curve;uniswap_v3,0x3c5428b3d6e07f6de38b0c7f84ea9d30b3b27231;0xbda917a67c7d9ae67da92c4ea87e10e5d6c11b54;0xc2c390c6cd3c4e6c2b70727d35a45e8a072f18ca;0xd1419e4d76e74d3b4d8a224f3a34118622fb4df4;0xd640333b71b015092d9b3afcff3e427036304370,0.002702702702702675,-0.029649595687331498,0.005840071877807773,-0.2628032345013477
2026-05-30,EIGEN,0.216,5558748.848052181,38366.87969216645,5597115.727744347,0.006854759050627742,144.88404823776008,10,binance;bitget;bybit;coinbase;gate;htx;kraken;kucoin;mexc;okx,base;eth,base;eth,5,aerodrome-slipstream;balancer-v3-ethereum;curve;uniswap_v3,0x3c5428b3d6e07f6de38b0c7f84ea9d30b3b27231;0xbda917a67c7d9ae67da92c4ea87e10e5d6c11b54;0xc2c390c6cd3c4e6c2b70727d35a45e8a072f18ca;0xd1419e4d76e74d3b4d8a224f3a34118622fb4df4;0xd640333b71b015092d9b3afcff3e427036304370,-0.029649595687331498,-0.02962962962962956,-0.08379629629629637,-0.2527777777777779
2026-05-31,EIGEN,0.2096,3995349.3589606304,18371.933487023147,4013721.2924476536,0.004577281816152099,217.47027125820534,10,binance;bitget;bybit;coinbase;gate;htx;kraken;kucoin;mexc;okx,base;eth,base;eth,5,aerodrome-slipstream;balancer-v3-ethereum;curve;uniswap_v3,0x3c5428b3d6e07f6de38b0c7f84ea9d30b3b27231;0xbda917a67c7d9ae67da92c4ea87e10e5d6c11b54;0xc2c390c6cd3c4e6c2b70727d35a45e8a072f18ca;0xd1419e4d76e74d3b4d8a224f3a34118622fb4df4;0xd640333b71b015092d9b3afcff3e427036304370,-0.02962962962962956,0.06822519083969447,0.0,-0.14217557251908408
2026-06-01,EIGEN,0.2239,7497597.929417651,113561.15286318521,7611159.082280836,0.014920349402177301,66.02255912680381,10,binance;bitget;bybit;coinbase;gate;htx;kraken;kucoin;mexc;okx,base;eth,base;eth,5,aerodrome-slipstream;balancer-v3-ethereum;curve;uniswap_v3,0x3c5428b3d6e07f6de38b0c7f84ea9d30b3b27231;0xbda917a67c7d9ae67da92c4ea87e10e5d6c11b54;0xc2c390c6cd3c4e6c2b70727d35a45e8a072f18ca;0xd1419e4d76e74d3b4d8a224f3a34118622fb4df4;0xd640333b71b015092d9b3afcff3e427036304370,0.06822519083969447,-0.11612326931665917,-0.18713711478338546,-0.1759714158106297
2026-06-02,EIGEN,0.1979,10540869.7072355,74965.92845983723,10615835.635695338,0.00706170771971706,140.60880621098076,10,binance;bitget;bybit;coinbase;gate;htx;kraken;kucoin;mexc;okx,base;eth,base;eth,5,aerodrome-slipstream;balancer-v3-ethereum;curve;uniswap_v3,0x3c5428b3d6e07f6de38b0c7f84ea9d30b3b27231;0xbda917a67c7d9ae67da92c4ea87e10e5d6c11b54;0xc2c390c6cd3c4e6c2b70727d35a45e8a072f18ca;0xd1419e4d76e74d3b4d8a224f3a34118622fb4df4;0xd640333b71b015092d9b3afcff3e427036304370,-0.11612326931665917,0.05912076806467925,-0.1707933299646286,-0.05811015664477004
2026-06-03,EIGEN,0.2096,8975784.291842993,50941.129101055994,9026725.42094405,0.0056433675253775885,176.1991626459047,10,binance;bitget;bybit;coinbase;gate;htx;kraken;kucoin;mexc;okx,base;eth,base;eth,5,aerodrome-slipstream;balancer-v3-ethereum;curve;uniswap_v3,0x3c5428b3d6e07f6de38b0c7f84ea9d30b3b27231;0xbda917a67c7d9ae67da92c4ea87e10e5d6c11b54;0xc2c390c6cd3c4e6c2b70727d35a45e8a072f18ca;0xd1419e4d76e74d3b4d8a224f3a34118622fb4df4;0xd640333b71b015092d9b3afcff3e427036304370,0.05912076806467925,-0.13167938931297718,-0.2299618320610688,-0.1817748091603053
2026-06-04,EIGEN,0.182,9227386.897043517,38025.039176786304,9265411.936220303,0.004103977182939812,242.6660720622398,10,binance;bitget;bybit;coinbase;gate;htx;kraken;kucoin;mexc;okx,base;eth,base;eth,5,aerodrome-slipstream;balancer-v3-ethereum;curve;uniswap_v3,0x3c5428b3d6e07f6de38b0c7f84ea9d30b3b27231;0xbda917a67c7d9ae67da92c4ea87e10e5d6c11b54;0xc2c390c6cd3c4e6c2b70727d35a45e8a072f18ca;0xd1419e4d76e74d3b4d8a224f3a34118622fb4df4;0xd640333b71b015092d9b3afcff3e427036304370,-0.13167938931297718,-0.09835164835164834,-0.012087912087912156,-0.0049450549450548165
2026-06-05,EIGEN,0.1641,8528766.239326939,44048.58997222849,8572814.829299167,0.005138171166567643,193.62177642244868,10,binance;bitget;bybit;coinbase;gate;htx;kraken;kucoin;mexc;okx,base;eth,base;eth,5,aerodrome-slipstream;balancer-v3-ethereum;curve;uniswap_v3,0x3c5428b3d6e07f6de38b0c7f84ea9d30b3b27231;0xbda917a67c7d9ae67da92c4ea87e10e5d6c11b54;0xc2c390c6cd3c4e6c2b70727d35a45e8a072f18ca;0xd1419e4d76e74d3b4d8a224f3a34118622fb4df4;0xd640333b71b015092d9b3afcff3e427036304370,-0.09835164835164834,-0.01645338208409508,0.1243144424131628,0.07190737355271182
2026-06-06,EIGEN,0.1614,3732035.6998265176,32084.454618137534,3764120.154444655,0.00852375941832047,116.31912539092298,10,binance;bitget;bybit;coinbase;gate;htx;kraken;kucoin;mexc;okx,base;eth,base;eth,5,aerodrome-slipstream;balancer-v3-ethereum;curve;uniswap_v3,0x3c5428b3d6e07f6de38b0c7f84ea9d30b3b27231;0xbda917a67c7d9ae67da92c4ea87e10e5d6c11b54;0xc2c390c6cd3c4e6c2b70727d35a45e8a072f18ca;0xd1419e4d76e74d3b4d8a224f3a34118622fb4df4;0xd640333b71b015092d9b3afcff3e427036304370,-0.01645338208409508,0.11400247831474597,0.1548946716232964,0.19021065675340765
2026-06-07,EIGEN,0.1798,7180422.850066421,46023.840662999675,7226446.690729421,0.006368806500993386,156.01529004594866,10,binance;bitget;bybit;coinbase;gate;htx;kraken;kucoin;mexc;okx,base;eth,base;eth,5,aerodrome-slipstream;balancer-v3-ethereum;curve;uniswap_v3,0x3c5428b3d6e07f6de38b0c7f84ea9d30b3b27231;0xbda917a67c7d9ae67da92c4ea87e10e5d6c11b54;0xc2c390c6cd3c4e6c2b70727d35a45e8a072f18ca;0xd1419e4d76e74d3b4d8a224f3a34118622fb4df4;0xd640333b71b015092d9b3afcff3e427036304370,0.11400247831474597,0.02614015572858741,-0.046162402669632785,0.13181312569521686
2026-06-08,EIGEN,0.1845,7528866.407411869,68561.88035291183,7597428.28776478,0.009024353736030227,109.81125909409393,10,binance;bitget;bybit;coinbase;gate;htx;kraken;kucoin;mexc;okx,base;eth,base;eth,5,aerodrome-slipstream;balancer-v3-ethereum;curve;uniswap_v3,0x3c5428b3d6e07f6de38b0c7f84ea9d30b3b27231;0xbda917a67c7d9ae67da92c4ea87e10e5d6c11b54;0xc2c390c6cd3c4e6c2b70727d35a45e8a072f18ca;0xd1419e4d76e74d3b4d8a224f3a34118622fb4df4;0xd640333b71b015092d9b3afcff3e427036304370,0.02614015572858741,0.010298102981029844,-0.018428184281842785,0.1636856368563686
2026-06-09,EIGEN,0.1864,6590012.436949635,58989.755239880615,6649002.192189516,0.008871971092019643,111.71452416019504,10,binance;bitget;bybit;coinbase;gate;htx;kraken;kucoin;mexc;okx,base;eth,base;eth,5,aerodrome-slipstream;balancer-v3-ethereum;curve;uniswap_v3,0x3c5428b3d6e07f6de38b0c7f84ea9d30b3b27231;0xbda917a67c7d9ae67da92c4ea87e10e5d6c11b54;0xc2c390c6cd3c4e6c2b70727d35a45e8a072f18ca;0xd1419e4d76e74d3b4d8a224f3a34118622fb4df4;0xd640333b71b015092d9b3afcff3e427036304370,0.010298102981029844,-0.07993562231759654,-0.05633047210300435,0.12821888412017146
2026-06-10,EIGEN,0.1715,5024543.549599854,87640.59096697101,5112184.140566825,0.017143473035627715,57.33123766239147,10,binance;bitget;bybit;coinbase;gate;htx;kraken;kucoin;mexc;okx,base;eth,base;eth,5,aerodrome-slipstream;balancer-v3-ethereum;curve;uniswap_v3,0x3c5428b3d6e07f6de38b0c7f84ea9d30b3b27231;0xbda917a67c7d9ae67da92c4ea87e10e5d6c11b54;0xc2c390c6cd3c4e6c2b70727d35a45e8a072f18ca;0xd1419e4d76e74d3b4d8a224f3a34118622fb4df4;0xd640333b71b015092d9b3afcff3e427036304370,-0.07993562231759654,0.05597667638483972,0.12011661807580154,0.18075801749271125
2026-06-11,EIGEN,0.1811,4957233.996081985,27714.98293858952,4984948.979020574,0.0055597325178711994,178.86476809551556,10,binance;bitget;bybit;coinbase;gate;htx;kraken;kucoin;mexc;okx,base;eth,base;eth,5,aerodrome-slipstream;balancer-v3-ethereum;curve;uniswap_v3,0x3c5428b3d6e07f6de38b0c7f84ea9d30b3b27231;0xbda917a67c7d9ae67da92c4ea87e10e5d6c11b54;0xc2c390c6cd3c4e6c2b70727d35a45e8a072f18ca;0xd1419e4d76e74d3b4d8a224f3a34118622fb4df4;0xd640333b71b015092d9b3afcff3e427036304370,0.05597667638483972,-0.028713418001104385,0.12368856985091092,0.22860298177802307
2026-06-12,EIGEN,0.1759,3957213.53020814,27680.6229278784,3984894.1531360187,0.0069463885022126364,142.95969930007075,10,binance;bitget;bybit;coinbase;gate;htx;kraken;kucoin;mexc;okx,base;eth,base;eth,5,aerodrome-slipstream;balancer-v3-ethereum;curve;uniswap_v3,0x3c5428b3d6e07f6de38b0c7f84ea9d30b3b27231;0xbda917a67c7d9ae67da92c4ea87e10e5d6c11b54;0xc2c390c6cd3c4e6c2b70727d35a45e8a072f18ca;0xd1419e4d76e74d3b4d8a224f3a34118622fb4df4;0xd640333b71b015092d9b3afcff3e427036304370,-0.028713418001104385,0.092097782831154,0.22057987492893694,0.41159749857873784
2026-06-13,EIGEN,0.1921,6092846.752302121,43329.82063335164,6136176.572935473,0.007061371216803687,140.61555444363788,10,binance;bitget;bybit;coinbase;gate;htx;kraken;kucoin;mexc;okx,base;eth,base;eth,5,aerodrome-slipstream;balancer-v3-ethereum;curve;uniswap_v3,0x3c5428b3d6e07f6de38b0c7f84ea9d30b3b27231;0xbda917a67c7d9ae67da92c4ea87e10e5d6c11b54;0xc2c390c6cd3c4e6c2b70727d35a45e8a072f18ca;0xd1419e4d76e74d3b4d8a224f3a34118622fb4df4;0xd640333b71b015092d9b3afcff3e427036304370,0.092097782831154,0.05934409161894849,0.09474232170744412,0.31285788651743873
2026-06-14,EIGEN,0.2035,11845307.797935495,128225.60489407956,11973533.402829574,0.010709086497706466,92.37864627521377,10,binance;bitget;bybit;coinbase;gate;htx;kraken;kucoin;mexc;okx,base;eth,base;eth,5,aerodrome-slipstream;balancer-v3-ethereum;curve;uniswap_v3,0x3c5428b3d6e07f6de38b0c7f84ea9d30b3b27231;0xbda917a67c7d9ae67da92c4ea87e10e5d6c11b54;0xc2c390c6cd3c4e6c2b70727d35a45e8a072f18ca;0xd1419e4d76e74d3b4d8a224f3a34118622fb4df4;0xd640333b71b015092d9b3afcff3e427036304370,0.05934409161894849,0.05503685503685518,-0.004914004914004733,0.32628992628992615
2026-06-15,EIGEN,0.2147,11338938.220615279,99048.85959350714,11437987.080208786,0.00865964080033732,114.47823091704299,10,binance;bitget;bybit;coinbase;gate;htx;kraken;kucoin;mexc;okx,base;eth,base;eth,5,aerodrome-slipstream;balancer-v3-ethereum;curve;uniswap_v3,0x3c5428b3d6e07f6de38b0c7f84ea9d30b3b27231;0xbda917a67c7d9ae67da92c4ea87e10e5d6c11b54;0xc2c390c6cd3c4e6c2b70727d35a45e8a072f18ca;0xd1419e4d76e74d3b4d8a224f3a34118622fb4df4;0xd640333b71b015092d9b3afcff3e427036304370,0.05503685503685518,-0.020493712156497534,0.036329762459245574,0.3274336283185839
2026-06-16,EIGEN,0.2103,7148419.219494768,98580.12450668775,7246999.344001456,0.013602888564945886,72.5137978397442,10,binance;bitget;bybit;coinbase;gate;htx;kraken;kucoin;mexc;okx,base;eth,base;eth,5,aerodrome-slipstream;balancer-v3-ethereum;curve;uniswap_v3,0x3c5428b3d6e07f6de38b0c7f84ea9d30b3b27231;0xbda917a67c7d9ae67da92c4ea87e10e5d6c11b54;0xc2c390c6cd3c4e6c2b70727d35a45e8a072f18ca;0xd1419e4d76e74d3b4d8a224f3a34118622fb4df4;0xd640333b71b015092d9b3afcff3e427036304370,-0.020493712156497534,-0.03708987161198274,0.18069424631478848,0.1773656680932001
2026-06-17,EIGEN,0.2025,5967571.248889445,89498.81091067786,6057070.059800123,0.014775924667714876,66.67765960427381,10,binance;bitget;bybit;coinbase;gate;htx;kraken;kucoin;mexc;okx,base;eth,base;eth,5,aerodrome-slipstream;balancer-v3-ethereum;curve;uniswap_v3,0x3c5428b3d6e07f6de38b0c7f84ea9d30b3b27231;0xbda917a67c7d9ae67da92c4ea87e10e5d6c11b54;0xc2c390c6cd3c4e6c2b70727d35a45e8a072f18ca;0xd1419e4d76e74d3b4d8a224f3a34118622fb4df4;0xd640333b71b015092d9b3afcff3e427036304370,-0.03708987161198274,0.09876543209876543,0.24543209876543193,0.16740740740740723
2026-06-18,EIGEN,0.2225,10416208.137347285,90236.32570324102,10506444.463050526,0.008588664416452936,115.43253846131687,10,binance;bitget;bybit;coinbase;gate;htx;kraken;kucoin;mexc;okx,base;eth,base;eth,5,aerodrome-slipstream;balancer-v3-ethereum;curve;uniswap_v3,0x3c5428b3d6e07f6de38b0c7f84ea9d30b3b27231;0xbda917a67c7d9ae67da92c4ea87e10e5d6c11b54;0xc2c390c6cd3c4e6c2b70727d35a45e8a072f18ca;0xd1419e4d76e74d3b4d8a224f3a34118622fb4df4;0xd640333b71b015092d9b3afcff3e427036304370,0.09876543209876543,0.1159550561797753,0.2130337078651685,-0.0040449438202248
2026-06-19,EIGEN,0.2483,15294468.351568334,232640.68026149916,15527109.031829832,0.014982871556102097,65.74288011183867,10,binance;bitget;bybit;coinbase;gate;htx;kraken;kucoin;mexc;okx,base;eth,base;eth,5,aerodrome-slipstream;balancer-v3-ethereum;curve;uniswap_v3,0x3c5428b3d6e07f6de38b0c7f84ea9d30b3b27231;0xbda917a67c7d9ae67da92c4ea87e10e5d6c11b54;0xc2c390c6cd3c4e6c2b70727d35a45e8a072f18ca;0xd1419e4d76e74d3b4d8a224f3a34118622fb4df4;0xd640333b71b015092d9b3afcff3e427036304370,0.1159550561797753,0.015706806282722363,0.14780507450664504,-0.11679420056383405
2026-06-20,EIGEN,0.2522,41574921.05197907,381736.7487495276,41956657.8007286,0.009098359325058026,108.90992598477335,10,binance;bitget;bybit;coinbase;gate;htx;kraken;kucoin;mexc;okx,base;eth,base;eth,5,aerodrome-slipstream;balancer-v3-ethereum;curve;uniswap_v3,0x3c5428b3d6e07f6de38b0c7f84ea9d30b3b27231;0xbda917a67c7d9ae67da92c4ea87e10e5d6c11b54;0xc2c390c6cd3c4e6c2b70727d35a45e8a072f18ca;0xd1419e4d76e74d3b4d8a224f3a34118622fb4df4;0xd640333b71b015092d9b3afcff3e427036304370,0.015706806282722363,0.07018239492466294,-0.018239492466296525,-0.05471847739888969
2026-06-21,EIGEN,0.2699,34409523.2533983,294624.65912543656,34704147.91252374,0.008489609365084423,116.79104985828234,10,binance;bitget;bybit;coinbase;gate;htx;kraken;kucoin;mexc;okx,base;eth,base;eth,5,aerodrome-slipstream;balancer-v3-ethereum;curve;uniswap_v3,0x3c5428b3d6e07f6de38b0c7f84ea9d30b3b27231;0xbda917a67c7d9ae67da92c4ea87e10e5d6c11b54;0xc2c390c6cd3c4e6c2b70727d35a45e8a072f18ca;0xd1419e4d76e74d3b4d8a224f3a34118622fb4df4;0xd640333b71b015092d9b3afcff3e427036304370,0.07018239492466294,0.0559466469062615,-0.1241200444609114,-0.13078918117821403
2026-06-22,EIGEN,0.285,28686190.22121392,290619.00360059494,28976809.22481451,0.01002936525363604,98.70720725695584,10,binance;bitget;bybit;coinbase;gate;htx;kraken;kucoin;mexc;okx,base;eth,base;eth,5,aerodrome-slipstream;balancer-v3-ethereum;curve;uniswap_v3,0x3c5428b3d6e07f6de38b0c7f84ea9d30b3b27231;0xbda917a67c7d9ae67da92c4ea87e10e5d6c11b54;0xc2c390c6cd3c4e6c2b70727d35a45e8a072f18ca;0xd1419e4d76e74d3b4d8a224f3a34118622fb4df4;0xd640333b71b015092d9b3afcff3e427036304370,0.0559466469062615,-0.13122807017543858,-0.22245614035087713,-0.2343859649122806
2026-06-23,EIGEN,0.2476,12221685.649459407,63909.901266738656,12285595.550726146,0.005202018982544255,191.23305477268943,10,binance;bitget;bybit;coinbase;gate;htx;kraken;kucoin;mexc;okx,base;eth,base;eth,5,aerodrome-slipstream;balancer-v3-ethereum;curve;uniswap_v3,0x3c5428b3d6e07f6de38b0c7f84ea9d30b3b27231;0xbda917a67c7d9ae67da92c4ea87e10e5d6c11b54;0xc2c390c6cd3c4e6c2b70727d35a45e8a072f18ca;0xd1419e4d76e74d3b4d8a224f3a34118622fb4df4;0xd640333b71b015092d9b3afcff3e427036304370,-0.13122807017543858,-0.045234248788368236,-0.11429725363489496,-0.18053311793214855
2026-06-24,EIGEN,0.2364,9721669.937569417,41439.00315051299,9763108.94071993,0.004244447481035409,234.6019256848139,10,binance;bitget;bybit;coinbase;gate;htx;kraken;kucoin;mexc;okx,base;eth,base;eth,5,aerodrome-slipstream;balancer-v3-ethereum;curve;uniswap_v3,0x3c5428b3d6e07f6de38b0c7f84ea9d30b3b27231;0xbda917a67c7d9ae67da92c4ea87e10e5d6c11b54;0xc2c390c6cd3c4e6c2b70727d35a45e8a072f18ca;0xd1419e4d76e74d3b4d8a224f3a34118622fb4df4;0xd640333b71b015092d9b3afcff3e427036304370,-0.045234248788368236,-0.06260575296108295,0.008460236886632888,-0.1725888324873096
2026-06-25,EIGEN,0.2216,7644390.651162269,37240.529303268144,7681631.180465537,0.004847997570876766,205.27073041605277,10,binance;bitget;bybit;coinbase;gate;htx;kraken;kucoin;mexc;okx,base;eth,base;eth,5,aerodrome-slipstream;balancer-v3-ethereum;curve;uniswap_v3,0x3c5428b3d6e07f6de38b0c7f84ea9d30b3b27231;0xbda917a67c7d9ae67da92c4ea87e10e5d6c11b54;0xc2c390c6cd3c4e6c2b70727d35a45e8a072f18ca;0xd1419e4d76e74d3b4d8a224f3a34118622fb4df4;0xd640333b71b015092d9b3afcff3e427036304370,-0.06260575296108295,-0.010379061371841192,0.05866425992779778,-0.07581227436823101
2026-06-26,EIGEN,0.2193,5419165.127330014,30124.766764805736,5449289.894094819,0.00552820043533576,179.89069159071911,10,binance;bitget;bybit;coinbase;gate;htx;kraken;kucoin;mexc;okx,base;eth,base;eth,5,aerodrome-slipstream;balancer-v3-ethereum;curve;uniswap_v3,0x3c5428b3d6e07f6de38b0c7f84ea9d30b3b27231;0xbda917a67c7d9ae67da92c4ea87e10e5d6c11b54;0xc2c390c6cd3c4e6c2b70727d35a45e8a072f18ca;0xd1419e4d76e74d3b4d8a224f3a34118622fb4df4;0xd640333b71b015092d9b3afcff3e427036304370,-0.010379061371841192,0.08709530323757408,-0.005015959872320952,-0.02963976288189696
2026-06-27,EIGEN,0.2384,7015897.381752992,73770.77746254676,7089668.159215539,0.010405392157410846,95.10401846198444,10,binance;bitget;bybit;coinbase;gate;htx;kraken;kucoin;mexc;okx,base;eth,base;eth,5,aerodrome-slipstream;balancer-v3-ethereum;curve;uniswap_v3,0x3c5428b3d6e07f6de38b0c7f84ea9d30b3b27231;0xbda917a67c7d9ae67da92c4ea87e10e5d6c11b54;0xc2c390c6cd3c4e6c2b70727d35a45e8a072f18ca;0xd1419e4d76e74d3b4d8a224f3a34118622fb4df4;0xd640333b71b015092d9b3afcff3e427036304370,0.08709530323757408,-0.01593959731543626,-0.14890939597315433,-0.028942953020134166
2026-06-28,EIGEN,0.2346,6184850.799777766,84729.40109350235,6269580.200871268,0.013514365935015508,72.99533243428135,10,binance;bitget;bybit;coinbase;gate;htx;kraken;kucoin;mexc;okx,base;eth,base;eth,5,aerodrome-slipstream;balancer-v3-ethereum;curve;uniswap_v3,0x3c5428b3d6e07f6de38b0c7f84ea9d30b3b27231;0xbda917a67c7d9ae67da92c4ea87e10e5d6c11b54;0xc2c390c6cd3c4e6c2b70727d35a45e8a072f18ca;0xd1419e4d76e74d3b4d8a224f3a34118622fb4df4;0xd640333b71b015092d9b3afcff3e427036304370,-0.01593959731543626,-0.06990622335890873,-0.1662404092071611,0.020886615515771423
2026-06-29,EIGEN,0.2182,4998893.286694994,48592.66789085818,5047485.954585852,0.009627103141656037,102.8734067024841,10,binance;bitget;bybit;coinbase;gate;htx;kraken;kucoin;mexc;okx,base;eth,base;eth,5,aerodrome-slipstream;balancer-v3-ethereum;curve;uniswap_v3,0x3c5428b3d6e07f6de38b0c7f84ea9d30b3b27231;0xbda917a67c7d9ae67da92c4ea87e10e5d6c11b54;0xc2c390c6cd3c4e6c2b70727d35a45e8a072f18ca;0xd1419e4d76e74d3b4d8a224f3a34118622fb4df4;0xd640333b71b015092d9b3afcff3e427036304370,-0.06990622335890873,-0.07011915673693858,-0.06141154903758017,0.051329055912007204
2026-06-30,EIGEN,0.2029,4849242.91221432,59376.48624888455,4908619.3984632045,0.01209637199972648,81.66941526125451,10,binance;bitget;bybit;coinbase;gate;htx;kraken;kucoin;mexc;okx,base;eth,base;eth,5,aerodrome-slipstream;balancer-v3-ethereum;curve;uniswap_v3,0x3c5428b3d6e07f6de38b0c7f84ea9d30b3b27231;0xbda917a67c7d9ae67da92c4ea87e10e5d6c11b54;0xc2c390c6cd3c4e6c2b70727d35a45e8a072f18ca;0xd1419e4d76e74d3b4d8a224f3a34118622fb4df4;0xd640333b71b015092d9b3afcff3e427036304370,-0.07011915673693858,-0.03597831444061117,0.048792508624938336,0.09857072449482507
2026-07-01,EIGEN,0.1956,5635113.981045772,39075.22898178332,5674189.210027556,0.006886486779948876,144.21192473812079,10,binance;bitget;bybit;coinbase;gate;htx;kraken;kucoin;mexc;okx,base;eth,base;eth,5,aerodrome-slipstream;balancer-v3-ethereum;curve;uniswap_v3,0x3c5428b3d6e07f6de38b0c7f84ea9d30b3b27231;0xbda917a67c7d9ae67da92c4ea87e10e5d6c11b54;0xc2c390c6cd3c4e6c2b70727d35a45e8a072f18ca;0xd1419e4d76e74d3b4d8a224f3a34118622fb4df4;0xd640333b71b015092d9b3afcff3e427036304370,-0.03597831444061117,0.04703476482617597,0.18353783231083853,
2026-07-02,EIGEN,0.2048,7787599.8138826,55572.556321681885,7843172.370204281,0.0070854692079442925,140.13391373979735,10,binance;bitget;bybit;coinbase;gate;htx;kraken;kucoin;mexc;okx,base;eth,base;eth,5,aerodrome-slipstream;balancer-v3-ethereum;curve;uniswap_v3,0x3c5428b3d6e07f6de38b0c7f84ea9d30b3b27231;0xbda917a67c7d9ae67da92c4ea87e10e5d6c11b54;0xc2c390c6cd3c4e6c2b70727d35a45e8a072f18ca;0xd1419e4d76e74d3b4d8a224f3a34118622fb4df4;0xd640333b71b015092d9b3afcff3e427036304370,0.04703476482617597,0.0390625,0.16943359375,
2026-07-03,EIGEN,0.2128,5113843.29713302,32597.441273101434,5146440.738406122,0.006333977778047246,156.8786719880628,10,binance;bitget;bybit;coinbase;gate;htx;kraken;kucoin;mexc;okx,base;eth,base;eth,5,aerodrome-slipstream;balancer-v3-ethereum;curve;uniswap_v3,0x3c5428b3d6e07f6de38b0c7f84ea9d30b3b27231;0xbda917a67c7d9ae67da92c4ea87e10e5d6c11b54;0xc2c390c6cd3c4e6c2b70727d35a45e8a072f18ca;0xd1419e4d76e74d3b4d8a224f3a34118622fb4df4;0xd640333b71b015092d9b3afcff3e427036304370,0.0390625,0.08787593984962427,0.07800751879699241,
2026-07-04,EIGEN,0.2315,7830653.331782636,121469.66094457635,7952122.992727213,0.015275123518042801,64.4659190689235,10,binance;bitget;bybit;coinbase;gate;htx;kraken;kucoin;mexc;okx,base;eth,base;eth,5,aerodrome-slipstream;balancer-v3-ethereum;curve;uniswap_v3,0x3c5428b3d6e07f6de38b0c7f84ea9d30b3b27231;0xbda917a67c7d9ae67da92c4ea87e10e5d6c11b54;0xc2c390c6cd3c4e6c2b70727d35a45e8a072f18ca;0xd1419e4d76e74d3b4d8a224f3a34118622fb4df4;0xd640333b71b015092d9b3afcff3e427036304370,0.08787593984962427,0.03455723542116629,-0.03714902807775389,
2026-07-05,EIGEN,0.2395,8506633.026240489,119815.39306876218,8626448.419309251,0.013889307307578638,70.99783098285646,10,binance;bitget;bybit;coinbase;gate;htx;kraken;kucoin;mexc;okx,base;eth,base;eth,5,aerodrome-slipstream;balancer-v3-ethereum;curve;uniswap_v3,0x3c5428b3d6e07f6de38b0c7f84ea9d30b3b27231;0xbda917a67c7d9ae67da92c4ea87e10e5d6c11b54;0xc2c390c6cd3c4e6c2b70727d35a45e8a072f18ca;0xd1419e4d76e74d3b4d8a224f3a34118622fb4df4;0xd640333b71b015092d9b3afcff3e427036304370,0.03455723542116629,-0.04217118997912317,,
2026-07-06,EIGEN,0.2294,5437458.138226767,43194.13873517866,5480652.276961946,0.007881204015942823,125.88416617272034,10,binance;bitget;bybit;coinbase;gate;htx;kraken;kucoin;mexc;okx,base;eth,base;eth,5,aerodrome-slipstream;balancer-v3-ethereum;curve;uniswap_v3,0x3c5428b3d6e07f6de38b0c7f84ea9d30b3b27231;0xbda917a67c7d9ae67da92c4ea87e10e5d6c11b54;0xc2c390c6cd3c4e6c2b70727d35a45e8a072f18ca;0xd1419e4d76e74d3b4d8a224f3a34118622fb4df4;0xd640333b71b015092d9b3afcff3e427036304370,-0.04217118997912317,-0.028334786399302536,,
2026-07-07,EIGEN,0.2229,6011867.597380218,87455.26401540161,6099322.86139562,0.01433852019359908,68.7422039720957,10,binance;bitget;bybit;coinbase;gate;htx;kraken;kucoin;mexc;okx,base;eth,base;eth,5,aerodrome-slipstream;balancer-v3-ethereum;curve;uniswap_v3,0x3c5428b3d6e07f6de38b0c7f84ea9d30b3b27231;0xbda917a67c7d9ae67da92c4ea87e10e5d6c11b54;0xc2c390c6cd3c4e6c2b70727d35a45e8a072f18ca;0xd1419e4d76e74d3b4d8a224f3a34118622fb4df4;0xd640333b71b015092d9b3afcff3e427036304370,-0.028334786399302536,,,
2026-01-17,ENA,0.219,29604599.79422691,306291.98026570515,29910891.774492618,0.01024014872491714,96.65483166926285,12,binance;bitget;bybit;coinbase;crypto_com;gate;htx;kraken;kucoin;mexc;okx;upbit,base;eth,base;eth,5,aerodrome-slipstream;uniswap-v4-ethereum;uniswap_v3,0x6bbb0289dfda178555dd1ce4aaa8f1bdbfb1bcde;0x8c52de694f5a4ce27ea85fe4bc47e08d22c5dfb5f9b38b2a63765ed52cd3b147;0xae4045ffeddf61d570e6d1fe2d71ded1a2e85a88;0xc3db44adc1fcdfd5671f555236eae49f4a8eea18;0xc422bfb18f9fc217f955d759d3753f31137ccefd,,-0.06666666666666665,-0.1808219178082192,-0.20502283105022834
2026-01-18,ENA,0.2044,54028957.743921265,271964.02859321714,54300921.772514485,0.005008460624896376,198.66214669416308,12,binance;bitget;bybit;coinbase;crypto_com;gate;htx;kraken;kucoin;mexc;okx;upbit,base;eth,base;eth,5,aerodrome-slipstream;uniswap-v4-ethereum;uniswap_v3,0x6bbb0289dfda178555dd1ce4aaa8f1bdbfb1bcde;0x8c52de694f5a4ce27ea85fe4bc47e08d22c5dfb5f9b38b2a63765ed52cd3b147;0xae4045ffeddf61d570e6d1fe2d71ded1a2e85a88;0xc3db44adc1fcdfd5671f555236eae49f4a8eea18;0xc422bfb18f9fc217f955d759d3753f31137ccefd,-0.06666666666666665,-0.046966731898238745,-0.12426614481409004,-0.20254403131115462
2026-01-19,ENA,0.1948,100063619.10516207,395756.63336230535,100459375.73852438,0.003939469367123886,252.84129353697102,12,binance;bitget;bybit;coinbase;crypto_com;gate;htx;kraken;kucoin;mexc;okx;upbit,base;eth,base;eth,5,aerodrome-slipstream;uniswap-v4-ethereum;uniswap_v3,0x6bbb0289dfda178555dd1ce4aaa8f1bdbfb1bcde;0x8c52de694f5a4ce27ea85fe4bc47e08d22c5dfb5f9b38b2a63765ed52cd3b147;0xae4045ffeddf61d570e6d1fe2d71ded1a2e85a88;0xc3db44adc1fcdfd5671f555236eae49f4a8eea18;0xc422bfb18f9fc217f955d759d3753f31137ccefd,-0.046966731898238745,-0.07905544147843946,-0.1001026694045174,-0.13244353182751534
2026-01-20,ENA,0.1794,90385121.2181651,1042256.1640288362,91427377.38219394,0.011399825674446418,86.72063964465497,12,binance;bitget;bybit;coinbase;crypto_com;gate;htx;kraken;kucoin;mexc;okx;upbit,base;eth,base;eth,5,aerodrome-slipstream;uniswap-v4-ethereum;uniswap_v3,0x6bbb0289dfda178555dd1ce4aaa8f1bdbfb1bcde;0x8c52de694f5a4ce27ea85fe4bc47e08d22c5dfb5f9b38b2a63765ed52cd3b147;0xae4045ffeddf61d570e6d1fe2d71ded1a2e85a88;0xc3db44adc1fcdfd5671f555236eae49f4a8eea18;0xc422bfb18f9fc217f955d759d3753f31137ccefd,-0.07905544147843946,-0.0022296544035674826,-0.02285395763656628,-0.02619843924191756
2026-01-21,ENA,0.179,76441100.63640344,365387.53639269184,76806488.17279613,0.004757248314369715,209.20555033450876,12,binance;bitget;bybit;coinbase;crypto_com;gate;htx;kraken;kucoin;mexc;okx;upbit,base;eth,base;eth,5,aerodrome-slipstream;uniswap-v4-ethereum;uniswap_v3,0x6bbb0289dfda178555dd1ce4aaa8f1bdbfb1bcde;0x8c52de694f5a4ce27ea85fe4bc47e08d22c5dfb5f9b38b2a63765ed52cd3b147;0xae4045ffeddf61d570e6d1fe2d71ded1a2e85a88;0xc3db44adc1fcdfd5671f555236eae49f4a8eea18;0xc422bfb18f9fc217f955d759d3753f31137ccefd,-0.0022296544035674826,-0.02067039106145241,-0.02737430167597754,-0.034636871508379796
2026-01-22,ENA,0.1753,43598842.66902185,631562.8642216681,44230405.53324352,0.014278929994141387,69.03325882333604,12,binance;bitget;bybit;coinbase;crypto_com;gate;htx;kraken;kucoin;mexc;okx;upbit,base;eth,base;eth,5,aerodrome-slipstream;uniswap-v4-ethereum;uniswap_v3,0x6bbb0289dfda178555dd1ce4aaa8f1bdbfb1bcde;0x8c52de694f5a4ce27ea85fe4bc47e08d22c5dfb5f9b38b2a63765ed52cd3b147;0xae4045ffeddf61d570e6d1fe2d71ded1a2e85a88;0xc3db44adc1fcdfd5671f555236eae49f4a8eea18;0xc422bfb18f9fc217f955d759d3753f31137ccefd,-0.02067039106145241,0.0,-0.07016543069024528,-0.10268111808328584
2026-01-23,ENA,0.1753,43296399.34425442,266277.6766304508,43562677.02088487,0.006112518670576458,162.5986822933814,12,binance;bitget;bybit;coinbase;crypto_com;gate;htx;kraken;kucoin;mexc;okx;upbit,base;eth,base;eth,5,aerodrome-slipstream;uniswap-v4-ethereum;uniswap_v3,0x6bbb0289dfda178555dd1ce4aaa8f1bdbfb1bcde;0x8c52de694f5a4ce27ea85fe4bc47e08d22c5dfb5f9b38b2a63765ed52cd3b147;0xae4045ffeddf61d570e6d1fe2d71ded1a2e85a88;0xc3db44adc1fcdfd5671f555236eae49f4a8eea18;0xc422bfb18f9fc217f955d759d3753f31137ccefd,0.0,-0.0068454078722191,-0.03593839132915,-0.12207644038790644
2026-01-24,ENA,0.1741,21464571.124531034,318968.7364836452,21783539.86101468,0.014642649381999369,67.29365191447722,12,binance;bitget;bybit;coinbase;crypto_com;gate;htx;kraken;kucoin;mexc;okx;upbit,base;eth,base;eth,5,aerodrome-slipstream;uniswap-v4-ethereum;uniswap_v3,0x6bbb0289dfda178555dd1ce4aaa8f1bdbfb1bcde;0x8c52de694f5a4ce27ea85fe4bc47e08d22c5dfb5f9b38b2a63765ed52cd3b147;0xae4045ffeddf61d570e6d1fe2d71ded1a2e85a88;0xc3db44adc1fcdfd5671f555236eae49f4a8eea18;0xc422bfb18f9fc217f955d759d3753f31137ccefd,-0.0068454078722191,-0.0637564618035612,0.003446295232624852,-0.20333141872487082
2026-01-25,ENA,0.163,56694454.88615373,506268.19078875525,57200723.07694248,0.008850730612404288,111.9850227955759,12,binance;bitget;bybit;coinbase;crypto_com;gate;htx;kraken;kucoin;mexc;okx;upbit,base;eth,base;eth,5,aerodrome-slipstream;uniswap-v4-ethereum;uniswap_v3,0x6bbb0289dfda178555dd1ce4aaa8f1bdbfb1bcde;0x8c52de694f5a4ce27ea85fe4bc47e08d22c5dfb5f9b38b2a63765ed52cd3b147;0xae4045ffeddf61d570e6d1fe2d71ded1a2e85a88;0xc3db44adc1fcdfd5671f555236eae49f4a8eea18;0xc422bfb18f9fc217f955d759d3753f31137ccefd,-0.0637564618035612,0.036809815950920255,0.060122699386503164,-0.16257668711656437
2026-01-26,ENA,0.169,36267353.568007186,462255.69370872114,36729609.261715904,0.012585369215744439,78.45734311465323,12,binance;bitget;bybit;coinbase;crypto_com;gate;htx;kraken;kucoin;mexc;okx;upbit,base;eth,base;eth,5,aerodrome-slipstream;uniswap-v4-ethereum;uniswap_v3,0x6bbb0289dfda178555dd1ce4aaa8f1bdbfb1bcde;0x8c52de694f5a4ce27ea85fe4bc47e08d22c5dfb5f9b38b2a63765ed52cd3b147;0xae4045ffeddf61d570e6d1fe2d71ded1a2e85a88;0xc3db44adc1fcdfd5671f555236eae49f4a8eea18;0xc422bfb18f9fc217f955d759d3753f31137ccefd,0.036809815950920255,0.03372781065088737,-0.06923076923076932,-0.17100591715976332
2026-01-27,ENA,0.1747,43217156.3682332,194939.25072980186,43412095.618962996,0.004490436316201463,221.69550876203434,12,binance;bitget;bybit;coinbase;crypto_com;gate;htx;kraken;kucoin;mexc;okx;upbit,base;eth,base;eth,5,aerodrome-slipstream;uniswap-v4-ethereum;uniswap_v3,0x6bbb0289dfda178555dd1ce4aaa8f1bdbfb1bcde;0x8c52de694f5a4ce27ea85fe4bc47e08d22c5dfb5f9b38b2a63765ed52cd3b147;0xae4045ffeddf61d570e6d1fe2d71ded1a2e85a88;0xc3db44adc1fcdfd5671f555236eae49f4a8eea18;0xc422bfb18f9fc217f955d759d3753f31137ccefd,0.03372781065088737,-0.010875787063537423,-0.11906124785346295,-0.21408128219805378
2026-01-28,ENA,0.1728,45812056.94749878,447425.2577075769,46259482.20520636,0.009672076650637924,102.39041305406165,12,binance;bitget;bybit;coinbase;crypto_com;gate;htx;kraken;kucoin;mexc;okx;upbit,base;eth,base;eth,5,aerodrome-slipstream;uniswap-v4-ethereum;uniswap_v3,0x6bbb0289dfda178555dd1ce4aaa8f1bdbfb1bcde;0x8c52de694f5a4ce27ea85fe4bc47e08d22c5dfb5f9b38b2a63765ed52cd3b147;0xae4045ffeddf61d570e6d1fe2d71ded1a2e85a88;0xc3db44adc1fcdfd5671f555236eae49f4a8eea18;0xc422bfb18f9fc217f955d759d3753f31137ccefd,-0.010875787063537423,-0.08969907407407418,-0.19733796296296302,-0.22569444444444442
2026-01-29,ENA,0.1573,62559807.7620394,191731.278403305,62751539.040442705,0.003055403601810248,326.2890034585041,12,binance;bitget;bybit;coinbase;crypto_com;gate;htx;kraken;kucoin;mexc;okx;upbit,base;eth,base;eth,5,aerodrome-slipstream;uniswap-v4-ethereum;uniswap_v3,0x6bbb0289dfda178555dd1ce4aaa8f1bdbfb1bcde;0x8c52de694f5a4ce27ea85fe4bc47e08d22c5dfb5f9b38b2a63765ed52cd3b147;0xae4045ffeddf61d570e6d1fe2d71ded1a2e85a88;0xc3db44adc1fcdfd5671f555236eae49f4a8eea18;0xc422bfb18f9fc217f955d759d3753f31137ccefd,-0.08969907407407418,-0.021614748887476054,-0.13223140495867758,-0.2746344564526383
2026-01-30,ENA,0.1539,71008350.05533133,486252.8606579624,71494602.9159893,0.006801252693568218,146.03173739532954,12,binance;bitget;bybit;coinbase;crypto_com;gate;htx;kraken;kucoin;mexc;okx;upbit,base;eth,base;eth,5,aerodrome-slipstream;uniswap-v4-ethereum;uniswap_v3,0x6bbb0289dfda178555dd1ce4aaa8f1bdbfb1bcde;0x8c52de694f5a4ce27ea85fe4bc47e08d22c5dfb5f9b38b2a63765ed52cd3b147;0xae4045ffeddf61d570e6d1fe2d71ded1a2e85a88;0xc3db44adc1fcdfd5671f555236eae49f4a8eea18;0xc422bfb18f9fc217f955d759d3753f31137ccefd,-0.021614748887476054,-0.09876543209876554,-0.08966861598440545,-0.1734892787524367
2026-01-31,ENA,0.1387,116839302.14337927,265405.7642555267,117104707.9076348,0.0022663970475453724,440.22895460133645,12,binance;bitget;bybit;coinbase;crypto_com;gate;htx;kraken;kucoin;mexc;okx;upbit,base;eth,base;eth,5,aerodrome-slipstream;uniswap-v4-ethereum;uniswap_v3,0x6bbb0289dfda178555dd1ce4aaa8f1bdbfb1bcde;0x8c52de694f5a4ce27ea85fe4bc47e08d22c5dfb5f9b38b2a63765ed52cd3b147;0xae4045ffeddf61d570e6d1fe2d71ded1a2e85a88;0xc3db44adc1fcdfd5671f555236eae49f4a8eea18;0xc422bfb18f9fc217f955d759d3753f31137ccefd,-0.09876543209876554,-0.015861571737562974,-0.010093727469358216,-0.08868060562364799
2026-02-01,ENA,0.1365,54675969.81614414,350118.7436860588,55026088.559830196,0.006362777236208105,156.1640751949301,12,binance;bitget;bybit;coinbase;crypto_com;gate;htx;kraken;kucoin;mexc;okx;upbit,base;eth,base;eth,5,aerodrome-slipstream;uniswap-v4-ethereum;uniswap_v3,0x6bbb0289dfda178555dd1ce4aaa8f1bdbfb1bcde;0x8c52de694f5a4ce27ea85fe4bc47e08d22c5dfb5f9b38b2a63765ed52cd3b147;0xae4045ffeddf61d570e6d1fe2d71ded1a2e85a88;0xc3db44adc1fcdfd5671f555236eae49f4a8eea18;0xc422bfb18f9fc217f955d759d3753f31137ccefd,-0.015861571737562974,0.02637362637362628,-0.01978021978021982,-0.11941391941391943
2026-02-02,ENA,0.1401,71211635.26327206,247589.21992496474,71459224.48319703,0.0034647622013192015,287.6200962418869,12,binance;bitget;bybit;coinbase;crypto_com;gate;htx;kraken;kucoin;mexc;okx;upbit,base;eth,base;eth,5,aerodrome-slipstream;uniswap-v4-ethereum;uniswap_v3,0x6bbb0289dfda178555dd1ce4aaa8f1bdbfb1bcde;0x8c52de694f5a4ce27ea85fe4bc47e08d22c5dfb5f9b38b2a63765ed52cd3b147;0xae4045ffeddf61d570e6d1fe2d71ded1a2e85a88;0xc3db44adc1fcdfd5671f555236eae49f4a8eea18;0xc422bfb18f9fc217f955d759d3753f31137ccefd,0.02637362637362628,-0.019985724482512457,-0.18558172733761602,-0.1406138472519629
2026-02-03,ENA,0.1373,65247654.738573395,252411.8554976622,65500066.59407106,0.0038536121964875994,258.49679132515115,12,binance;bitget;bybit;coinbase;crypto_com;gate;htx;kraken;kucoin;mexc;okx;upbit,base;eth,base;eth,5,aerodrome-slipstream;uniswap-v4-ethereum;uniswap_v3,0x6bbb0289dfda178555dd1ce4aaa8f1bdbfb1bcde;0x8c52de694f5a4ce27ea85fe4bc47e08d22c5dfb5f9b38b2a63765ed52cd3b147;0xae4045ffeddf61d570e6d1fe2d71ded1a2e85a88;0xc3db44adc1fcdfd5671f555236eae49f4a8eea18;0xc422bfb18f9fc217f955d759d3753f31137ccefd,-0.019985724482512457,-0.025491624180626338,-0.07356154406409321,-0.1660597232337946
2026-02-04,ENA,0.1338,59771931.74703036,473216.53711339843,60245148.28414376,0.00785484890636325,126.30989633548461,12,binance;bitget;bybit;coinbase;crypto_com;gate;htx;kraken;kucoin;mexc;okx;upbit,base;eth,base;eth,5,aerodrome-slipstream;uniswap-v4-ethereum;uniswap_v3,0x6bbb0289dfda178555dd1ce4aaa8f1bdbfb1bcde;0x8c52de694f5a4ce27ea85fe4bc47e08d22c5dfb5f9b38b2a63765ed52cd3b147;0xae4045ffeddf61d570e6d1fe2d71ded1a2e85a88;0xc3db44adc1fcdfd5671f555236eae49f4a8eea18;0xc422bfb18f9fc217f955d759d3753f31137ccefd,-0.025491624180626338,-0.1472346786248132,-0.05530642750373682,-0.16666666666666663
2026-02-05,ENA,0.1141,117358784.33261985,634901.1665740022,117993685.49919385,0.005380806302370647,184.84575318376085,12,binance;bitget;bybit;coinbase;crypto_com;gate;htx;kraken;kucoin;mexc;okx;upbit,base;eth,base;eth,5,aerodrome-slipstream;uniswap-v4-ethereum;uniswap_v3,0x6bbb0289dfda178555dd1ce4aaa8f1bdbfb1bcde;0x8c52de694f5a4ce27ea85fe4bc47e08d22c5dfb5f9b38b2a63765ed52cd3b147;0xae4045ffeddf61d570e6d1fe2d71ded1a2e85a88;0xc3db44adc1fcdfd5671f555236eae49f4a8eea18;0xc422bfb18f9fc217f955d759d3753f31137ccefd,-0.1472346786248132,0.11481156879929899,0.05346187554776516,0.04469763365468893
2026-02-06,ENA,0.1272,109692587.72876725,1229349.5530361494,110921937.2818034,0.011083015525710824,89.22815114534126,12,binance;bitget;bybit;coinbase;crypto_com;gate;htx;kraken;kucoin;mexc;okx;upbit,base;eth,base;eth,5,aerodrome-slipstream;uniswap-v4-ethereum;uniswap_v3,0x6bbb0289dfda178555dd1ce4aaa8f1bdbfb1bcde;0x8c52de694f5a4ce27ea85fe4bc47e08d22c5dfb5f9b38b2a63765ed52cd3b147;0xae4045ffeddf61d570e6d1fe2d71ded1a2e85a88;0xc3db44adc1fcdfd5671f555236eae49f4a8eea18;0xc422bfb18f9fc217f955d759d3753f31137ccefd,0.11481156879929899,-0.0062893081761006275,-0.053459119496855445,-0.04952830188679258
2026-02-07,ENA,0.1264,70123624.42101657,216127.24723536384,70339751.66825193,0.0030726188550494068,324.4552703003316,12,binance;bitget;bybit;coinbase;crypto_com;gate;htx;kraken;kucoin;mexc;okx;upbit,base;eth,base;eth,5,aerodrome-slipstream;uniswap-v4-ethereum;uniswap_v3,0x6bbb0289dfda178555dd1ce4aaa8f1bdbfb1bcde;0x8c52de694f5a4ce27ea85fe4bc47e08d22c5dfb5f9b38b2a63765ed52cd3b147;0xae4045ffeddf61d570e6d1fe2d71ded1a2e85a88;0xc3db44adc1fcdfd5671f555236eae49f4a8eea18;0xc422bfb18f9fc217f955d759d3753f31137ccefd,-0.0062893081761006275,-0.049050632911392444,-0.09414556962025322,0.01661392405063289
2026-02-08,ENA,0.1202,28634922.42935103,101822.40141956837,28736744.8307706,0.003543282373114837,281.22419065091833,12,binance;bitget;bybit;coinbase;crypto_com;gate;htx;kraken;kucoin;mexc;okx;upbit,base;eth,base;eth,5,aerodrome-slipstream;uniswap-v4-ethereum;uniswap_v3,0x6bbb0289dfda178555dd1ce4aaa8f1bdbfb1bcde;0x8c52de694f5a4ce27ea85fe4bc47e08d22c5dfb5f9b38b2a63765ed52cd3b147;0xae4045ffeddf61d570e6d1fe2d71ded1a2e85a88;0xc3db44adc1fcdfd5671f555236eae49f4a8eea18;0xc422bfb18f9fc217f955d759d3753f31137ccefd,-0.049050632911392444,0.0016638935108153063,-0.07237936772046594,0.011647254575707144
2026-02-09,ENA,0.1204,34564065.366400614,135558.34502324028,34699623.71142385,0.003906622911839001,254.97556318259058,12,binance;bitget;bybit;coinbase;crypto_com;gate;htx;kraken;kucoin;mexc;okx;upbit,base;eth,base;eth,5,aerodrome-slipstream;uniswap-v4-ethereum;uniswap_v3,0x6bbb0289dfda178555dd1ce4aaa8f1bdbfb1bcde;0x8c52de694f5a4ce27ea85fe4bc47e08d22c5dfb5f9b38b2a63765ed52cd3b147;0xae4045ffeddf61d570e6d1fe2d71ded1a2e85a88;0xc3db44adc1fcdfd5671f555236eae49f4a8eea18;0xc422bfb18f9fc217f955d759d3753f31137ccefd,0.0016638935108153063,-0.04900332225913617,-0.009966777408637828,0.022425249169435224
2026-02-10,ENA,0.1145,27381142.708076555,87131.59043287067,27468274.298509426,0.0031720809791679883,314.25046383345864,12,binance;bitget;bybit;coinbase;crypto_com;gate;htx;kraken;kucoin;mexc;okx;upbit,base;eth,base;eth,5,aerodrome-slipstream;uniswap-v4-ethereum;uniswap_v3,0x6bbb0289dfda178555dd1ce4aaa8f1bdbfb1bcde;0x8c52de694f5a4ce27ea85fe4bc47e08d22c5dfb5f9b38b2a63765ed52cd3b147;0xae4045ffeddf61d570e6d1fe2d71ded1a2e85a88;0xc3db44adc1fcdfd5671f555236eae49f4a8eea18;0xc422bfb18f9fc217f955d759d3753f31137ccefd,-0.04900332225913617,-0.026200873362445476,0.05589519650655017,0.05240174672489073
2026-02-11,ENA,0.1115,38721685.52593747,209145.70993558326,38930831.23587305,0.005372238488010107,185.14214581720907,12,binance;bitget;bybit;coinbase;crypto_com;gate;htx;kraken;kucoin;mexc;okx;upbit,base;eth,base;eth,5,aerodrome-slipstream;uniswap-v4-ethereum;uniswap_v3,0x6bbb0289dfda178555dd1ce4aaa8f1bdbfb1bcde;0x8c52de694f5a4ce27ea85fe4bc47e08d22c5dfb5f9b38b2a63765ed52cd3b147;0xae4045ffeddf61d570e6d1fe2d71ded1a2e85a88;0xc3db44adc1fcdfd5671f555236eae49f4a8eea18;0xc422bfb18f9fc217f955d759d3753f31137ccefd,-0.026200873362445476,0.0690582959641255,0.15246636771300448,0.03139013452914807
2026-02-12,ENA,0.1192,35240373.676897585,247563.97253868636,35487937.64943627,0.006976003367234808,142.34855466051562,12,binance;bitget;bybit;coinbase;crypto_com;gate;htx;kraken;kucoin;mexc;okx;upbit,base;eth,base;eth,5,aerodrome-slipstream;uniswap-v4-ethereum;uniswap_v3,0x6bbb0289dfda178555dd1ce4aaa8f1bdbfb1bcde;0x8c52de694f5a4ce27ea85fe4bc47e08d22c5dfb5f9b38b2a63765ed52cd3b147;0xae4045ffeddf61d570e6d1fe2d71ded1a2e85a88;0xc3db44adc1fcdfd5671f555236eae49f4a8eea18;0xc422bfb18f9fc217f955d759d3753f31137ccefd,0.0690582959641255,0.014261744966442835,0.020134228187919545,-0.06963087248322153
2026-02-13,ENA,0.1209,31840573.304091305,213846.25671742845,32054419.560808733,0.006671350149134727,148.89469562314906,12,binance;bitget;bybit;coinbase;crypto_com;gate;htx;kraken;kucoin;mexc;okx;upbit,base;eth,base;eth,5,aerodrome-slipstream;uniswap-v4-ethereum;uniswap_v3,0x6bbb0289dfda178555dd1ce4aaa8f1bdbfb1bcde;0x8c52de694f5a4ce27ea85fe4bc47e08d22c5dfb5f9b38b2a63765ed52cd3b147;0xae4045ffeddf61d570e6d1fe2d71ded1a2e85a88;0xc3db44adc1fcdfd5671f555236eae49f4a8eea18;0xc422bfb18f9fc217f955d759d3753f31137ccefd,0.014261744966442835,0.06286186931348237,0.018196856906534498,-0.07940446650124067
2026-02-14,ENA,0.1285,32590650.557597876,236301.42782319136,32826951.985421065,0.007198396851713078,137.91982070452528,12,binance;bitget;bybit;coinbase;crypto_com;gate;htx;kraken;kucoin;mexc;okx;upbit,base;eth,base;eth,5,aerodrome-slipstream;uniswap-v4-ethereum;uniswap_v3,0x6bbb0289dfda178555dd1ce4aaa8f1bdbfb1bcde;0x8c52de694f5a4ce27ea85fe4bc47e08d22c5dfb5f9b38b2a63765ed52cd3b147;0xae4045ffeddf61d570e6d1fe2d71ded1a2e85a88;0xc3db44adc1fcdfd5671f555236eae49f4a8eea18;0xc422bfb18f9fc217f955d759d3753f31137ccefd,0.06286186931348237,-0.05369649805447474,-0.0622568093385214,-0.15953307392996108
2026-02-15,ENA,0.1216,36362159.37059253,146784.46099957477,36508943.831592105,0.004020506911310825,247.72485536257048,12,binance;bitget;bybit;coinbase;crypto_com;gate;htx;kraken;kucoin;mexc;okx;upbit,base;eth,base;eth,5,aerodrome-slipstream;uniswap-v4-ethereum;uniswap_v3,0x6bbb0289dfda178555dd1ce4aaa8f1bdbfb1bcde;0x8c52de694f5a4ce27ea85fe4bc47e08d22c5dfb5f9b38b2a63765ed52cd3b147;0xae4045ffeddf61d570e6d1fe2d71ded1a2e85a88;0xc3db44adc1fcdfd5671f555236eae49f4a8eea18;0xc422bfb18f9fc217f955d759d3753f31137ccefd,-0.05369649805447474,0.01233552631578938,-0.05427631578947367,-0.17763157894736836
2026-02-16,ENA,0.1231,29510102.291360833,105520.6924717774,29615622.98383261,0.0035630076912237145,279.66175733023755,12,binance;bitget;bybit;coinbase;crypto_com;gate;htx;kraken;kucoin;mexc;okx;upbit,base;eth,base;eth,5,aerodrome-slipstream;uniswap-v4-ethereum;uniswap_v3,0x6bbb0289dfda178555dd1ce4aaa8f1bdbfb1bcde;0x8c52de694f5a4ce27ea85fe4bc47e08d22c5dfb5f9b38b2a63765ed52cd3b147;0xae4045ffeddf61d570e6d1fe2d71ded1a2e85a88;0xc3db44adc1fcdfd5671f555236eae49f4a8eea18;0xc422bfb18f9fc217f955d759d3753f31137ccefd,0.01233552631578938,-0.021121039805036546,-0.09910641754671001,-0.1998375304630382
2026-02-17,ENA,0.1205,20278824.072951656,146900.94280252876,20425725.015754186,0.00719195733268833,138.0442064297124,12,binance;bitget;bybit;coinbase;crypto_com;gate;htx;kraken;kucoin;mexc;okx;upbit,base;eth,base;eth,5,aerodrome-slipstream;uniswap-v4-ethereum;uniswap_v3,0x6bbb0289dfda178555dd1ce4aaa8f1bdbfb1bcde;0x8c52de694f5a4ce27ea85fe4bc47e08d22c5dfb5f9b38b2a63765ed52cd3b147;0xae4045ffeddf61d570e6d1fe2d71ded1a2e85a88;0xc3db44adc1fcdfd5671f555236eae49f4a8eea18;0xc422bfb18f9fc217f955d759d3753f31137ccefd,-0.021121039805036546,-0.0456431535269709,-0.07634854771784227,-0.187551867219917
2026-02-18,ENA,0.115,19838163.434310608,226726.16815855357,20064889.60246916,0.01129964692806747,87.49834037876666,12,binance;bitget;bybit;coinbase;crypto_com;gate;htx;kraken;kucoin;mexc;okx;upbit,base;eth,base;eth,5,aerodrome-slipstream;uniswap-v4-ethereum;uniswap_v3,0x6bbb0289dfda178555dd1ce4aaa8f1bdbfb1bcde;0x8c52de694f5a4ce27ea85fe4bc47e08d22c5dfb5f9b38b2a63765ed52cd3b147;0xae4045ffeddf61d570e6d1fe2d71ded1a2e85a88;0xc3db44adc1fcdfd5671f555236eae49f4a8eea18;0xc422bfb18f9fc217f955d759d3753f31137ccefd,-0.0456431535269709,-0.03565217391304354,-0.0608695652173914,-0.04869565217391314
2026-02-19,ENA,0.1109,28073877.810675487,78447.92630527275,28152325.73698076,0.002786552238638811,357.86641066111326,12,binance;bitget;bybit;coinbase;crypto_com;gate;htx;kraken;kucoin;mexc;okx;upbit,base;eth,base;eth,5,aerodrome-slipstream;uniswap-v4-ethereum;uniswap_v3,0x6bbb0289dfda178555dd1ce4aaa8f1bdbfb1bcde;0x8c52de694f5a4ce27ea85fe4bc47e08d22c5dfb5f9b38b2a63765ed52cd3b147;0xae4045ffeddf61d570e6d1fe2d71ded1a2e85a88;0xc3db44adc1fcdfd5671f555236eae49f4a8eea18;0xc422bfb18f9fc217f955d759d3753f31137ccefd,-0.03565217391304354,0.0036068530207393756,-0.09828674481514876,-0.051397655545536436
2026-02-20,ENA,0.1113,41428151.85935515,129363.63452012246,41557515.49387527,0.0031128818213203343,320.2457322185936,12,binance;bitget;bybit;coinbase;crypto_com;gate;htx;kraken;kucoin;mexc;okx;upbit,base;eth,base;eth,5,aerodrome-slipstream;uniswap-v4-ethereum;uniswap_v3,0x6bbb0289dfda178555dd1ce4aaa8f1bdbfb1bcde;0x8c52de694f5a4ce27ea85fe4bc47e08d22c5dfb5f9b38b2a63765ed52cd3b147;0xae4045ffeddf61d570e6d1fe2d71ded1a2e85a88;0xc3db44adc1fcdfd5671f555236eae49f4a8eea18;0xc422bfb18f9fc217f955d759d3753f31137ccefd,0.0036068530207393756,-0.029649595687331498,-0.11500449236298282,-0.07637017070979335
2026-02-21,ENA,0.108,21440792.971869912,110599.14469903684,21551392.11656895,0.005131879374697424,193.86038680692104,12,binance;bitget;bybit;coinbase;crypto_com;gate;htx;kraken;kucoin;mexc;okx;upbit,base;eth,base;eth,5,aerodrome-slipstream;uniswap-v4-ethereum;uniswap_v3,0x6bbb0289dfda178555dd1ce4aaa8f1bdbfb1bcde;0x8c52de694f5a4ce27ea85fe4bc47e08d22c5dfb5f9b38b2a63765ed52cd3b147;0xae4045ffeddf61d570e6d1fe2d71ded1a2e85a88;0xc3db44adc1fcdfd5671f555236eae49f4a8eea18;0xc422bfb18f9fc217f955d759d3753f31137ccefd,-0.029649595687331498,-0.07407407407407396,-0.09351851851851845,-0.036111111111111094
2026-02-22,ENA,0.1,30050395.2688683,353740.3046352023,30404135.5735035,0.011634611475140203,84.95044210429464,12,binance;bitget;bybit;coinbase;crypto_com;gate;htx;kraken;kucoin;mexc;okx;upbit,base;eth,base;eth,5,aerodrome-slipstream;uniswap-v4-ethereum;uniswap_v3,0x6bbb0289dfda178555dd1ce4aaa8f1bdbfb1bcde;0x8c52de694f5a4ce27ea85fe4bc47e08d22c5dfb5f9b38b2a63765ed52cd3b147;0xae4045ffeddf61d570e6d1fe2d71ded1a2e85a88;0xc3db44adc1fcdfd5671f555236eae49f4a8eea18;0xc422bfb18f9fc217f955d759d3753f31137ccefd,-0.07407407407407396,-0.015000000000000013,0.09399999999999986,0.03499999999999992
2026-02-23,ENA,0.0985,35167686.40071096,216063.50192960934,35383749.90264057,0.006106291801296199,162.76551146601398,12,binance;bitget;bybit;coinbase;crypto_com;gate;htx;kraken;kucoin;mexc;okx;upbit,base;eth,base;eth,5,aerodrome-slipstream;uniswap-v4-ethereum;uniswap_v3,0x6bbb0289dfda178555dd1ce4aaa8f1bdbfb1bcde;0x8c52de694f5a4ce27ea85fe4bc47e08d22c5dfb5f9b38b2a63765ed52cd3b147;0xae4045ffeddf61d570e6d1fe2d71ded1a2e85a88;0xc3db44adc1fcdfd5671f555236eae49f4a8eea18;0xc422bfb18f9fc217f955d759d3753f31137ccefd,-0.015000000000000013,-0.006091370558375719,0.06802030456852792,0.1563451776649747
2026-02-24,ENA,0.0979,25532982.04554761,259187.10906947588,25792169.154617082,0.010049062082204843,98.5117745138452,12,binance;bitget;bybit;coinbase;crypto_com;gate;htx;kraken;kucoin;mexc;okx;upbit,base;eth,base;eth,5,aerodrome-slipstream;uniswap-v4-ethereum;uniswap_v3,0x6bbb0289dfda178555dd1ce4aaa8f1bdbfb1bcde;0x8c52de694f5a4ce27ea85fe4bc47e08d22c5dfb5f9b38b2a63765ed52cd3b147;0xae4045ffeddf61d570e6d1fe2d71ded1a2e85a88;0xc3db44adc1fcdfd5671f555236eae49f4a8eea18;0xc422bfb18f9fc217f955d759d3753f31137ccefd,-0.006091370558375719,0.11746680286006117,0.050051072522982576,0.13585291113381004
2026-02-25,ENA,0.1094,47763111.11724887,304148.9177356566,48067260.03498453,0.0063275692751009645,157.0385700295701,12,binance;bitget;bybit;coinbase;crypto_com;gate;htx;kraken;kucoin;mexc;okx;upbit,base;eth,base;eth,5,aerodrome-slipstream;uniswap-v4-ethereum;uniswap_v3,0x6bbb0289dfda178555dd1ce4aaa8f1bdbfb1bcde;0x8c52de694f5a4ce27ea85fe4bc47e08d22c5dfb5f9b38b2a63765ed52cd3b147;0xae4045ffeddf61d570e6d1fe2d71ded1a2e85a88;0xc3db44adc1fcdfd5671f555236eae49f4a8eea18;0xc422bfb18f9fc217f955d759d3753f31137ccefd,0.11746680286006117,-0.038391224862888484,-0.04844606946983543,0.07312614259597816
2026-02-26,ENA,0.1052,61579327.829823084,908077.5985517475,62487405.428374834,0.01453217000012293,67.81284763332253,12,binance;bitget;bybit;coinbase;crypto_com;gate;htx;kraken;kucoin;mexc;okx;upbit,base;eth,base;eth,5,aerodrome-slipstream;uniswap-v4-ethereum;uniswap_v3,0x6bbb0289dfda178555dd1ce4aaa8f1bdbfb1bcde;0x8c52de694f5a4ce27ea85fe4bc47e08d22c5dfb5f9b38b2a63765ed52cd3b147;0xae4045ffeddf61d570e6d1fe2d71ded1a2e85a88;0xc3db44adc1fcdfd5671f555236eae49f4a8eea18;0xc422bfb18f9fc217f955d759d3753f31137ccefd,-0.038391224862888484,-0.02281368821292773,-0.01615969581749055,0.09410646387832688
2026-02-27,ENA,0.1028,35763595.632961586,217499.31448702008,35981094.947448604,0.0060448220045744554,164.43084299971844,12,binance;bitget;bybit;coinbase;crypto_com;gate;htx;kraken;kucoin;mexc;okx;upbit,base;eth,base;eth,5,aerodrome-slipstream;uniswap-v4-ethereum;uniswap_v3,0x6bbb0289dfda178555dd1ce4aaa8f1bdbfb1bcde;0x8c52de694f5a4ce27ea85fe4bc47e08d22c5dfb5f9b38b2a63765ed52cd3b147;0xae4045ffeddf61d570e6d1fe2d71ded1a2e85a88;0xc3db44adc1fcdfd5671f555236eae49f4a8eea18;0xc422bfb18f9fc217f955d759d3753f31137ccefd,-0.02281368821292773,0.012645914396887115,0.10797665369649811,0.01945525291828787
2026-02-28,ENA,0.1041,38835380.37763168,129377.9386525953,38964758.31628428,0.0033203834501528335,300.17003503133685,12,binance;bitget;bybit;coinbase;crypto_com;gate;htx;kraken;kucoin;mexc;okx;upbit,base;eth,base;eth,5,aerodrome-slipstream;uniswap-v4-ethereum;uniswap_v3,0x6bbb0289dfda178555dd1ce4aaa8f1bdbfb1bcde;0x8c52de694f5a4ce27ea85fe4bc47e08d22c5dfb5f9b38b2a63765ed52cd3b147;0xae4045ffeddf61d570e6d1fe2d71ded1a2e85a88;0xc3db44adc1fcdfd5671f555236eae49f4a8eea18;0xc422bfb18f9fc217f955d759d3753f31137ccefd,0.012645914396887115,-0.0057636887608069065,0.06820365033621512,-0.030739673390970168
2026-03-01,ENA,0.1035,30197365.00768694,108108.7004245626,30305473.708111502,0.0035672994742077385,279.3240959247163,12,binance;bitget;bybit;coinbase;crypto_com;gate;htx;kraken;kucoin;mexc;okx;upbit,base;eth,base;eth,5,aerodrome-slipstream;uniswap-v4-ethereum;uniswap_v3,0x6bbb0289dfda178555dd1ce4aaa8f1bdbfb1bcde;0x8c52de694f5a4ce27ea85fe4bc47e08d22c5dfb5f9b38b2a63765ed52cd3b147;0xae4045ffeddf61d570e6d1fe2d71ded1a2e85a88;0xc3db44adc1fcdfd5671f555236eae49f4a8eea18;0xc422bfb18f9fc217f955d759d3753f31137ccefd,-0.0057636887608069065,0.10048309178743975,0.13429951690821262,-0.04541062801932361
2026-03-02,ENA,0.1139,54640463.28910495,438165.55043834704,55078628.8395433,0.007955273391333397,124.70278239455808,12,binance;bitget;bybit;coinbase;crypto_com;gate;htx;kraken;kucoin;mexc;okx;upbit,base;eth,base;eth,5,aerodrome-slipstream;uniswap-v4-ethereum;uniswap_v3,0x6bbb0289dfda178555dd1ce4aaa8f1bdbfb1bcde;0x8c52de694f5a4ce27ea85fe4bc47e08d22c5dfb5f9b38b2a63765ed52cd3b147;0xae4045ffeddf61d570e6d1fe2d71ded1a2e85a88;0xc3db44adc1fcdfd5671f555236eae49f4a8eea18;0xc422bfb18f9fc217f955d759d3753f31137ccefd,0.10048309178743975,-0.02370500438981571,0.010535557506584636,-0.11325724319578578
2026-03-03,ENA,0.1112,37669667.72671769,273240.3558335892,37942908.08255128,0.007201355131744466,137.86275314931714,12,binance;bitget;bybit;coinbase;crypto_com;gate;htx;kraken;kucoin;mexc;okx;upbit,base;eth,base;eth,5,aerodrome-slipstream;uniswap-v4-ethereum;uniswap_v3,0x6bbb0289dfda178555dd1ce4aaa8f1bdbfb1bcde;0x8c52de694f5a4ce27ea85fe4bc47e08d22c5dfb5f9b38b2a63765ed52cd3b147;0xae4045ffeddf61d570e6d1fe2d71ded1a2e85a88;0xc3db44adc1fcdfd5671f555236eae49f4a8eea18;0xc422bfb18f9fc217f955d759d3753f31137ccefd,-0.02370500438981571,0.055755395683453335,-0.05755395683453224,-0.07374100719424459
2026-03-04,ENA,0.1174,60030419.64665702,374514.31078380084,60404933.95744082,0.006200061588473391,160.28872039902183,12,binance;bitget;bybit;coinbase;crypto_com;gate;htx;kraken;kucoin;mexc;okx;upbit,base;eth,base;eth,5,aerodrome-slipstream;uniswap-v4-ethereum;uniswap_v3,0x6bbb0289dfda178555dd1ce4aaa8f1bdbfb1bcde;0x8c52de694f5a4ce27ea85fe4bc47e08d22c5dfb5f9b38b2a63765ed52cd3b147;0xae4045ffeddf61d570e6d1fe2d71ded1a2e85a88;0xc3db44adc1fcdfd5671f555236eae49f4a8eea18;0xc422bfb18f9fc217f955d759d3753f31137ccefd,0.055755395683453335,-0.01959114139693363,-0.14054514480408864,-0.10732538330494035
2026-03-05,ENA,0.1151,36594443.597384416,390667.1353705723,36985110.73275499,0.010562821839129636,93.67167156938423,12,binance;bitget;bybit;coinbase;crypto_com;gate;htx;kraken;kucoin;mexc;okx;upbit,base;eth,base;eth,5,aerodrome-slipstream;uniswap-v4-ethereum;uniswap_v3,0x6bbb0289dfda178555dd1ce4aaa8f1bdbfb1bcde;0x8c52de694f5a4ce27ea85fe4bc47e08d22c5dfb5f9b38b2a63765ed52cd3b147;0xae4045ffeddf61d570e6d1fe2d71ded1a2e85a88;0xc3db44adc1fcdfd5671f555236eae49f4a8eea18;0xc422bfb18f9fc217f955d759d3753f31137ccefd,-0.01959114139693363,-0.08948740225890517,-0.14161598609904424,-0.07558644656820157
2026-03-06,ENA,0.1048,33834777.85948404,185559.4679951727,34020337.32747921,0.005454368844405635,182.33926958857333,12,binance;bitget;bybit;coinbase;crypto_com;gate;htx;kraken;kucoin;mexc;okx;upbit,base;eth,base;eth,5,aerodrome-slipstream;uniswap-v4-ethereum;uniswap_v3,0x6bbb0289dfda178555dd1ce4aaa8f1bdbfb1bcde;0x8c52de694f5a4ce27ea85fe4bc47e08d22c5dfb5f9b38b2a63765ed52cd3b147;0xae4045ffeddf61d570e6d1fe2d71ded1a2e85a88;0xc3db44adc1fcdfd5671f555236eae49f4a8eea18;0xc422bfb18f9fc217f955d759d3753f31137ccefd,-0.08948740225890517,-0.03721374045801529,-0.0362595419847328,0.03721374045801529
2026-03-07,ENA,0.1009,23161894.22091477,68763.9882798326,23230658.209194604,0.00296005337690415,336.8317458065153,12,binance;bitget;bybit;coinbase;crypto_com;gate;htx;kraken;kucoin;mexc;okx;upbit,base;eth,base;eth,5,aerodrome-slipstream;uniswap-v4-ethereum;uniswap_v3,0x6bbb0289dfda178555dd1ce4aaa8f1bdbfb1bcde;0x8c52de694f5a4ce27ea85fe4bc47e08d22c5dfb5f9b38b2a63765ed52cd3b147;0xae4045ffeddf61d570e6d1fe2d71ded1a2e85a88;0xc3db44adc1fcdfd5671f555236eae49f4a8eea18;0xc422bfb18f9fc217f955d759d3753f31137ccefd,-0.03721374045801529,-0.020812685827552024,0.020812685827551913,0.07036669970267595
2026-03-08,ENA,0.0988,23402917.550817996,47740.19863967336,23450657.74945767,0.0020357722648857227,490.2140799089503,12,binance;bitget;bybit;coinbase;crypto_com;gate;htx;kraken;kucoin;mexc;okx;upbit,base;eth,base;eth,5,aerodrome-slipstream;uniswap-v4-ethereum;uniswap_v3,0x6bbb0289dfda178555dd1ce4aaa8f1bdbfb1bcde;0x8c52de694f5a4ce27ea85fe4bc47e08d22c5dfb5f9b38b2a63765ed52cd3b147;0xae4045ffeddf61d570e6d1fe2d71ded1a2e85a88;0xc3db44adc1fcdfd5671f555236eae49f4a8eea18;0xc422bfb18f9fc217f955d759d3753f31137ccefd,-0.020812685827552024,0.022267206477732948,0.06072874493927127,0.11740890688259098
2026-03-09,ENA,0.101,28094053.052757047,28859.098035227395,28122912.150792275,0.0010261774413861467,973.4903363391163,12,binance;bitget;bybit;coinbase;crypto_com;gate;htx;kraken;kucoin;mexc;okx;upbit,base;eth,base;eth,5,aerodrome-slipstream;uniswap-v4-ethereum;uniswap_v3,0x6bbb0289dfda178555dd1ce4aaa8f1bdbfb1bcde;0x8c52de694f5a4ce27ea85fe4bc47e08d22c5dfb5f9b38b2a63765ed52cd3b147;0xae4045ffeddf61d570e6d1fe2d71ded1a2e85a88;0xc3db44adc1fcdfd5671f555236eae49f4a8eea18;0xc422bfb18f9fc217f955d759d3753f31137ccefd,0.022267206477732948,0.019801980198019598,0.05346534653465329,0.1841584158415841
2026-03-10,ENA,0.103,32083333.990074042,100863.67127371811,32184197.66134776,0.0031339501557577213,318.08612144414326,12,binance;bitget;bybit;coinbase;crypto_com;gate;htx;kraken;kucoin;mexc;okx;upbit,base;eth,base;eth,5,aerodrome-slipstream;uniswap-v4-ethereum;uniswap_v3,0x6bbb0289dfda178555dd1ce4aaa8f1bdbfb1bcde;0x8c52de694f5a4ce27ea85fe4bc47e08d22c5dfb5f9b38b2a63765ed52cd3b147;0xae4045ffeddf61d570e6d1fe2d71ded1a2e85a88;0xc3db44adc1fcdfd5671f555236eae49f4a8eea18;0xc422bfb18f9fc217f955d759d3753f31137ccefd,0.019801980198019598,0.01747572815533993,0.05533980582524278,0.1330097087378641
2026-03-11,ENA,0.1048,28243408.99275743,111368.97350885932,28354777.96626629,0.003927696899667319,253.6021308529946,12,binance;bitget;bybit;coinbase;crypto_com;gate;htx;kraken;kucoin;mexc;okx;upbit,base;eth,base;eth,5,aerodrome-slipstream;uniswap-v4-ethereum;uniswap_v3,0x6bbb0289dfda178555dd1ce4aaa8f1bdbfb1bcde;0x8c52de694f5a4ce27ea85fe4bc47e08d22c5dfb5f9b38b2a63765ed52cd3b147;0xae4045ffeddf61d570e6d1fe2d71ded1a2e85a88;0xc3db44adc1fcdfd5671f555236eae49f4a8eea18;0xc422bfb18f9fc217f955d759d3753f31137ccefd,0.01747572815533993,0.015267175572518887,0.03053435114503822,0.033396946564885344
2026-03-12,ENA,0.1064,28479007.13226382,80230.86369826943,28559237.99596209,0.002809278864849722,354.963237581077,12,binance;bitget;bybit;coinbase;crypto_com;gate;htx;kraken;kucoin;mexc;okx;upbit,base;eth,base;eth,5,aerodrome-slipstream;uniswap-v4-ethereum;uniswap_v3,0x6bbb0289dfda178555dd1ce4aaa8f1bdbfb1bcde;0x8c52de694f5a4ce27ea85fe4bc47e08d22c5dfb5f9b38b2a63765ed52cd3b147;0xae4045ffeddf61d570e6d1fe2d71ded1a2e85a88;0xc3db44adc1fcdfd5671f555236eae49f4a8eea18;0xc422bfb18f9fc217f955d759d3753f31137ccefd,0.015267175572518887,0.021616541353383534,0.03759398496240607,-0.03195488721804507
2026-03-13,ENA,0.1087,41976032.76867312,75366.21994039981,42051398.98861352,0.001792240490282074,556.9608347329626,12,binance;bitget;bybit;coinbase;crypto_com;gate;htx;kraken;kucoin;mexc;okx;upbit,base;eth,base;eth,5,aerodrome-slipstream;uniswap-v4-ethereum;uniswap_v3,0x6bbb0289dfda178555dd1ce4aaa8f1bdbfb1bcde;0x8c52de694f5a4ce27ea85fe4bc47e08d22c5dfb5f9b38b2a63765ed52cd3b147;0xae4045ffeddf61d570e6d1fe2d71ded1a2e85a88;0xc3db44adc1fcdfd5671f555236eae49f4a8eea18;0xc422bfb18f9fc217f955d759d3753f31137ccefd,0.021616541353383534,-0.0064397424103036505,0.10027598896044143,-0.061637534498620195
2026-03-14,ENA,0.108,14980230.001828432,90369.13206795673,15070599.133896388,0.005996386159903948,165.7671116124413,12,binance;bitget;bybit;coinbase;crypto_com;gate;htx;kraken;kucoin;mexc;okx;upbit,base;eth,base;eth,5,aerodrome-slipstream;uniswap-v4-ethereum;uniswap_v3,0x6bbb0289dfda178555dd1ce4aaa8f1bdbfb1bcde;0x8c52de694f5a4ce27ea85fe4bc47e08d22c5dfb5f9b38b2a63765ed52cd3b147;0xae4045ffeddf61d570e6d1fe2d71ded1a2e85a88;0xc3db44adc1fcdfd5671f555236eae49f4a8eea18;0xc422bfb18f9fc217f955d759d3753f31137ccefd,-0.0064397424103036505,0.022222222222222143,0.08055555555555549,-0.08240740740740748
2026-03-15,ENA,0.1104,22807312.53995951,85802.89631992624,22893115.436279435,0.003747978144728686,265.8105206020057,12,binance;bitget;bybit;coinbase;crypto_com;gate;htx;kraken;kucoin;mexc;okx;upbit,base;eth,base;eth,5,aerodrome-slipstream;uniswap-v4-ethereum;uniswap_v3,0x6bbb0289dfda178555dd1ce4aaa8f1bdbfb1bcde;0x8c52de694f5a4ce27ea85fe4bc47e08d22c5dfb5f9b38b2a63765ed52cd3b147;0xae4045ffeddf61d570e6d1fe2d71ded1a2e85a88;0xc3db44adc1fcdfd5671f555236eae49f4a8eea18;0xc422bfb18f9fc217f955d759d3753f31137ccefd,0.022222222222222143,0.08333333333333326,-0.01902173913043481,-0.13496376811594202
2026-03-16,ENA,0.1196,47391130.54197955,264858.9888831503,47655989.530862704,0.0055577271921218585,178.92966646824826,12,binance;bitget;bybit;coinbase;crypto_com;gate;htx;kraken;kucoin;mexc;okx;upbit,base;eth,base;eth,5,aerodrome-slipstream;uniswap-v4-ethereum;uniswap_v3,0x6bbb0289dfda178555dd1ce4aaa8f1bdbfb1bcde;0x8c52de694f5a4ce27ea85fe4bc47e08d22c5dfb5f9b38b2a63765ed52cd3b147;0xae4045ffeddf61d570e6d1fe2d71ded1a2e85a88;0xc3db44adc1fcdfd5671f555236eae49f4a8eea18;0xc422bfb18f9fc217f955d759d3753f31137ccefd,0.08333333333333326,-0.024247491638796026,-0.1387959866220736,-0.2165551839464882
2026-03-17,ENA,0.1167,32024985.884754416,333474.3840917788,32358460.268846195,0.010305632014661663,96.03432051302778,12,binance;bitget;bybit;coinbase;crypto_com;gate;htx;kraken;kucoin;mexc;okx;upbit,base;eth,base;eth,5,aerodrome-slipstream;uniswap-v4-ethereum;uniswap_v3,0x6bbb0289dfda178555dd1ce4aaa8f1bdbfb1bcde;0x8c52de694f5a4ce27ea85fe4bc47e08d22c5dfb5f9b38b2a63765ed52cd3b147;0xae4045ffeddf61d570e6d1fe2d71ded1a2e85a88;0xc3db44adc1fcdfd5671f555236eae49f4a8eea18;0xc422bfb18f9fc217f955d759d3753f31137ccefd,-0.024247491638796026,-0.07197943444730082,-0.12596401028277637,-0.18337617823479013
2026-03-18,ENA,0.1083,33879370.36873182,191499.846487091,34070870.21521891,0.005620632677634137,176.9159139822894,12,binance;bitget;bybit;coinbase;crypto_com;gate;htx;kraken;kucoin;mexc;okx;upbit,base;eth,base;eth,5,aerodrome-slipstream;uniswap-v4-ethereum;uniswap_v3,0x6bbb0289dfda178555dd1ce4aaa8f1bdbfb1bcde;0x8c52de694f5a4ce27ea85fe4bc47e08d22c5dfb5f9b38b2a63765ed52cd3b147;0xae4045ffeddf61d570e6d1fe2d71ded1a2e85a88;0xc3db44adc1fcdfd5671f555236eae49f4a8eea18;0xc422bfb18f9fc217f955d759d3753f31137ccefd,-0.07197943444730082,-0.048938134810710965,-0.08494921514312093,-0.0369344413665742
2026-03-19,ENA,0.103,25795557.9714025,51460.69806999633,25847018.669472497,0.001990972294641306,501.26715996575945,12,binance;bitget;bybit;coinbase;crypto_com;gate;htx;kraken;kucoin;mexc;okx;upbit,base;eth,base;eth,5,aerodrome-slipstream;uniswap-v4-ethereum;uniswap_v3,0x6bbb0289dfda178555dd1ce4aaa8f1bdbfb1bcde;0x8c52de694f5a4ce27ea85fe4bc47e08d22c5dfb5f9b38b2a63765ed52cd3b147;0xae4045ffeddf61d570e6d1fe2d71ded1a2e85a88;0xc3db44adc1fcdfd5671f555236eae49f4a8eea18;0xc422bfb18f9fc217f955d759d3753f31137ccefd,-0.048938134810710965,-0.009708737864077666,-0.07281553398058249,-0.061165048543689315
2026-03-20,ENA,0.102,31995980.63268338,107926.62916395749,32103907.26184734,0.003361791083050466,296.4604832054605,12,binance;bitget;bybit;coinbase;crypto_com;gate;htx;kraken;kucoin;mexc;okx;upbit,base;eth,base;eth,5,aerodrome-slipstream;uniswap-v4-ethereum;uniswap_v3,0x6bbb0289dfda178555dd1ce4aaa8f1bdbfb1bcde;0x8c52de694f5a4ce27ea85fe4bc47e08d22c5dfb5f9b38b2a63765ed52cd3b147;0xae4045ffeddf61d570e6d1fe2d71ded1a2e85a88;0xc3db44adc1fcdfd5671f555236eae49f4a8eea18;0xc422bfb18f9fc217f955d759d3753f31137ccefd,-0.009708737864077666,-0.028431372549019618,-0.08137254901960778,-0.1264705882352941
2026-03-21,ENA,0.0991,16889628.97031794,26269.501147570736,16915898.471465513,0.001552947435330337,642.9367986639444,12,binance;bitget;bybit;coinbase;crypto_com;gate;htx;kraken;kucoin;mexc;okx;upbit,base;eth,base;eth,5,aerodrome-slipstream;uniswap-v4-ethereum;uniswap_v3,0x6bbb0289dfda178555dd1ce4aaa8f1bdbfb1bcde;0x8c52de694f5a4ce27ea85fe4bc47e08d22c5dfb5f9b38b2a63765ed52cd3b147;0xae4045ffeddf61d570e6d1fe2d71ded1a2e85a88;0xc3db44adc1fcdfd5671f555236eae49f4a8eea18;0xc422bfb18f9fc217f955d759d3753f31137ccefd,-0.028431372549019618,-0.03632694248234103,-0.038345105953582204,-0.08577194752774964
2026-03-22,ENA,0.0955,25241010.042444937,56609.539398459456,25297619.581843395,0.002237741745436367,445.87909229891795,12,binance;bitget;bybit;coinbase;crypto_com;gate;htx;kraken;kucoin;mexc;okx;upbit,base;eth,base;eth,5,aerodrome-slipstream;uniswap-v4-ethereum;uniswap_v3,0x6bbb0289dfda178555dd1ce4aaa8f1bdbfb1bcde;0x8c52de694f5a4ce27ea85fe4bc47e08d22c5dfb5f9b38b2a63765ed52cd3b147;0xae4045ffeddf61d570e6d1fe2d71ded1a2e85a88;0xc3db44adc1fcdfd5671f555236eae49f4a8eea18;0xc422bfb18f9fc217f955d759d3753f31137ccefd,-0.03632694248234103,-0.01884816753926699,0.0921465968586388,-0.05968586387434549
2026-03-23,ENA,0.0937,58433053.99731517,91142.76860052905,58524196.7659157,0.0015573518926723707,641.1156353327628,12,binance;bitget;bybit;coinbase;crypto_com;gate;htx;kraken;kucoin;mexc;okx;upbit,base;eth,base;eth,5,aerodrome-slipstream;uniswap-v4-ethereum;uniswap_v3,0x6bbb0289dfda178555dd1ce4aaa8f1bdbfb1bcde;0x8c52de694f5a4ce27ea85fe4bc47e08d22c5dfb5f9b38b2a63765ed52cd3b147;0xae4045ffeddf61d570e6d1fe2d71ded1a2e85a88;0xc3db44adc1fcdfd5671f555236eae49f4a8eea18;0xc422bfb18f9fc217f955d759d3753f31137ccefd,-0.01884816753926699,0.01707577374599767,0.03201707577374591,-0.026680896478121663
2026-03-24,ENA,0.0953,42784713.62608584,136168.58856303443,42920882.21464887,0.0031725486881199324,314.20398843511674,12,binance;bitget;bybit;coinbase;crypto_com;gate;htx;kraken;kucoin;mexc;okx;upbit,base;eth,base;eth,5,aerodrome-slipstream;uniswap-v4-ethereum;uniswap_v3,0x6bbb0289dfda178555dd1ce4aaa8f1bdbfb1bcde;0x8c52de694f5a4ce27ea85fe4bc47e08d22c5dfb5f9b38b2a63765ed52cd3b147;0xae4045ffeddf61d570e6d1fe2d71ded1a2e85a88;0xc3db44adc1fcdfd5671f555236eae49f4a8eea18;0xc422bfb18f9fc217f955d759d3753f31137ccefd,0.01707577374599767,0.09443861490031491,-0.06505771248688352,-0.04512067156348376
2026-03-25,ENA,0.1043,54737541.4425372,729735.7322842112,55467277.174821414,0.01315614844377947,75.0100879275821,12,binance;bitget;bybit;coinbase;crypto_com;gate;htx;kraken;kucoin;mexc;okx;upbit,base;eth,base;eth,5,aerodrome-slipstream;uniswap-v4-ethereum;uniswap_v3,0x6bbb0289dfda178555dd1ce4aaa8f1bdbfb1bcde;0x8c52de694f5a4ce27ea85fe4bc47e08d22c5dfb5f9b38b2a63765ed52cd3b147;0xae4045ffeddf61d570e6d1fe2d71ded1a2e85a88;0xc3db44adc1fcdfd5671f555236eae49f4a8eea18;0xc422bfb18f9fc217f955d759d3753f31137ccefd,0.09443861490031491,-0.07286673058485149,-0.13135186960690315,-0.13518696069031644
2026-03-26,ENA,0.0967,59309840.142869845,147210.59514780328,59457050.73801765,0.0024759148548495835,402.8911104076525,12,binance;bitget;bybit;coinbase;crypto_com;gate;htx;kraken;kucoin;mexc;okx;upbit,base;eth,base;eth,5,aerodrome-slipstream;uniswap-v4-ethereum;uniswap_v3,0x6bbb0289dfda178555dd1ce4aaa8f1bdbfb1bcde;0x8c52de694f5a4ce27ea85fe4bc47e08d22c5dfb5f9b38b2a63765ed52cd3b147;0xae4045ffeddf61d570e6d1fe2d71ded1a2e85a88;0xc3db44adc1fcdfd5671f555236eae49f4a8eea18;0xc422bfb18f9fc217f955d759d3753f31137ccefd,-0.07286673058485149,-0.07859358841778696,-0.0713547052740433,-0.16028955532574973
2026-03-27,ENA,0.0891,34488309.09619977,211378.19529042818,34699687.291490205,0.00609164553889991,163.15925608511193,12,binance;bitget;bybit;coinbase;crypto_com;gate;htx;kraken;kucoin;mexc;okx;upbit,base;eth,base;eth,5,aerodrome-slipstream;uniswap-v4-ethereum;uniswap_v3,0x6bbb0289dfda178555dd1ce4aaa8f1bdbfb1bcde;0x8c52de694f5a4ce27ea85fe4bc47e08d22c5dfb5f9b38b2a63765ed52cd3b147;0xae4045ffeddf61d570e6d1fe2d71ded1a2e85a88;0xc3db44adc1fcdfd5671f555236eae49f4a8eea18;0xc422bfb18f9fc217f955d759d3753f31137ccefd,-0.07859358841778696,0.01683501683501687,0.023569023569023573,-0.10549943883277224
2026-03-28,ENA,0.0906,27790750.692792036,36040.584602442126,27826791.277394477,0.0012951757262692465,771.0960018919594,12,binance;bitget;bybit;coinbase;crypto_com;gate;htx;kraken;kucoin;mexc;okx;upbit,base;eth,base;eth,5,aerodrome-slipstream;uniswap-v4-ethereum;uniswap_v3,0x6bbb0289dfda178555dd1ce4aaa8f1bdbfb1bcde;0x8c52de694f5a4ce27ea85fe4bc47e08d22c5dfb5f9b38b2a63765ed52cd3b147;0xae4045ffeddf61d570e6d1fe2d71ded1a2e85a88;0xc3db44adc1fcdfd5671f555236eae49f4a8eea18;0xc422bfb18f9fc217f955d759d3753f31137ccefd,0.01683501683501687,-0.008830022075055122,0.004415011037527616,-0.11589403973509926
2026-03-29,ENA,0.0898,17605068.779709637,51878.14748948581,17656946.92719912,0.002938115388995798,339.3542297029336,12,binance;bitget;bybit;coinbase;crypto_com;gate;htx;kraken;kucoin;mexc;okx;upbit,base;eth,base;eth,5,aerodrome-slipstream;uniswap-v4-ethereum;uniswap_v3,0x6bbb0289dfda178555dd1ce4aaa8f1bdbfb1bcde;0x8c52de694f5a4ce27ea85fe4bc47e08d22c5dfb5f9b38b2a63765ed52cd3b147;0xae4045ffeddf61d570e6d1fe2d71ded1a2e85a88;0xc3db44adc1fcdfd5671f555236eae49f4a8eea18;0xc422bfb18f9fc217f955d759d3753f31137ccefd,-0.008830022075055122,0.015590200445434244,0.00445434298440972,-0.10244988864142535
2026-03-30,ENA,0.0912,25109743.262249846,34187.19863962636,25143930.460889474,0.0013596600854748379,734.4779409081257,12,binance;bitget;bybit;coinbase;crypto_com;gate;htx;kraken;kucoin;mexc;okx;upbit,base;eth,base;eth,5,aerodrome-slipstream;uniswap-v4-ethereum;uniswap_v3,0x6bbb0289dfda178555dd1ce4aaa8f1bdbfb1bcde;0x8c52de694f5a4ce27ea85fe4bc47e08d22c5dfb5f9b38b2a63765ed52cd3b147;0xae4045ffeddf61d570e6d1fe2d71ded1a2e85a88;0xc3db44adc1fcdfd5671f555236eae49f4a8eea18;0xc422bfb18f9fc217f955d759d3753f31137ccefd,0.015590200445434244,-0.002192982456140413,-0.10964912280701766,-0.10416666666666674
2026-03-31,ENA,0.091,25373457.72183103,159683.34704137265,25533141.068872403,0.00625396407792708,158.89858392846048,12,binance;bitget;bybit;coinbase;crypto_com;gate;htx;kraken;kucoin;mexc;okx;upbit,base;eth,base;eth,5,aerodrome-slipstream;uniswap-v4-ethereum;uniswap_v3,0x6bbb0289dfda178555dd1ce4aaa8f1bdbfb1bcde;0x8c52de694f5a4ce27ea85fe4bc47e08d22c5dfb5f9b38b2a63765ed52cd3b147;0xae4045ffeddf61d570e6d1fe2d71ded1a2e85a88;0xc3db44adc1fcdfd5671f555236eae49f4a8eea18;0xc422bfb18f9fc217f955d759d3753f31137ccefd,-0.002192982456140413,-0.00879120879120876,-0.12417582417582418,-0.002197802197802079
2026-04-01,ENA,0.0902,32973674.37527394,107334.49463648313,33081008.869910423,0.0032445955641368495,307.20482252185633,12,binance;bitget;bybit;coinbase;crypto_com;gate;htx;kraken;kucoin;mexc;okx;upbit,base;eth,base;eth,5,aerodrome-slipstream;uniswap-v4-ethereum;uniswap_v3,0x6bbb0289dfda178555dd1ce4aaa8f1bdbfb1bcde;0x8c52de694f5a4ce27ea85fe4bc47e08d22c5dfb5f9b38b2a63765ed52cd3b147;0xae4045ffeddf61d570e6d1fe2d71ded1a2e85a88;0xc3db44adc1fcdfd5671f555236eae49f4a8eea18;0xc422bfb18f9fc217f955d759d3753f31137ccefd,-0.00879120879120876,-0.0997782705099779,-0.11197339246119731,-0.02328159645232819
2026-04-02,ENA,0.0812,56855491.979190126,89763.56489186602,56945255.54408199,0.0015763133211752643,633.3916444570945,12,binance;bitget;bybit;coinbase;crypto_com;gate;htx;kraken;kucoin;mexc;okx;upbit,base;eth,base;eth,5,aerodrome-slipstream;uniswap-v4-ethereum;uniswap_v3,0x6bbb0289dfda178555dd1ce4aaa8f1bdbfb1bcde;0x8c52de694f5a4ce27ea85fe4bc47e08d22c5dfb5f9b38b2a63765ed52cd3b147;0xae4045ffeddf61d570e6d1fe2d71ded1a2e85a88;0xc3db44adc1fcdfd5671f555236eae49f4a8eea18;0xc422bfb18f9fc217f955d759d3753f31137ccefd,-0.0997782705099779,-0.018472906403940947,-0.007389162561576179,0.1145320197044335
2026-04-03,ENA,0.0797,22690494.620410316,39924.13721416733,22730418.757624485,0.0017564189045472618,568.3402624004221,12,binance;bitget;bybit;coinbase;crypto_com;gate;htx;kraken;kucoin;mexc;okx;upbit,base;eth,base;eth,5,aerodrome-slipstream;uniswap-v4-ethereum;uniswap_v3,0x6bbb0289dfda178555dd1ce4aaa8f1bdbfb1bcde;0x8c52de694f5a4ce27ea85fe4bc47e08d22c5dfb5f9b38b2a63765ed52cd3b147;0xae4045ffeddf61d570e6d1fe2d71ded1a2e85a88;0xc3db44adc1fcdfd5671f555236eae49f4a8eea18;0xc422bfb18f9fc217f955d759d3753f31137ccefd,-0.018472906403940947,0.005018820577164407,0.025094102885821812,0.18695106649937276
2026-04-04,ENA,0.0801,14943044.341241725,34240.980531034365,14977285.32177276,0.002286194046210605,436.4081901129576,12,binance;bitget;bybit;coinbase;crypto_com;gate;htx;kraken;kucoin;mexc;okx;upbit,base;eth,base;eth,5,aerodrome-slipstream;uniswap-v4-ethereum;uniswap_v3,0x6bbb0289dfda178555dd1ce4aaa8f1bdbfb1bcde;0x8c52de694f5a4ce27ea85fe4bc47e08d22c5dfb5f9b38b2a63765ed52cd3b147;0xae4045ffeddf61d570e6d1fe2d71ded1a2e85a88;0xc3db44adc1fcdfd5671f555236eae49f4a8eea18;0xc422bfb18f9fc217f955d759d3753f31137ccefd,0.005018820577164407,0.006242197253433224,0.13358302122347077,0.19850187265917607
2026-04-05,ENA,0.0806,24502152.141952414,38686.84215251053,24540838.984104924,0.001576427039742527,633.3458814074434,12,binance;bitget;bybit;coinbase;crypto_com;gate;htx;kraken;kucoin;mexc;okx;upbit,base;eth,base;eth,5,aerodrome-slipstream;uniswap-v4-ethereum;uniswap_v3,0x6bbb0289dfda178555dd1ce4aaa8f1bdbfb1bcde;0x8c52de694f5a4ce27ea85fe4bc47e08d22c5dfb5f9b38b2a63765ed52cd3b147;0xae4045ffeddf61d570e6d1fe2d71ded1a2e85a88;0xc3db44adc1fcdfd5671f555236eae49f4a8eea18;0xc422bfb18f9fc217f955d759d3753f31137ccefd,0.006242197253433224,0.013647642679900596,0.09305210918114137,0.13151364764267992
2026-04-06,ENA,0.0817,38957998.08967313,226121.85868753644,39184119.94836067,0.005770752513659469,172.28762542371783,12,binance;bitget;bybit;coinbase;crypto_com;gate;htx;kraken;kucoin;mexc;okx;upbit,base;eth,base;eth,5,aerodrome-slipstream;uniswap-v4-ethereum;uniswap_v3,0x6bbb0289dfda178555dd1ce4aaa8f1bdbfb1bcde;0x8c52de694f5a4ce27ea85fe4bc47e08d22c5dfb5f9b38b2a63765ed52cd3b147;0xae4045ffeddf61d570e6d1fe2d71ded1a2e85a88;0xc3db44adc1fcdfd5671f555236eae49f4a8eea18;0xc422bfb18f9fc217f955d759d3753f31137ccefd,0.013647642679900596,0.1113831089351287,0.10771113831089352,0.23623011015911888
2026-04-07,ENA,0.0908,44005268.82810739,165980.5080064479,44171249.33611383,0.0037576593485832066,265.1231120849317,12,binance;bitget;bybit;coinbase;crypto_com;gate;htx;kraken;kucoin;mexc;okx;upbit,base;eth,base;eth,5,aerodrome-slipstream;uniswap-v4-ethereum;uniswap_v3,0x6bbb0289dfda178555dd1ce4aaa8f1bdbfb1bcde;0x8c52de694f5a4ce27ea85fe4bc47e08d22c5dfb5f9b38b2a63765ed52cd3b147;0xae4045ffeddf61d570e6d1fe2d71ded1a2e85a88;0xc3db44adc1fcdfd5671f555236eae49f4a8eea18;0xc422bfb18f9fc217f955d759d3753f31137ccefd,0.1113831089351287,-0.029735682819383324,0.04185022026431717,0.060572687224669464
2026-04-08,ENA,0.0881,46798476.86167595,254985.37611525372,47053462.2377912,0.005419056621734863,183.53396408319108,12,binance;bitget;bybit;coinbase;crypto_com;gate;htx;kraken;kucoin;mexc;okx;upbit,base;eth,base;eth,5,aerodrome-slipstream;uniswap-v4-ethereum;uniswap_v3,0x6bbb0289dfda178555dd1ce4aaa8f1bdbfb1bcde;0x8c52de694f5a4ce27ea85fe4bc47e08d22c5dfb5f9b38b2a63765ed52cd3b147;0xae4045ffeddf61d570e6d1fe2d71ded1a2e85a88;0xc3db44adc1fcdfd5671f555236eae49f4a8eea18;0xc422bfb18f9fc217f955d759d3753f31137ccefd,-0.029735682819383324,0.02724177071509648,0.08967082860385922,0.12826333711691262
2026-04-09,ENA,0.0905,33902371.82461905,658546.3480227398,34560918.172641784,0.01905465429862454,51.48061624881775,12,binance;bitget;bybit;coinbase;crypto_com;gate;htx;kraken;kucoin;mexc;okx;upbit,base;eth,base;eth,5,aerodrome-slipstream;uniswap-v4-ethereum;uniswap_v3,0x6bbb0289dfda178555dd1ce4aaa8f1bdbfb1bcde;0x8c52de694f5a4ce27ea85fe4bc47e08d22c5dfb5f9b38b2a63765ed52cd3b147;0xae4045ffeddf61d570e6d1fe2d71ded1a2e85a88;0xc3db44adc1fcdfd5671f555236eae49f4a8eea18;0xc422bfb18f9fc217f955d759d3753f31137ccefd,0.02724177071509648,0.045303867403315046,0.00773480662983439,0.2552486187845304
2026-04-10,ENA,0.0946,66161224.93232627,420537.6646312248,66581762.5969575,0.006316108919748568,157.32532540300272,12,binance;bitget;bybit;coinbase;crypto_com;gate;htx;kraken;kucoin;mexc;okx;upbit,base;eth,base;eth,5,aerodrome-slipstream;uniswap-v4-ethereum;uniswap_v3,0x6bbb0289dfda178555dd1ce4aaa8f1bdbfb1bcde;0x8c52de694f5a4ce27ea85fe4bc47e08d22c5dfb5f9b38b2a63765ed52cd3b147;0xae4045ffeddf61d570e6d1fe2d71ded1a2e85a88;0xc3db44adc1fcdfd5671f555236eae49f4a8eea18;0xc422bfb18f9fc217f955d759d3753f31137ccefd,0.045303867403315046,0.014799154334038,0.06765327695560264,0.3213530655391119
2026-04-11,ENA,0.096,30681457.078208685,208533.9216789569,30889990.99988764,0.006750857314258053,147.12933431254194,12,binance;bitget;bybit;coinbase;crypto_com;gate;htx;kraken;kucoin;mexc;okx;upbit,base;eth,base;eth,5,aerodrome-slipstream;uniswap-v4-ethereum;uniswap_v3,0x6bbb0289dfda178555dd1ce4aaa8f1bdbfb1bcde;0x8c52de694f5a4ce27ea85fe4bc47e08d22c5dfb5f9b38b2a63765ed52cd3b147;0xae4045ffeddf61d570e6d1fe2d71ded1a2e85a88;0xc3db44adc1fcdfd5671f555236eae49f4a8eea18;0xc422bfb18f9fc217f955d759d3753f31137ccefd,0.014799154334038,-0.04999999999999993,0.0031250000000000444,0.2489583333333334
2026-04-12,ENA,0.0912,27521909.00832141,161645.33452298338,27683554.342844393,0.005839038315712709,170.26107861101448,12,binance;bitget;bybit;coinbase;crypto_com;gate;htx;kraken;kucoin;mexc;okx;upbit,base;eth,base;eth,5,aerodrome-slipstream;uniswap-v4-ethereum;uniswap_v3,0x6bbb0289dfda178555dd1ce4aaa8f1bdbfb1bcde;0x8c52de694f5a4ce27ea85fe4bc47e08d22c5dfb5f9b38b2a63765ed52cd3b147;0xae4045ffeddf61d570e6d1fe2d71ded1a2e85a88;0xc3db44adc1fcdfd5671f555236eae49f4a8eea18;0xc422bfb18f9fc217f955d759d3753f31137ccefd,-0.04999999999999993,0.10745614035087714,0.08991228070175428,0.23355263157894735
2026-04-13,ENA,0.101,43415865.6345923,358157.51593277336,43774023.15052508,0.00818196478539755,121.2200322573756,12,binance;bitget;bybit;coinbase;crypto_com;gate;htx;kraken;kucoin;mexc;okx;upbit,base;eth,base;eth,5,aerodrome-slipstream;uniswap-v4-ethereum;uniswap_v3,0x6bbb0289dfda178555dd1ce4aaa8f1bdbfb1bcde;0x8c52de694f5a4ce27ea85fe4bc47e08d22c5dfb5f9b38b2a63765ed52cd3b147;0xae4045ffeddf61d570e6d1fe2d71ded1a2e85a88;0xc3db44adc1fcdfd5671f555236eae49f4a8eea18;0xc422bfb18f9fc217f955d759d3753f31137ccefd,0.10745614035087714,-0.046534653465346576,0.12475247524752464,0.10990099009900978
2026-04-14,ENA,0.0963,30473305.584760092,169948.6399346525,30643254.224694744,0.005546037594065141,179.30891118915383,12,binance;bitget;bybit;coinbase;crypto_com;gate;htx;kraken;kucoin;mexc;okx;upbit,base;eth,base;eth,5,aerodrome-slipstream;uniswap-v4-ethereum;uniswap_v3,0x6bbb0289dfda178555dd1ce4aaa8f1bdbfb1bcde;0x8c52de694f5a4ce27ea85fe4bc47e08d22c5dfb5f9b38b2a63765ed52cd3b147;0xae4045ffeddf61d570e6d1fe2d71ded1a2e85a88;0xc3db44adc1fcdfd5671f555236eae49f4a8eea18;0xc422bfb18f9fc217f955d759d3753f31137ccefd,-0.046534653465346576,0.03219106957424711,0.29802699896157847,0.16303219106957423
2026-04-15,ENA,0.0994,28534674.415590793,233565.48105628163,28768239.896647073,0.008118865870675097,122.16991263668312,12,binance;bitget;bybit;coinbase;crypto_com;gate;htx;kraken;kucoin;mexc;okx;upbit,base;eth,base;eth,5,aerodrome-slipstream;uniswap-v4-ethereum;uniswap_v3,0x6bbb0289dfda178555dd1ce4aaa8f1bdbfb1bcde;0x8c52de694f5a4ce27ea85fe4bc47e08d22c5dfb5f9b38b2a63765ed52cd3b147;0xae4045ffeddf61d570e6d1fe2d71ded1a2e85a88;0xc3db44adc1fcdfd5671f555236eae49f4a8eea18;0xc422bfb18f9fc217f955d759d3753f31137ccefd,0.03219106957424711,0.1428571428571428,0.20623742454728378,0.07042253521126751
2026-04-16,ENA,0.1136,55065048.198902786,354464.59295159567,55419512.79185438,0.006396025065808504,155.34710460184738,12,binance;bitget;bybit;coinbase;crypto_com;gate;htx;kraken;kucoin;mexc;okx;upbit,base;eth,base;eth,5,aerodrome-slipstream;uniswap-v4-ethereum;uniswap_v3,0x6bbb0289dfda178555dd1ce4aaa8f1bdbfb1bcde;0x8c52de694f5a4ce27ea85fe4bc47e08d22c5dfb5f9b38b2a63765ed52cd3b147;0xae4045ffeddf61d570e6d1fe2d71ded1a2e85a88;0xc3db44adc1fcdfd5671f555236eae49f4a8eea18;0xc422bfb18f9fc217f955d759d3753f31137ccefd,0.1428571428571428,0.10035211267605626,-0.009683098591549366,-0.03257042253521136
2026-04-17,ENA,0.125,80866604.98080277,775180.5585427985,81641785.53934558,0.009494899620601955,104.31970215148017,12,binance;bitget;bybit;coinbase;crypto_com;gate;htx;kraken;kucoin;mexc;okx;upbit,base;eth,base;eth,5,aerodrome-slipstream;uniswap-v4-ethereum;uniswap_v3,0x6bbb0289dfda178555dd1ce4aaa8f1bdbfb1bcde;0x8c52de694f5a4ce27ea85fe4bc47e08d22c5dfb5f9b38b2a63765ed52cd3b147;0xae4045ffeddf61d570e6d1fe2d71ded1a2e85a88;0xc3db44adc1fcdfd5671f555236eae49f4a8eea18;0xc422bfb18f9fc217f955d759d3753f31137ccefd,0.10035211267605626,-0.04079999999999995,-0.10319999999999996,-0.13039999999999996
2026-04-18,ENA,0.1199,48246168.85906344,241533.63994746056,48487702.4990109,0.004981338102220611,199.7492724804634,12,binance;bitget;bybit;coinbase;crypto_com;gate;htx;kraken;kucoin;mexc;okx;upbit,base;eth,base;eth,5,aerodrome-slipstream;uniswap-v4-ethereum;uniswap_v3,0x6bbb0289dfda178555dd1ce4aaa8f1bdbfb1bcde;0x8c52de694f5a4ce27ea85fe4bc47e08d22c5dfb5f9b38b2a63765ed52cd3b147;0xae4045ffeddf61d570e6d1fe2d71ded1a2e85a88;0xc3db44adc1fcdfd5671f555236eae49f4a8eea18;0xc422bfb18f9fc217f955d759d3753f31137ccefd,-0.04079999999999995,-0.061718098415346145,-0.06588824020016681,-0.10425354462051717
2026-04-19,ENA,0.1125,44065460.56389785,584179.469510577,44649640.033408426,0.01308363223249893,75.43137488350231,12,binance;bitget;bybit;coinbase;crypto_com;gate;htx;kraken;kucoin;mexc;okx;upbit,base;eth,base;eth,5,aerodrome-slipstream;uniswap-v4-ethereum;uniswap_v3,0x6bbb0289dfda178555dd1ce4aaa8f1bdbfb1bcde;0x8c52de694f5a4ce27ea85fe4bc47e08d22c5dfb5f9b38b2a63765ed52cd3b147;0xae4045ffeddf61d570e6d1fe2d71ded1a2e85a88;0xc3db44adc1fcdfd5671f555236eae49f4a8eea18;0xc422bfb18f9fc217f955d759d3753f31137ccefd,-0.061718098415346145,-0.003555555555555534,-0.05422222222222228,-0.027555555555555555
2026-04-20,ENA,0.1121,34067355.19733606,376238.7802111804,34443593.97754724,0.010923331068657912,90.54716576056906,12,binance;bitget;bybit;coinbase;crypto_com;gate;htx;kraken;kucoin;mexc;okx;upbit,base;eth,base;eth,5,aerodrome-slipstream;uniswap-v4-ethereum;uniswap_v3,0x6bbb0289dfda178555dd1ce4aaa8f1bdbfb1bcde;0x8c52de694f5a4ce27ea85fe4bc47e08d22c5dfb5f9b38b2a63765ed52cd3b147;0xae4045ffeddf61d570e6d1fe2d71ded1a2e85a88;0xc3db44adc1fcdfd5671f555236eae49f4a8eea18;0xc422bfb18f9fc217f955d759d3753f31137ccefd,-0.003555555555555534,-0.000892060660124927,-0.019625334522747617,-0.04549509366636939
2026-04-21,ENA,0.112,28939080.62286403,216447.73759698108,29155528.36046101,0.007423900363627592,133.7000836513602,12,binance;bitget;bybit;coinbase;crypto_com;gate;htx;kraken;kucoin;mexc;okx;upbit,base;eth,base;eth,5,aerodrome-slipstream;uniswap-v4-ethereum;uniswap_v3,0x6bbb0289dfda178555dd1ce4aaa8f1bdbfb1bcde;0x8c52de694f5a4ce27ea85fe4bc47e08d22c5dfb5f9b38b2a63765ed52cd3b147;0xae4045ffeddf61d570e6d1fe2d71ded1a2e85a88;0xc3db44adc1fcdfd5671f555236eae49f4a8eea18;0xc422bfb18f9fc217f955d759d3753f31137ccefd,-0.000892060660124927,-0.050000000000000044,-0.02946428571428572,-0.051785714285714324
2026-04-22,ENA,0.1064,34865614.21522325,590949.6218050264,35456563.83702828,0.016666861022440117,58.999300327374705,12,binance;bitget;bybit;coinbase;crypto_com;gate;htx;kraken;kucoin;mexc;okx;upbit,base;eth,base;eth,5,aerodrome-slipstream;uniswap-v4-ethereum;uniswap_v3,0x6bbb0289dfda178555dd1ce4aaa8f1bdbfb1bcde;0x8c52de694f5a4ce27ea85fe4bc47e08d22c5dfb5f9b38b2a63765ed52cd3b147;0xae4045ffeddf61d570e6d1fe2d71ded1a2e85a88;0xc3db44adc1fcdfd5671f555236eae49f4a8eea18;0xc422bfb18f9fc217f955d759d3753f31137ccefd,-0.050000000000000044,0.03289473684210531,0.009398496240601517,-0.022556390977443552
2026-04-23,ENA,0.1099,29508040.3359629,381992.29066453193,29890032.62662743,0.012779922171253686,77.24773786567606,12,binance;bitget;bybit;coinbase;crypto_com;gate;htx;kraken;kucoin;mexc;okx;upbit,base;eth,base;eth,5,aerodrome-slipstream;uniswap-v4-ethereum;uniswap_v3,0x6bbb0289dfda178555dd1ce4aaa8f1bdbfb1bcde;0x8c52de694f5a4ce27ea85fe4bc47e08d22c5dfb5f9b38b2a63765ed52cd3b147;0xae4045ffeddf61d570e6d1fe2d71ded1a2e85a88;0xc3db44adc1fcdfd5671f555236eae49f4a8eea18;0xc422bfb18f9fc217f955d759d3753f31137ccefd,0.03289473684210531,-0.010919017288444022,-0.0045495905368516665,-0.06551410373066424
2026-04-24,ENA,0.1087,24276130.45961592,337704.47596769227,24613834.935583614,0.013720108095771831,71.88572313130486,12,binance;bitget;bybit;coinbase;crypto_com;gate;htx;kraken;kucoin;mexc;okx;upbit,base;eth,base;eth,5,aerodrome-slipstream;uniswap-v4-ethereum;uniswap_v3,0x6bbb0289dfda178555dd1ce4aaa8f1bdbfb1bcde;0x8c52de694f5a4ce27ea85fe4bc47e08d22c5dfb5f9b38b2a63765ed52cd3b147;0xae4045ffeddf61d570e6d1fe2d71ded1a2e85a88;0xc3db44adc1fcdfd5671f555236eae49f4a8eea18;0xc422bfb18f9fc217f955d759d3753f31137ccefd,-0.010919017288444022,-0.011959521619135272,-0.015639374425023056,-0.060717571297148165
2026-04-25,ENA,0.1074,21222633.546058893,234001.0560138154,21456634.60207271,0.010905766927270641,90.69460586026548,12,binance;bitget;bybit;coinbase;crypto_com;gate;htx;kraken;kucoin;mexc;okx;upbit,base;eth,base;eth,5,aerodrome-slipstream;uniswap-v4-ethereum;uniswap_v3,0x6bbb0289dfda178555dd1ce4aaa8f1bdbfb1bcde;0x8c52de694f5a4ce27ea85fe4bc47e08d22c5dfb5f9b38b2a63765ed52cd3b147;0xae4045ffeddf61d570e6d1fe2d71ded1a2e85a88;0xc3db44adc1fcdfd5671f555236eae49f4a8eea18;0xc422bfb18f9fc217f955d759d3753f31137ccefd,-0.011959521619135272,0.01862197392923659,-0.011173184357541888,-0.04562383612662946
2026-04-26,ENA,0.1094,26764931.494279068,315060.9167598952,27079992.411038965,0.011634453657803202,84.95160799229298,12,binance;bitget;bybit;coinbase;crypto_com;gate;htx;kraken;kucoin;mexc;okx;upbit,base;eth,base;eth,5,aerodrome-slipstream;uniswap-v4-ethereum;uniswap_v3,0x6bbb0289dfda178555dd1ce4aaa8f1bdbfb1bcde;0x8c52de694f5a4ce27ea85fe4bc47e08d22c5dfb5f9b38b2a63765ed52cd3b147;0xae4045ffeddf61d570e6d1fe2d71ded1a2e85a88;0xc3db44adc1fcdfd5671f555236eae49f4a8eea18;0xc422bfb18f9fc217f955d759d3753f31137ccefd,0.01862197392923659,-0.021937842778793404,-0.04936014625228524,-0.08135283363802548
2026-04-27,ENA,0.107,35323524.662653364,394461.1099971566,35717985.77265052,0.0110437669276188,89.5488142364858,12,binance;bitget;bybit;coinbase;crypto_com;gate;htx;kraken;kucoin;mexc;okx;upbit,base;eth,base;eth,5,aerodrome-slipstream;uniswap-v4-ethereum;uniswap_v3,0x6bbb0289dfda178555dd1ce4aaa8f1bdbfb1bcde;0x8c52de694f5a4ce27ea85fe4bc47e08d22c5dfb5f9b38b2a63765ed52cd3b147;0xae4045ffeddf61d570e6d1fe2d71ded1a2e85a88;0xc3db44adc1fcdfd5671f555236eae49f4a8eea18;0xc422bfb18f9fc217f955d759d3753f31137ccefd,-0.021937842778793404,-0.00747663551401867,-0.040186915887850505,-0.06261682242990652
2026-04-28,ENA,0.1062,20220869.30704947,192849.32474888323,20413718.631798353,0.00944704530454744,104.85320253716141,12,binance;bitget;bybit;coinbase;crypto_com;gate;htx;kraken;kucoin;mexc;okx;upbit,base;eth,base;eth,5,aerodrome-slipstream;uniswap-v4-ethereum;uniswap_v3,0x6bbb0289dfda178555dd1ce4aaa8f1bdbfb1bcde;0x8c52de694f5a4ce27ea85fe4bc47e08d22c5dfb5f9b38b2a63765ed52cd3b147;0xae4045ffeddf61d570e6d1fe2d71ded1a2e85a88;0xc3db44adc1fcdfd5671f555236eae49f4a8eea18;0xc422bfb18f9fc217f955d759d3753f31137ccefd,-0.00747663551401867,-0.020715630885122516,-0.038606403013182744,0.03201506591337111
2026-04-29,ENA,0.104,28287811.718694218,365260.5292289656,28653072.247923184,0.012747691628615504,77.44557502122505,12,binance;bitget;bybit;coinbase;crypto_com;gate;htx;kraken;kucoin;mexc;okx;upbit,base;eth,base;eth,5,aerodrome-slipstream;uniswap-v4-ethereum;uniswap_v3,0x6bbb0289dfda178555dd1ce4aaa8f1bdbfb1bcde;0x8c52de694f5a4ce27ea85fe4bc47e08d22c5dfb5f9b38b2a63765ed52cd3b147;0xae4045ffeddf61d570e6d1fe2d71ded1a2e85a88;0xc3db44adc1fcdfd5671f555236eae49f4a8eea18;0xc422bfb18f9fc217f955d759d3753f31137ccefd,-0.020715630885122516,-0.012499999999999956,-0.014423076923076983,0.16153846153846163
2026-04-30,ENA,0.1027,18413442.305575594,348483.6052214705,18761925.910797063,0.01857397832601642,52.838762081428094,12,binance;bitget;bybit;coinbase;crypto_com;gate;htx;kraken;kucoin;mexc;okx;upbit,base;eth,base;eth,5,aerodrome-slipstream;uniswap-v4-ethereum;uniswap_v3,0x6bbb0289dfda178555dd1ce4aaa8f1bdbfb1bcde;0x8c52de694f5a4ce27ea85fe4bc47e08d22c5dfb5f9b38b2a63765ed52cd3b147;0xae4045ffeddf61d570e6d1fe2d71ded1a2e85a88;0xc3db44adc1fcdfd5671f555236eae49f4a8eea18;0xc422bfb18f9fc217f955d759d3753f31137ccefd,-0.012499999999999956,-0.0058422590068160085,-0.02142161635832518,0.16455696202531644
2026-05-01,ENA,0.1021,22577988.48433015,391556.3114284795,22969544.79575863,0.017046759738172133,57.66217482732156,12,binance;bitget;bybit;coinbase;crypto_com;gate;htx;kraken;kucoin;mexc;okx;upbit,base;eth,base;eth,5,aerodrome-slipstream;uniswap-v4-ethereum;uniswap_v3,0x6bbb0289dfda178555dd1ce4aaa8f1bdbfb1bcde;0x8c52de694f5a4ce27ea85fe4bc47e08d22c5dfb5f9b38b2a63765ed52cd3b147;0xae4045ffeddf61d570e6d1fe2d71ded1a2e85a88;0xc3db44adc1fcdfd5671f555236eae49f4a8eea18;0xc422bfb18f9fc217f955d759d3753f31137ccefd,-0.0058422590068160085,0.003917727717923647,-0.01762977473065619,0.289911851126347
2026-05-02,ENA,0.1025,22306118.045797244,381035.33065634064,22687153.376453586,0.016795202303864505,58.540813019555245,12,binance;bitget;bybit;coinbase;crypto_com;gate;htx;kraken;kucoin;mexc;okx;upbit,base;eth,base;eth,5,aerodrome-slipstream;uniswap-v4-ethereum;uniswap_v3,0x6bbb0289dfda178555dd1ce4aaa8f1bdbfb1bcde;0x8c52de694f5a4ce27ea85fe4bc47e08d22c5dfb5f9b38b2a63765ed52cd3b147;0xae4045ffeddf61d570e6d1fe2d71ded1a2e85a88;0xc3db44adc1fcdfd5671f555236eae49f4a8eea18;0xc422bfb18f9fc217f955d759d3753f31137ccefd,0.003917727717923647,-0.019512195121951126,0.06926829268292689,0.2682926829268293
2026-05-03,ENA,0.1005,22331466.0160839,291990.4774854958,22623456.493569396,0.012906536963902603,76.48011746271138,12,binance;bitget;bybit;coinbase;crypto_com;gate;htx;kraken;kucoin;mexc;okx;upbit,base;eth,base;eth,5,aerodrome-slipstream;uniswap-v4-ethereum;uniswap_v3,0x6bbb0289dfda178555dd1ce4aaa8f1bdbfb1bcde;0x8c52de694f5a4ce27ea85fe4bc47e08d22c5dfb5f9b38b2a63765ed52cd3b147;0xae4045ffeddf61d570e6d1fe2d71ded1a2e85a88;0xc3db44adc1fcdfd5671f555236eae49f4a8eea18;0xc422bfb18f9fc217f955d759d3753f31137ccefd,-0.019512195121951126,-0.0019900497512438386,0.20199004975124368,0.31542288557213927
2026-05-04,ENA,0.1003,53591786.709930316,1389445.9543967545,54981232.66432707,0.0252712768896914,38.570616251999425,12,binance;bitget;bybit;coinbase;crypto_com;gate;htx;kraken;kucoin;mexc;okx;upbit,base;eth,base;eth,5,aerodrome-slipstream;uniswap-v4-ethereum;uniswap_v3,0x6bbb0289dfda178555dd1ce4aaa8f1bdbfb1bcde;0x8c52de694f5a4ce27ea85fe4bc47e08d22c5dfb5f9b38b2a63765ed52cd3b147;0xae4045ffeddf61d570e6d1fe2d71ded1a2e85a88;0xc3db44adc1fcdfd5671f555236eae49f4a8eea18;0xc422bfb18f9fc217f955d759d3753f31137ccefd,-0.0019900497512438386,0.09272183449651039,0.19242273180458613,0.2841475573280159
2026-05-05,ENA,0.1096,57525153.962733135,1456545.7185691085,58981699.68130224,0.024694875299276046,39.49423161206714,12,binance;bitget;bybit;coinbase;crypto_com;gate;htx;kraken;kucoin;mexc;okx;upbit,base;eth,base;eth,5,aerodrome-slipstream;uniswap-v4-ethereum;uniswap_v3,0x6bbb0289dfda178555dd1ce4aaa8f1bdbfb1bcde;0x8c52de694f5a4ce27ea85fe4bc47e08d22c5dfb5f9b38b2a63765ed52cd3b147;0xae4045ffeddf61d570e6d1fe2d71ded1a2e85a88;0xc3db44adc1fcdfd5671f555236eae49f4a8eea18;0xc422bfb18f9fc217f955d759d3753f31137ccefd,0.09272183449651039,0.10218978102189791,0.20164233576642343,0.11040145985401462
2026-05-06,ENA,0.1208,65110976.54481882,1377191.6080219182,66488168.15284073,0.02071333360931342,47.27808110763812,12,binance;bitget;bybit;coinbase;crypto_com;gate;htx;kraken;kucoin;mexc;okx;upbit,base;eth,base;eth,5,aerodrome-slipstream;uniswap-v4-ethereum;uniswap_v3,0x6bbb0289dfda178555dd1ce4aaa8f1bdbfb1bcde;0x8c52de694f5a4ce27ea85fe4bc47e08d22c5dfb5f9b38b2a63765ed52cd3b147;0xae4045ffeddf61d570e6d1fe2d71ded1a2e85a88;0xc3db44adc1fcdfd5671f555236eae49f4a8eea18;0xc422bfb18f9fc217f955d759d3753f31137ccefd,0.10218978102189791,-0.009933774834437137,0.07615894039735105,-0.03394039735099341
2026-05-07,ENA,0.1196,58842479.6952112,733538.6388735818,59576018.33408479,0.01231264960944709,80.21728723870554,12,binance;bitget;bybit;coinbase;crypto_com;gate;htx;kraken;kucoin;mexc;okx;upbit,base;eth,base;eth,5,aerodrome-slipstream;uniswap-v4-ethereum;uniswap_v3,0x6bbb0289dfda178555dd1ce4aaa8f1bdbfb1bcde;0x8c52de694f5a4ce27ea85fe4bc47e08d22c5dfb5f9b38b2a63765ed52cd3b147;0xae4045ffeddf61d570e6d1fe2d71ded1a2e85a88;0xc3db44adc1fcdfd5671f555236eae49f4a8eea18;0xc422bfb18f9fc217f955d759d3753f31137ccefd,-0.009933774834437137,0.10117056856187312,0.10535117056856191,0.010033444816053505
2026-05-08,ENA,0.1317,65678549.719536394,587772.3598204745,66266322.07935687,0.008869850345950859,111.74147375626312,12,binance;bitget;bybit;coinbase;crypto_com;gate;htx;kraken;kucoin;mexc;okx;upbit,base;eth,base;eth,5,aerodrome-slipstream;uniswap-v4-ethereum;uniswap_v3,0x6bbb0289dfda178555dd1ce4aaa8f1bdbfb1bcde;0x8c52de694f5a4ce27ea85fe4bc47e08d22c5dfb5f9b38b2a63765ed52cd3b147;0xae4045ffeddf61d570e6d1fe2d71ded1a2e85a88;0xc3db44adc1fcdfd5671f555236eae49f4a8eea18;0xc422bfb18f9fc217f955d759d3753f31137ccefd,0.10117056856187312,-0.01290812452543666,-0.022019741837509543,-0.15717539863325747
2026-05-09,ENA,0.13,38115490.234840825,699561.5099707923,38815051.74481162,0.018022944155015902,54.484830413886264,12,binance;bitget;bybit;coinbase;crypto_com;gate;htx;kraken;kucoin;mexc;okx;upbit,base;eth,base;eth,5,aerodrome-slipstream;uniswap-v4-ethereum;uniswap_v3,0x6bbb0289dfda178555dd1ce4aaa8f1bdbfb1bcde;0x8c52de694f5a4ce27ea85fe4bc47e08d22c5dfb5f9b38b2a63765ed52cd3b147;0xae4045ffeddf61d570e6d1fe2d71ded1a2e85a88;0xc3db44adc1fcdfd5671f555236eae49f4a8eea18;0xc422bfb18f9fc217f955d759d3753f31137ccefd,-0.01290812452543666,0.01692307692307704,-0.06384615384615389,-0.17692307692307696
2026-05-10,ENA,0.1322,46555763.16838139,357594.1746698482,46913357.34305124,0.007622438361317039,130.1916151496718,12,binance;bitget;bybit;coinbase;crypto_com;gate;htx;kraken;kucoin;mexc;okx;upbit,base;eth,base;eth,5,aerodrome-slipstream;uniswap-v4-ethereum;uniswap_v3,0x6bbb0289dfda178555dd1ce4aaa8f1bdbfb1bcde;0x8c52de694f5a4ce27ea85fe4bc47e08d22c5dfb5f9b38b2a63765ed52cd3b147;0xae4045ffeddf61d570e6d1fe2d71ded1a2e85a88;0xc3db44adc1fcdfd5671f555236eae49f4a8eea18;0xc422bfb18f9fc217f955d759d3753f31137ccefd,0.01692307692307704,-0.025718608169440382,-0.11724659606656596,-0.20953101361573379
2026-05-11,ENA,0.1288,43128852.22150941,882740.233607118,44011592.45511653,0.02005699372290029,48.85792057451956,12,binance;bitget;bybit;coinbase;crypto_com;gate;htx;kraken;kucoin;mexc;okx;upbit,base;eth,base;eth,5,aerodrome-slipstream;uniswap-v4-ethereum;uniswap_v3,0x6bbb0289dfda178555dd1ce4aaa8f1bdbfb1bcde;0x8c52de694f5a4ce27ea85fe4bc47e08d22c5dfb5f9b38b2a63765ed52cd3b147;0xae4045ffeddf61d570e6d1fe2d71ded1a2e85a88;0xc3db44adc1fcdfd5671f555236eae49f4a8eea18;0xc422bfb18f9fc217f955d759d3753f31137ccefd,-0.025718608169440382,-0.05512422360248448,-0.06211180124223592,-0.18012422360248448
2026-05-12,ENA,0.1217,28915215.87148465,746552.7830948177,29661768.654579464,0.02516885597041287,38.73164299464169,12,binance;bitget;bybit;coinbase;crypto_com;gate;htx;kraken;kucoin;mexc;okx;upbit,base;eth,base;eth,5,aerodrome-slipstream;uniswap-v4-ethereum;uniswap_v3,0x6bbb0289dfda178555dd1ce4aaa8f1bdbfb1bcde;0x8c52de694f5a4ce27ea85fe4bc47e08d22c5dfb5f9b38b2a63765ed52cd3b147;0xae4045ffeddf61d570e6d1fe2d71ded1a2e85a88;0xc3db44adc1fcdfd5671f555236eae49f4a8eea18;0xc422bfb18f9fc217f955d759d3753f31137ccefd,-0.05512422360248448,-0.041084634346754356,-0.08792111750205422,-0.15447822514379617
2026-05-13,ENA,0.1167,32654492.546875443,442920.0511853338,33097412.598060776,0.01338231651410978,73.72547812971244,12,binance;bitget;bybit;coinbase;crypto_com;gate;htx;kraken;kucoin;mexc;okx;upbit,base;eth,base;eth,5,aerodrome-slipstream;uniswap-v4-ethereum;uniswap_v3,0x6bbb0289dfda178555dd1ce4aaa8f1bdbfb1bcde;0x8c52de694f5a4ce27ea85fe4bc47e08d22c5dfb5f9b38b2a63765ed52cd3b147;0xae4045ffeddf61d570e6d1fe2d71ded1a2e85a88;0xc3db44adc1fcdfd5671f555236eae49f4a8eea18;0xc422bfb18f9fc217f955d759d3753f31137ccefd,-0.041084634346754356,0.03513281919451594,-0.08311910882604967,-0.09340188517566406
2026-05-14,ENA,0.1208,30286514.0144587,456933.3320753568,30743447.34653406,0.014862787732452209,66.28212889810344,12,binance;bitget;bybit;coinbase;crypto_com;gate;htx;kraken;kucoin;mexc;okx;upbit,base;eth,base;eth,5,aerodrome-slipstream;uniswap-v4-ethereum;uniswap_v3,0x6bbb0289dfda178555dd1ce4aaa8f1bdbfb1bcde;0x8c52de694f5a4ce27ea85fe4bc47e08d22c5dfb5f9b38b2a63765ed52cd3b147;0xae4045ffeddf61d570e6d1fe2d71ded1a2e85a88;0xc3db44adc1fcdfd5671f555236eae49f4a8eea18;0xc422bfb18f9fc217f955d759d3753f31137ccefd,0.03513281919451594,-0.08112582781456956,-0.13493377483443714,-0.11506622516556297
2026-05-15,ENA,0.111,31304523.0978543,260779.80542184907,31565302.90327615,0.00826159679889474,120.04197582406623,12,binance;bitget;bybit;coinbase;crypto_com;gate;htx;kraken;kucoin;mexc;okx;upbit,base;eth,base;eth,5,aerodrome-slipstream;uniswap-v4-ethereum;uniswap_v3,0x6bbb0289dfda178555dd1ce4aaa8f1bdbfb1bcde;0x8c52de694f5a4ce27ea85fe4bc47e08d22c5dfb5f9b38b2a63765ed52cd3b147;0xae4045ffeddf61d570e6d1fe2d71ded1a2e85a88;0xc3db44adc1fcdfd5671f555236eae49f4a8eea18;0xc422bfb18f9fc217f955d759d3753f31137ccefd,-0.08112582781456956,-0.03603603603603611,-0.04864864864864871,-0.09909909909909909
2026-05-16,ENA,0.107,27389226.06854607,139123.55777452042,27528349.626320593,0.005053828495461299,196.86979334539583,12,binance;bitget;bybit;coinbase;crypto_com;gate;htx;kraken;kucoin;mexc;okx;upbit,base;eth,base;eth,5,aerodrome-slipstream;uniswap-v4-ethereum;uniswap_v3,0x6bbb0289dfda178555dd1ce4aaa8f1bdbfb1bcde;0x8c52de694f5a4ce27ea85fe4bc47e08d22c5dfb5f9b38b2a63765ed52cd3b147;0xae4045ffeddf61d570e6d1fe2d71ded1a2e85a88;0xc3db44adc1fcdfd5671f555236eae49f4a8eea18;0xc422bfb18f9fc217f955d759d3753f31137ccefd,-0.03603603603603611,-0.02336448598130847,-0.0383177570093457,-0.04579439252336448
2026-05-17,ENA,0.1045,19024657.235089354,248984.8116469314,19273642.046736285,0.012918410077512744,76.40890666884107,12,binance;bitget;bybit;coinbase;crypto_com;gate;htx;kraken;kucoin;mexc;okx;upbit,base;eth,base;eth,5,aerodrome-slipstream;uniswap-v4-ethereum;uniswap_v3,0x6bbb0289dfda178555dd1ce4aaa8f1bdbfb1bcde;0x8c52de694f5a4ce27ea85fe4bc47e08d22c5dfb5f9b38b2a63765ed52cd3b147;0xae4045ffeddf61d570e6d1fe2d71ded1a2e85a88;0xc3db44adc1fcdfd5671f555236eae49f4a8eea18;0xc422bfb18f9fc217f955d759d3753f31137ccefd,-0.02336448598130847,0.010526315789473717,0.012440191387559807,-0.05550239234449761
2026-05-18,ENA,0.1056,24890244.073452093,406036.4788803085,25296280.5523324,0.01605123243475692,61.300512067511164,12,binance;bitget;bybit;coinbase;crypto_com;gate;htx;kraken;kucoin;mexc;okx;upbit,base;eth,base;eth,5,aerodrome-slipstream;uniswap-v4-ethereum;uniswap_v3,0x6bbb0289dfda178555dd1ce4aaa8f1bdbfb1bcde;0x8c52de694f5a4ce27ea85fe4bc47e08d22c5dfb5f9b38b2a63765ed52cd3b147;0xae4045ffeddf61d570e6d1fe2d71ded1a2e85a88;0xc3db44adc1fcdfd5671f555236eae49f4a8eea18;0xc422bfb18f9fc217f955d759d3753f31137ccefd,0.010526315789473717,-0.025568181818181768,0.012310606060605966,-0.051136363636363646
2026-05-19,ENA,0.1029,17844655.29452472,557485.7176540443,18402141.012178767,0.03029461176746191,32.0091703328595,12,binance;bitget;bybit;coinbase;crypto_com;gate;htx;kraken;kucoin;mexc;okx;upbit,base;eth,base;eth,5,aerodrome-slipstream;uniswap-v4-ethereum;uniswap_v3,0x6bbb0289dfda178555dd1ce4aaa8f1bdbfb1bcde;0x8c52de694f5a4ce27ea85fe4bc47e08d22c5dfb5f9b38b2a63765ed52cd3b147;0xae4045ffeddf61d570e6d1fe2d71ded1a2e85a88;0xc3db44adc1fcdfd5671f555236eae49f4a8eea18;0xc422bfb18f9fc217f955d759d3753f31137ccefd,-0.025568181818181768,0.02818270165208947,-0.02818270165208936,-0.058309037900874716
2026-05-20,ENA,0.1058,20489682.000154916,753514.9363760932,21243196.93653101,0.03547088221360439,27.192137821045314,12,binance;bitget;bybit;coinbase;crypto_com;gate;htx;kraken;kucoin;mexc;okx;upbit,base;eth,base;eth,5,aerodrome-slipstream;uniswap-v4-ethereum;uniswap_v3,0x6bbb0289dfda178555dd1ce4aaa8f1bdbfb1bcde;0x8c52de694f5a4ce27ea85fe4bc47e08d22c5dfb5f9b38b2a63765ed52cd3b147;0xae4045ffeddf61d570e6d1fe2d71ded1a2e85a88;0xc3db44adc1fcdfd5671f555236eae49f4a8eea18;0xc422bfb18f9fc217f955d759d3753f31137ccefd,0.02818270165208947,0.010396975425330801,-0.03497164461247648,-0.118147448015123
2026-05-21,ENA,0.1069,21863395.511370774,375266.9359666771,22238662.447337452,0.01687452817161701,58.26091620635663,12,binance;bitget;bybit;coinbase;crypto_com;gate;htx;kraken;kucoin;mexc;okx;upbit,base;eth,base;eth,5,aerodrome-slipstream;uniswap-v4-ethereum;uniswap_v3,0x6bbb0289dfda178555dd1ce4aaa8f1bdbfb1bcde;0x8c52de694f5a4ce27ea85fe4bc47e08d22c5dfb5f9b38b2a63765ed52cd3b147;0xae4045ffeddf61d570e6d1fe2d71ded1a2e85a88;0xc3db44adc1fcdfd5671f555236eae49f4a8eea18;0xc422bfb18f9fc217f955d759d3753f31137ccefd,0.010396975425330801,-0.06454630495790448,-0.0767072029934518,-0.17399438727782968
2026-05-22,ENA,0.1,29137951.456565283,364011.9224105419,29501963.378975824,0.012338566004388376,80.04669534890333,12,binance;bitget;bybit;coinbase;crypto_com;gate;htx;kraken;kucoin;mexc;okx;upbit,base;eth,base;eth,5,aerodrome-slipstream;uniswap-v4-ethereum;uniswap_v3,0x6bbb0289dfda178555dd1ce4aaa8f1bdbfb1bcde;0x8c52de694f5a4ce27ea85fe4bc47e08d22c5dfb5f9b38b2a63765ed52cd3b147;0xae4045ffeddf61d570e6d1fe2d71ded1a2e85a88;0xc3db44adc1fcdfd5671f555236eae49f4a8eea18;0xc422bfb18f9fc217f955d759d3753f31137ccefd,-0.06454630495790448,0.020999999999999908,0.0020000000000000018,-0.132
2026-05-23,ENA,0.1021,33298638.653498873,224035.84462449444,33522674.498123366,0.006683113682860721,148.63085284102903,12,binance;bitget;bybit;coinbase;crypto_com;gate;htx;kraken;kucoin;mexc;okx;upbit,base;eth,base;eth,5,aerodrome-slipstream;uniswap-v4-ethereum;uniswap_v3,0x6bbb0289dfda178555dd1ce4aaa8f1bdbfb1bcde;0x8c52de694f5a4ce27ea85fe4bc47e08d22c5dfb5f9b38b2a63765ed52cd3b147;0xae4045ffeddf61d570e6d1fe2d71ded1a2e85a88;0xc3db44adc1fcdfd5671f555236eae49f4a8eea18;0xc422bfb18f9fc217f955d759d3753f31137ccefd,0.020999999999999908,-0.033300685602350666,-0.050930460333006855,-0.13516160626836426
2026-05-24,ENA,0.0987,15802084.643216582,172156.6758126931,15974241.319029275,0.010777142549337345,91.78897401811643,12,binance;bitget;bybit;coinbase;crypto_com;gate;htx;kraken;kucoin;mexc;okx;upbit,base;eth,base;eth,5,aerodrome-slipstream;uniswap-v4-ethereum;uniswap_v3,0x6bbb0289dfda178555dd1ce4aaa8f1bdbfb1bcde;0x8c52de694f5a4ce27ea85fe4bc47e08d22c5dfb5f9b38b2a63765ed52cd3b147;0xae4045ffeddf61d570e6d1fe2d71ded1a2e85a88;0xc3db44adc1fcdfd5671f555236eae49f4a8eea18;0xc422bfb18f9fc217f955d759d3753f31137ccefd,-0.033300685602350666,0.015197568389057725,-0.054711246200607966,-0.10739614994934144
2026-05-25,ENA,0.1002,19247198.39321244,244080.2396883695,19491278.63290081,0.01252253606781691,78.85602872967671,12,binance;bitget;bybit;coinbase;crypto_com;gate;htx;kraken;kucoin;mexc;okx;upbit,base;eth,base;eth,5,aerodrome-slipstream;uniswap-v4-ethereum;uniswap_v3,0x6bbb0289dfda178555dd1ce4aaa8f1bdbfb1bcde;0x8c52de694f5a4ce27ea85fe4bc47e08d22c5dfb5f9b38b2a63765ed52cd3b147;0xae4045ffeddf61d570e6d1fe2d71ded1a2e85a88;0xc3db44adc1fcdfd5671f555236eae49f4a8eea18;0xc422bfb18f9fc217f955d759d3753f31137ccefd,0.015197568389057725,-0.03293413173652693,-0.11876247504990012,-0.11477045908183625
2026-05-26,ENA,0.0969,32134146.231546238,255184.0825977258,32389330.314143963,0.00787864645927213,125.92535515705642,12,binance;bitget;bybit;coinbase;crypto_com;gate;htx;kraken;kucoin;mexc;okx;upbit,base;eth,base;eth,5,aerodrome-slipstream;uniswap-v4-ethereum;uniswap_v3,0x6bbb0289dfda178555dd1ce4aaa8f1bdbfb1bcde;0x8c52de694f5a4ce27ea85fe4bc47e08d22c5dfb5f9b38b2a63765ed52cd3b147;0xae4045ffeddf61d570e6d1fe2d71ded1a2e85a88;0xc3db44adc1fcdfd5671f555236eae49f4a8eea18;0xc422bfb18f9fc217f955d759d3753f31137ccefd,-0.03293413173652693,-0.037151702786377805,-0.10423116615067074,-0.02579979360165119
2026-05-27,ENA,0.0933,24643398.76578852,212197.87535276252,24855596.641141284,0.008537227185346661,116.13405046973624,12,binance;bitget;bybit;coinbase;crypto_com;gate;htx;kraken;kucoin;mexc;okx;upbit,base;eth,base;eth,5,aerodrome-slipstream;uniswap-v4-ethereum;uniswap_v3,0x6bbb0289dfda178555dd1ce4aaa8f1bdbfb1bcde;0x8c52de694f5a4ce27ea85fe4bc47e08d22c5dfb5f9b38b2a63765ed52cd3b147;0xae4045ffeddf61d570e6d1fe2d71ded1a2e85a88;0xc3db44adc1fcdfd5671f555236eae49f4a8eea18;0xc422bfb18f9fc217f955d759d3753f31137ccefd,-0.037151702786377805,-0.05359056806002138,-0.05359056806002138,0.20042872454448024
2026-05-28,ENA,0.0883,33110238.294907562,288170.7178389074,33398409.01274647,0.00862827680590795,114.89799707344582,12,binance;bitget;bybit;coinbase;crypto_com;gate;htx;kraken;kucoin;mexc;okx;upbit,base;eth,base;eth,5,aerodrome-slipstream;uniswap-v4-ethereum;uniswap_v3,0x6bbb0289dfda178555dd1ce4aaa8f1bdbfb1bcde;0x8c52de694f5a4ce27ea85fe4bc47e08d22c5dfb5f9b38b2a63765ed52cd3b147;0xae4045ffeddf61d570e6d1fe2d71ded1a2e85a88;0xc3db44adc1fcdfd5671f555236eae49f4a8eea18;0xc422bfb18f9fc217f955d759d3753f31137ccefd,-0.05359056806002138,-0.016987542468856143,-0.0022650056625141968,0.07021517553793877
2026-05-29,ENA,0.0868,26813544.69438479,356318.2058204664,27169862.90020526,0.01311446462314591,75.25168306414014,12,binance;bitget;bybit;coinbase;crypto_com;gate;htx;kraken;kucoin;mexc;okx;upbit,base;eth,base;eth,5,aerodrome-slipstream;uniswap-v4-ethereum;uniswap_v3,0x6bbb0289dfda178555dd1ce4aaa8f1bdbfb1bcde;0x8c52de694f5a4ce27ea85fe4bc47e08d22c5dfb5f9b38b2a63765ed52cd3b147;0xae4045ffeddf61d570e6d1fe2d71ded1a2e85a88;0xc3db44adc1fcdfd5671f555236eae49f4a8eea18;0xc422bfb18f9fc217f955d759d3753f31137ccefd,-0.016987542468856143,0.017281105990783363,0.02188940092165903,0.08986175115207384
2026-05-30,ENA,0.0883,18598484.65751912,122520.60184127722,18721005.2593604,0.00654455250366524,151.79883528170268,12,binance;bitget;bybit;coinbase;crypto_com;gate;htx;kraken;kucoin;mexc;okx;upbit,base;eth,base;eth,5,aerodrome-slipstream;uniswap-v4-ethereum;uniswap_v3,0x6bbb0289dfda178555dd1ce4aaa8f1bdbfb1bcde;0x8c52de694f5a4ce27ea85fe4bc47e08d22c5dfb5f9b38b2a63765ed52cd3b147;0xae4045ffeddf61d570e6d1fe2d71ded1a2e85a88;0xc3db44adc1fcdfd5671f555236eae49f4a8eea18;0xc422bfb18f9fc217f955d759d3753f31137ccefd,0.017281105990783363,-0.0022650056625141968,0.06908267270668178,0.014722536806341946
2026-05-31,ENA,0.0881,29282661.267419606,298236.1551485062,29580897.422568113,0.010082052308560907,98.1861547029345,12,binance;bitget;bybit;coinbase;crypto_com;gate;htx;kraken;kucoin;mexc;okx;upbit,base;eth,base;eth,5,aerodrome-slipstream;uniswap-v4-ethereum;uniswap_v3,0x6bbb0289dfda178555dd1ce4aaa8f1bdbfb1bcde;0x8c52de694f5a4ce27ea85fe4bc47e08d22c5dfb5f9b38b2a63765ed52cd3b147;0xae4045ffeddf61d570e6d1fe2d71ded1a2e85a88;0xc3db44adc1fcdfd5671f555236eae49f4a8eea18;0xc422bfb18f9fc217f955d759d3753f31137ccefd,-0.0022650056625141968,0.006810442678774065,0.2712826333711691,0.0192962542565267
2026-06-01,ENA,0.0887,25866227.14205108,269499.5037671145,26135726.645818193,0.01031153667235938,95.9787561033995,12,binance;bitget;bybit;coinbase;crypto_com;gate;htx;kraken;kucoin;mexc;okx;upbit,base;eth,base;eth,5,aerodrome-slipstream;uniswap-v4-ethereum;uniswap_v3,0x6bbb0289dfda178555dd1ce4aaa8f1bdbfb1bcde;0x8c52de694f5a4ce27ea85fe4bc47e08d22c5dfb5f9b38b2a63765ed52cd3b147;0xae4045ffeddf61d570e6d1fe2d71ded1a2e85a88;0xc3db44adc1fcdfd5671f555236eae49f4a8eea18;0xc422bfb18f9fc217f955d759d3753f31137ccefd,0.006810442678774065,0.06426155580608794,0.06538895152198432,-0.03720405862457721
2026-06-02,ENA,0.0944,103214154.21779042,1038840.0069365811,104252994.224727,0.00996460595364067,99.35519765180878,12,binance;bitget;bybit;coinbase;crypto_com;gate;htx;kraken;kucoin;mexc;okx;upbit,base;eth,base;eth,5,aerodrome-slipstream;uniswap-v4-ethereum;uniswap_v3,0x6bbb0289dfda178555dd1ce4aaa8f1bdbfb1bcde;0x8c52de694f5a4ce27ea85fe4bc47e08d22c5dfb5f9b38b2a63765ed52cd3b147;0xae4045ffeddf61d570e6d1fe2d71ded1a2e85a88;0xc3db44adc1fcdfd5671f555236eae49f4a8eea18;0xc422bfb18f9fc217f955d759d3753f31137ccefd,0.06426155580608794,0.18644067796610164,0.0021186440677967155,-0.149364406779661
2026-06-03,ENA,0.112,221980649.95705837,2047375.2931120552,224028025.25017044,0.009138924877036105,108.422061506683,12,binance;bitget;bybit;coinbase;crypto_com;gate;htx;kraken;kucoin;mexc;okx;upbit,base;eth,base;eth,5,aerodrome-slipstream;uniswap-v4-ethereum;uniswap_v3,0x6bbb0289dfda178555dd1ce4aaa8f1bdbfb1bcde;0x8c52de694f5a4ce27ea85fe4bc47e08d22c5dfb5f9b38b2a63765ed52cd3b147;0xae4045ffeddf61d570e6d1fe2d71ded1a2e85a88;0xc3db44adc1fcdfd5671f555236eae49f4a8eea18;0xc422bfb18f9fc217f955d759d3753f31137ccefd,0.18644067796610164,-0.15625,-0.20000000000000007,-0.3571428571428572
2026-06-04,ENA,0.0945,175837538.4458228,1665440.9202366697,177502979.36605948,0.009382608259222946,105.58017177867539,12,binance;bitget;bybit;coinbase;crypto_com;gate;htx;kraken;kucoin;mexc;okx;upbit,base;eth,base;eth,5,aerodrome-slipstream;uniswap-v4-ethereum;uniswap_v3,0x6bbb0289dfda178555dd1ce4aaa8f1bdbfb1bcde;0x8c52de694f5a4ce27ea85fe4bc47e08d22c5dfb5f9b38b2a63765ed52cd3b147;0xae4045ffeddf61d570e6d1fe2d71ded1a2e85a88;0xc3db44adc1fcdfd5671f555236eae49f4a8eea18;0xc422bfb18f9fc217f955d759d3753f31137ccefd,-0.15625,0.0010582010582009804,-0.049735449735449744,-0.15449735449735447
2026-06-05,ENA,0.0946,128663654.1133242,1508714.7593291367,130172368.87265334,0.011590130627530495,85.28030452259618,12,binance;bitget;bybit;coinbase;crypto_com;gate;htx;kraken;kucoin;mexc;okx;upbit,base;eth,base;eth,5,aerodrome-slipstream;uniswap-v4-ethereum;uniswap_v3,0x6bbb0289dfda178555dd1ce4aaa8f1bdbfb1bcde;0x8c52de694f5a4ce27ea85fe4bc47e08d22c5dfb5f9b38b2a63765ed52cd3b147;0xae4045ffeddf61d570e6d1fe2d71ded1a2e85a88;0xc3db44adc1fcdfd5671f555236eae49f4a8eea18;0xc422bfb18f9fc217f955d759d3753f31137ccefd,0.0010582010582009804,-0.052854122621564525,-0.09725158562367864,-0.17230443974630028
2026-06-06,ENA,0.0896,87479146.1775818,1766150.4236944544,89245296.60127626,0.019789843173306204,49.53097143027709,12,binance;bitget;bybit;coinbase;crypto_com;gate;htx;kraken;kucoin;mexc;okx;upbit,base;eth,base;eth,5,aerodrome-slipstream;uniswap-v4-ethereum;uniswap_v3,0x6bbb0289dfda178555dd1ce4aaa8f1bdbfb1bcde;0x8c52de694f5a4ce27ea85fe4bc47e08d22c5dfb5f9b38b2a63765ed52cd3b147;0xae4045ffeddf61d570e6d1fe2d71ded1a2e85a88;0xc3db44adc1fcdfd5671f555236eae49f4a8eea18;0xc422bfb18f9fc217f955d759d3753f31137ccefd,-0.052854122621564525,0.0022321428571430157,-0.1037946428571429,-0.06249999999999989
2026-06-07,ENA,0.0898,62754956.9665437,720554.9197444442,63475511.88628814,0.011351699235372327,87.09253832976492,12,binance;bitget;bybit;coinbase;crypto_com;gate;htx;kraken;kucoin;mexc;okx;upbit,base;eth,base;eth,5,aerodrome-slipstream;uniswap-v4-ethereum;uniswap_v3,0x6bbb0289dfda178555dd1ce4aaa8f1bdbfb1bcde;0x8c52de694f5a4ce27ea85fe4bc47e08d22c5dfb5f9b38b2a63765ed52cd3b147;0xae4045ffeddf61d570e6d1fe2d71ded1a2e85a88;0xc3db44adc1fcdfd5671f555236eae49f4a8eea18;0xc422bfb18f9fc217f955d759d3753f31137ccefd,0.0022321428571430157,-0.04899777282850781,-0.19821826280623622,-0.06347438752783974
2026-06-08,ENA,0.0854,57528521.28552082,473824.94611977885,58002346.2316406,0.008169065165527817,121.41302765215343,12,binance;bitget;bybit;coinbase;crypto_com;gate;htx;kraken;kucoin;mexc;okx;upbit,base;eth,base;eth,5,aerodrome-slipstream;uniswap-v4-ethereum;uniswap_v3,0x6bbb0289dfda178555dd1ce4aaa8f1bdbfb1bcde;0x8c52de694f5a4ce27ea85fe4bc47e08d22c5dfb5f9b38b2a63765ed52cd3b147;0xae4045ffeddf61d570e6d1fe2d71ded1a2e85a88;0xc3db44adc1fcdfd5671f555236eae49f4a8eea18;0xc422bfb18f9fc217f955d759d3753f31137ccefd,-0.04899777282850781,-0.059718969555035195,-0.06440281030444972,0.0011709601873537423
2026-06-09,ENA,0.0803,82604160.48159951,991592.517488678,83595752.99908818,0.011861757109831809,83.30454196125243,12,binance;bitget;bybit;coinbase;crypto_com;gate;htx;kraken;kucoin;mexc;okx;upbit,base;eth,base;eth,5,aerodrome-slipstream;uniswap-v4-ethereum;uniswap_v3,0x6bbb0289dfda178555dd1ce4aaa8f1bdbfb1bcde;0x8c52de694f5a4ce27ea85fe4bc47e08d22c5dfb5f9b38b2a63765ed52cd3b147;0xae4045ffeddf61d570e6d1fe2d71ded1a2e85a88;0xc3db44adc1fcdfd5671f555236eae49f4a8eea18;0xc422bfb18f9fc217f955d759d3753f31137ccefd,-0.059718969555035195,-0.10336239103362399,-0.02490660024906599,0.07222914072229147
2026-06-10,ENA,0.072,58538587.86927588,1143438.7976390135,59682026.666914895,0.01915884666619215,51.19520868991596,12,binance;bitget;bybit;coinbase;crypto_com;gate;htx;kraken;kucoin;mexc;okx;upbit,base;eth,base;eth,5,aerodrome-slipstream;uniswap-v4-ethereum;uniswap_v3,0x6bbb0289dfda178555dd1ce4aaa8f1bdbfb1bcde;0x8c52de694f5a4ce27ea85fe4bc47e08d22c5dfb5f9b38b2a63765ed52cd3b147;0xae4045ffeddf61d570e6d1fe2d71ded1a2e85a88;0xc3db44adc1fcdfd5671f555236eae49f4a8eea18;0xc422bfb18f9fc217f955d759d3753f31137ccefd,-0.10336239103362399,0.10972222222222228,0.16666666666666674,0.3208333333333335
2026-06-11,ENA,0.0799,62375777.07742907,2375124.5047899573,64750901.58221903,0.036680948786081156,26.262108344903474,12,binance;bitget;bybit;coinbase;crypto_com;gate;htx;kraken;kucoin;mexc;okx;upbit,base;eth,base;eth,5,aerodrome-slipstream;uniswap-v4-ethereum;uniswap_v3,0x6bbb0289dfda178555dd1ce4aaa8f1bdbfb1bcde;0x8c52de694f5a4ce27ea85fe4bc47e08d22c5dfb5f9b38b2a63765ed52cd3b147;0xae4045ffeddf61d570e6d1fe2d71ded1a2e85a88;0xc3db44adc1fcdfd5671f555236eae49f4a8eea18;0xc422bfb18f9fc217f955d759d3753f31137ccefd,0.10972222222222228,-0.020025031289111483,0.052565707133917394,0.19774718397997493
2026-06-12,ENA,0.0783,57699521.54198408,1730639.2201920608,59430160.76217614,0.029120554243789166,33.3400057439937,12,binance;bitget;bybit;coinbase;crypto_com;gate;htx;kraken;kucoin;mexc;okx;upbit,base;eth,base;eth,5,aerodrome-slipstream;uniswap-v4-ethereum;uniswap_v3,0x6bbb0289dfda178555dd1ce4aaa8f1bdbfb1bcde;0x8c52de694f5a4ce27ea85fe4bc47e08d22c5dfb5f9b38b2a63765ed52cd3b147;0xae4045ffeddf61d570e6d1fe2d71ded1a2e85a88;0xc3db44adc1fcdfd5671f555236eae49f4a8eea18;0xc422bfb18f9fc217f955d759d3753f31137ccefd,-0.020025031289111483,0.07279693486590055,0.09195402298850586,0.1238825031928481
2026-06-13,ENA,0.084,51076137.29449471,1385007.8954106953,52461145.189905405,0.026400641663407668,36.87786724085724,12,binance;bitget;bybit;coinbase;crypto_com;gate;htx;kraken;kucoin;mexc;okx;upbit,base;eth,base;eth,5,aerodrome-slipstream;uniswap-v4-ethereum;uniswap_v3,0x6bbb0289dfda178555dd1ce4aaa8f1bdbfb1bcde;0x8c52de694f5a4ce27ea85fe4bc47e08d22c5dfb5f9b38b2a63765ed52cd3b147;0xae4045ffeddf61d570e6d1fe2d71ded1a2e85a88;0xc3db44adc1fcdfd5671f555236eae49f4a8eea18;0xc422bfb18f9fc217f955d759d3753f31137ccefd,0.07279693486590055,0.0011904761904759642,0.02499999999999991,0.06428571428571406
2026-06-14,ENA,0.0841,45298936.46106356,991674.221123921,46290610.682187475,0.021422794093868262,45.67925181086555,12,binance;bitget;bybit;coinbase;crypto_com;gate;htx;kraken;kucoin;mexc;okx;upbit,base;eth,base;eth,5,aerodrome-slipstream;uniswap-v4-ethereum;uniswap_v3,0x6bbb0289dfda178555dd1ce4aaa8f1bdbfb1bcde;0x8c52de694f5a4ce27ea85fe4bc47e08d22c5dfb5f9b38b2a63765ed52cd3b147;0xae4045ffeddf61d570e6d1fe2d71ded1a2e85a88;0xc3db44adc1fcdfd5671f555236eae49f4a8eea18;0xc422bfb18f9fc217f955d759d3753f31137ccefd,0.0011904761904759642,0.01664684898929858,0.13079667063020217,0.03329369797859694
2026-06-15,ENA,0.0855,67484828.72881599,1472612.3773884296,68957441.10620442,0.02135538027173012,45.82660703184867,12,binance;bitget;bybit;coinbase;crypto_com;gate;htx;kraken;kucoin;mexc;okx;upbit,base;eth,base;eth,5,aerodrome-slipstream;uniswap-v4-ethereum;uniswap_v3,0x6bbb0289dfda178555dd1ce4aaa8f1bdbfb1bcde;0x8c52de694f5a4ce27ea85fe4bc47e08d22c5dfb5f9b38b2a63765ed52cd3b147;0xae4045ffeddf61d570e6d1fe2d71ded1a2e85a88;0xc3db44adc1fcdfd5671f555236eae49f4a8eea18;0xc422bfb18f9fc217f955d759d3753f31137ccefd,0.01664684898929858,0.007017543859648923,0.11929824561403501,0.06315789473684186
2026-06-16,ENA,0.0861,52336840.090363786,1601207.0131310576,53938047.103494845,0.029686039801528327,32.68586738701728,12,binance;bitget;bybit;coinbase;crypto_com;gate;htx;kraken;kucoin;mexc;okx;upbit,base;eth,base;eth,5,aerodrome-slipstream;uniswap-v4-ethereum;uniswap_v3,0x6bbb0289dfda178555dd1ce4aaa8f1bdbfb1bcde;0x8c52de694f5a4ce27ea85fe4bc47e08d22c5dfb5f9b38b2a63765ed52cd3b147;0xae4045ffeddf61d570e6d1fe2d71ded1a2e85a88;0xc3db44adc1fcdfd5671f555236eae49f4a8eea18;0xc422bfb18f9fc217f955d759d3753f31137ccefd,0.007017543859648923,0.1045296167247387,0.022067363530778206,0.0034843205574914826
2026-06-17,ENA,0.0951,96651793.04219805,2933552.03702021,99585345.07921825,0.02945766804027867,32.94701843447551,12,binance;bitget;bybit;coinbase;crypto_com;gate;htx;kraken;kucoin;mexc;okx;upbit,base;eth,base;eth,5,aerodrome-slipstream;uniswap-v4-ethereum;uniswap_v3,0x6bbb0289dfda178555dd1ce4aaa8f1bdbfb1bcde;0x8c52de694f5a4ce27ea85fe4bc47e08d22c5dfb5f9b38b2a63765ed52cd3b147;0xae4045ffeddf61d570e6d1fe2d71ded1a2e85a88;0xc3db44adc1fcdfd5671f555236eae49f4a8eea18;0xc422bfb18f9fc217f955d759d3753f31137ccefd,0.1045296167247387,0.006309148264984188,-0.05993690851735023,-0.10515247108307058
2026-06-18,ENA,0.0957,87580884.17836986,3149181.37137221,90730065.54974207,0.03470934747253869,27.810682793480318,12,binance;bitget;bybit;coinbase;crypto_com;gate;htx;kraken;kucoin;mexc;okx;upbit,base;eth,base;eth,5,aerodrome-slipstream;uniswap-v4-ethereum;uniswap_v3,0x6bbb0289dfda178555dd1ce4aaa8f1bdbfb1bcde;0x8c52de694f5a4ce27ea85fe4bc47e08d22c5dfb5f9b38b2a63765ed52cd3b147;0xae4045ffeddf61d570e6d1fe2d71ded1a2e85a88;0xc3db44adc1fcdfd5671f555236eae49f4a8eea18;0xc422bfb18f9fc217f955d759d3753f31137ccefd,0.006309148264984188,-0.08045977011494254,-0.09195402298850563,-0.13897596656217337
2026-06-19,ENA,0.088,43320719.51713815,1535567.1067453132,44856286.62388346,0.034233041170369856,28.211544338793434,12,binance;bitget;bybit;coinbase;crypto_com;gate;htx;kraken;kucoin;mexc;okx;upbit,base;eth,base;eth,5,aerodrome-slipstream;uniswap-v4-ethereum;uniswap_v3,0x6bbb0289dfda178555dd1ce4aaa8f1bdbfb1bcde;0x8c52de694f5a4ce27ea85fe4bc47e08d22c5dfb5f9b38b2a63765ed52cd3b147;0xae4045ffeddf61d570e6d1fe2d71ded1a2e85a88;0xc3db44adc1fcdfd5671f555236eae49f4a8eea18;0xc422bfb18f9fc217f955d759d3753f31137ccefd,-0.08045977011494254,0.015909090909090873,0.03295454545454546,-0.09659090909090906
2026-06-20,ENA,0.0894,30630745.86013021,989898.2940179793,31620644.154148187,0.0313054436586523,30.943326243952363,12,binance;bitget;bybit;coinbase;crypto_com;gate;htx;kraken;kucoin;mexc;okx;upbit,base;eth,base;eth,5,aerodrome-slipstream;uniswap-v4-ethereum;uniswap_v3,0x6bbb0289dfda178555dd1ce4aaa8f1bdbfb1bcde;0x8c52de694f5a4ce27ea85fe4bc47e08d22c5dfb5f9b38b2a63765ed52cd3b147;0xae4045ffeddf61d570e6d1fe2d71ded1a2e85a88;0xc3db44adc1fcdfd5671f555236eae49f4a8eea18;0xc422bfb18f9fc217f955d759d3753f31137ccefd,0.015909090909090873,-0.027964205816554677,-0.03355704697986561,-0.14093959731543626
2026-06-21,ENA,0.0869,37307967.40473969,1339125.4314620884,38647092.83620178,0.03465009482440794,27.859949880875597,12,binance;bitget;bybit;coinbase;crypto_com;gate;htx;kraken;kucoin;mexc;okx;upbit,base;eth,base;eth,5,aerodrome-slipstream;uniswap-v4-ethereum;uniswap_v3,0x6bbb0289dfda178555dd1ce4aaa8f1bdbfb1bcde;0x8c52de694f5a4ce27ea85fe4bc47e08d22c5dfb5f9b38b2a63765ed52cd3b147;0xae4045ffeddf61d570e6d1fe2d71ded1a2e85a88;0xc3db44adc1fcdfd5671f555236eae49f4a8eea18;0xc422bfb18f9fc217f955d759d3753f31137ccefd,-0.027964205816554677,0.04602991944764079,-0.020713463751438566,-0.11507479861910253
2026-06-22,ENA,0.0909,72621401.81855579,1922986.0515143117,74544387.8700701,0.025796523473585315,37.764913459131925,12,binance;bitget;bybit;coinbase;crypto_com;gate;htx;kraken;kucoin;mexc;okx;upbit,base;eth,base;eth,5,aerodrome-slipstream;uniswap-v4-ethereum;uniswap_v3,0x6bbb0289dfda178555dd1ce4aaa8f1bdbfb1bcde;0x8c52de694f5a4ce27ea85fe4bc47e08d22c5dfb5f9b38b2a63765ed52cd3b147;0xae4045ffeddf61d570e6d1fe2d71ded1a2e85a88;0xc3db44adc1fcdfd5671f555236eae49f4a8eea18;0xc422bfb18f9fc217f955d759d3753f31137ccefd,0.04602991944764079,-0.04950495049504944,-0.0935093509350935,-0.13311331133113313
2026-06-23,ENA,0.0864,43185698.237193175,793522.0122099607,43979220.249403134,0.018043112354197095,54.42281067530931,12,binance;bitget;bybit;coinbase;crypto_com;gate;htx;kraken;kucoin;mexc;okx;upbit,base;eth,base;eth,5,aerodrome-slipstream;uniswap-v4-ethereum;uniswap_v3,0x6bbb0289dfda178555dd1ce4aaa8f1bdbfb1bcde;0x8c52de694f5a4ce27ea85fe4bc47e08d22c5dfb5f9b38b2a63765ed52cd3b147;0xae4045ffeddf61d570e6d1fe2d71ded1a2e85a88;0xc3db44adc1fcdfd5671f555236eae49f4a8eea18;0xc422bfb18f9fc217f955d759d3753f31137ccefd,-0.04950495049504944,-0.015046296296296391,-0.07986111111111116,-0.16435185185185186
2026-06-24,ENA,0.0851,39301377.72861136,1021393.0498533103,40322770.77846467,0.025330428195643975,38.47821143315564,12,binance;bitget;bybit;coinbase;crypto_com;gate;htx;kraken;kucoin;mexc;okx;upbit,base;eth,base;eth,5,aerodrome-slipstream;uniswap-v4-ethereum;uniswap_v3,0x6bbb0289dfda178555dd1ce4aaa8f1bdbfb1bcde;0x8c52de694f5a4ce27ea85fe4bc47e08d22c5dfb5f9b38b2a63765ed52cd3b147;0xae4045ffeddf61d570e6d1fe2d71ded1a2e85a88;0xc3db44adc1fcdfd5671f555236eae49f4a8eea18;0xc422bfb18f9fc217f955d759d3753f31137ccefd,-0.015046296296296391,-0.031727379553466495,-0.09753231492361925,-0.16098707403055224
2026-06-25,ENA,0.0824,49005267.41259429,1439476.817152715,50444744.229747005,0.028535714456132837,34.043804546659324,12,binance;bitget;bybit;coinbase;crypto_com;gate;htx;kraken;kucoin;mexc;okx;upbit,base;eth,base;eth,5,aerodrome-slipstream;uniswap-v4-ethereum;uniswap_v3,0x6bbb0289dfda178555dd1ce4aaa8f1bdbfb1bcde;0x8c52de694f5a4ce27ea85fe4bc47e08d22c5dfb5f9b38b2a63765ed52cd3b147;0xae4045ffeddf61d570e6d1fe2d71ded1a2e85a88;0xc3db44adc1fcdfd5671f555236eae49f4a8eea18;0xc422bfb18f9fc217f955d759d3753f31137ccefd,-0.031727379553466495,-0.03519417475728159,-0.066747572815534,-0.06917475728155331
2026-06-26,ENA,0.0795,57954579.7991636,1563188.3391944165,59517768.13835802,0.026264229793707145,37.074598336007476,12,binance;bitget;bybit;coinbase;crypto_com;gate;htx;kraken;kucoin;mexc;okx;upbit,base;eth,base;eth,5,aerodrome-slipstream;uniswap-v4-ethereum;uniswap_v3,0x6bbb0289dfda178555dd1ce4aaa8f1bdbfb1bcde;0x8c52de694f5a4ce27ea85fe4bc47e08d22c5dfb5f9b38b2a63765ed52cd3b147;0xae4045ffeddf61d570e6d1fe2d71ded1a2e85a88;0xc3db44adc1fcdfd5671f555236eae49f4a8eea18;0xc422bfb18f9fc217f955d759d3753f31137ccefd,-0.03519417475728159,-0.0339622641509435,-0.00880503144654099,-0.0012578616352201255
2026-06-27,ENA,0.0768,25244652.903421104,462124.1678723944,25706777.0712935,0.01797674467673522,54.62742409609677,12,binance;bitget;bybit;coinbase;crypto_com;gate;htx;kraken;kucoin;mexc;okx;upbit,base;eth,base;eth,5,aerodrome-slipstream;uniswap-v4-ethereum;uniswap_v3,0x6bbb0289dfda178555dd1ce4aaa8f1bdbfb1bcde;0x8c52de694f5a4ce27ea85fe4bc47e08d22c5dfb5f9b38b2a63765ed52cd3b147;0xae4045ffeddf61d570e6d1fe2d71ded1a2e85a88;0xc3db44adc1fcdfd5671f555236eae49f4a8eea18;0xc422bfb18f9fc217f955d759d3753f31137ccefd,-0.0339622641509435,0.0013020833333334814,-0.05989583333333326,0.02734375
2026-06-28,ENA,0.0769,24557126.952963427,641300.6716673236,25198427.62463075,0.025450027327914314,38.29268865276115,12,binance;bitget;bybit;coinbase;crypto_com;gate;htx;kraken;kucoin;mexc;okx;upbit,base;eth,base;eth,5,aerodrome-slipstream;uniswap-v4-ethereum;uniswap_v3,0x6bbb0289dfda178555dd1ce4aaa8f1bdbfb1bcde;0x8c52de694f5a4ce27ea85fe4bc47e08d22c5dfb5f9b38b2a63765ed52cd3b147;0xae4045ffeddf61d570e6d1fe2d71ded1a2e85a88;0xc3db44adc1fcdfd5671f555236eae49f4a8eea18;0xc422bfb18f9fc217f955d759d3753f31137ccefd,0.0013020833333334814,0.024707412223667014,-0.07152145643693097,0.04941482444733425
2026-06-29,ENA,0.0788,67553536.36573504,2048804.2079684185,69602340.57370345,0.029435852172225364,32.972177674664536,12,binance;bitget;bybit;coinbase;crypto_com;gate;htx;kraken;kucoin;mexc;okx;upbit,base;eth,base;eth,5,aerodrome-slipstream;uniswap-v4-ethereum;uniswap_v3,0x6bbb0289dfda178555dd1ce4aaa8f1bdbfb1bcde;0x8c52de694f5a4ce27ea85fe4bc47e08d22c5dfb5f9b38b2a63765ed52cd3b147;0xae4045ffeddf61d570e6d1fe2d71ded1a2e85a88;0xc3db44adc1fcdfd5671f555236eae49f4a8eea18;0xc422bfb18f9fc217f955d759d3753f31137ccefd,0.024707412223667014,-0.08375634517766495,-0.026649746192893287,-0.005076142131979711
2026-06-30,ENA,0.0722,64325702.20635757,1294084.7773710792,65619786.98372865,0.01972095364606968,49.70748696776622,12,binance;bitget;bybit;coinbase;crypto_com;gate;htx;kraken;kucoin;mexc;okx;upbit,base;eth,base;eth,5,aerodrome-slipstream;uniswap-v4-ethereum;uniswap_v3,0x6bbb0289dfda178555dd1ce4aaa8f1bdbfb1bcde;0x8c52de694f5a4ce27ea85fe4bc47e08d22c5dfb5f9b38b2a63765ed52cd3b147;0xae4045ffeddf61d570e6d1fe2d71ded1a2e85a88;0xc3db44adc1fcdfd5671f555236eae49f4a8eea18;0xc422bfb18f9fc217f955d759d3753f31137ccefd,-0.08375634517766495,-0.011080332409972193,0.09972299168975063,0.049861495844875536
2026-07-01,ENA,0.0714,42875793.17719579,885382.9772633468,43761176.154459134,0.02023215678980623,48.426267816579994,12,binance;bitget;bybit;coinbase;crypto_com;gate;htx;kraken;kucoin;mexc;okx;upbit,base;eth,base;eth,5,aerodrome-slipstream;uniswap-v4-ethereum;uniswap_v3,0x6bbb0289dfda178555dd1ce4aaa8f1bdbfb1bcde;0x8c52de694f5a4ce27ea85fe4bc47e08d22c5dfb5f9b38b2a63765ed52cd3b147;0xae4045ffeddf61d570e6d1fe2d71ded1a2e85a88;0xc3db44adc1fcdfd5671f555236eae49f4a8eea18;0xc422bfb18f9fc217f955d759d3753f31137ccefd,-0.011080332409972193,0.07422969187675066,0.10504201680672254,
2026-07-02,ENA,0.0767,62123169.97899542,1689004.0586544552,63812174.03764988,0.026468367268883904,36.78094771926471,12,binance;bitget;bybit;coinbase;crypto_com;gate;htx;kraken;kucoin;mexc;okx;upbit,base;eth,base;eth,5,aerodrome-slipstream;uniswap-v4-ethereum;uniswap_v3,0x6bbb0289dfda178555dd1ce4aaa8f1bdbfb1bcde;0x8c52de694f5a4ce27ea85fe4bc47e08d22c5dfb5f9b38b2a63765ed52cd3b147;0xae4045ffeddf61d570e6d1fe2d71ded1a2e85a88;0xc3db44adc1fcdfd5671f555236eae49f4a8eea18;0xc422bfb18f9fc217f955d759d3753f31137ccefd,0.07422969187675066,0.03520208604954367,0.052151238591916504,
2026-07-03,ENA,0.0794,26915546.39147408,632356.8580696858,27547903.249543764,0.022954809022721488,42.563856227693485,12,binance;bitget;bybit;coinbase;crypto_com;gate;htx;kraken;kucoin;mexc;okx;upbit,base;eth,base;eth,5,aerodrome-slipstream;uniswap-v4-ethereum;uniswap_v3,0x6bbb0289dfda178555dd1ce4aaa8f1bdbfb1bcde;0x8c52de694f5a4ce27ea85fe4bc47e08d22c5dfb5f9b38b2a63765ed52cd3b147;0xae4045ffeddf61d570e6d1fe2d71ded1a2e85a88;0xc3db44adc1fcdfd5671f555236eae49f4a8eea18;0xc422bfb18f9fc217f955d759d3753f31137ccefd,0.03520208604954367,-0.006297229219143552,-0.012594458438287215,
2026-07-04,ENA,0.0789,23492651.854811713,635662.7288397453,24128314.583651457,0.026345094541765018,36.957730552634565,12,binance;bitget;bybit;coinbase;crypto_com;gate;htx;kraken;kucoin;mexc;okx;upbit,base;eth,base;eth,5,aerodrome-slipstream;uniswap-v4-ethereum;uniswap_v3,0x6bbb0289dfda178555dd1ce4aaa8f1bdbfb1bcde;0x8c52de694f5a4ce27ea85fe4bc47e08d22c5dfb5f9b38b2a63765ed52cd3b147;0xae4045ffeddf61d570e6d1fe2d71ded1a2e85a88;0xc3db44adc1fcdfd5671f555236eae49f4a8eea18;0xc422bfb18f9fc217f955d759d3753f31137ccefd,-0.006297229219143552,0.02281368821292773,-0.03929024081115329,
2026-07-05,ENA,0.0807,19367703.28865535,648292.8490618782,20015996.13771723,0.03238873771764298,29.87492969679008,12,binance;bitget;bybit;coinbase;crypto_com;gate;htx;kraken;kucoin;mexc;okx;upbit,base;eth,base;eth,5,aerodrome-slipstream;uniswap-v4-ethereum;uniswap_v3,0x6bbb0289dfda178555dd1ce4aaa8f1bdbfb1bcde;0x8c52de694f5a4ce27ea85fe4bc47e08d22c5dfb5f9b38b2a63765ed52cd3b147;0xae4045ffeddf61d570e6d1fe2d71ded1a2e85a88;0xc3db44adc1fcdfd5671f555236eae49f4a8eea18;0xc422bfb18f9fc217f955d759d3753f31137ccefd,0.02281368821292773,-0.028500619578686437,,
2026-07-06,ENA,0.0784,27786952.87677499,1072725.963176697,28859678.839951687,0.03717040543402294,25.903123286480934,12,binance;bitget;bybit;coinbase;crypto_com;gate;htx;kraken;kucoin;mexc;okx;upbit,base;eth,base;eth,5,aerodrome-slipstream;uniswap-v4-ethereum;uniswap_v3,0x6bbb0289dfda178555dd1ce4aaa8f1bdbfb1bcde;0x8c52de694f5a4ce27ea85fe4bc47e08d22c5dfb5f9b38b2a63765ed52cd3b147;0xae4045ffeddf61d570e6d1fe2d71ded1a2e85a88;0xc3db44adc1fcdfd5671f555236eae49f4a8eea18;0xc422bfb18f9fc217f955d759d3753f31137ccefd,-0.028500619578686437,-0.03316326530612235,,
2026-07-07,ENA,0.0758,25317054.78131651,249758.58430296145,25566813.365619473,0.009768858587547714,101.36610460045885,12,binance;bitget;bybit;coinbase;crypto_com;gate;htx;kraken;kucoin;mexc;okx;upbit,base;eth,base;eth,5,aerodrome-slipstream;uniswap-v4-ethereum;uniswap_v3,0x6bbb0289dfda178555dd1ce4aaa8f1bdbfb1bcde;0x8c52de694f5a4ce27ea85fe4bc47e08d22c5dfb5f9b38b2a63765ed52cd3b147;0xae4045ffeddf61d570e6d1fe2d71ded1a2e85a88;0xc3db44adc1fcdfd5671f555236eae49f4a8eea18;0xc422bfb18f9fc217f955d759d3753f31137ccefd,-0.03316326530612235,,,
2026-01-17,ENS,10.4,6411121.255568111,11901.441864851631,6423022.697432963,0.0018529347357916365,538.6844155834589,12,binance;bitget;bybit;coinbase;crypto_com;gate;htx;kraken;kucoin;mexc;okx;upbit,eth,eth,5,sushiswap;uniswap-v4-ethereum;uniswap_v2;uniswap_v3,0x8f3db1d49246db472f89ff06ad633c2e20a395fb81d549713aa713ffd0366049;0x92560c178ce069cc014138ed3c2f5221ba71f58a;0xa1181481beb2dc5de0daf2c85392d81c704bf75d;0xb87b65dacc6171b3ca8c4a934601d0fcb6c61049;0xb9c4a5522a2f8ba9e2ff7063df8c02ed443337a3,,-0.04038461538461535,-0.14326923076923082,-0.11923076923076925
2026-01-18,ENS,9.98,7842950.098776368,11396.524987956285,7854346.623764325,0.0014509831987137732,688.1878561284872,12,binance;bitget;bybit;coinbase;crypto_com;gate;htx;kraken;kucoin;mexc;okx;upbit,eth,eth,5,sushiswap;uniswap-v4-ethereum;uniswap_v2;uniswap_v3,0x8f3db1d49246db472f89ff06ad633c2e20a395fb81d549713aa713ffd0366049;0x92560c178ce069cc014138ed3c2f5221ba71f58a;0xa1181481beb2dc5de0daf2c85392d81c704bf75d;0xb87b65dacc6171b3ca8c4a934601d0fcb6c61049;0xb9c4a5522a2f8ba9e2ff7063df8c02ed443337a3,-0.04038461538461535,-0.04008016032064132,-0.09719438877755515,-0.13426853707414832
2026-01-19,ENS,9.58,11437191.445460603,26913.698053055137,11464105.143513657,0.002347649268402148,424.95800550761913,12,binance;bitget;bybit;coinbase;crypto_com;gate;htx;kraken;kucoin;mexc;okx;upbit,eth,eth,5,sushiswap;uniswap-v4-ethereum;uniswap_v2;uniswap_v3,0x8f3db1d49246db472f89ff06ad633c2e20a395fb81d549713aa713ffd0366049;0x92560c178ce069cc014138ed3c2f5221ba71f58a;0xa1181481beb2dc5de0daf2c85392d81c704bf75d;0xb87b65dacc6171b3ca8c4a934601d0fcb6c61049;0xb9c4a5522a2f8ba9e2ff7063df8c02ed443337a3,-0.04008016032064132,-0.06993736951983298,-0.06367432150313146,-0.0751565762004176
2026-01-20,ENS,8.91,10426209.96548439,9187.437439668256,10435397.402924059,0.0008804108827799776,1134.833301881059,12,binance;bitget;bybit;coinbase;crypto_com;gate;htx;kraken;kucoin;mexc;okx;upbit,eth,eth,5,sushiswap;uniswap-v4-ethereum;uniswap_v2;uniswap_v3,0x8f3db1d49246db472f89ff06ad633c2e20a395fb81d549713aa713ffd0366049;0x92560c178ce069cc014138ed3c2f5221ba71f58a;0xa1181481beb2dc5de0daf2c85392d81c704bf75d;0xb87b65dacc6171b3ca8c4a934601d0fcb6c61049;0xb9c4a5522a2f8ba9e2ff7063df8c02ed443337a3,-0.06993736951983298,0.011223344556677839,0.017957351290684542,0.02020202020202011
2026-01-21,ENS,9.01,8305559.913600005,8537.934502900827,8314097.848102906,0.0010269225427565777,972.7832780607686,12,binance;bitget;bybit;coinbase;crypto_com;gate;htx;kraken;kucoin;mexc;okx;upbit,eth,eth,5,sushiswap;uniswap-v4-ethereum;uniswap_v2;uniswap_v3,0x8f3db1d49246db472f89ff06ad633c2e20a395fb81d549713aa713ffd0366049;0x92560c178ce069cc014138ed3c2f5221ba71f58a;0xa1181481beb2dc5de0daf2c85392d81c704bf75d;0xb87b65dacc6171b3ca8c4a934601d0fcb6c61049;0xb9c4a5522a2f8ba9e2ff7063df8c02ed443337a3,0.011223344556677839,-0.004439511653718031,0.01664816870144281,0.013318534961154427
2026-01-22,ENS,8.97,4259888.031562872,2292.9819605936223,4262181.013523466,0.0005379832422222858,1857.7939577248328,12,binance;bitget;bybit;coinbase;crypto_com;gate;htx;kraken;kucoin;mexc;okx;upbit,eth,eth,5,sushiswap;uniswap-v4-ethereum;uniswap_v2;uniswap_v3,0x8f3db1d49246db472f89ff06ad633c2e20a395fb81d549713aa713ffd0366049;0x92560c178ce069cc014138ed3c2f5221ba71f58a;0xa1181481beb2dc5de0daf2c85392d81c704bf75d;0xb87b65dacc6171b3ca8c4a934601d0fcb6c61049;0xb9c4a5522a2f8ba9e2ff7063df8c02ed443337a3,-0.004439511653718031,0.011148272017837302,-0.03678929765886285,-0.06688963210702359
2026-01-23,ENS,9.07,5327777.724013374,8599.576204342919,5336377.300217717,0.0016115007842477831,619.5395676966923,12,binance;bitget;bybit;coinbase;crypto_com;gate;htx;kraken;kucoin;mexc;okx;upbit,eth,eth,5,sushiswap;uniswap-v4-ethereum;uniswap_v2;uniswap_v3,0x8f3db1d49246db472f89ff06ad633c2e20a395fb81d549713aa713ffd0366049;0x92560c178ce069cc014138ed3c2f5221ba71f58a;0xa1181481beb2dc5de0daf2c85392d81c704bf75d;0xb87b65dacc6171b3ca8c4a934601d0fcb6c61049;0xb9c4a5522a2f8ba9e2ff7063df8c02ed443337a3,0.011148272017837302,0.009922822491730932,-0.023153252480705766,-0.10804851157662632
2026-01-24,ENS,9.16,3401688.313230691,9949.05028157992,3411637.363512271,0.0029162097906377128,341.91085751458274,12,binance;bitget;bybit;coinbase;crypto_com;gate;htx;kraken;kucoin;mexc;okx;upbit,eth,eth,5,sushiswap;uniswap-v4-ethereum;uniswap_v2;uniswap_v3,0x8f3db1d49246db472f89ff06ad633c2e20a395fb81d549713aa713ffd0366049;0x92560c178ce069cc014138ed3c2f5221ba71f58a;0xa1181481beb2dc5de0daf2c85392d81c704bf75d;0xb87b65dacc6171b3ca8c4a934601d0fcb6c61049;0xb9c4a5522a2f8ba9e2ff7063df8c02ed443337a3,0.009922822491730932,-0.056768558951964976,-0.007641921397379958,-0.22489082969432317
2026-01-25,ENS,8.64,6324206.92700452,6399.484035400472,6330606.4110399205,0.0010108800989807921,988.2370034866035,12,binance;bitget;bybit;coinbase;crypto_com;gate;htx;kraken;kucoin;mexc;okx;upbit,eth,eth,5,sushiswap;uniswap-v4-ethereum;uniswap_v2;uniswap_v3,0x8f3db1d49246db472f89ff06ad633c2e20a395fb81d549713aa713ffd0366049;0x92560c178ce069cc014138ed3c2f5221ba71f58a;0xa1181481beb2dc5de0daf2c85392d81c704bf75d;0xb87b65dacc6171b3ca8c4a934601d0fcb6c61049;0xb9c4a5522a2f8ba9e2ff7063df8c02ed443337a3,-0.056768558951964976,0.0254629629629628,0.05671296296296302,-0.21759259259259267
2026-01-26,ENS,8.86,5006176.115635,6137.716309226179,5012313.831944226,0.0012245275365859165,815.6414965138981,12,binance;bitget;bybit;coinbase;crypto_com;gate;htx;kraken;kucoin;mexc;okx;upbit,eth,eth,5,sushiswap;uniswap-v4-ethereum;uniswap_v2;uniswap_v3,0x8f3db1d49246db472f89ff06ad633c2e20a395fb81d549713aa713ffd0366049;0x92560c178ce069cc014138ed3c2f5221ba71f58a;0xa1181481beb2dc5de0daf2c85392d81c704bf75d;0xb87b65dacc6171b3ca8c4a934601d0fcb6c61049;0xb9c4a5522a2f8ba9e2ff7063df8c02ed443337a3,0.0254629629629628,0.025959367945823875,-0.05530474040632061,-0.2144469525959367
2026-01-27,ENS,9.09,5848318.212444766,8053.480879067441,5856371.693323834,0.001375165597540244,726.185149038558,12,binance;bitget;bybit;coinbase;crypto_com;gate;htx;kraken;kucoin;mexc;okx;upbit,eth,eth,5,sushiswap;uniswap-v4-ethereum;uniswap_v2;uniswap_v3,0x8f3db1d49246db472f89ff06ad633c2e20a395fb81d549713aa713ffd0366049;0x92560c178ce069cc014138ed3c2f5221ba71f58a;0xa1181481beb2dc5de0daf2c85392d81c704bf75d;0xb87b65dacc6171b3ca8c4a934601d0fcb6c61049;0xb9c4a5522a2f8ba9e2ff7063df8c02ed443337a3,0.025959367945823875,0.004400440044004528,-0.11001100110010997,-0.25742574257425743
2026-01-28,ENS,9.13,5095592.089270391,5987.5924447337775,5101579.681715124,0.0011736741986397398,851.0252052562594,12,binance;bitget;bybit;coinbase;crypto_com;gate;htx;kraken;kucoin;mexc;okx;upbit,eth,eth,5,sushiswap;uniswap-v4-ethereum;uniswap_v2;uniswap_v3,0x8f3db1d49246db472f89ff06ad633c2e20a395fb81d549713aa713ffd0366049;0x92560c178ce069cc014138ed3c2f5221ba71f58a;0xa1181481beb2dc5de0daf2c85392d81c704bf75d;0xb87b65dacc6171b3ca8c4a934601d0fcb6c61049;0xb9c4a5522a2f8ba9e2ff7063df8c02ed443337a3,0.004400440044004528,-0.08324205914567373,-0.22234392113910195,-0.27929901423877335
2026-01-29,ENS,8.37,7378944.38893624,10142.99629246429,7389087.385228705,0.0013726994639068472,727.4915790335451,12,binance;bitget;bybit;coinbase;crypto_com;gate;htx;kraken;kucoin;mexc;okx;upbit,eth,eth,5,sushiswap;uniswap-v4-ethereum;uniswap_v2;uniswap_v3,0x8f3db1d49246db472f89ff06ad633c2e20a395fb81d549713aa713ffd0366049;0x92560c178ce069cc014138ed3c2f5221ba71f58a;0xa1181481beb2dc5de0daf2c85392d81c704bf75d;0xb87b65dacc6171b3ca8c4a934601d0fcb6c61049;0xb9c4a5522a2f8ba9e2ff7063df8c02ed443337a3,-0.08324205914567373,-0.03345280764635594,-0.1923536439665472,-0.34886499402628424
2026-01-30,ENS,8.09,8061723.773578523,7218.961107320805,8068942.734685844,0.0008946600991835975,1116.7429293119567,12,binance;bitget;bybit;coinbase;crypto_com;gate;htx;kraken;kucoin;mexc;okx;upbit,eth,eth,5,sushiswap;uniswap-v4-ethereum;uniswap_v2;uniswap_v3,0x8f3db1d49246db472f89ff06ad633c2e20a395fb81d549713aa713ffd0366049;0x92560c178ce069cc014138ed3c2f5221ba71f58a;0xa1181481beb2dc5de0daf2c85392d81c704bf75d;0xb87b65dacc6171b3ca8c4a934601d0fcb6c61049;0xb9c4a5522a2f8ba9e2ff7063df8c02ed443337a3,-0.03345280764635594,-0.12237330037082816,-0.13967861557478367,-0.2435105067985167
2026-01-31,ENS,7.1,16454950.789608523,44794.516461708175,16499745.30607023,0.0027148610860816343,367.3429716263319,12,binance;bitget;bybit;coinbase;crypto_com;gate;htx;kraken;kucoin;mexc;okx;upbit,eth,eth,5,sushiswap;uniswap-v4-ethereum;uniswap_v2;uniswap_v3,0x8f3db1d49246db472f89ff06ad633c2e20a395fb81d549713aa713ffd0366049;0x92560c178ce069cc014138ed3c2f5221ba71f58a;0xa1181481beb2dc5de0daf2c85392d81c704bf75d;0xb87b65dacc6171b3ca8c4a934601d0fcb6c61049;0xb9c4a5522a2f8ba9e2ff7063df8c02ed443337a3,-0.12237330037082816,-0.04788732394366191,-0.04929577464788726,-0.147887323943662
2026-02-01,ENS,6.76,6599863.8145913975,14365.056720958059,6614228.871312356,0.0021718414951231993,459.43875772954334,12,binance;bitget;bybit;coinbase;crypto_com;gate;htx;kraken;kucoin;mexc;okx;upbit,eth,eth,5,sushiswap;uniswap-v4-ethereum;uniswap_v2;uniswap_v3,0x8f3db1d49246db472f89ff06ad633c2e20a395fb81d549713aa713ffd0366049;0x92560c178ce069cc014138ed3c2f5221ba71f58a;0xa1181481beb2dc5de0daf2c85392d81c704bf75d;0xb87b65dacc6171b3ca8c4a934601d0fcb6c61049;0xb9c4a5522a2f8ba9e2ff7063df8c02ed443337a3,-0.04788732394366191,0.029585798816567976,-0.026627218934911157,-0.12721893491124248
2026-02-02,ENS,6.96,8036299.295296585,51311.77739679731,8087611.072693382,0.0063444912144754225,156.61705173748632,12,binance;bitget;bybit;coinbase;crypto_com;gate;htx;kraken;kucoin;mexc;okx;upbit,eth,eth,5,sushiswap;uniswap-v4-ethereum;uniswap_v2;uniswap_v3,0x8f3db1d49246db472f89ff06ad633c2e20a395fb81d549713aa713ffd0366049;0x92560c178ce069cc014138ed3c2f5221ba71f58a;0xa1181481beb2dc5de0daf2c85392d81c704bf75d;0xb87b65dacc6171b3ca8c4a934601d0fcb6c61049;0xb9c4a5522a2f8ba9e2ff7063df8c02ed443337a3,0.029585798816567976,-0.030172413793103425,-0.21695402298850575,-0.15804597701149425
2026-02-03,ENS,6.75,8663796.683087336,12444.086635658097,8676240.769722994,0.001434271704294278,696.2179657494129,12,binance;bitget;bybit;coinbase;crypto_com;gate;htx;kraken;kucoin;mexc;okx;upbit,eth,eth,5,sushiswap;uniswap-v4-ethereum;uniswap_v2;uniswap_v3,0x8f3db1d49246db472f89ff06ad633c2e20a395fb81d549713aa713ffd0366049;0x92560c178ce069cc014138ed3c2f5221ba71f58a;0xa1181481beb2dc5de0daf2c85392d81c704bf75d;0xb87b65dacc6171b3ca8c4a934601d0fcb6c61049;0xb9c4a5522a2f8ba9e2ff7063df8c02ed443337a3,-0.030172413793103425,-0.0251851851851852,-0.09333333333333327,-0.16296296296296287
2026-02-04,ENS,6.58,7877749.13397275,10279.00313357465,7888028.137106325,0.001303114410206128,766.3923273105537,12,binance;bitget;bybit;coinbase;crypto_com;gate;htx;kraken;kucoin;mexc;okx;upbit,eth,eth,5,sushiswap;uniswap-v4-ethereum;uniswap_v2;uniswap_v3,0x8f3db1d49246db472f89ff06ad633c2e20a395fb81d549713aa713ffd0366049;0x92560c178ce069cc014138ed3c2f5221ba71f58a;0xa1181481beb2dc5de0daf2c85392d81c704bf75d;0xb87b65dacc6171b3ca8c4a934601d0fcb6c61049;0xb9c4a5522a2f8ba9e2ff7063df8c02ed443337a3,-0.0251851851851852,-0.17173252279635254,-0.08054711246200608,-0.1550151975683891
2026-02-05,ENS,5.45,14368653.598390855,31692.331509822397,14400345.929900678,0.002200803485145234,453.37950582580464,12,binance;bitget;bybit;coinbase;crypto_com;gate;htx;kraken;kucoin;mexc;okx;upbit,eth,eth,5,sushiswap;uniswap-v4-ethereum;uniswap_v2;uniswap_v3,0x8f3db1d49246db472f89ff06ad633c2e20a395fb81d549713aa713ffd0366049;0x92560c178ce069cc014138ed3c2f5221ba71f58a;0xa1181481beb2dc5de0daf2c85392d81c704bf75d;0xb87b65dacc6171b3ca8c4a934601d0fcb6c61049;0xb9c4a5522a2f8ba9e2ff7063df8c02ed443337a3,-0.17173252279635254,0.12293577981651382,0.08256880733944949,0.07155963302752277
2026-02-06,ENS,6.12,18586350.58692565,46134.743914763,18632485.330840413,0.002476038118135586,402.87100371176143,12,binance;bitget;bybit;coinbase;crypto_com;gate;htx;kraken;kucoin;mexc;okx;upbit,eth,eth,5,sushiswap;uniswap-v4-ethereum;uniswap_v2;uniswap_v3,0x8f3db1d49246db472f89ff06ad633c2e20a395fb81d549713aa713ffd0366049;0x92560c178ce069cc014138ed3c2f5221ba71f58a;0xa1181481beb2dc5de0daf2c85392d81c704bf75d;0xb87b65dacc6171b3ca8c4a934601d0fcb6c61049;0xb9c4a5522a2f8ba9e2ff7063df8c02ed443337a3,0.12293577981651382,-0.011437908496732097,-0.042483660130718914,0.06045751633986929
2026-02-07,ENS,6.05,7440489.221624228,14605.876781221818,7455095.09840545,0.0019591804783745588,509.41749907065923,12,binance;bitget;bybit;coinbase;crypto_com;gate;htx;kraken;kucoin;mexc;okx;upbit,eth,eth,5,sushiswap;uniswap-v4-ethereum;uniswap_v2;uniswap_v3,0x8f3db1d49246db472f89ff06ad633c2e20a395fb81d549713aa713ffd0366049;0x92560c178ce069cc014138ed3c2f5221ba71f58a;0xa1181481beb2dc5de0daf2c85392d81c704bf75d;0xb87b65dacc6171b3ca8c4a934601d0fcb6c61049;0xb9c4a5522a2f8ba9e2ff7063df8c02ed443337a3,-0.011437908496732097,-0.024793388429751984,-0.06611570247933873,0.1388429752066116
2026-02-08,ENS,5.9,3991307.751446792,5883.121249446771,3997190.8726962386,0.0014718139405433019,678.4337058873504,12,binance;bitget;bybit;coinbase;crypto_com;gate;htx;kraken;kucoin;mexc;okx;upbit,eth,eth,5,sushiswap;uniswap-v4-ethereum;uniswap_v2;uniswap_v3,0x8f3db1d49246db472f89ff06ad633c2e20a395fb81d549713aa713ffd0366049;0x92560c178ce069cc014138ed3c2f5221ba71f58a;0xa1181481beb2dc5de0daf2c85392d81c704bf75d;0xb87b65dacc6171b3ca8c4a934601d0fcb6c61049;0xb9c4a5522a2f8ba9e2ff7063df8c02ed443337a3,-0.024793388429751984,-0.006779661016949157,-0.05762711864406789,0.13728813559322028
2026-02-09,ENS,5.86,4666303.284862225,4386.7644234231675,4670690.049285648,0.0009392112037265445,1063.7232443908904,12,binance;bitget;bybit;coinbase;crypto_com;gate;htx;kraken;kucoin;mexc;okx;upbit,eth,eth,5,sushiswap;uniswap-v4-ethereum;uniswap_v2;uniswap_v3,0x8f3db1d49246db472f89ff06ad633c2e20a395fb81d549713aa713ffd0366049;0x92560c178ce069cc014138ed3c2f5221ba71f58a;0xa1181481beb2dc5de0daf2c85392d81c704bf75d;0xb87b65dacc6171b3ca8c4a934601d0fcb6c61049;0xb9c4a5522a2f8ba9e2ff7063df8c02ed443337a3,-0.006779661016949157,-0.03583617747440271,-0.0034129692832765013,0.16552901023890776
2026-02-10,ENS,5.65,3480454.1047870778,10361.394862207577,3490815.4996492853,0.0029681874803319064,335.90594230529496,12,binance;bitget;bybit;coinbase;crypto_com;gate;htx;kraken;kucoin;mexc;okx;upbit,eth,eth,5,sushiswap;uniswap-v4-ethereum;uniswap_v2;uniswap_v3,0x8f3db1d49246db472f89ff06ad633c2e20a395fb81d549713aa713ffd0366049;0x92560c178ce069cc014138ed3c2f5221ba71f58a;0xa1181481beb2dc5de0daf2c85392d81c704bf75d;0xb87b65dacc6171b3ca8c4a934601d0fcb6c61049;0xb9c4a5522a2f8ba9e2ff7063df8c02ed443337a3,-0.03583617747440271,-0.01592920353982319,0.14867256637168147,0.18761061946902657
2026-02-11,ENS,5.56,6166643.449284197,25207.193747965324,6191850.643032162,0.004071027419941336,244.63823743894363,12,binance;bitget;bybit;coinbase;crypto_com;gate;htx;kraken;kucoin;mexc;okx;upbit,eth,eth,5,sushiswap;uniswap-v4-ethereum;uniswap_v2;uniswap_v3,0x8f3db1d49246db472f89ff06ad633c2e20a395fb81d549713aa713ffd0366049;0x92560c178ce069cc014138ed3c2f5221ba71f58a;0xa1181481beb2dc5de0daf2c85392d81c704bf75d;0xb87b65dacc6171b3ca8c4a934601d0fcb6c61049;0xb9c4a5522a2f8ba9e2ff7063df8c02ed443337a3,-0.01592920353982319,0.05035971223021596,0.23920863309352525,0.1888489208633095
2026-02-12,ENS,5.84,12534486.81924367,26640.379541328257,12561127.198784998,0.002120858989781196,470.50706615491094,12,binance;bitget;bybit;coinbase;crypto_com;gate;htx;kraken;kucoin;mexc;okx;upbit,eth,eth,5,sushiswap;uniswap-v4-ethereum;uniswap_v2;uniswap_v3,0x8f3db1d49246db472f89ff06ad633c2e20a395fb81d549713aa713ffd0366049;0x92560c178ce069cc014138ed3c2f5221ba71f58a;0xa1181481beb2dc5de0daf2c85392d81c704bf75d;0xb87b65dacc6171b3ca8c4a934601d0fcb6c61049;0xb9c4a5522a2f8ba9e2ff7063df8c02ed443337a3,0.05035971223021596,0.11130136986301387,0.148972602739726,0.1095890410958904
2026-02-13,ENS,6.49,31485592.64324972,113727.37602191177,31599320.01927163,0.0035990450412398843,276.8514824186519,12,binance;bitget;bybit;coinbase;crypto_com;gate;htx;kraken;kucoin;mexc;okx;upbit,eth,eth,5,sushiswap;uniswap-v4-ethereum;uniswap_v2;uniswap_v3,0x8f3db1d49246db472f89ff06ad633c2e20a395fb81d549713aa713ffd0366049;0x92560c178ce069cc014138ed3c2f5221ba71f58a;0xa1181481beb2dc5de0daf2c85392d81c704bf75d;0xb87b65dacc6171b3ca8c4a934601d0fcb6c61049;0xb9c4a5522a2f8ba9e2ff7063df8c02ed443337a3,0.11130136986301387,0.06163328197226492,0.05238828967642517,0.02003081664098616
2026-02-14,ENS,6.89,39704227.14537007,145529.54259075932,39849756.68796083,0.0036519556124347883,272.82589114583783,12,binance;bitget;bybit;coinbase;crypto_com;gate;htx;kraken;kucoin;mexc;okx;upbit,eth,eth,5,sushiswap;uniswap-v4-ethereum;uniswap_v2;uniswap_v3,0x8f3db1d49246db472f89ff06ad633c2e20a395fb81d549713aa713ffd0366049;0x92560c178ce069cc014138ed3c2f5221ba71f58a;0xa1181481beb2dc5de0daf2c85392d81c704bf75d;0xb87b65dacc6171b3ca8c4a934601d0fcb6c61049;0xb9c4a5522a2f8ba9e2ff7063df8c02ed443337a3,0.06163328197226492,-0.0261248185776487,-0.0261248185776487,-0.018867924528301883
2026-02-15,ENS,6.71,10497989.38388969,25159.082619445115,10523148.466509135,0.0023908322399437917,417.2643948383053,12,binance;bitget;bybit;coinbase;crypto_com;gate;htx;kraken;kucoin;mexc;okx;upbit,eth,eth,5,sushiswap;uniswap-v4-ethereum;uniswap_v2;uniswap_v3,0x8f3db1d49246db472f89ff06ad633c2e20a395fb81d549713aa713ffd0366049;0x92560c178ce069cc014138ed3c2f5221ba71f58a;0xa1181481beb2dc5de0daf2c85392d81c704bf75d;0xb87b65dacc6171b3ca8c4a934601d0fcb6c61049;0xb9c4a5522a2f8ba9e2ff7063df8c02ed443337a3,-0.0261248185776487,0.017883755588673722,-0.014903129657227954,-0.058122205663189264
2026-02-16,ENS,6.83,8359967.78273423,27953.47970558075,8387921.262439811,0.0033325872800873037,299.067159823584,12,binance;bitget;bybit;coinbase;crypto_com;gate;htx;kraken;kucoin;mexc;okx;upbit,eth,eth,5,sushiswap;uniswap-v4-ethereum;uniswap_v2;uniswap_v3,0x8f3db1d49246db472f89ff06ad633c2e20a395fb81d549713aa713ffd0366049;0x92560c178ce069cc014138ed3c2f5221ba71f58a;0xa1181481beb2dc5de0daf2c85392d81c704bf75d;0xb87b65dacc6171b3ca8c4a934601d0fcb6c61049;0xb9c4a5522a2f8ba9e2ff7063df8c02ed443337a3,0.017883755588673722,-0.017569546120058566,-0.051244509516837455,-0.11273792093704249
2026-02-17,ENS,6.71,4605448.264629094,9192.939396746066,4614641.20402584,0.001992124412343497,500.97668067508846,12,binance;bitget;bybit;coinbase;crypto_com;gate;htx;kraken;kucoin;mexc;okx;upbit,eth,eth,5,sushiswap;uniswap-v4-ethereum;uniswap_v2;uniswap_v3,0x8f3db1d49246db472f89ff06ad633c2e20a395fb81d549713aa713ffd0366049;0x92560c178ce069cc014138ed3c2f5221ba71f58a;0xa1181481beb2dc5de0daf2c85392d81c704bf75d;0xb87b65dacc6171b3ca8c4a934601d0fcb6c61049;0xb9c4a5522a2f8ba9e2ff7063df8c02ed443337a3,-0.017569546120058566,-0.014903129657227954,-0.01341281669150518,-0.10581222056631889
2026-02-18,ENS,6.61,9838967.615333747,34707.6311479537,9873675.246481702,0.0035151683928759067,283.48139270558755,12,binance;bitget;bybit;coinbase;crypto_com;gate;htx;kraken;kucoin;mexc;okx;upbit,eth,eth,5,sushiswap;uniswap-v4-ethereum;uniswap_v2;uniswap_v3,0x8f3db1d49246db472f89ff06ad633c2e20a395fb81d549713aa713ffd0366049;0x92560c178ce069cc014138ed3c2f5221ba71f58a;0xa1181481beb2dc5de0daf2c85392d81c704bf75d;0xb87b65dacc6171b3ca8c4a934601d0fcb6c61049;0xb9c4a5522a2f8ba9e2ff7063df8c02ed443337a3,-0.014903129657227954,-0.01966717095310133,0.0226928895612708,-0.00302571860816947
2026-02-19,ENS,6.48,5379014.666258564,14475.2129396526,5393489.879198217,0.0026838305557003194,371.60176424925595,12,binance;bitget;bybit;coinbase;crypto_com;gate;htx;kraken;kucoin;mexc;okx;upbit,eth,eth,5,sushiswap;uniswap-v4-ethereum;uniswap_v2;uniswap_v3,0x8f3db1d49246db472f89ff06ad633c2e20a395fb81d549713aa713ffd0366049;0x92560c178ce069cc014138ed3c2f5221ba71f58a;0xa1181481beb2dc5de0daf2c85392d81c704bf75d;0xb87b65dacc6171b3ca8c4a934601d0fcb6c61049;0xb9c4a5522a2f8ba9e2ff7063df8c02ed443337a3,-0.01966717095310133,0.021604938271604812,-0.024691358024691357,-0.038580246913580196
2026-02-20,ENS,6.62,5837697.432606508,25199.166928277664,5862896.599534785,0.004298074595120301,231.6623184100439,12,binance;bitget;bybit;coinbase;crypto_com;gate;htx;kraken;kucoin;mexc;okx;upbit,eth,eth,5,sushiswap;uniswap-v4-ethereum;uniswap_v2;uniswap_v3,0x8f3db1d49246db472f89ff06ad633c2e20a395fb81d549713aa713ffd0366049;0x92560c178ce069cc014138ed3c2f5221ba71f58a;0xa1181481beb2dc5de0daf2c85392d81c704bf75d;0xb87b65dacc6171b3ca8c4a934601d0fcb6c61049;0xb9c4a5522a2f8ba9e2ff7063df8c02ed443337a3,0.021604938271604812,0.02114803625377637,-0.08459214501510581,-0.08459214501510581
2026-02-21,ENS,6.76,8833353.837888954,36915.81495290291,8870269.652841857,0.004161746643302532,239.28372837382898,12,binance;bitget;bybit;coinbase;crypto_com;gate;htx;kraken;kucoin;mexc;okx;upbit,eth,eth,5,sushiswap;uniswap-v4-ethereum;uniswap_v2;uniswap_v3,0x8f3db1d49246db472f89ff06ad633c2e20a395fb81d549713aa713ffd0366049;0x92560c178ce069cc014138ed3c2f5221ba71f58a;0xa1181481beb2dc5de0daf2c85392d81c704bf75d;0xb87b65dacc6171b3ca8c4a934601d0fcb6c61049;0xb9c4a5522a2f8ba9e2ff7063df8c02ed443337a3,0.02114803625377637,-0.06508875739644959,-0.1124260355029586,-0.09615384615384603
2026-02-22,ENS,6.32,4726229.789628247,15207.031942052432,4741436.8215703,0.003207262379384836,310.79238918139384,12,binance;bitget;bybit;coinbase;crypto_com;gate;htx;kraken;kucoin;mexc;okx;upbit,eth,eth,5,sushiswap;uniswap-v4-ethereum;uniswap_v2;uniswap_v3,0x8f3db1d49246db472f89ff06ad633c2e20a395fb81d549713aa713ffd0366049;0x92560c178ce069cc014138ed3c2f5221ba71f58a;0xa1181481beb2dc5de0daf2c85392d81c704bf75d;0xb87b65dacc6171b3ca8c4a934601d0fcb6c61049;0xb9c4a5522a2f8ba9e2ff7063df8c02ed443337a3,-0.06508875739644959,-0.04113924050632922,0.04272151898734178,-0.06170886075949378
2026-02-23,ENS,6.06,5940549.599143123,38431.81670294631,5978981.415846069,0.006427820063312227,154.57373886485314,12,binance;bitget;bybit;coinbase;crypto_com;gate;htx;kraken;kucoin;mexc;okx;upbit,eth,eth,5,sushiswap;uniswap-v4-ethereum;uniswap_v2;uniswap_v3,0x8f3db1d49246db472f89ff06ad633c2e20a395fb81d549713aa713ffd0366049;0x92560c178ce069cc014138ed3c2f5221ba71f58a;0xa1181481beb2dc5de0daf2c85392d81c704bf75d;0xb87b65dacc6171b3ca8c4a934601d0fcb6c61049;0xb9c4a5522a2f8ba9e2ff7063df8c02ed443337a3,-0.04113924050632922,-0.009900990099009799,0.028052805280528226,0.0066006600660066805
2026-02-24,ENS,6.0,6045379.17977061,47029.97541653537,6092409.155187146,0.007719438110372729,128.54310737413445,12,binance;bitget;bybit;coinbase;crypto_com;gate;htx;kraken;kucoin;mexc;okx;upbit,eth,eth,5,sushiswap;uniswap-v4-ethereum;uniswap_v2;uniswap_v3,0x8f3db1d49246db472f89ff06ad633c2e20a395fb81d549713aa713ffd0366049;0x92560c178ce069cc014138ed3c2f5221ba71f58a;0xa1181481beb2dc5de0daf2c85392d81c704bf75d;0xb87b65dacc6171b3ca8c4a934601d0fcb6c61049;0xb9c4a5522a2f8ba9e2ff7063df8c02ed443337a3,-0.009900990099009799,0.09833333333333338,0.010000000000000009,-0.0050000000000000044
2026-02-25,ENS,6.59,9866914.221547319,52865.938995496144,9919780.160542814,0.005329345826208642,186.64029068674859,12,binance;bitget;bybit;coinbase;crypto_com;gate;htx;kraken;kucoin;mexc;okx;upbit,eth,eth,5,sushiswap;uniswap-v4-ethereum;uniswap_v2;uniswap_v3,0x8f3db1d49246db472f89ff06ad633c2e20a395fb81d549713aa713ffd0366049;0x92560c178ce069cc014138ed3c2f5221ba71f58a;0xa1181481beb2dc5de0daf2c85392d81c704bf75d;0xb87b65dacc6171b3ca8c4a934601d0fcb6c61049;0xb9c4a5522a2f8ba9e2ff7063df8c02ed443337a3,0.09833333333333338,-0.054628224582701,-0.07283763277693467,-0.04248861911987867
2026-02-26,ENS,6.23,9035902.588909598,22484.7064040177,9058387.295313615,0.0024821975116531207,401.86882703947646,12,binance;bitget;bybit;coinbase;crypto_com;gate;htx;kraken;kucoin;mexc;okx;upbit,eth,eth,5,sushiswap;uniswap-v4-ethereum;uniswap_v2;uniswap_v3,0x8f3db1d49246db472f89ff06ad633c2e20a395fb81d549713aa713ffd0366049;0x92560c178ce069cc014138ed3c2f5221ba71f58a;0xa1181481beb2dc5de0daf2c85392d81c704bf75d;0xb87b65dacc6171b3ca8c4a934601d0fcb6c61049;0xb9c4a5522a2f8ba9e2ff7063df8c02ed443337a3,-0.054628224582701,-0.027287319422151013,-0.04815409309791341,-0.01765650080256831
2026-02-27,ENS,6.06,5925146.8151212,19948.7229661086,5945095.538087308,0.0033554924119060703,297.01885304576064,12,binance;bitget;bybit;coinbase;crypto_com;gate;htx;kraken;kucoin;mexc;okx;upbit,eth,eth,5,sushiswap;uniswap-v4-ethereum;uniswap_v2;uniswap_v3,0x8f3db1d49246db472f89ff06ad633c2e20a395fb81d549713aa713ffd0366049;0x92560c178ce069cc014138ed3c2f5221ba71f58a;0xa1181481beb2dc5de0daf2c85392d81c704bf75d;0xb87b65dacc6171b3ca8c4a934601d0fcb6c61049;0xb9c4a5522a2f8ba9e2ff7063df8c02ed443337a3,-0.027287319422151013,0.008250825082508406,0.0066006600660066805,-0.028052805280528004
2026-02-28,ENS,6.11,6259145.1055778,25078.54710209373,6284223.652679894,0.003990715239964293,249.58164761686868,12,binance;bitget;bybit;coinbase;crypto_com;gate;htx;kraken;kucoin;mexc;okx;upbit,eth,eth,5,sushiswap;uniswap-v4-ethereum;uniswap_v2;uniswap_v3,0x8f3db1d49246db472f89ff06ad633c2e20a395fb81d549713aa713ffd0366049;0x92560c178ce069cc014138ed3c2f5221ba71f58a;0xa1181481beb2dc5de0daf2c85392d81c704bf75d;0xb87b65dacc6171b3ca8c4a934601d0fcb6c61049;0xb9c4a5522a2f8ba9e2ff7063df8c02ed443337a3,0.008250825082508406,-0.029459901800327426,-0.022913256955810257,-0.05400981996726684
2026-03-01,ENS,5.93,6631562.417404532,9682.914941064497,6641245.3323455965,0.0014579968750596697,684.8725262762132,12,binance;bitget;bybit;coinbase;crypto_com;gate;htx;kraken;kucoin;mexc;okx;upbit,eth,eth,5,sushiswap;uniswap-v4-ethereum;uniswap_v2;uniswap_v3,0x8f3db1d49246db472f89ff06ad633c2e20a395fb81d549713aa713ffd0366049;0x92560c178ce069cc014138ed3c2f5221ba71f58a;0xa1181481beb2dc5de0daf2c85392d81c704bf75d;0xb87b65dacc6171b3ca8c4a934601d0fcb6c61049;0xb9c4a5522a2f8ba9e2ff7063df8c02ed443337a3,-0.029459901800327426,0.02866779089376048,0.06408094435075884,-0.04721753794266437
2026-03-02,ENS,6.1,6583679.4327278305,12963.893104384171,6596643.325832214,0.0019652257161787176,507.84740198924817,12,binance;bitget;bybit;coinbase;crypto_com;gate;htx;kraken;kucoin;mexc;okx;upbit,eth,eth,5,sushiswap;uniswap-v4-ethereum;uniswap_v2;uniswap_v3,0x8f3db1d49246db472f89ff06ad633c2e20a395fb81d549713aa713ffd0366049;0x92560c178ce069cc014138ed3c2f5221ba71f58a;0xa1181481beb2dc5de0daf2c85392d81c704bf75d;0xb87b65dacc6171b3ca8c4a934601d0fcb6c61049;0xb9c4a5522a2f8ba9e2ff7063df8c02ed443337a3,0.02866779089376048,-0.021311475409836023,0.003278688524590345,-0.050819672131147464
2026-03-03,ENS,5.97,5876283.40512543,5857.8007414311705,5882141.205866861,0.0009958619720976073,1003.1552223283279,12,binance;bitget;bybit;coinbase;crypto_com;gate;htx;kraken;kucoin;mexc;okx;upbit,eth,eth,5,sushiswap;uniswap-v4-ethereum;uniswap_v2;uniswap_v3,0x8f3db1d49246db472f89ff06ad633c2e20a395fb81d549713aa713ffd0366049;0x92560c178ce069cc014138ed3c2f5221ba71f58a;0xa1181481beb2dc5de0daf2c85392d81c704bf75d;0xb87b65dacc6171b3ca8c4a934601d0fcb6c61049;0xb9c4a5522a2f8ba9e2ff7063df8c02ed443337a3,-0.021311475409836023,0.05695142378559459,-0.01340033500837523,-0.00335008375209378
2026-03-04,ENS,6.31,8817034.73127252,9251.294329309603,8826286.02560183,0.0010481525641107686,953.0595846830558,12,binance;bitget;bybit;coinbase;crypto_com;gate;htx;kraken;kucoin;mexc;okx;upbit,eth,eth,5,sushiswap;uniswap-v4-ethereum;uniswap_v2;uniswap_v3,0x8f3db1d49246db472f89ff06ad633c2e20a395fb81d549713aa713ffd0366049;0x92560c178ce069cc014138ed3c2f5221ba71f58a;0xa1181481beb2dc5de0daf2c85392d81c704bf75d;0xb87b65dacc6171b3ca8c4a934601d0fcb6c61049;0xb9c4a5522a2f8ba9e2ff7063df8c02ed443337a3,0.05695142378559459,-0.030110935023771712,-0.08399366085578441,-0.04912836767036444
2026-03-05,ENS,6.12,4783482.961544205,4040.147476866849,4787523.109021072,0.0008438909609133891,1183.9872155493235,12,binance;bitget;bybit;coinbase;crypto_com;gate;htx;kraken;kucoin;mexc;okx;upbit,eth,eth,4,sushiswap;uniswap-v4-ethereum;uniswap_v2;uniswap_v3,0x8f3db1d49246db472f89ff06ad633c2e20a395fb81d549713aa713ffd0366049;0x92560c178ce069cc014138ed3c2f5221ba71f58a;0xa1181481beb2dc5de0daf2c85392d81c704bf75d;0xb87b65dacc6171b3ca8c4a934601d0fcb6c61049,-0.030110935023771712,-0.03758169934640532,-0.07679738562091498,-0.016339869281045805
2026-03-06,ENS,5.89,3907466.898057091,2848.1891507464843,3910315.0872078375,0.0007283784266040401,1371.9127105841899,12,binance;bitget;bybit;coinbase;crypto_com;gate;htx;kraken;kucoin;mexc;okx;upbit,eth,eth,4,sushiswap;uniswap-v4-ethereum;uniswap_v2;uniswap_v3,0x8f3db1d49246db472f89ff06ad633c2e20a395fb81d549713aa713ffd0366049;0x92560c178ce069cc014138ed3c2f5221ba71f58a;0xa1181481beb2dc5de0daf2c85392d81c704bf75d;0xb87b65dacc6171b3ca8c4a934601d0fcb6c61049,-0.03758169934640532,-0.018675721561969394,-0.01697792869269943,0.025466893039049365
2026-03-07,ENS,5.78,2297860.874512458,2485.2324271947778,2300346.106939653,0.0010803732619614772,924.6060245182715,12,binance;bitget;bybit;coinbase;crypto_com;gate;htx;kraken;kucoin;mexc;okx;upbit,eth,eth,5,sushiswap;uniswap-v4-ethereum;uniswap_v2;uniswap_v3,0x8f3db1d49246db472f89ff06ad633c2e20a395fb81d549713aa713ffd0366049;0x92560c178ce069cc014138ed3c2f5221ba71f58a;0xa1181481beb2dc5de0daf2c85392d81c704bf75d;0xb87b65dacc6171b3ca8c4a934601d0fcb6c61049;0xb9c4a5522a2f8ba9e2ff7063df8c02ed443337a3,-0.018675721561969394,-0.02249134948096887,0.02941176470588225,0.03806228373702414
2026-03-08,ENS,5.65,3142954.0688266563,3599.7892606273017,3146553.8580872836,0.0011440418384624535,873.0939066913497,12,binance;bitget;bybit;coinbase;crypto_com;gate;htx;kraken;kucoin;mexc;okx;upbit,eth,eth,5,sushiswap;uniswap-v4-ethereum;uniswap_v2;uniswap_v3,0x8f3db1d49246db472f89ff06ad633c2e20a395fb81d549713aa713ffd0366049;0x92560c178ce069cc014138ed3c2f5221ba71f58a;0xa1181481beb2dc5de0daf2c85392d81c704bf75d;0xb87b65dacc6171b3ca8c4a934601d0fcb6c61049;0xb9c4a5522a2f8ba9e2ff7063df8c02ed443337a3,-0.02249134948096887,0.024778761061946764,0.06194690265486713,0.09557522123893802
2026-03-09,ENS,5.79,4044242.0765915615,2971.47320857517,4047213.5498001366,0.0007342022287709306,1361.0225611055694,12,binance;bitget;bybit;coinbase;crypto_com;gate;htx;kraken;kucoin;mexc;okx;upbit,eth,eth,5,sushiswap;uniswap-v4-ethereum;uniswap_v2;uniswap_v3,0x8f3db1d49246db472f89ff06ad633c2e20a395fb81d549713aa713ffd0366049;0x92560c178ce069cc014138ed3c2f5221ba71f58a;0xa1181481beb2dc5de0daf2c85392d81c704bf75d;0xb87b65dacc6171b3ca8c4a934601d0fcb6c61049;0xb9c4a5522a2f8ba9e2ff7063df8c02ed443337a3,0.024778761061946764,0.02763385146804831,0.03972366148531936,0.15025906735751304
2026-03-10,ENS,5.95,6770294.864853684,7608.124579605163,6777902.989433289,0.0011224894471735852,889.8769721782132,12,binance;bitget;bybit;coinbase;crypto_com;gate;htx;kraken;kucoin;mexc;okx;upbit,eth,eth,5,sushiswap;uniswap-v4-ethereum;uniswap_v2;uniswap_v3,0x8f3db1d49246db472f89ff06ad633c2e20a395fb81d549713aa713ffd0366049;0x92560c178ce069cc014138ed3c2f5221ba71f58a;0xa1181481beb2dc5de0daf2c85392d81c704bf75d;0xb87b65dacc6171b3ca8c4a934601d0fcb6c61049;0xb9c4a5522a2f8ba9e2ff7063df8c02ed443337a3,0.02763385146804831,0.008403361344537785,0.015126050420168013,0.11764705882352944
2026-03-11,ENS,6.0,3402605.460490131,4254.395138486809,3406859.8556286176,0.0012487731573278373,799.7859507004702,12,binance;bitget;bybit;coinbase;crypto_com;gate;htx;kraken;kucoin;mexc;okx;upbit,eth,eth,5,sushiswap;uniswap-v4-ethereum;uniswap_v2;uniswap_v3,0x8f3db1d49246db472f89ff06ad633c2e20a395fb81d549713aa713ffd0366049;0x92560c178ce069cc014138ed3c2f5221ba71f58a;0xa1181481beb2dc5de0daf2c85392d81c704bf75d;0xb87b65dacc6171b3ca8c4a934601d0fcb6c61049;0xb9c4a5522a2f8ba9e2ff7063df8c02ed443337a3,0.008403361344537785,0.0033333333333331883,0.0,0.053333333333333455
2026-03-12,ENS,6.02,3513827.730166519,4872.374952669713,3518700.105119189,0.0013847087865149767,721.1735066163561,12,binance;bitget;bybit;coinbase;crypto_com;gate;htx;kraken;kucoin;mexc;okx;upbit,eth,eth,5,sushiswap;uniswap-v4-ethereum;uniswap_v2;uniswap_v3,0x8f3db1d49246db472f89ff06ad633c2e20a395fb81d549713aa713ffd0366049;0x92560c178ce069cc014138ed3c2f5221ba71f58a;0xa1181481beb2dc5de0daf2c85392d81c704bf75d;0xb87b65dacc6171b3ca8c4a934601d0fcb6c61049;0xb9c4a5522a2f8ba9e2ff7063df8c02ed443337a3,0.0033333333333331883,0.0033222591362127574,0.02823920265780755,0.039867109634551534
2026-03-13,ENS,6.04,6186162.069779346,7658.697237563321,6193820.767016909,0.0012365061124059505,807.7303329655482,12,binance;bitget;bybit;coinbase;crypto_com;gate;htx;kraken;kucoin;mexc;okx;upbit,eth,eth,5,sushiswap;uniswap-v4-ethereum;uniswap_v2;uniswap_v3,0x8f3db1d49246db472f89ff06ad633c2e20a395fb81d549713aa713ffd0366049;0x92560c178ce069cc014138ed3c2f5221ba71f58a;0xa1181481beb2dc5de0daf2c85392d81c704bf75d;0xb87b65dacc6171b3ca8c4a934601d0fcb6c61049;0xb9c4a5522a2f8ba9e2ff7063df8c02ed443337a3,0.0033222591362127574,-0.0066225165562914245,0.10264900662251653,0.0364238410596025
2026-03-14,ENS,6.0,2856479.001201922,2353.9911895285886,2858832.992391451,0.0008234098304425417,1213.4620613316577,12,binance;bitget;bybit;coinbase;crypto_com;gate;htx;kraken;kucoin;mexc;okx;upbit,eth,eth,5,sushiswap;uniswap-v4-ethereum;uniswap_v2;uniswap_v3,0x8f3db1d49246db472f89ff06ad633c2e20a395fb81d549713aa713ffd0366049;0x92560c178ce069cc014138ed3c2f5221ba71f58a;0xa1181481beb2dc5de0daf2c85392d81c704bf75d;0xb87b65dacc6171b3ca8c4a934601d0fcb6c61049;0xb9c4a5522a2f8ba9e2ff7063df8c02ed443337a3,-0.0066225165562914245,0.03166666666666673,0.10833333333333339,0.0
2026-03-15,ENS,6.19,4068811.5242874334,9395.364146434771,4078206.888433868,0.0023037978218027146,433.06586747160964,12,binance;bitget;bybit;coinbase;crypto_com;gate;htx;kraken;kucoin;mexc;okx;upbit,eth,eth,5,sushiswap;uniswap-v4-ethereum;uniswap_v2;uniswap_v3,0x8f3db1d49246db472f89ff06ad633c2e20a395fb81d549713aa713ffd0366049;0x92560c178ce069cc014138ed3c2f5221ba71f58a;0xa1181481beb2dc5de0daf2c85392d81c704bf75d;0xb87b65dacc6171b3ca8c4a934601d0fcb6c61049;0xb9c4a5522a2f8ba9e2ff7063df8c02ed443337a3,0.03166666666666673,0.07592891760904674,0.02100161550888524,-0.05492730210016172
2026-03-16,ENS,6.66,11574485.901059944,47253.40588925569,11621739.3069492,0.004065949565827948,244.94500837011006,12,binance;bitget;bybit;coinbase;crypto_com;gate;htx;kraken;kucoin;mexc;okx;upbit,eth,eth,5,sushiswap;uniswap-v4-ethereum;uniswap_v2;uniswap_v3,0x8f3db1d49246db472f89ff06ad633c2e20a395fb81d549713aa713ffd0366049;0x92560c178ce069cc014138ed3c2f5221ba71f58a;0xa1181481beb2dc5de0daf2c85392d81c704bf75d;0xb87b65dacc6171b3ca8c4a934601d0fcb6c61049;0xb9c4a5522a2f8ba9e2ff7063df8c02ed443337a3,0.07592891760904674,-0.0015015015015015232,-0.06006006006006015,-0.07507507507507505
2026-03-17,ENS,6.65,12985744.880692594,22988.585361756235,13008733.46605435,0.0017671655293533238,564.8779460042658,12,binance;bitget;bybit;coinbase;crypto_com;gate;htx;kraken;kucoin;mexc;okx;upbit,eth,eth,5,sushiswap;uniswap-v4-ethereum;uniswap_v2;uniswap_v3,0x8f3db1d49246db472f89ff06ad633c2e20a395fb81d549713aa713ffd0366049;0x92560c178ce069cc014138ed3c2f5221ba71f58a;0xa1181481beb2dc5de0daf2c85392d81c704bf75d;0xb87b65dacc6171b3ca8c4a934601d0fcb6c61049;0xb9c4a5522a2f8ba9e2ff7063df8c02ed443337a3,-0.0015015015015015232,-0.049624060150375904,-0.0586466165413535,-0.08120300751879694
2026-03-18,ENS,6.32,7535752.615708912,31391.48463925707,7567144.100348169,0.004148392606639105,240.05722259739727,12,binance;bitget;bybit;coinbase;crypto_com;gate;htx;kraken;kucoin;mexc;okx;upbit,eth,eth,5,sushiswap;uniswap-v4-ethereum;uniswap_v2;uniswap_v3,0x8f3db1d49246db472f89ff06ad633c2e20a395fb81d549713aa713ffd0366049;0x92560c178ce069cc014138ed3c2f5221ba71f58a;0xa1181481beb2dc5de0daf2c85392d81c704bf75d;0xb87b65dacc6171b3ca8c4a934601d0fcb6c61049;0xb9c4a5522a2f8ba9e2ff7063df8c02ed443337a3,-0.049624060150375904,-0.009493670886076,-0.05063291139240511,-0.03322784810126578
2026-03-19,ENS,6.26,7248940.045301235,15072.145113334247,7264012.190414569,0.002074906362798113,480.9494594693184,12,binance;bitget;bybit;coinbase;crypto_com;gate;htx;kraken;kucoin;mexc;okx;upbit,eth,eth,5,sushiswap;uniswap-v4-ethereum;uniswap_v2;uniswap_v3,0x8f3db1d49246db472f89ff06ad633c2e20a395fb81d549713aa713ffd0366049;0x92560c178ce069cc014138ed3c2f5221ba71f58a;0xa1181481beb2dc5de0daf2c85392d81c704bf75d;0xb87b65dacc6171b3ca8c4a934601d0fcb6c61049;0xb9c4a5522a2f8ba9e2ff7063df8c02ed443337a3,-0.009493670886076,0.0,-0.06549520766773165,-0.0638977635782747
2026-03-20,ENS,6.26,3756547.105732197,8037.124110609785,3764584.2298428067,0.002134930079900319,467.39941476991623,12,binance;bitget;bybit;coinbase;crypto_com;gate;htx;kraken;kucoin;mexc;okx;upbit,eth,eth,5,sushiswap;uniswap-v4-ethereum;uniswap_v2;uniswap_v3,0x8f3db1d49246db472f89ff06ad633c2e20a395fb81d549713aa713ffd0366049;0x92560c178ce069cc014138ed3c2f5221ba71f58a;0xa1181481beb2dc5de0daf2c85392d81c704bf75d;0xb87b65dacc6171b3ca8c4a934601d0fcb6c61049;0xb9c4a5522a2f8ba9e2ff7063df8c02ed443337a3,0.0,-0.04153354632587858,-0.015974440894568676,-0.09584664536741205
2026-03-21,ENS,6.0,3161274.3979364256,5863.342241495065,3167137.7401779206,0.0018513063600339905,539.1591122830906,12,binance;bitget;bybit;coinbase;crypto_com;gate;htx;kraken;kucoin;mexc;okx;upbit,eth,eth,5,sushiswap;uniswap-v4-ethereum;uniswap_v2;uniswap_v3,0x8f3db1d49246db472f89ff06ad633c2e20a395fb81d549713aa713ffd0366049;0x92560c178ce069cc014138ed3c2f5221ba71f58a;0xa1181481beb2dc5de0daf2c85392d81c704bf75d;0xb87b65dacc6171b3ca8c4a934601d0fcb6c61049;0xb9c4a5522a2f8ba9e2ff7063df8c02ed443337a3,-0.04153354632587858,-0.025000000000000022,0.018333333333333313,-0.06333333333333335
2026-03-22,ENS,5.85,4014949.3962805676,5706.542843585397,4020655.939124153,0.001419306434071176,703.5694826673713,12,binance;bitget;bybit;coinbase;crypto_com;gate;htx;kraken;kucoin;mexc;okx;upbit,eth,eth,5,sushiswap;uniswap-v4-ethereum;uniswap_v2;uniswap_v3,0x8f3db1d49246db472f89ff06ad633c2e20a395fb81d549713aa713ffd0366049;0x92560c178ce069cc014138ed3c2f5221ba71f58a;0xa1181481beb2dc5de0daf2c85392d81c704bf75d;0xb87b65dacc6171b3ca8c4a934601d0fcb6c61049;0xb9c4a5522a2f8ba9e2ff7063df8c02ed443337a3,-0.025000000000000022,0.052991452991453025,0.04444444444444451,-0.05641025641025643
2026-03-23,ENS,6.16,5855089.044438694,8851.917336663628,5863940.961775357,0.0015095508966351593,661.4486807493768,12,binance;bitget;bybit;coinbase;crypto_com;gate;htx;kraken;kucoin;mexc;okx;upbit,eth,eth,5,sushiswap;uniswap-v4-ethereum;uniswap_v2;uniswap_v3,0x8f3db1d49246db472f89ff06ad633c2e20a395fb81d549713aa713ffd0366049;0x92560c178ce069cc014138ed3c2f5221ba71f58a;0xa1181481beb2dc5de0daf2c85392d81c704bf75d;0xb87b65dacc6171b3ca8c4a934601d0fcb6c61049;0xb9c4a5522a2f8ba9e2ff7063df8c02ed443337a3,0.052991452991453025,-0.008116883116883078,-0.04870129870129869,-0.10227272727272729
2026-03-24,ENS,6.11,3456917.5051822765,2599.6780147281897,3459517.1831970047,0.0007514568874971676,1329.7483325232936,12,binance;bitget;bybit;coinbase;crypto_com;gate;htx;kraken;kucoin;mexc;okx;upbit,eth,eth,4,sushiswap;uniswap-v4-ethereum;uniswap_v2;uniswap_v3,0x8f3db1d49246db472f89ff06ad633c2e20a395fb81d549713aa713ffd0366049;0x92560c178ce069cc014138ed3c2f5221ba71f58a;0xa1181481beb2dc5de0daf2c85392d81c704bf75d;0xb87b65dacc6171b3ca8c4a934601d0fcb6c61049,-0.008116883116883078,0.0,-0.07364975450081834,-0.07037643207855981
2026-03-25,ENS,6.11,3680359.4066172806,1855.8413256672186,3682215.247942948,0.0005040013146173287,1983.1218088077142,12,binance;bitget;bybit;coinbase;crypto_com;gate;htx;kraken;kucoin;mexc;okx;upbit,eth,eth,5,sushiswap;uniswap-v4-ethereum;uniswap_v2;uniswap_v3,0x8f3db1d49246db472f89ff06ad633c2e20a395fb81d549713aa713ffd0366049;0x92560c178ce069cc014138ed3c2f5221ba71f58a;0xa1181481beb2dc5de0daf2c85392d81c704bf75d;0xb87b65dacc6171b3ca8c4a934601d0fcb6c61049;0xb9c4a5522a2f8ba9e2ff7063df8c02ed443337a3,0.0,-0.04091653027823239,-0.08019639934533551,-0.06382978723404265
2026-03-26,ENS,5.86,3784016.4788351776,2665.793254751996,3786682.27208993,0.0007039917963015952,1419.471098176821,12,binance;bitget;bybit;coinbase;crypto_com;gate;htx;kraken;kucoin;mexc;okx;upbit,eth,eth,5,sushiswap;uniswap-v4-ethereum;uniswap_v2;uniswap_v3,0x8f3db1d49246db472f89ff06ad633c2e20a395fb81d549713aa713ffd0366049;0x92560c178ce069cc014138ed3c2f5221ba71f58a;0xa1181481beb2dc5de0daf2c85392d81c704bf75d;0xb87b65dacc6171b3ca8c4a934601d0fcb6c61049;0xb9c4a5522a2f8ba9e2ff7063df8c02ed443337a3,-0.04091653027823239,-0.03412969283276457,-0.058020477815699745,-0.058020477815699745
2026-03-27,ENS,5.66,3352083.90743557,2586.7433338922797,3354670.6507694623,0.0007710871209663927,1295.8703182938834,12,binance;bitget;bybit;coinbase;crypto_com;gate;htx;kraken;kucoin;mexc;okx;upbit,eth,eth,5,sushiswap;uniswap-v4-ethereum;uniswap_v2;uniswap_v3,0x8f3db1d49246db472f89ff06ad633c2e20a395fb81d549713aa713ffd0366049;0x92560c178ce069cc014138ed3c2f5221ba71f58a;0xa1181481beb2dc5de0daf2c85392d81c704bf75d;0xb87b65dacc6171b3ca8c4a934601d0fcb6c61049;0xb9c4a5522a2f8ba9e2ff7063df8c02ed443337a3,-0.03412969283276457,-0.007067137809187329,-0.0229681978798586,-0.024734982332155542
2026-03-28,ENS,5.62,2313178.3604155043,2090.928510963566,2315269.2889264678,0.0009031038078223191,1106.292419031351,12,binance;bitget;bybit;coinbase;crypto_com;gate;htx;kraken;kucoin;mexc;okx;upbit,eth,eth,4,sushiswap;uniswap-v4-ethereum;uniswap_v2;uniswap_v3,0x8f3db1d49246db472f89ff06ad633c2e20a395fb81d549713aa713ffd0366049;0x92560c178ce069cc014138ed3c2f5221ba71f58a;0xa1181481beb2dc5de0daf2c85392d81c704bf75d;0xb87b65dacc6171b3ca8c4a934601d0fcb6c61049,-0.007067137809187329,-0.017793594306049876,0.010676156583629748,0.010676156583629748
2026-03-29,ENS,5.52,3054170.127527811,2105.071310025773,3056275.1988378367,0.0006887702098378564,1450.863024440924,12,binance;bitget;bybit;coinbase;crypto_com;gate;htx;kraken;kucoin;mexc;okx;upbit,eth,eth,5,sushiswap;uniswap-v4-ethereum;uniswap_v2;uniswap_v3,0x8f3db1d49246db472f89ff06ad633c2e20a395fb81d549713aa713ffd0366049;0x92560c178ce069cc014138ed3c2f5221ba71f58a;0xa1181481beb2dc5de0daf2c85392d81c704bf75d;0xb87b65dacc6171b3ca8c4a934601d0fcb6c61049;0xb9c4a5522a2f8ba9e2ff7063df8c02ed443337a3,-0.017793594306049876,0.0018115942028986698,0.03623188405797095,0.02898550724637694
2026-03-30,ENS,5.53,3398902.827039576,2963.7367462894003,3401866.5637858654,0.0008712089938622168,1146.830207269591,12,binance;bitget;bybit;coinbase;crypto_com;gate;htx;kraken;kucoin;mexc;okx;upbit,eth,eth,5,sushiswap;uniswap-v4-ethereum;uniswap_v2;uniswap_v3,0x8f3db1d49246db472f89ff06ad633c2e20a395fb81d549713aa713ffd0366049;0x92560c178ce069cc014138ed3c2f5221ba71f58a;0xa1181481beb2dc5de0daf2c85392d81c704bf75d;0xb87b65dacc6171b3ca8c4a934601d0fcb6c61049;0xb9c4a5522a2f8ba9e2ff7063df8c02ed443337a3,0.0018115942028986698,0.027124773960216952,-0.001808318264014619,0.014466546112115841
2026-03-31,ENS,5.68,3395076.3164701,5480.731781116518,3400557.0482512168,0.001611715875766607,619.4567535976857,12,binance;bitget;bybit;coinbase;crypto_com;gate;htx;kraken;kucoin;mexc;okx;upbit,eth,eth,5,sushiswap;uniswap-v4-ethereum;uniswap_v2;uniswap_v3,0x8f3db1d49246db472f89ff06ad633c2e20a395fb81d549713aa713ffd0366049;0x92560c178ce069cc014138ed3c2f5221ba71f58a;0xa1181481beb2dc5de0daf2c85392d81c704bf75d;0xb87b65dacc6171b3ca8c4a934601d0fcb6c61049;0xb9c4a5522a2f8ba9e2ff7063df8c02ed443337a3,0.027124773960216952,0.007042253521126751,-0.028169014084507116,0.05457746478873249
2026-04-01,ENS,5.72,3640815.8682692433,6490.97996929727,3647306.8482385403,0.0017796638010953414,560.9038828482793,12,binance;bitget;bybit;coinbase;crypto_com;gate;htx;kraken;kucoin;mexc;okx;upbit,eth,eth,5,sushiswap;uniswap-v4-ethereum;uniswap_v2;uniswap_v3,0x8f3db1d49246db472f89ff06ad633c2e20a395fb81d549713aa713ffd0366049;0x92560c178ce069cc014138ed3c2f5221ba71f58a;0xa1181481beb2dc5de0daf2c85392d81c704bf75d;0xb87b65dacc6171b3ca8c4a934601d0fcb6c61049;0xb9c4a5522a2f8ba9e2ff7063df8c02ed443337a3,0.007042253521126751,-0.034965034965035,-0.006993006993006978,-0.0017482517482516613
2026-04-02,ENS,5.52,4286239.062290821,3010.692656407622,4289249.754947229,0.0007019159126686627,1423.6720753174418,12,binance;bitget;bybit;coinbase;crypto_com;gate;htx;kraken;kucoin;mexc;okx;upbit,eth,eth,5,sushiswap;uniswap-v4-ethereum;uniswap_v2;uniswap_v3,0x8f3db1d49246db472f89ff06ad633c2e20a395fb81d549713aa713ffd0366049;0x92560c178ce069cc014138ed3c2f5221ba71f58a;0xa1181481beb2dc5de0daf2c85392d81c704bf75d;0xb87b65dacc6171b3ca8c4a934601d0fcb6c61049;0xb9c4a5522a2f8ba9e2ff7063df8c02ed443337a3,-0.034965034965035,0.0,0.02898550724637694,0.04347826086956519
2026-04-03,ENS,5.52,1974724.8363718619,3304.422764808937,1978029.2591366707,0.0016705631372971616,597.6005423404233,12,binance;bitget;bybit;coinbase;crypto_com;gate;htx;kraken;kucoin;mexc;okx;upbit,eth,eth,5,sushiswap;uniswap-v4-ethereum;uniswap_v2;uniswap_v3,0x8f3db1d49246db472f89ff06ad633c2e20a395fb81d549713aa713ffd0366049;0x92560c178ce069cc014138ed3c2f5221ba71f58a;0xa1181481beb2dc5de0daf2c85392d81c704bf75d;0xb87b65dacc6171b3ca8c4a934601d0fcb6c61049;0xb9c4a5522a2f8ba9e2ff7063df8c02ed443337a3,0.0,0.02898550724637694,0.01630434782608714,0.061594202898550776
2026-04-04,ENS,5.68,3674588.761495646,6455.819621555864,3681044.581117202,0.0017538009875437352,569.1901225409491,12,binance;bitget;bybit;coinbase;crypto_com;gate;htx;kraken;kucoin;mexc;okx;upbit,eth,eth,5,sushiswap;uniswap-v4-ethereum;uniswap_v2;uniswap_v3,0x8f3db1d49246db472f89ff06ad633c2e20a395fb81d549713aa713ffd0366049;0x92560c178ce069cc014138ed3c2f5221ba71f58a;0xa1181481beb2dc5de0daf2c85392d81c704bf75d;0xb87b65dacc6171b3ca8c4a934601d0fcb6c61049;0xb9c4a5522a2f8ba9e2ff7063df8c02ed443337a3,0.02898550724637694,0.0,0.05457746478873249,0.026408450704225483
2026-04-05,ENS,5.68,3000198.7642823337,3524.4720568502926,3003723.236339184,0.0011733677771011207,851.2477091288149,12,binance;bitget;bybit;coinbase;crypto_com;gate;htx;kraken;kucoin;mexc;okx;upbit,eth,eth,5,sushiswap;uniswap-v4-ethereum;uniswap_v2;uniswap_v3,0x8f3db1d49246db472f89ff06ad633c2e20a395fb81d549713aa713ffd0366049;0x92560c178ce069cc014138ed3c2f5221ba71f58a;0xa1181481beb2dc5de0daf2c85392d81c704bf75d;0xb87b65dacc6171b3ca8c4a934601d0fcb6c61049;0xb9c4a5522a2f8ba9e2ff7063df8c02ed443337a3,0.0,-0.012323943661971759,0.005281690140845008,-0.022887323943661997
2026-04-06,ENS,5.61,4602621.783552598,5523.674569409806,4608145.458122008,0.0011986762613307158,833.2536114712456,12,binance;bitget;bybit;coinbase;crypto_com;gate;htx;kraken;kucoin;mexc;okx;upbit,eth,eth,5,sushiswap;uniswap-v4-ethereum;uniswap_v2;uniswap_v3,0x8f3db1d49246db472f89ff06ad633c2e20a395fb81d549713aa713ffd0366049;0x92560c178ce069cc014138ed3c2f5221ba71f58a;0xa1181481beb2dc5de0daf2c85392d81c704bf75d;0xb87b65dacc6171b3ca8c4a934601d0fcb6c61049;0xb9c4a5522a2f8ba9e2ff7063df8c02ed443337a3,-0.012323943661971759,0.06773618538324411,0.026737967914438387,0.06060606060606055
2026-04-07,ENS,5.99,4591272.172192105,6021.880537863942,4597294.052729969,0.0013098749979431974,762.4316263538338,12,binance;bitget;bybit;coinbase;crypto_com;gate;htx;kraken;kucoin;mexc;okx;upbit,eth,eth,5,sushiswap;uniswap-v4-ethereum;uniswap_v2;uniswap_v3,0x8f3db1d49246db472f89ff06ad633c2e20a395fb81d549713aa713ffd0366049;0x92560c178ce069cc014138ed3c2f5221ba71f58a;0xa1181481beb2dc5de0daf2c85392d81c704bf75d;0xb87b65dacc6171b3ca8c4a934601d0fcb6c61049;0xb9c4a5522a2f8ba9e2ff7063df8c02ed443337a3,0.06773618538324411,-0.046744574290484175,-0.02170283806343909,-0.038397328881469184
2026-04-08,ENS,5.71,3835480.07482023,10537.626872630528,3846017.70169286,0.0027398799719492435,363.9794918894079,12,binance;bitget;bybit;coinbase;crypto_com;gate;htx;kraken;kucoin;mexc;okx;upbit,eth,eth,5,sushiswap;uniswap-v4-ethereum;uniswap_v2;uniswap_v3,0x8f3db1d49246db472f89ff06ad633c2e20a395fb81d549713aa713ffd0366049;0x92560c178ce069cc014138ed3c2f5221ba71f58a;0xa1181481beb2dc5de0daf2c85392d81c704bf75d;0xb87b65dacc6171b3ca8c4a934601d0fcb6c61049;0xb9c4a5522a2f8ba9e2ff7063df8c02ed443337a3,-0.046744574290484175,0.008756567425569184,0.021015761821365997,0.03327495621716303
2026-04-09,ENS,5.76,3548365.100127521,8504.756142959566,3556869.8562704804,0.002391078809916633,417.2212630770066,12,binance;bitget;bybit;coinbase;crypto_com;gate;htx;kraken;kucoin;mexc;okx;upbit,eth,eth,5,sushiswap;uniswap-v4-ethereum;uniswap_v2;uniswap_v3,0x8f3db1d49246db472f89ff06ad633c2e20a395fb81d549713aa713ffd0366049;0x92560c178ce069cc014138ed3c2f5221ba71f58a;0xa1181481beb2dc5de0daf2c85392d81c704bf75d;0xb87b65dacc6171b3ca8c4a934601d0fcb6c61049;0xb9c4a5522a2f8ba9e2ff7063df8c02ed443337a3,0.008756567425569184,0.01736111111111116,-0.03645833333333337,0.08159722222222232
2026-04-10,ENS,5.86,3317171.2767975163,3809.3470686243245,3320980.6238661404,0.0011470548913319611,870.7978603785901,12,binance;bitget;bybit;coinbase;crypto_com;gate;htx;kraken;kucoin;mexc;okx;upbit,eth,eth,5,sushiswap;uniswap-v4-ethereum;uniswap_v2;uniswap_v3,0x8f3db1d49246db472f89ff06ad633c2e20a395fb81d549713aa713ffd0366049;0x92560c178ce069cc014138ed3c2f5221ba71f58a;0xa1181481beb2dc5de0daf2c85392d81c704bf75d;0xb87b65dacc6171b3ca8c4a934601d0fcb6c61049;0xb9c4a5522a2f8ba9e2ff7063df8c02ed443337a3,0.01736111111111116,-0.005119453924914752,0.015358361774743923,0.06825938566552892
2026-04-11,ENS,5.83,3184313.742501421,3511.0890950994644,3187824.8315965203,0.0011014059054622043,906.9304868810838,12,binance;bitget;bybit;coinbase;crypto_com;gate;htx;kraken;kucoin;mexc;okx;upbit,eth,eth,5,sushiswap;uniswap-v4-ethereum;uniswap_v2;uniswap_v3,0x8f3db1d49246db472f89ff06ad633c2e20a395fb81d549713aa713ffd0366049;0x92560c178ce069cc014138ed3c2f5221ba71f58a;0xa1181481beb2dc5de0daf2c85392d81c704bf75d;0xb87b65dacc6171b3ca8c4a934601d0fcb6c61049;0xb9c4a5522a2f8ba9e2ff7063df8c02ed443337a3,-0.005119453924914752,-0.04802744425385941,-0.012006861063464935,0.025728987993139052
2026-04-12,ENS,5.55,3272376.5182272037,1794.2052519102247,3274170.723479114,0.0005479876901482134,1823.8585104704293,12,binance;bitget;bybit;coinbase;crypto_com;gate;htx;kraken;kucoin;mexc;okx;upbit,eth,eth,5,sushiswap;uniswap-v4-ethereum;uniswap_v2;uniswap_v3,0x8f3db1d49246db472f89ff06ad633c2e20a395fb81d549713aa713ffd0366049;0x92560c178ce069cc014138ed3c2f5221ba71f58a;0xa1181481beb2dc5de0daf2c85392d81c704bf75d;0xb87b65dacc6171b3ca8c4a934601d0fcb6c61049;0xb9c4a5522a2f8ba9e2ff7063df8c02ed443337a3,-0.04802744425385941,0.07207207207207222,0.06306306306306309,0.03603603603603611
2026-04-13,ENS,5.95,5136686.373051238,6464.05168057056,5143150.424731809,0.0012568272647610983,794.6542860248048,12,binance;bitget;bybit;coinbase;crypto_com;gate;htx;kraken;kucoin;mexc;okx;upbit,eth,eth,5,sushiswap;uniswap-v4-ethereum;uniswap_v2;uniswap_v3,0x8f3db1d49246db472f89ff06ad633c2e20a395fb81d549713aa713ffd0366049;0x92560c178ce069cc014138ed3c2f5221ba71f58a;0xa1181481beb2dc5de0daf2c85392d81c704bf75d;0xb87b65dacc6171b3ca8c4a934601d0fcb6c61049;0xb9c4a5522a2f8ba9e2ff7063df8c02ed443337a3,0.07207207207207222,-0.031932773109243806,0.04705882352941182,0.003361344537815114
2026-04-14,ENS,5.76,4191334.0857088,5053.358040816736,4196387.443749617,0.0012042162713892279,829.4156186549144,12,binance;bitget;bybit;coinbase;crypto_com;gate;htx;kraken;kucoin;mexc;okx;upbit,eth,eth,5,sushiswap;uniswap-v4-ethereum;uniswap_v2;uniswap_v3,0x8f3db1d49246db472f89ff06ad633c2e20a395fb81d549713aa713ffd0366049;0x92560c178ce069cc014138ed3c2f5221ba71f58a;0xa1181481beb2dc5de0daf2c85392d81c704bf75d;0xb87b65dacc6171b3ca8c4a934601d0fcb6c61049;0xb9c4a5522a2f8ba9e2ff7063df8c02ed443337a3,-0.031932773109243806,0.02430555555555558,0.08680555555555558,0.04513888888888884
2026-04-15,ENS,5.9,3888160.2619479233,2924.4506342355794,3891084.712582159,0.0007515772208143182,1329.535269438476,12,binance;bitget;bybit;coinbase;crypto_com;gate;htx;kraken;kucoin;mexc;okx;upbit,eth,eth,5,sushiswap;uniswap-v4-ethereum;uniswap_v2;uniswap_v3,0x8f3db1d49246db472f89ff06ad633c2e20a395fb81d549713aa713ffd0366049;0x92560c178ce069cc014138ed3c2f5221ba71f58a;0xa1181481beb2dc5de0daf2c85392d81c704bf75d;0xb87b65dacc6171b3ca8c4a934601d0fcb6c61049;0xb9c4a5522a2f8ba9e2ff7063df8c02ed443337a3,0.02430555555555558,0.055932203389830626,0.013559322033898313,0.03389830508474567
2026-04-16,ENS,6.23,6464839.142856546,10420.539609133833,6475259.68246568,0.0016092852055573238,620.393893727919,12,binance;bitget;bybit;coinbase;crypto_com;gate;htx;kraken;kucoin;mexc;okx;upbit,eth,eth,5,sushiswap;uniswap-v4-ethereum;uniswap_v2;uniswap_v3,0x8f3db1d49246db472f89ff06ad633c2e20a395fb81d549713aa713ffd0366049;0x92560c178ce069cc014138ed3c2f5221ba71f58a;0xa1181481beb2dc5de0daf2c85392d81c704bf75d;0xb87b65dacc6171b3ca8c4a934601d0fcb6c61049;0xb9c4a5522a2f8ba9e2ff7063df8c02ed443337a3,0.055932203389830626,0.004815409309791185,-0.07704654895666141,-0.009630818619582704
2026-04-17,ENS,6.26,5862610.217702042,11684.437636639497,5874294.655338682,0.0019890792549911392,501.7451759354127,12,binance;bitget;bybit;coinbase;crypto_com;gate;htx;kraken;kucoin;mexc;okx;upbit,eth,eth,5,sushiswap;uniswap-v4-ethereum;uniswap_v2;uniswap_v3,0x8f3db1d49246db472f89ff06ad633c2e20a395fb81d549713aa713ffd0366049;0x92560c178ce069cc014138ed3c2f5221ba71f58a;0xa1181481beb2dc5de0daf2c85392d81c704bf75d;0xb87b65dacc6171b3ca8c4a934601d0fcb6c61049;0xb9c4a5522a2f8ba9e2ff7063df8c02ed443337a3,0.004815409309791185,-0.04472843450479225,-0.04632587859424919,0.0031948881789138905
2026-04-18,ENS,5.98,4190289.258704007,8622.828527715032,4198912.087231722,0.002053586345362122,485.95298459615714,12,binance;bitget;bybit;coinbase;crypto_com;gate;htx;kraken;kucoin;mexc;okx;upbit,eth,eth,5,sushiswap;uniswap-v4-ethereum;uniswap_v2;uniswap_v3,0x8f3db1d49246db472f89ff06ad633c2e20a395fb81d549713aa713ffd0366049;0x92560c178ce069cc014138ed3c2f5221ba71f58a;0xa1181481beb2dc5de0daf2c85392d81c704bf75d;0xb87b65dacc6171b3ca8c4a934601d0fcb6c61049;0xb9c4a5522a2f8ba9e2ff7063df8c02ed443337a3,-0.04472843450479225,-0.03846153846153855,0.006688963210702115,0.03344481605351168
2026-04-19,ENS,5.75,3726915.2558258646,4795.98233803284,3731711.2381638973,0.0012851965310136356,777.0911135912413,12,binance;bitget;bybit;coinbase;crypto_com;gate;htx;kraken;kucoin;mexc;okx;upbit,eth,eth,5,sushiswap;uniswap-v4-ethereum;uniswap_v2;uniswap_v3,0x8f3db1d49246db472f89ff06ad633c2e20a395fb81d549713aa713ffd0366049;0x92560c178ce069cc014138ed3c2f5221ba71f58a;0xa1181481beb2dc5de0daf2c85392d81c704bf75d;0xb87b65dacc6171b3ca8c4a934601d0fcb6c61049;0xb9c4a5522a2f8ba9e2ff7063df8c02ed443337a3,-0.03846153846153855,0.03826086956521735,0.060869565217391175,0.07826086956521738
2026-04-20,ENS,5.97,3705712.2439063163,5624.299555504444,3711336.5434618206,0.001515437764708417,658.8753332456438,12,binance;bitget;bybit;coinbase;crypto_com;gate;htx;kraken;kucoin;mexc;okx;upbit,eth,eth,5,sushiswap;uniswap-v4-ethereum;uniswap_v2;uniswap_v3,0x8f3db1d49246db472f89ff06ad633c2e20a395fb81d549713aa713ffd0366049;0x92560c178ce069cc014138ed3c2f5221ba71f58a;0xa1181481beb2dc5de0daf2c85392d81c704bf75d;0xb87b65dacc6171b3ca8c4a934601d0fcb6c61049;0xb9c4a5522a2f8ba9e2ff7063df8c02ed443337a3,0.03826086956521735,0.008375209380234505,0.03350083752093802,0.0201005025125629
2026-04-21,ENS,6.02,4041307.987057195,5668.27270864351,4046976.2597658387,0.0014006192141516245,712.9699283689425,12,binance;bitget;bybit;coinbase;crypto_com;gate;htx;kraken;kucoin;mexc;okx;upbit,eth,eth,5,sushiswap;uniswap-v4-ethereum;uniswap_v2;uniswap_v3,0x8f3db1d49246db472f89ff06ad633c2e20a395fb81d549713aa713ffd0366049;0x92560c178ce069cc014138ed3c2f5221ba71f58a;0xa1181481beb2dc5de0daf2c85392d81c704bf75d;0xb87b65dacc6171b3ca8c4a934601d0fcb6c61049;0xb9c4a5522a2f8ba9e2ff7063df8c02ed443337a3,0.008375209380234505,0.013289036544850585,0.04318936877076429,0.004983388704318914
2026-04-22,ENS,6.1,4198353.609156687,6970.733563748849,4205324.342720436,0.0016575971306031206,602.2828975977701,12,binance;bitget;bybit;coinbase;crypto_com;gate;htx;kraken;kucoin;mexc;okx;upbit,eth,eth,5,sushiswap;uniswap-v4-ethereum;uniswap_v2;uniswap_v3,0x8f3db1d49246db472f89ff06ad633c2e20a395fb81d549713aa713ffd0366049;0x92560c178ce069cc014138ed3c2f5221ba71f58a;0xa1181481beb2dc5de0daf2c85392d81c704bf75d;0xb87b65dacc6171b3ca8c4a934601d0fcb6c61049;0xb9c4a5522a2f8ba9e2ff7063df8c02ed443337a3,0.013289036544850585,0.011475409836065653,0.013114754098360715,-0.013114754098360715
2026-04-23,ENS,6.17,6547924.173026276,7688.200307831164,6555612.373334107,0.001172766153640203,851.6849081515985,12,binance;bitget;bybit;coinbase;crypto_com;gate;htx;kraken;kucoin;mexc;okx;upbit,eth,eth,5,sushiswap;uniswap-v4-ethereum;uniswap_v2;uniswap_v3,0x8f3db1d49246db472f89ff06ad633c2e20a395fb81d549713aa713ffd0366049;0x92560c178ce069cc014138ed3c2f5221ba71f58a;0xa1181481beb2dc5de0daf2c85392d81c704bf75d;0xb87b65dacc6171b3ca8c4a934601d0fcb6c61049;0xb9c4a5522a2f8ba9e2ff7063df8c02ed443337a3,0.011475409836065653,0.017828200972447306,0.004862236628849326,-0.027552674230145846
2026-04-24,ENS,6.28,5798626.33992519,16866.663621978718,5815493.003547169,0.0029002981538608797,343.79213754930646,12,binance;bitget;bybit;coinbase;crypto_com;gate;htx;kraken;kucoin;mexc;okx;upbit,eth,eth,5,sushiswap;uniswap-v4-ethereum;uniswap_v2;uniswap_v3,0x8f3db1d49246db472f89ff06ad633c2e20a395fb81d549713aa713ffd0366049;0x92560c178ce069cc014138ed3c2f5221ba71f58a;0xa1181481beb2dc5de0daf2c85392d81c704bf75d;0xb87b65dacc6171b3ca8c4a934601d0fcb6c61049;0xb9c4a5522a2f8ba9e2ff7063df8c02ed443337a3,0.017828200972447306,-0.015923566878981,-0.030254777070063743,-0.031847133757961776
2026-04-25,ENS,6.18,2775800.837860095,7660.172882738146,2783461.010742833,0.002752031680405628,362.36791001352424,12,binance;bitget;bybit;coinbase;crypto_com;gate;htx;kraken;kucoin;mexc;okx;upbit,eth,eth,5,sushiswap;uniswap-v4-ethereum;uniswap_v2;uniswap_v3,0x8f3db1d49246db472f89ff06ad633c2e20a395fb81d549713aa713ffd0366049;0x92560c178ce069cc014138ed3c2f5221ba71f58a;0xa1181481beb2dc5de0daf2c85392d81c704bf75d;0xb87b65dacc6171b3ca8c4a934601d0fcb6c61049;0xb9c4a5522a2f8ba9e2ff7063df8c02ed443337a3,-0.015923566878981,0.003236245954692629,-0.021035598705501646,-0.009708737864077555
2026-04-26,ENS,6.2,3248741.1320252754,14053.150533765349,3262794.282559041,0.004307090584559725,231.17528871690095,12,binance;bitget;bybit;coinbase;crypto_com;gate;htx;kraken;kucoin;mexc;okx;upbit,eth,eth,5,sushiswap;uniswap-v4-ethereum;uniswap_v2;uniswap_v3,0x8f3db1d49246db472f89ff06ad633c2e20a395fb81d549713aa713ffd0366049;0x92560c178ce069cc014138ed3c2f5221ba71f58a;0xa1181481beb2dc5de0daf2c85392d81c704bf75d;0xb87b65dacc6171b3ca8c4a934601d0fcb6c61049;0xb9c4a5522a2f8ba9e2ff7063df8c02ed443337a3,0.003236245954692629,-0.01774193548387104,-0.02903225806451626,-0.011290322580645218
2026-04-27,ENS,6.09,3993509.598637479,4472.832919037654,3997982.4315565163,0.0011187725297973025,892.8367481915011,12,binance;bitget;bybit;coinbase;crypto_com;gate;htx;kraken;kucoin;mexc;okx;upbit,eth,eth,5,sushiswap;uniswap-v4-ethereum;uniswap_v2;uniswap_v3,0x8f3db1d49246db472f89ff06ad633c2e20a395fb81d549713aa713ffd0366049;0x92560c178ce069cc014138ed3c2f5221ba71f58a;0xa1181481beb2dc5de0daf2c85392d81c704bf75d;0xb87b65dacc6171b3ca8c4a934601d0fcb6c61049;0xb9c4a5522a2f8ba9e2ff7063df8c02ed443337a3,-0.01774193548387104,-0.006568144499178974,-0.014778325123152691,0.011494252873563315
2026-04-28,ENS,6.05,2638197.508237089,548.6758352205898,2638746.1840723096,0.00020793050825897638,4808.2990700263435,12,binance;bitget;bybit;coinbase;crypto_com;gate;htx;kraken;kucoin;mexc;okx;upbit,eth,eth,4,sushiswap;uniswap-v4-ethereum;uniswap_v2;uniswap_v3,0x8f3db1d49246db472f89ff06ad633c2e20a395fb81d549713aa713ffd0366049;0x92560c178ce069cc014138ed3c2f5221ba71f58a;0xa1181481beb2dc5de0daf2c85392d81c704bf75d;0xb87b65dacc6171b3ca8c4a934601d0fcb6c61049,-0.006568144499178974,-0.0049586776859504855,0.0049586776859504855,0.05289256198347103
2026-04-29,ENS,6.02,3965724.2639410477,5881.626507831648,3971605.8904488795,0.0014809189708314423,674.2563912653258,12,binance;bitget;bybit;coinbase;crypto_com;gate;htx;kraken;kucoin;mexc;okx;upbit,eth,eth,5,sushiswap;uniswap-v4-ethereum;uniswap_v2;uniswap_v3,0x8f3db1d49246db472f89ff06ad633c2e20a395fb81d549713aa713ffd0366049;0x92560c178ce069cc014138ed3c2f5221ba71f58a;0xa1181481beb2dc5de0daf2c85392d81c704bf75d;0xb87b65dacc6171b3ca8c4a934601d0fcb6c61049;0xb9c4a5522a2f8ba9e2ff7063df8c02ed443337a3,-0.0049586776859504855,-0.0033222591362125353,0.01661129568106312,0.09966777408637872
2026-04-30,ENS,6.0,2327898.164894212,6451.98266951478,2334350.1475637266,0.002763930970787939,360.80353654596547,12,binance;bitget;bybit;coinbase;crypto_com;gate;htx;kraken;kucoin;mexc;okx;upbit,eth,eth,5,sushiswap;uniswap-v4-ethereum;uniswap_v2;uniswap_v3,0x8f3db1d49246db472f89ff06ad633c2e20a395fb81d549713aa713ffd0366049;0x92560c178ce069cc014138ed3c2f5221ba71f58a;0xa1181481beb2dc5de0daf2c85392d81c704bf75d;0xb87b65dacc6171b3ca8c4a934601d0fcb6c61049;0xb9c4a5522a2f8ba9e2ff7063df8c02ed443337a3,-0.0033222591362125353,0.01333333333333342,0.021666666666666723,0.06833333333333336
2026-05-01,ENS,6.08,1871497.7419577674,32372.07909415135,1903869.8210519187,0.017003304919380076,57.81209592731688,12,binance;bitget;bybit;coinbase;crypto_com;gate;htx;kraken;kucoin;mexc;okx;upbit,eth,eth,5,sushiswap;uniswap-v4-ethereum;uniswap_v2;uniswap_v3,0x8f3db1d49246db472f89ff06ad633c2e20a395fb81d549713aa713ffd0366049;0x92560c178ce069cc014138ed3c2f5221ba71f58a;0xa1181481beb2dc5de0daf2c85392d81c704bf75d;0xb87b65dacc6171b3ca8c4a934601d0fcb6c61049;0xb9c4a5522a2f8ba9e2ff7063df8c02ed443337a3,0.01333333333333342,0.006578947368421018,0.013157894736842035,0.14473684210526305
2026-05-02,ENS,6.12,1866020.16134312,2369.827155835045,1868389.988498955,0.0012683792839946327,787.4077047132154,12,binance;bitget;bybit;coinbase;crypto_com;gate;htx;kraken;kucoin;mexc;okx;upbit,eth,eth,5,sushiswap;uniswap-v4-ethereum;uniswap_v2;uniswap_v3,0x8f3db1d49246db472f89ff06ad633c2e20a395fb81d549713aa713ffd0366049;0x92560c178ce069cc014138ed3c2f5221ba71f58a;0xa1181481beb2dc5de0daf2c85392d81c704bf75d;0xb87b65dacc6171b3ca8c4a934601d0fcb6c61049;0xb9c4a5522a2f8ba9e2ff7063df8c02ed443337a3,0.006578947368421018,0.0016339869281045694,0.040849673202614456,0.11111111111111116
2026-05-03,ENS,6.13,2957130.27449535,1591.3124831348623,2958721.586978485,0.0005378378588030472,1858.296409935682,12,binance;bitget;bybit;coinbase;crypto_com;gate;htx;kraken;kucoin;mexc;okx;upbit,eth,eth,5,sushiswap;uniswap-v4-ethereum;uniswap_v2;uniswap_v3,0x8f3db1d49246db472f89ff06ad633c2e20a395fb81d549713aa713ffd0366049;0x92560c178ce069cc014138ed3c2f5221ba71f58a;0xa1181481beb2dc5de0daf2c85392d81c704bf75d;0xb87b65dacc6171b3ca8c4a934601d0fcb6c61049;0xb9c4a5522a2f8ba9e2ff7063df8c02ed443337a3,0.0016339869281045694,0.004893964110929794,0.07993474714518767,0.20391517128874392
2026-05-04,ENS,6.16,3632684.1553487536,1842.8427318736399,3634526.998080627,0.000507037843671772,1971.239375188224,12,binance;bitget;bybit;coinbase;crypto_com;gate;htx;kraken;kucoin;mexc;okx;upbit,eth,eth,5,sushiswap;uniswap-v4-ethereum;uniswap_v2;uniswap_v3,0x8f3db1d49246db472f89ff06ad633c2e20a395fb81d549713aa713ffd0366049;0x92560c178ce069cc014138ed3c2f5221ba71f58a;0xa1181481beb2dc5de0daf2c85392d81c704bf75d;0xb87b65dacc6171b3ca8c4a934601d0fcb6c61049;0xb9c4a5522a2f8ba9e2ff7063df8c02ed443337a3,0.004893964110929794,0.03409090909090917,0.0405844155844155,0.19967532467532467
2026-05-05,ENS,6.37,4486687.095241972,6721.4357119464075,4493408.530953919,0.001495843448385383,667.519156252215,12,binance;bitget;bybit;coinbase;crypto_com;gate;htx;kraken;kucoin;mexc;okx;upbit,eth,eth,5,sushiswap;uniswap-v4-ethereum;uniswap_v2;uniswap_v3,0x8f3db1d49246db472f89ff06ad633c2e20a395fb81d549713aa713ffd0366049;0x92560c178ce069cc014138ed3c2f5221ba71f58a;0xa1181481beb2dc5de0daf2c85392d81c704bf75d;0xb87b65dacc6171b3ca8c4a934601d0fcb6c61049;0xb9c4a5522a2f8ba9e2ff7063df8c02ed443337a3,0.03409090909090917,0.03924646781789631,0.09262166405023553,0.09890109890109877
2026-05-06,ENS,6.62,6653393.770229679,27892.890395321072,6681286.660625,0.004174778274325957,238.53367922550473,12,binance;bitget;bybit;coinbase;crypto_com;gate;htx;kraken;kucoin;mexc;okx;upbit,eth,eth,5,sushiswap;uniswap-v4-ethereum;uniswap_v2;uniswap_v3,0x8f3db1d49246db472f89ff06ad633c2e20a395fb81d549713aa713ffd0366049;0x92560c178ce069cc014138ed3c2f5221ba71f58a;0xa1181481beb2dc5de0daf2c85392d81c704bf75d;0xb87b65dacc6171b3ca8c4a934601d0fcb6c61049;0xb9c4a5522a2f8ba9e2ff7063df8c02ed443337a3,0.03924646781789631,-0.031722054380664666,0.027190332326283873,0.030211480362537735
2026-05-07,ENS,6.41,5122348.429250986,7831.950138522728,5130180.379389509,0.0015266422541374129,654.0323085122667,12,binance;bitget;bybit;coinbase;crypto_com;gate;htx;kraken;kucoin;mexc;okx;upbit,eth,eth,5,sushiswap;uniswap-v4-ethereum;uniswap_v2;uniswap_v3,0x8f3db1d49246db472f89ff06ad633c2e20a395fb81d549713aa713ffd0366049;0x92560c178ce069cc014138ed3c2f5221ba71f58a;0xa1181481beb2dc5de0daf2c85392d81c704bf75d;0xb87b65dacc6171b3ca8c4a934601d0fcb6c61049;0xb9c4a5522a2f8ba9e2ff7063df8c02ed443337a3,-0.031722054380664666,0.08580343213728536,0.15132605304212166,0.10764430577223072
2026-05-08,ENS,6.96,6773614.040382662,24987.10826390366,6798601.148646565,0.003675330809614855,271.0843515320984,12,binance;bitget;bybit;coinbase;crypto_com;gate;htx;kraken;kucoin;mexc;okx;upbit,eth,eth,5,sushiswap;uniswap-v4-ethereum;uniswap_v2;uniswap_v3,0x8f3db1d49246db472f89ff06ad633c2e20a395fb81d549713aa713ffd0366049;0x92560c178ce069cc014138ed3c2f5221ba71f58a;0xa1181481beb2dc5de0daf2c85392d81c704bf75d;0xb87b65dacc6171b3ca8c4a934601d0fcb6c61049;0xb9c4a5522a2f8ba9e2ff7063df8c02ed443337a3,0.08580343213728536,-0.02298850574712641,0.06178160919540221,-0.030172413793103425
2026-05-09,ENS,6.8,6508427.70287706,28740.22128414937,6537167.924161209,0.004396433075847147,226.45711870237224,12,binance;bitget;bybit;coinbase;crypto_com;gate;htx;kraken;kucoin;mexc;okx;upbit,eth,eth,5,sushiswap;uniswap-v4-ethereum;uniswap_v2;uniswap_v3,0x8f3db1d49246db472f89ff06ad633c2e20a395fb81d549713aa713ffd0366049;0x92560c178ce069cc014138ed3c2f5221ba71f58a;0xa1181481beb2dc5de0daf2c85392d81c704bf75d;0xb87b65dacc6171b3ca8c4a934601d0fcb6c61049;0xb9c4a5522a2f8ba9e2ff7063df8c02ed443337a3,-0.02298850574712641,0.08529411764705874,0.02941176470588247,-0.055882352941176494
2026-05-10,ENS,7.38,17553015.66085744,113825.13489802,17666840.79575546,0.006442868660783257,154.21036554521822,12,binance;bitget;bybit;coinbase;crypto_com;gate;htx;kraken;kucoin;mexc;okx;upbit,eth,eth,5,sushiswap;uniswap-v4-ethereum;uniswap_v2;uniswap_v3,0x8f3db1d49246db472f89ff06ad633c2e20a395fb81d549713aa713ffd0366049;0x92560c178ce069cc014138ed3c2f5221ba71f58a;0xa1181481beb2dc5de0daf2c85392d81c704bf75d;0xb87b65dacc6171b3ca8c4a934601d0fcb6c61049;0xb9c4a5522a2f8ba9e2ff7063df8c02ed443337a3,0.08529411764705874,0.0013550135501354532,-0.07588075880758804,-0.15718157181571812
2026-05-11,ENS,7.39,30561118.288885903,150810.08389925805,30711928.372785162,0.004910472636843468,202.64638476894484,12,binance;bitget;bybit;coinbase;crypto_com;gate;htx;kraken;kucoin;mexc;okx;upbit,eth,eth,5,sushiswap;uniswap-v4-ethereum;uniswap_v2;uniswap_v3,0x8f3db1d49246db472f89ff06ad633c2e20a395fb81d549713aa713ffd0366049;0x92560c178ce069cc014138ed3c2f5221ba71f58a;0xa1181481beb2dc5de0daf2c85392d81c704bf75d;0xb87b65dacc6171b3ca8c4a934601d0fcb6c61049;0xb9c4a5522a2f8ba9e2ff7063df8c02ed443337a3,0.0013550135501354532,-0.05277401894451961,-0.03924221921515558,-0.14749661705006767
2026-05-12,ENS,7.0,7913536.408358555,24104.633662220633,7937641.042020776,0.0030367502806707973,328.2993850581309,12,binance;bitget;bybit;coinbase;crypto_com;gate;htx;kraken;kucoin;mexc;okx;upbit,eth,eth,5,sushiswap;uniswap-v4-ethereum;uniswap_v2;uniswap_v3,0x8f3db1d49246db472f89ff06ad633c2e20a395fb81d549713aa713ffd0366049;0x92560c178ce069cc014138ed3c2f5221ba71f58a;0xa1181481beb2dc5de0daf2c85392d81c704bf75d;0xb87b65dacc6171b3ca8c4a934601d0fcb6c61049;0xb9c4a5522a2f8ba9e2ff7063df8c02ed443337a3,-0.05277401894451961,-0.02571428571428569,-0.0357142857142857,-0.12285714285714289
2026-05-13,ENS,6.82,5997319.042708958,38944.80119640587,6036263.843905363,0.006451805653877651,153.99536930393774,12,binance;bitget;bybit;coinbase;crypto_com;gate;htx;kraken;kucoin;mexc;okx;upbit,eth,eth,5,sushiswap;uniswap-v4-ethereum;uniswap_v2;uniswap_v3,0x8f3db1d49246db472f89ff06ad633c2e20a395fb81d549713aa713ffd0366049;0x92560c178ce069cc014138ed3c2f5221ba71f58a;0xa1181481beb2dc5de0daf2c85392d81c704bf75d;0xb87b65dacc6171b3ca8c4a934601d0fcb6c61049;0xb9c4a5522a2f8ba9e2ff7063df8c02ed443337a3,-0.02571428571428569,0.04105571847507328,-0.058651026392961936,-0.07917888563049857
2026-05-14,ENS,7.1,5849486.803325894,30310.30715145218,5879797.110477347,0.005154992014510422,192.98672145081323,12,binance;bitget;bybit;coinbase;crypto_com;gate;htx;kraken;kucoin;mexc;okx;upbit,eth,eth,5,sushiswap;uniswap-v4-ethereum;uniswap_v2;uniswap_v3,0x8f3db1d49246db472f89ff06ad633c2e20a395fb81d549713aa713ffd0366049;0x92560c178ce069cc014138ed3c2f5221ba71f58a;0xa1181481beb2dc5de0daf2c85392d81c704bf75d;0xb87b65dacc6171b3ca8c4a934601d0fcb6c61049;0xb9c4a5522a2f8ba9e2ff7063df8c02ed443337a3,0.04105571847507328,-0.04929577464788726,-0.12394366197183093,-0.10563380281690138
2026-05-15,ENS,6.75,4799385.136054724,15293.553417957472,4814678.689472682,0.003176443207185746,313.8175285293315,12,binance;bitget;bybit;coinbase;crypto_com;gate;htx;kraken;kucoin;mexc;okx;upbit,eth,eth,5,sushiswap;uniswap-v4-ethereum;uniswap_v2;uniswap_v3,0x8f3db1d49246db472f89ff06ad633c2e20a395fb81d549713aa713ffd0366049;0x92560c178ce069cc014138ed3c2f5221ba71f58a;0xa1181481beb2dc5de0daf2c85392d81c704bf75d;0xb87b65dacc6171b3ca8c4a934601d0fcb6c61049;0xb9c4a5522a2f8ba9e2ff7063df8c02ed443337a3,-0.04929577464788726,-0.04888888888888887,-0.06666666666666665,-0.0948148148148148
2026-05-16,ENS,6.42,3424386.453948886,12453.949701322912,3436840.403650209,0.0036236625035296335,274.96388985617415,12,binance;bitget;bybit;coinbase;crypto_com;gate;htx;kraken;kucoin;mexc;okx;upbit,eth,eth,5,sushiswap;uniswap-v4-ethereum;uniswap_v2;uniswap_v3,0x8f3db1d49246db472f89ff06ad633c2e20a395fb81d549713aa713ffd0366049;0x92560c178ce069cc014138ed3c2f5221ba71f58a;0xa1181481beb2dc5de0daf2c85392d81c704bf75d;0xb87b65dacc6171b3ca8c4a934601d0fcb6c61049;0xb9c4a5522a2f8ba9e2ff7063df8c02ed443337a3,-0.04888888888888887,-0.031152647975077885,-0.04361370716510904,-0.010903426791277315
2026-05-17,ENS,6.22,3797955.061922521,11399.522580580942,3809354.5845031017,0.0029925076092825616,333.16790550442244,12,binance;bitget;bybit;coinbase;crypto_com;gate;htx;kraken;kucoin;mexc;okx;upbit,eth,eth,5,sushiswap;uniswap-v4-ethereum;uniswap_v2;uniswap_v3,0x8f3db1d49246db472f89ff06ad633c2e20a395fb81d549713aa713ffd0366049;0x92560c178ce069cc014138ed3c2f5221ba71f58a;0xa1181481beb2dc5de0daf2c85392d81c704bf75d;0xb87b65dacc6171b3ca8c4a934601d0fcb6c61049;0xb9c4a5522a2f8ba9e2ff7063df8c02ed443337a3,-0.031152647975077885,0.012861736334405238,0.009646302250803984,0.0
2026-05-18,ENS,6.3,3096605.6465410194,12199.016192271694,3108804.6627332913,0.003924021453810546,253.84060466308563,12,binance;bitget;bybit;coinbase;crypto_com;gate;htx;kraken;kucoin;mexc;okx;upbit,eth,eth,5,sushiswap;uniswap-v4-ethereum;uniswap_v2;uniswap_v3,0x8f3db1d49246db472f89ff06ad633c2e20a395fb81d549713aa713ffd0366049;0x92560c178ce069cc014138ed3c2f5221ba71f58a;0xa1181481beb2dc5de0daf2c85392d81c704bf75d;0xb87b65dacc6171b3ca8c4a934601d0fcb6c61049;0xb9c4a5522a2f8ba9e2ff7063df8c02ed443337a3,0.012861736334405238,-0.025396825396825418,0.007936507936507908,0.0031746031746031633
2026-05-19,ENS,6.14,2396107.6802560007,5772.5129231850115,2401880.1931791855,0.0024033309153294515,415.08918423242557,12,binance;bitget;bybit;coinbase;crypto_com;gate;htx;kraken;kucoin;mexc;okx;upbit,eth,eth,5,sushiswap;uniswap-v4-ethereum;uniswap_v2;uniswap_v3,0x8f3db1d49246db472f89ff06ad633c2e20a395fb81d549713aa713ffd0366049;0x92560c178ce069cc014138ed3c2f5221ba71f58a;0xa1181481beb2dc5de0daf2c85392d81c704bf75d;0xb87b65dacc6171b3ca8c4a934601d0fcb6c61049;0xb9c4a5522a2f8ba9e2ff7063df8c02ed443337a3,-0.025396825396825418,0.0228013029315961,-0.004885993485341911,0.006514657980456029
2026-05-20,ENS,6.28,2851887.602087452,5702.039506706853,2857589.641594159,0.001995401797273406,500.15219970556234,12,binance;bitget;bybit;coinbase;crypto_com;gate;htx;kraken;kucoin;mexc;okx;upbit,eth,eth,5,sushiswap;uniswap-v4-ethereum;uniswap_v2;uniswap_v3,0x8f3db1d49246db472f89ff06ad633c2e20a395fb81d549713aa713ffd0366049;0x92560c178ce069cc014138ed3c2f5221ba71f58a;0xa1181481beb2dc5de0daf2c85392d81c704bf75d;0xb87b65dacc6171b3ca8c4a934601d0fcb6c61049;0xb9c4a5522a2f8ba9e2ff7063df8c02ed443337a3,0.0228013029315961,0.011146496815286566,0.011146496815286566,-0.05732484076433131
2026-05-21,ENS,6.35,3355850.7107499903,11679.920962819175,3367530.6317128097,0.0034683933838126593,287.3179297559211,12,binance;bitget;bybit;coinbase;crypto_com;gate;htx;kraken;kucoin;mexc;okx;upbit,eth,eth,5,sushiswap;uniswap-v4-ethereum;uniswap_v2;uniswap_v3,0x8f3db1d49246db472f89ff06ad633c2e20a395fb81d549713aa713ffd0366049;0x92560c178ce069cc014138ed3c2f5221ba71f58a;0xa1181481beb2dc5de0daf2c85392d81c704bf75d;0xb87b65dacc6171b3ca8c4a934601d0fcb6c61049;0xb9c4a5522a2f8ba9e2ff7063df8c02ed443337a3,0.011146496815286566,-0.03779527559055107,-0.020472440944881876,-0.07401574803149602
2026-05-22,ENS,6.11,4364303.296404573,118244.80963139836,4482548.106035971,0.026378927082160237,36.90904750922522,12,binance;bitget;bybit;coinbase;crypto_com;gate;htx;kraken;kucoin;mexc;okx;upbit,eth,eth,5,sushiswap;uniswap-v4-ethereum;uniswap_v2;uniswap_v3,0x8f3db1d49246db472f89ff06ad633c2e20a395fb81d549713aa713ffd0366049;0x92560c178ce069cc014138ed3c2f5221ba71f58a;0xa1181481beb2dc5de0daf2c85392d81c704bf75d;0xb87b65dacc6171b3ca8c4a934601d0fcb6c61049;0xb9c4a5522a2f8ba9e2ff7063df8c02ed443337a3,-0.03779527559055107,0.03927986906710301,0.03436988543371511,-0.04091653027823239
2026-05-23,ENS,6.35,3623224.967987045,20585.859715038896,3643810.827702084,0.005649541287526462,176.00552117530057,12,binance;bitget;bybit;coinbase;crypto_com;gate;htx;kraken;kucoin;mexc;okx;upbit,eth,eth,5,sushiswap;uniswap-v4-ethereum;uniswap_v2;uniswap_v3,0x8f3db1d49246db472f89ff06ad633c2e20a395fb81d549713aa713ffd0366049;0x92560c178ce069cc014138ed3c2f5221ba71f58a;0xa1181481beb2dc5de0daf2c85392d81c704bf75d;0xb87b65dacc6171b3ca8c4a934601d0fcb6c61049;0xb9c4a5522a2f8ba9e2ff7063df8c02ed443337a3,0.03927986906710301,-0.020472440944881876,-0.026771653543307128,-0.0598425196850394
2026-05-24,ENS,6.22,2298667.1194760418,7333.347626316027,2306000.4671023577,0.003180115412348925,313.4539962659315,12,binance;bitget;bybit;coinbase;crypto_com;gate;htx;kraken;kucoin;mexc;okx;upbit,eth,eth,5,sushiswap;uniswap-v4-ethereum;uniswap_v2;uniswap_v3,0x8f3db1d49246db472f89ff06ad633c2e20a395fb81d549713aa713ffd0366049;0x92560c178ce069cc014138ed3c2f5221ba71f58a;0xa1181481beb2dc5de0daf2c85392d81c704bf75d;0xb87b65dacc6171b3ca8c4a934601d0fcb6c61049;0xb9c4a5522a2f8ba9e2ff7063df8c02ed443337a3,-0.020472440944881876,0.016077170418006492,-0.048231511254019255,-0.05144694533762051
2026-05-25,ENS,6.32,3010908.404522365,13004.48745883181,3023912.8919811966,0.004300549626716124,231.52841771380616,12,binance;bitget;bybit;coinbase;crypto_com;gate;htx;kraken;kucoin;mexc;okx;upbit,eth,eth,5,sushiswap;uniswap-v4-ethereum;uniswap_v2;uniswap_v3,0x8f3db1d49246db472f89ff06ad633c2e20a395fb81d549713aa713ffd0366049;0x92560c178ce069cc014138ed3c2f5221ba71f58a;0xa1181481beb2dc5de0daf2c85392d81c704bf75d;0xb87b65dacc6171b3ca8c4a934601d0fcb6c61049;0xb9c4a5522a2f8ba9e2ff7063df8c02ed443337a3,0.016077170418006492,-0.022151898734177333,-0.069620253164557,-0.08069620253164567
2026-05-26,ENS,6.18,3318687.4018067485,11720.084719805303,3330407.486526554,0.00351911433277156,283.16240719647965,12,binance;bitget;bybit;coinbase;crypto_com;gate;htx;kraken;kucoin;mexc;okx;upbit,eth,eth,5,sushiswap;uniswap-v4-ethereum;uniswap_v2;uniswap_v3,0x8f3db1d49246db472f89ff06ad633c2e20a395fb81d549713aa713ffd0366049;0x92560c178ce069cc014138ed3c2f5221ba71f58a;0xa1181481beb2dc5de0daf2c85392d81c704bf75d;0xb87b65dacc6171b3ca8c4a934601d0fcb6c61049;0xb9c4a5522a2f8ba9e2ff7063df8c02ed443337a3,-0.022151898734177333,-0.04207119741100318,-0.051779935275080846,-0.12621359223300965
2026-05-27,ENS,5.92,4014664.4092870574,8068.598528858904,4022733.007815916,0.0020057504470672367,497.5665098378403,12,binance;bitget;bybit;coinbase;crypto_com;gate;htx;kraken;kucoin;mexc;okx;upbit,eth,eth,5,sushiswap;uniswap-v4-ethereum;uniswap_v2;uniswap_v3,0x8f3db1d49246db472f89ff06ad633c2e20a395fb81d549713aa713ffd0366049;0x92560c178ce069cc014138ed3c2f5221ba71f58a;0xa1181481beb2dc5de0daf2c85392d81c704bf75d;0xb87b65dacc6171b3ca8c4a934601d0fcb6c61049;0xb9c4a5522a2f8ba9e2ff7063df8c02ed443337a3,-0.04207119741100318,-0.006756756756756799,0.008445945945945832,-0.08783783783783772
2026-05-28,ENS,5.88,4024754.506383448,12130.810762794703,4036885.3171462426,0.0030049926638416923,331.7795145834278,12,binance;bitget;bybit;coinbase;crypto_com;gate;htx;kraken;kucoin;mexc;okx;upbit,eth,eth,5,sushiswap;uniswap-v4-ethereum;uniswap_v2;uniswap_v3,0x8f3db1d49246db472f89ff06ad633c2e20a395fb81d549713aa713ffd0366049;0x92560c178ce069cc014138ed3c2f5221ba71f58a;0xa1181481beb2dc5de0daf2c85392d81c704bf75d;0xb87b65dacc6171b3ca8c4a934601d0fcb6c61049;0xb9c4a5522a2f8ba9e2ff7063df8c02ed443337a3,-0.006756756756756799,-0.00340136054421758,0.003401360544217802,-0.12244897959183665
2026-05-29,ENS,5.86,4427213.255602854,15056.702332414477,4442269.957935269,0.0033894163288114777,294.0360483896815,12,binance;bitget;bybit;coinbase;crypto_com;gate;htx;kraken;kucoin;mexc;okx;upbit,eth,eth,5,sushiswap;uniswap-v4-ethereum;uniswap_v2;uniswap_v3,0x8f3db1d49246db472f89ff06ad633c2e20a395fb81d549713aa713ffd0366049;0x92560c178ce069cc014138ed3c2f5221ba71f58a;0xa1181481beb2dc5de0daf2c85392d81c704bf75d;0xb87b65dacc6171b3ca8c4a934601d0fcb6c61049;0xb9c4a5522a2f8ba9e2ff7063df8c02ed443337a3,-0.00340136054421758,0.018771331058020424,-0.008532423208191253,-0.21501706484641647
2026-05-30,ENS,5.97,15900485.409268076,64697.77228012463,15965183.1815482,0.004052429060438169,245.7655781473137,12,binance;bitget;bybit;coinbase;crypto_com;gate;htx;kraken;kucoin;mexc;okx;upbit,eth,eth,5,sushiswap;uniswap-v4-ethereum;uniswap_v2;uniswap_v3,0x8f3db1d49246db472f89ff06ad633c2e20a395fb81d549713aa713ffd0366049;0x92560c178ce069cc014138ed3c2f5221ba71f58a;0xa1181481beb2dc5de0daf2c85392d81c704bf75d;0xb87b65dacc6171b3ca8c4a934601d0fcb6c61049;0xb9c4a5522a2f8ba9e2ff7063df8c02ed443337a3,0.018771331058020424,-0.011725293132328174,-0.09547738693467323,-0.23953098827470687
2026-05-31,ENS,5.9,5852010.482064713,8956.35133751588,5860966.833402229,0.0015281354752722282,653.3922421680945,12,binance;bitget;bybit;coinbase;crypto_com;gate;htx;kraken;kucoin;mexc;okx;upbit,eth,eth,5,sushiswap;uniswap-v4-ethereum;uniswap_v2;uniswap_v3,0x8f3db1d49246db472f89ff06ad633c2e20a395fb81d549713aa713ffd0366049;0x92560c178ce069cc014138ed3c2f5221ba71f58a;0xa1181481beb2dc5de0daf2c85392d81c704bf75d;0xb87b65dacc6171b3ca8c4a934601d0fcb6c61049;0xb9c4a5522a2f8ba9e2ff7063df8c02ed443337a3,-0.011725293132328174,-0.015254237288135686,-0.0847457627118644,-0.20000000000000007
2026-06-01,ENS,5.81,4145051.5218587345,8725.437627260852,4153776.9594859956,0.002100603309316967,475.0537106480901,12,binance;bitget;bybit;coinbase;crypto_com;gate;htx;kraken;kucoin;mexc;okx;upbit,eth,eth,5,sushiswap;uniswap-v4-ethereum;uniswap_v2;uniswap_v3,0x8f3db1d49246db472f89ff06ad633c2e20a395fb81d549713aa713ffd0366049;0x92560c178ce069cc014138ed3c2f5221ba71f58a;0xa1181481beb2dc5de0daf2c85392d81c704bf75d;0xb87b65dacc6171b3ca8c4a934601d0fcb6c61049;0xb9c4a5522a2f8ba9e2ff7063df8c02ed443337a3,-0.015254237288135686,-0.07056798623063676,-0.11187607573149738,-0.1841652323580033
2026-06-02,ENS,5.4,5907129.059944695,14169.386172363134,5921298.446117058,0.0023929525426395,416.8937869352684,12,binance;bitget;bybit;coinbase;crypto_com;gate;htx;kraken;kucoin;mexc;okx;upbit,eth,eth,5,sushiswap;uniswap-v4-ethereum;uniswap_v2;uniswap_v3,0x8f3db1d49246db472f89ff06ad633c2e20a395fb81d549713aa713ffd0366049;0x92560c178ce069cc014138ed3c2f5221ba71f58a;0xa1181481beb2dc5de0daf2c85392d81c704bf75d;0xb87b65dacc6171b3ca8c4a934601d0fcb6c61049;0xb9c4a5522a2f8ba9e2ff7063df8c02ed443337a3,-0.07056798623063676,0.0,-0.14814814814814825,-0.1444444444444445
2026-06-03,ENS,5.4,4804461.83389827,22371.02028172839,4826832.854179998,0.004634720314036826,214.76274990561475,12,binance;bitget;bybit;coinbase;crypto_com;gate;htx;kraken;kucoin;mexc;okx;upbit,eth,eth,5,sushiswap;uniswap-v4-ethereum;uniswap_v2;uniswap_v3,0x8f3db1d49246db472f89ff06ad633c2e20a395fb81d549713aa713ffd0366049;0x92560c178ce069cc014138ed3c2f5221ba71f58a;0xa1181481beb2dc5de0daf2c85392d81c704bf75d;0xb87b65dacc6171b3ca8c4a934601d0fcb6c61049;0xb9c4a5522a2f8ba9e2ff7063df8c02ed443337a3,0.0,-0.04444444444444451,-0.15925925925925932,-0.15740740740740744
2026-06-04,ENS,5.16,6366893.026294812,22434.6670625645,6389327.693357376,0.003511271942725454,283.79708103263533,12,binance;bitget;bybit;coinbase;crypto_com;gate;htx;kraken;kucoin;mexc;okx;upbit,eth,eth,5,sushiswap;uniswap-v4-ethereum;uniswap_v2;uniswap_v3,0x8f3db1d49246db472f89ff06ad633c2e20a395fb81d549713aa713ffd0366049;0x92560c178ce069cc014138ed3c2f5221ba71f58a;0xa1181481beb2dc5de0daf2c85392d81c704bf75d;0xb87b65dacc6171b3ca8c4a934601d0fcb6c61049;0xb9c4a5522a2f8ba9e2ff7063df8c02ed443337a3,-0.04444444444444451,-0.10852713178294582,-0.0852713178294574,-0.07751937984496127
2026-06-05,ENS,4.6,8760262.303198766,30606.62078735757,8790868.923986124,0.0034816377143158826,286.22115339231755,12,binance;bitget;bybit;coinbase;crypto_com;gate;htx;kraken;kucoin;mexc;okx;upbit,eth,eth,5,sushiswap;uniswap-v4-ethereum;uniswap_v2;uniswap_v3,0x8f3db1d49246db472f89ff06ad633c2e20a395fb81d549713aa713ffd0366049;0x92560c178ce069cc014138ed3c2f5221ba71f58a;0xa1181481beb2dc5de0daf2c85392d81c704bf75d;0xb87b65dacc6171b3ca8c4a934601d0fcb6c61049;0xb9c4a5522a2f8ba9e2ff7063df8c02ed443337a3,-0.10852713178294582,-0.01304347826086949,0.0304347826086957,0.052173913043478404
2026-06-06,ENS,4.54,3727164.6460206043,13933.481863387124,3741098.127883991,0.0037244363518655053,267.497003445667,12,binance;bitget;bybit;coinbase;crypto_com;gate;htx;kraken;kucoin;mexc;okx;upbit,eth,eth,5,sushiswap;uniswap-v4-ethereum;uniswap_v2;uniswap_v3,0x8f3db1d49246db472f89ff06ad633c2e20a395fb81d549713aa713ffd0366049;0x92560c178ce069cc014138ed3c2f5221ba71f58a;0xa1181481beb2dc5de0daf2c85392d81c704bf75d;0xb87b65dacc6171b3ca8c4a934601d0fcb6c61049;0xb9c4a5522a2f8ba9e2ff7063df8c02ed443337a3,-0.01304347826086949,0.03964757709251088,0.017621145374449254,0.09030837004405279
2026-06-07,ENS,4.72,3648250.559140224,11435.81432540054,3659686.3734656246,0.003124807198866916,319.0197440541641,12,binance;bitget;bybit;coinbase;crypto_com;gate;htx;kraken;kucoin;mexc;okx;upbit,eth,eth,5,sushiswap;uniswap-v4-ethereum;uniswap_v2;uniswap_v3,0x8f3db1d49246db472f89ff06ad633c2e20a395fb81d549713aa713ffd0366049;0x92560c178ce069cc014138ed3c2f5221ba71f58a;0xa1181481beb2dc5de0daf2c85392d81c704bf75d;0xb87b65dacc6171b3ca8c4a934601d0fcb6c61049;0xb9c4a5522a2f8ba9e2ff7063df8c02ed443337a3,0.03964757709251088,0.004237288135593209,-0.03601694915254239,0.09110169491525433
2026-06-08,ENS,4.74,2526249.2690989575,6958.059760644303,2533207.3288596016,0.002746739156078741,363.0680615000972,12,binance;bitget;bybit;coinbase;crypto_com;gate;htx;kraken;kucoin;mexc;okx;upbit,eth,eth,5,sushiswap;uniswap-v4-ethereum;uniswap_v2;uniswap_v3,0x8f3db1d49246db472f89ff06ad633c2e20a395fb81d549713aa713ffd0366049;0x92560c178ce069cc014138ed3c2f5221ba71f58a;0xa1181481beb2dc5de0daf2c85392d81c704bf75d;0xb87b65dacc6171b3ca8c4a934601d0fcb6c61049;0xb9c4a5522a2f8ba9e2ff7063df8c02ed443337a3,0.004237288135593209,-0.025316455696202556,0.00421940928270037,0.139240506329114
2026-06-09,ENS,4.62,3075774.252821398,3419.7937023519494,3079194.04652375,0.0011106132483637136,899.4034496016665,12,binance;bitget;bybit;coinbase;crypto_com;gate;htx;kraken;kucoin;mexc;okx;upbit,eth,eth,5,sushiswap;uniswap-v4-ethereum;uniswap_v2;uniswap_v3,0x8f3db1d49246db472f89ff06ad633c2e20a395fb81d549713aa713ffd0366049;0x92560c178ce069cc014138ed3c2f5221ba71f58a;0xa1181481beb2dc5de0daf2c85392d81c704bf75d;0xb87b65dacc6171b3ca8c4a934601d0fcb6c61049;0xb9c4a5522a2f8ba9e2ff7063df8c02ed443337a3,-0.025316455696202556,-0.015151515151515249,0.04761904761904767,0.16666666666666652
2026-06-10,ENS,4.55,3544424.2506697513,4908.81340196417,3549333.0640717153,0.001383024166329685,722.0531644677135,12,binance;bitget;bybit;coinbase;crypto_com;gate;htx;kraken;kucoin;mexc;okx;upbit,eth,eth,5,sushiswap;uniswap-v4-ethereum;uniswap_v2;uniswap_v3,0x8f3db1d49246db472f89ff06ad633c2e20a395fb81d549713aa713ffd0366049;0x92560c178ce069cc014138ed3c2f5221ba71f58a;0xa1181481beb2dc5de0daf2c85392d81c704bf75d;0xb87b65dacc6171b3ca8c4a934601d0fcb6c61049;0xb9c4a5522a2f8ba9e2ff7063df8c02ed443337a3,-0.015151515151515249,0.04615384615384621,0.08791208791208804,0.17362637362637368
2026-06-11,ENS,4.76,2945227.5765211517,6474.430707919665,2951702.0072290716,0.002193456755479723,454.90139741838385,12,binance;bitget;bybit;coinbase;crypto_com;gate;htx;kraken;kucoin;mexc;okx;upbit,eth,eth,5,sushiswap;uniswap-v4-ethereum;uniswap_v2;uniswap_v3,0x8f3db1d49246db472f89ff06ad633c2e20a395fb81d549713aa713ffd0366049;0x92560c178ce069cc014138ed3c2f5221ba71f58a;0xa1181481beb2dc5de0daf2c85392d81c704bf75d;0xb87b65dacc6171b3ca8c4a934601d0fcb6c61049;0xb9c4a5522a2f8ba9e2ff7063df8c02ed443337a3,0.04615384615384621,0.01680672268907557,0.08193277310924385,0.11764705882352944
2026-06-12,ENS,4.84,2492045.5630017924,7493.643391590194,2499539.2063933825,0.002998009942161647,332.5545976471888,12,binance;bitget;bybit;coinbase;crypto_com;gate;htx;kraken;kucoin;mexc;okx;upbit,eth,eth,5,sushiswap;uniswap-v4-ethereum;uniswap_v2;uniswap_v3,0x8f3db1d49246db472f89ff06ad633c2e20a395fb81d549713aa713ffd0366049;0x92560c178ce069cc014138ed3c2f5221ba71f58a;0xa1181481beb2dc5de0daf2c85392d81c704bf75d;0xb87b65dacc6171b3ca8c4a934601d0fcb6c61049;0xb9c4a5522a2f8ba9e2ff7063df8c02ed443337a3,0.01680672268907557,0.022727272727272707,0.11570247933884303,0.08677685950413228
2026-06-13,ENS,4.95,1869900.0691452972,8922.206921278213,1878822.2760665754,0.004748829644471417,209.5782002865062,12,binance;bitget;bybit;coinbase;crypto_com;gate;htx;kraken;kucoin;mexc;okx;upbit,eth,eth,5,sushiswap;uniswap-v4-ethereum;uniswap_v2;uniswap_v3,0x8f3db1d49246db472f89ff06ad633c2e20a395fb81d549713aa713ffd0366049;0x92560c178ce069cc014138ed3c2f5221ba71f58a;0xa1181481beb2dc5de0daf2c85392d81c704bf75d;0xb87b65dacc6171b3ca8c4a934601d0fcb6c61049;0xb9c4a5522a2f8ba9e2ff7063df8c02ed443337a3,0.022727272727272707,0.04040404040404044,0.0888888888888888,-0.02626262626262621
2026-06-14,ENS,5.15,3670755.463551718,12197.133416131679,3682952.5969678494,0.003311781266523359,300.95230890045457,12,binance;bitget;bybit;coinbase;crypto_com;gate;htx;kraken;kucoin;mexc;okx;upbit,eth,eth,5,sushiswap;uniswap-v4-ethereum;uniswap_v2;uniswap_v3,0x8f3db1d49246db472f89ff06ad633c2e20a395fb81d549713aa713ffd0366049;0x92560c178ce069cc014138ed3c2f5221ba71f58a;0xa1181481beb2dc5de0daf2c85392d81c704bf75d;0xb87b65dacc6171b3ca8c4a934601d0fcb6c61049;0xb9c4a5522a2f8ba9e2ff7063df8c02ed443337a3,0.04040404040404044,0.04854368932038833,0.03689320388349504,-0.09514563106796114
2026-06-15,ENS,5.4,6806878.090201721,51859.48517042961,6858737.57537215,0.007561083158603827,131.25618327740395,12,binance;bitget;bybit;coinbase;crypto_com;gate;htx;kraken;kucoin;mexc;okx;upbit,eth,eth,5,sushiswap;uniswap-v4-ethereum;uniswap_v2;uniswap_v3,0x8f3db1d49246db472f89ff06ad633c2e20a395fb81d549713aa713ffd0366049;0x92560c178ce069cc014138ed3c2f5221ba71f58a;0xa1181481beb2dc5de0daf2c85392d81c704bf75d;0xb87b65dacc6171b3ca8c4a934601d0fcb6c61049;0xb9c4a5522a2f8ba9e2ff7063df8c02ed443337a3,0.04854368932038833,-0.0018518518518519933,-0.014814814814814836,-0.14074074074074083
2026-06-16,ENS,5.39,3725317.039371784,19685.34350952772,3745002.3828813117,0.005256430169313352,189.24318173918215,12,binance;bitget;bybit;coinbase;crypto_com;gate;htx;kraken;kucoin;mexc;okx;upbit,eth,eth,5,sushiswap;uniswap-v4-ethereum;uniswap_v2;uniswap_v3,0x8f3db1d49246db472f89ff06ad633c2e20a395fb81d549713aa713ffd0366049;0x92560c178ce069cc014138ed3c2f5221ba71f58a;0xa1181481beb2dc5de0daf2c85392d81c704bf75d;0xb87b65dacc6171b3ca8c4a934601d0fcb6c61049;0xb9c4a5522a2f8ba9e2ff7063df8c02ed443337a3,-0.0018518518518519933,-0.009276437847866359,-0.024118738404452666,-0.17439703153988861
2026-06-17,ENS,5.34,3712003.501087483,27330.485769157185,3739333.9868566403,0.007308918076112197,135.8191556652289,12,binance;bitget;bybit;coinbase;crypto_com;gate;htx;kraken;kucoin;mexc;okx;upbit,eth,eth,5,sushiswap;uniswap-v4-ethereum;uniswap_v2;uniswap_v3,0x8f3db1d49246db472f89ff06ad633c2e20a395fb81d549713aa713ffd0366049;0x92560c178ce069cc014138ed3c2f5221ba71f58a;0xa1181481beb2dc5de0daf2c85392d81c704bf75d;0xb87b65dacc6171b3ca8c4a934601d0fcb6c61049;0xb9c4a5522a2f8ba9e2ff7063df8c02ed443337a3,-0.009276437847866359,-0.0037453183520598232,-0.09737827715355796,-0.1853932584269663
2026-06-18,ENS,5.32,3379555.404329952,30746.832032414266,3410302.236362366,0.009015867187540156,109.91556465938082,12,binance;bitget;bybit;coinbase;crypto_com;gate;htx;kraken;kucoin;mexc;okx;upbit,eth,eth,5,sushiswap;uniswap-v4-ethereum;uniswap_v2;uniswap_v3,0x8f3db1d49246db472f89ff06ad633c2e20a395fb81d549713aa713ffd0366049;0x92560c178ce069cc014138ed3c2f5221ba71f58a;0xa1181481beb2dc5de0daf2c85392d81c704bf75d;0xb87b65dacc6171b3ca8c4a934601d0fcb6c61049;0xb9c4a5522a2f8ba9e2ff7063df8c02ed443337a3,-0.0037453183520598232,-0.011278195488721887,-0.12406015037593987,-0.21804511278195493
2026-06-19,ENS,5.26,4962118.25617513,16754.40826651729,4978872.664441647,0.003365100775959733,296.16792054015025,12,binance;bitget;bybit;coinbase;crypto_com;gate;htx;kraken;kucoin;mexc;okx;upbit,eth,eth,5,sushiswap;uniswap-v4-ethereum;uniswap_v2;uniswap_v3,0x8f3db1d49246db472f89ff06ad633c2e20a395fb81d549713aa713ffd0366049;0x92560c178ce069cc014138ed3c2f5221ba71f58a;0xa1181481beb2dc5de0daf2c85392d81c704bf75d;0xb87b65dacc6171b3ca8c4a934601d0fcb6c61049;0xb9c4a5522a2f8ba9e2ff7063df8c02ed443337a3,-0.011278195488721887,-0.08365019011406838,-0.11787072243346008,-0.19771863117870725
2026-06-20,ENS,4.82,19631563.88184616,90769.54197221203,19722333.423818372,0.004602373361287513,216.2791995563459,12,binance;bitget;bybit;coinbase;crypto_com;gate;htx;kraken;kucoin;mexc;okx;upbit,eth,eth,5,sushiswap;uniswap-v4-ethereum;uniswap_v2;uniswap_v3,0x8f3db1d49246db472f89ff06ad633c2e20a395fb81d549713aa713ffd0366049;0x92560c178ce069cc014138ed3c2f5221ba71f58a;0xa1181481beb2dc5de0daf2c85392d81c704bf75d;0xb87b65dacc6171b3ca8c4a934601d0fcb6c61049;0xb9c4a5522a2f8ba9e2ff7063df8c02ed443337a3,-0.08365019011406838,-0.03319502074688796,-0.07676348547717848,-0.13070539419087135
2026-06-21,ENS,4.66,4432107.788683955,5731.954826974258,4437839.743510929,0.0012916092419415555,773.2279688993193,12,binance;bitget;bybit;coinbase;crypto_com;gate;htx;kraken;kucoin;mexc;okx;upbit,eth,eth,5,sushiswap;uniswap-v4-ethereum;uniswap_v2;uniswap_v3,0x8f3db1d49246db472f89ff06ad633c2e20a395fb81d549713aa713ffd0366049;0x92560c178ce069cc014138ed3c2f5221ba71f58a;0xa1181481beb2dc5de0daf2c85392d81c704bf75d;0xb87b65dacc6171b3ca8c4a934601d0fcb6c61049;0xb9c4a5522a2f8ba9e2ff7063df8c02ed443337a3,-0.03319502074688796,-0.0042918454935623185,-0.06652360515021472,-0.11802575107296132
2026-06-22,ENS,4.64,4728337.9391388735,8089.471740331013,4736427.410879204,0.0017079268905821564,584.5051557032072,12,binance;bitget;bybit;coinbase;crypto_com;gate;htx;kraken;kucoin;mexc;okx;upbit,eth,eth,5,sushiswap;uniswap-v4-ethereum;uniswap_v2;uniswap_v3,0x8f3db1d49246db472f89ff06ad633c2e20a395fb81d549713aa713ffd0366049;0x92560c178ce069cc014138ed3c2f5221ba71f58a;0xa1181481beb2dc5de0daf2c85392d81c704bf75d;0xb87b65dacc6171b3ca8c4a934601d0fcb6c61049;0xb9c4a5522a2f8ba9e2ff7063df8c02ed443337a3,-0.0042918454935623185,-0.04094827586206884,-0.10344827586206884,-0.0969827586206895
2026-06-23,ENS,4.45,5314196.636207652,8113.267680986005,5322309.903888638,0.0015243884380085064,655.000777142092,12,binance;bitget;bybit;coinbase;crypto_com;gate;htx;kraken;kucoin;mexc;okx;upbit,eth,eth,5,sushiswap;uniswap-v4-ethereum;uniswap_v2;uniswap_v3,0x8f3db1d49246db472f89ff06ad633c2e20a395fb81d549713aa713ffd0366049;0x92560c178ce069cc014138ed3c2f5221ba71f58a;0xa1181481beb2dc5de0daf2c85392d81c704bf75d;0xb87b65dacc6171b3ca8c4a934601d0fcb6c61049;0xb9c4a5522a2f8ba9e2ff7063df8c02ed443337a3,-0.04094827586206884,-0.022471910112359716,-0.051685393258427026,-0.08539325842696621
2026-06-24,ENS,4.35,5471615.64645354,8163.072960570057,5479778.71941411,0.0014896720065811053,670.2887102544576,12,binance;bitget;bybit;coinbase;crypto_com;gate;htx;kraken;kucoin;mexc;okx;upbit,eth,eth,5,sushiswap;uniswap-v4-ethereum;uniswap_v2;uniswap_v3,0x8f3db1d49246db472f89ff06ad633c2e20a395fb81d549713aa713ffd0366049;0x92560c178ce069cc014138ed3c2f5221ba71f58a;0xa1181481beb2dc5de0daf2c85392d81c704bf75d;0xb87b65dacc6171b3ca8c4a934601d0fcb6c61049;0xb9c4a5522a2f8ba9e2ff7063df8c02ed443337a3,-0.022471910112359716,-0.04367816091954013,-0.036781609195402076,-0.05747126436781613
2026-06-25,ENS,4.16,4544129.9734990345,7149.734027169694,4551279.707526204,0.0015709282853669853,635.5662960651254,12,binance;bitget;bybit;coinbase;crypto_com;gate;htx;kraken;kucoin;mexc;okx;upbit,eth,eth,5,sushiswap;uniswap-v4-ethereum;uniswap_v2;uniswap_v3,0x8f3db1d49246db472f89ff06ad633c2e20a395fb81d549713aa713ffd0366049;0x92560c178ce069cc014138ed3c2f5221ba71f58a;0xa1181481beb2dc5de0daf2c85392d81c704bf75d;0xb87b65dacc6171b3ca8c4a934601d0fcb6c61049;0xb9c4a5522a2f8ba9e2ff7063df8c02ed443337a3,-0.04367816091954013,0.014423076923076872,-0.012019230769230727,0.0024038461538460343
2026-06-26,ENS,4.22,4984216.154675485,13812.82895177963,4998028.983627264,0.002763655232298217,360.83963481161646,12,binance;bitget;bybit;coinbase;crypto_com;gate;htx;kraken;kucoin;mexc;okx;upbit,eth,eth,5,sushiswap;uniswap-v4-ethereum;uniswap_v2;uniswap_v3,0x8f3db1d49246db472f89ff06ad633c2e20a395fb81d549713aa713ffd0366049;0x92560c178ce069cc014138ed3c2f5221ba71f58a;0xa1181481beb2dc5de0daf2c85392d81c704bf75d;0xb87b65dacc6171b3ca8c4a934601d0fcb6c61049;0xb9c4a5522a2f8ba9e2ff7063df8c02ed443337a3,0.014423076923076872,-0.007109004739336289,-0.007109004739336289,0.035545023696682554
2026-06-27,ENS,4.19,3268460.1728489613,10375.261293668418,3278835.4341426296,0.0031643129098918644,315.02437194941433,12,binance;bitget;bybit;coinbase;crypto_com;gate;htx;kraken;kucoin;mexc;okx;upbit,eth,eth,5,sushiswap;uniswap-v4-ethereum;uniswap_v2;uniswap_v3,0x8f3db1d49246db472f89ff06ad633c2e20a395fb81d549713aa713ffd0366049;0x92560c178ce069cc014138ed3c2f5221ba71f58a;0xa1181481beb2dc5de0daf2c85392d81c704bf75d;0xb87b65dacc6171b3ca8c4a934601d0fcb6c61049;0xb9c4a5522a2f8ba9e2ff7063df8c02ed443337a3,-0.007109004739336289,-0.019093078758949944,-0.02863961813842486,0.028639618138424527
2026-06-28,ENS,4.11,2333932.710616406,3784.0326293986373,2337716.7432458047,0.0016186873967222795,616.784509859609,12,binance;bitget;bybit;coinbase;crypto_com;gate;htx;kraken;kucoin;mexc;okx;upbit,eth,eth,5,sushiswap;uniswap-v4-ethereum;uniswap_v2;uniswap_v3,0x8f3db1d49246db472f89ff06ad633c2e20a395fb81d549713aa713ffd0366049;0x92560c178ce069cc014138ed3c2f5221ba71f58a;0xa1181481beb2dc5de0daf2c85392d81c704bf75d;0xb87b65dacc6171b3ca8c4a934601d0fcb6c61049;0xb9c4a5522a2f8ba9e2ff7063df8c02ed443337a3,-0.019093078758949944,0.019464720194647178,-0.0024330900243311193,0.055961070559610526
2026-06-29,ENS,4.19,2889449.525061855,3479.062904621977,2892928.587966477,0.0012026093278256517,830.5252317292644,12,binance;bitget;bybit;coinbase;crypto_com;gate;htx;kraken;kucoin;mexc;okx;upbit,eth,eth,5,sushiswap;uniswap-v4-ethereum;uniswap_v2;uniswap_v3,0x8f3db1d49246db472f89ff06ad633c2e20a395fb81d549713aa713ffd0366049;0x92560c178ce069cc014138ed3c2f5221ba71f58a;0xa1181481beb2dc5de0daf2c85392d81c704bf75d;0xb87b65dacc6171b3ca8c4a934601d0fcb6c61049;0xb9c4a5522a2f8ba9e2ff7063df8c02ed443337a3,0.019464720194647178,-0.02863961813842486,-0.004773269689737569,0.016706443914080937
2026-06-30,ENS,4.07,2974510.3630588055,4243.713817073145,2978754.0768758785,0.001424660682806,700.9215256438524,12,binance;bitget;bybit;coinbase;crypto_com;gate;htx;kraken;kucoin;mexc;okx;upbit,eth,eth,5,sushiswap;uniswap-v4-ethereum;uniswap_v2;uniswap_v3,0x8f3db1d49246db472f89ff06ad633c2e20a395fb81d549713aa713ffd0366049;0x92560c178ce069cc014138ed3c2f5221ba71f58a;0xa1181481beb2dc5de0daf2c85392d81c704bf75d;0xb87b65dacc6171b3ca8c4a934601d0fcb6c61049;0xb9c4a5522a2f8ba9e2ff7063df8c02ed443337a3,-0.02863961813842486,0.007371007371007154,0.07371007371007376,0.017199017199017064
2026-07-01,ENS,4.1,3870383.232056458,6537.990471215619,3876921.2225276735,0.001686387237693982,591.9836147049066,12,binance;bitget;bybit;coinbase;crypto_com;gate;htx;kraken;kucoin;mexc;okx;upbit,eth,eth,5,sushiswap;uniswap-v4-ethereum;uniswap_v2;uniswap_v3,0x8f3db1d49246db472f89ff06ad633c2e20a395fb81d549713aa713ffd0366049;0x92560c178ce069cc014138ed3c2f5221ba71f58a;0xa1181481beb2dc5de0daf2c85392d81c704bf75d;0xb87b65dacc6171b3ca8c4a934601d0fcb6c61049;0xb9c4a5522a2f8ba9e2ff7063df8c02ed443337a3,0.007371007371007154,0.017073170731707332,0.051219512195122,
2026-07-02,ENS,4.17,3491288.5563931325,5689.029740077846,3496977.5861332105,0.0016268419227612213,613.6878722566423,12,binance;bitget;bybit;coinbase;crypto_com;gate;htx;kraken;kucoin;mexc;okx;upbit,eth,eth,5,sushiswap;uniswap-v4-ethereum;uniswap_v2;uniswap_v3,0x8f3db1d49246db472f89ff06ad633c2e20a395fb81d549713aa713ffd0366049;0x92560c178ce069cc014138ed3c2f5221ba71f58a;0xa1181481beb2dc5de0daf2c85392d81c704bf75d;0xb87b65dacc6171b3ca8c4a934601d0fcb6c61049;0xb9c4a5522a2f8ba9e2ff7063df8c02ed443337a3,0.017073170731707332,0.04796163069544379,0.04076738609112707,
2026-07-03,ENS,4.37,3016964.828235992,4670.155185314851,3021634.983421307,0.0015455722517572171,646.0095454049875,12,binance;bitget;bybit;coinbase;crypto_com;gate;htx;kraken;kucoin;mexc;okx;upbit,eth,eth,5,sushiswap;uniswap-v4-ethereum;uniswap_v2;uniswap_v3,0x8f3db1d49246db472f89ff06ad633c2e20a395fb81d549713aa713ffd0366049;0x92560c178ce069cc014138ed3c2f5221ba71f58a;0xa1181481beb2dc5de0daf2c85392d81c704bf75d;0xb87b65dacc6171b3ca8c4a934601d0fcb6c61049;0xb9c4a5522a2f8ba9e2ff7063df8c02ed443337a3,0.04796163069544379,-0.013729977116704872,-0.02517162471395884,
2026-07-04,ENS,4.31,2631840.4745154628,3863.5957395498385,2635704.0702550127,0.0014658685636039647,681.1894028079936,12,binance;bitget;bybit;coinbase;crypto_com;gate;htx;kraken;kucoin;mexc;okx;upbit,eth,eth,5,sushiswap;uniswap-v4-ethereum;uniswap_v2;uniswap_v3,0x8f3db1d49246db472f89ff06ad633c2e20a395fb81d549713aa713ffd0366049;0x92560c178ce069cc014138ed3c2f5221ba71f58a;0xa1181481beb2dc5de0daf2c85392d81c704bf75d;0xb87b65dacc6171b3ca8c4a934601d0fcb6c61049;0xb9c4a5522a2f8ba9e2ff7063df8c02ed443337a3,-0.013729977116704872,0.006960556844547661,-0.03944315545243615,
2026-07-05,ENS,4.34,3075328.089808728,4210.140726937541,3079538.2305356655,0.0013671337751846044,730.457314676444,12,binance;bitget;bybit;coinbase;crypto_com;gate;htx;kraken;kucoin;mexc;okx;upbit,eth,eth,5,sushiswap;uniswap-v4-ethereum;uniswap_v2;uniswap_v3,0x8f3db1d49246db472f89ff06ad633c2e20a395fb81d549713aa713ffd0366049;0x92560c178ce069cc014138ed3c2f5221ba71f58a;0xa1181481beb2dc5de0daf2c85392d81c704bf75d;0xb87b65dacc6171b3ca8c4a934601d0fcb6c61049;0xb9c4a5522a2f8ba9e2ff7063df8c02ed443337a3,0.006960556844547661,-0.018433179723502335,,
2026-07-06,ENS,4.26,3645390.7352794143,5426.616282246382,3650817.351561661,0.0014864113319514908,671.7612865323844,12,binance;bitget;bybit;coinbase;crypto_com;gate;htx;kraken;kucoin;mexc;okx;upbit,eth,eth,5,sushiswap;uniswap-v4-ethereum;uniswap_v2;uniswap_v3,0x8f3db1d49246db472f89ff06ad633c2e20a395fb81d549713aa713ffd0366049;0x92560c178ce069cc014138ed3c2f5221ba71f58a;0xa1181481beb2dc5de0daf2c85392d81c704bf75d;0xb87b65dacc6171b3ca8c4a934601d0fcb6c61049;0xb9c4a5522a2f8ba9e2ff7063df8c02ed443337a3,-0.018433179723502335,-0.028169014084507116,,
2026-07-07,ENS,4.14,3671802.7529555373,4258.34850274234,3676061.1014582794,0.001158399815784637,862.2598057887765,12,binance;bitget;bybit;coinbase;crypto_com;gate;htx;kraken;kucoin;mexc;okx;upbit,eth,eth,5,sushiswap;uniswap-v4-ethereum;uniswap_v2;uniswap_v3,0x8f3db1d49246db472f89ff06ad633c2e20a395fb81d549713aa713ffd0366049;0x92560c178ce069cc014138ed3c2f5221ba71f58a;0xa1181481beb2dc5de0daf2c85392d81c704bf75d;0xb87b65dacc6171b3ca8c4a934601d0fcb6c61049;0xb9c4a5522a2f8ba9e2ff7063df8c02ed443337a3,-0.028169014084507116,,,
2026-01-17,ETHFI,0.74,5932854.229021611,189337.02870587676,6122191.257727487,0.030926349853395024,31.334886100055627,10,binance;bitget;bybit;coinbase;gate;htx;kraken;kucoin;mexc;okx,base;eth,base;eth,5,aerodrome-slipstream;uniswap-v4-base;uniswap-v4-ethereum;uniswap_v3,0x06f00544c0bc62e6db10f46d370dfccdc23d8189;0x3de2a8642859649d22d4a6f6a87b1441c51fdf8bf2bcd8864628a6a0f7119843;0x526cc4c56982e84ce640c387c0a5454fc2030d30f7fc77a8bb64d71718edbdaa;0x80fa4c1fd0fbb9a4f071999af69531dee1016644;0xfefe4e80f2d747a484154f7ae18b20d478e49d40,,-0.06216216216216219,-0.17837837837837844,-0.18108108108108112
2026-01-18,ETHFI,0.694,10719229.23387256,689497.1212748748,11408726.355147436,0.060435941735405424,15.54644523250915,10,binance;bitget;bybit;coinbase;gate;htx;kraken;kucoin;mexc;okx,base;eth,base;eth,5,aerodrome-slipstream;uniswap-v4-base;uniswap-v4-ethereum;uniswap_v3,0x06f00544c0bc62e6db10f46d370dfccdc23d8189;0x3de2a8642859649d22d4a6f6a87b1441c51fdf8bf2bcd8864628a6a0f7119843;0x526cc4c56982e84ce640c387c0a5454fc2030d30f7fc77a8bb64d71718edbdaa;0x80fa4c1fd0fbb9a4f071999af69531dee1016644;0xfefe4e80f2d747a484154f7ae18b20d478e49d40,-0.06216216216216219,-0.06484149855907773,-0.11527377521613824,-0.18155619596541783
2026-01-19,ETHFI,0.649,24096890.73633825,509587.5331795169,24606478.26951777,0.020709486648107147,47.28704916697683,10,binance;bitget;bybit;coinbase;gate;htx;kraken;kucoin;mexc;okx,base;eth,base;eth,5,aerodrome-slipstream;uniswap-v4-base;uniswap-v4-ethereum;uniswap_v3,0x06f00544c0bc62e6db10f46d370dfccdc23d8189;0x3de2a8642859649d22d4a6f6a87b1441c51fdf8bf2bcd8864628a6a0f7119843;0x526cc4c56982e84ce640c387c0a5454fc2030d30f7fc77a8bb64d71718edbdaa;0x80fa4c1fd0fbb9a4f071999af69531dee1016644;0xfefe4e80f2d747a484154f7ae18b20d478e49d40,-0.06484149855907773,-0.06317411402157169,-0.07858243451463798,-0.07241910631741144
2026-01-20,ETHFI,0.608,14800922.954583568,530430.7966570827,15331353.751240652,0.03459777950881597,27.90358902209856,10,binance;bitget;bybit;coinbase;gate;htx;kraken;kucoin;mexc;okx,base;eth,base;eth,5,aerodrome-slipstream;uniswap-v4-base;uniswap-v4-ethereum;uniswap_v3,0x06f00544c0bc62e6db10f46d370dfccdc23d8189;0x3de2a8642859649d22d4a6f6a87b1441c51fdf8bf2bcd8864628a6a0f7119843;0x526cc4c56982e84ce640c387c0a5454fc2030d30f7fc77a8bb64d71718edbdaa;0x80fa4c1fd0fbb9a4f071999af69531dee1016644;0xfefe4e80f2d747a484154f7ae18b20d478e49d40,-0.06317411402157169,0.009868421052631637,0.0,0.044407894736842035
2026-01-21,ETHFI,0.614,15492631.148249652,535844.8012622228,16028475.949511874,0.03343080171502776,28.912534210942407,10,binance;bitget;bybit;coinbase;gate;htx;kraken;kucoin;mexc;okx,base;eth,base;eth,5,aerodrome-slipstream;uniswap-v4-base;uniswap-v4-ethereum;uniswap_v3,0x06f00544c0bc62e6db10f46d370dfccdc23d8189;0x3de2a8642859649d22d4a6f6a87b1441c51fdf8bf2bcd8864628a6a0f7119843;0x526cc4c56982e84ce640c387c0a5454fc2030d30f7fc77a8bb64d71718edbdaa;0x80fa4c1fd0fbb9a4f071999af69531dee1016644;0xfefe4e80f2d747a484154f7ae18b20d478e49d40,0.009868421052631637,-0.026058631921824116,-0.013029315960912058,0.01140065146579805
2026-01-22,ETHFI,0.598,8985491.630091252,364533.982451596,9350025.612542847,0.03898748490726934,24.649256482650074,10,binance;bitget;bybit;coinbase;gate;htx;kraken;kucoin;mexc;okx,base;eth,base;eth,5,aerodrome-slipstream;uniswap-v4-base;uniswap-v4-ethereum;uniswap_v3,0x06f00544c0bc62e6db10f46d370dfccdc23d8189;0x3de2a8642859649d22d4a6f6a87b1441c51fdf8bf2bcd8864628a6a0f7119843;0x526cc4c56982e84ce640c387c0a5454fc2030d30f7fc77a8bb64d71718edbdaa;0x80fa4c1fd0fbb9a4f071999af69531dee1016644;0xfefe4e80f2d747a484154f7ae18b20d478e49d40,-0.026058631921824116,0.01672240802675584,-0.050167224080267636,-0.04682274247491647
2026-01-23,ETHFI,0.608,11445204.32609388,437044.0554462059,11882248.381540086,0.03678125901872113,26.187758839114625,10,binance;bitget;bybit;coinbase;gate;htx;kraken;kucoin;mexc;okx,base;eth,base;eth,5,aerodrome-slipstream;uniswap-v4-base;uniswap-v4-ethereum;uniswap_v3,0x06f00544c0bc62e6db10f46d370dfccdc23d8189;0x3de2a8642859649d22d4a6f6a87b1441c51fdf8bf2bcd8864628a6a0f7119843;0x526cc4c56982e84ce640c387c0a5454fc2030d30f7fc77a8bb64d71718edbdaa;0x80fa4c1fd0fbb9a4f071999af69531dee1016644;0xfefe4e80f2d747a484154f7ae18b20d478e49d40,0.01672240802675584,-0.003289473684210509,-0.009868421052631637,-0.09868421052631571
2026-01-24,ETHFI,0.606,4374026.427753111,297598.1482937854,4671624.576046897,0.06370335275220496,14.697760899490287,10,binance;bitget;bybit;coinbase;gate;htx;kraken;kucoin;mexc;okx,base;eth,base;eth,5,aerodrome-slipstream;uniswap-v4-base;uniswap-v4-ethereum;uniswap_v3,0x06f00544c0bc62e6db10f46d370dfccdc23d8189;0x3de2a8642859649d22d4a6f6a87b1441c51fdf8bf2bcd8864628a6a0f7119843;0x526cc4c56982e84ce640c387c0a5454fc2030d30f7fc77a8bb64d71718edbdaa;0x80fa4c1fd0fbb9a4f071999af69531dee1016644;0xfefe4e80f2d747a484154f7ae18b20d478e49d40,-0.003289473684210509,-0.0627062706270628,0.04785478547854782,-0.17986798679867988
2026-01-25,ETHFI,0.568,12892840.003507162,458099.1934328289,13350939.19693999,0.03431213240322631,28.144210224193813,10,binance;bitget;bybit;coinbase;gate;htx;kraken;kucoin;mexc;okx,base;eth,base;eth,5,aerodrome-slipstream;uniswap-v4-base;uniswap-v4-ethereum;uniswap_v3,0x06f00544c0bc62e6db10f46d370dfccdc23d8189;0x3de2a8642859649d22d4a6f6a87b1441c51fdf8bf2bcd8864628a6a0f7119843;0x526cc4c56982e84ce640c387c0a5454fc2030d30f7fc77a8bb64d71718edbdaa;0x80fa4c1fd0fbb9a4f071999af69531dee1016644;0xfefe4e80f2d747a484154f7ae18b20d478e49d40,-0.0627062706270628,0.059859154929577496,0.09330985915492973,-0.14612676056338025
2026-01-26,ETHFI,0.602,8767506.157294061,281769.3477911998,9049275.505085262,0.03113722724353556,31.115897545360635,10,binance;bitget;bybit;coinbase;gate;htx;kraken;kucoin;mexc;okx,base;eth,base;eth,5,aerodrome-slipstream;uniswap-v4-base;uniswap-v4-ethereum;uniswap_v3,0x06f00544c0bc62e6db10f46d370dfccdc23d8189;0x3de2a8642859649d22d4a6f6a87b1441c51fdf8bf2bcd8864628a6a0f7119843;0x526cc4c56982e84ce640c387c0a5454fc2030d30f7fc77a8bb64d71718edbdaa;0x80fa4c1fd0fbb9a4f071999af69531dee1016644;0xfefe4e80f2d747a484154f7ae18b20d478e49d40,0.059859154929577496,0.054817275747508276,-0.05315614617940201,-0.16943521594684385
2026-01-27,ETHFI,0.635,14841301.141858935,562695.6424306792,15403996.784289615,0.03652919760438842,26.375361781280006,10,binance;bitget;bybit;coinbase;gate;htx;kraken;kucoin;mexc;okx,base;eth,base;eth,5,aerodrome-slipstream;uniswap-v4-base;uniswap-v4-ethereum;uniswap_v3,0x06f00544c0bc62e6db10f46d370dfccdc23d8189;0x3de2a8642859649d22d4a6f6a87b1441c51fdf8bf2bcd8864628a6a0f7119843;0x526cc4c56982e84ce640c387c0a5454fc2030d30f7fc77a8bb64d71718edbdaa;0x80fa4c1fd0fbb9a4f071999af69531dee1016644;0xfefe4e80f2d747a484154f7ae18b20d478e49d40,0.054817275747508276,-0.022047244094488216,-0.137007874015748,-0.2141732283464567
2026-01-28,ETHFI,0.621,9160384.649107315,324291.8520014925,9484676.501108807,0.034191134717518425,28.247347543795687,10,binance;bitget;bybit;coinbase;gate;htx;kraken;kucoin;mexc;okx,base;eth,base;eth,5,aerodrome-slipstream;uniswap-v4-base;uniswap-v4-ethereum;uniswap_v3,0x06f00544c0bc62e6db10f46d370dfccdc23d8189;0x3de2a8642859649d22d4a6f6a87b1441c51fdf8bf2bcd8864628a6a0f7119843;0x526cc4c56982e84ce640c387c0a5454fc2030d30f7fc77a8bb64d71718edbdaa;0x80fa4c1fd0fbb9a4f071999af69531dee1016644;0xfefe4e80f2d747a484154f7ae18b20d478e49d40,-0.022047244094488216,-0.08212560386473433,-0.1996779388083736,-0.19162640901771333
2026-01-29,ETHFI,0.57,15334971.078773754,634453.1141705232,15969424.192944277,0.03972924173752249,24.170377189845652,10,binance;bitget;bybit;coinbase;gate;htx;kraken;kucoin;mexc;okx,base;eth,base;eth,5,aerodrome-slipstream;uniswap-v4-base;uniswap-v4-ethereum;uniswap_v3,0x06f00544c0bc62e6db10f46d370dfccdc23d8189;0x3de2a8642859649d22d4a6f6a87b1441c51fdf8bf2bcd8864628a6a0f7119843;0x526cc4c56982e84ce640c387c0a5454fc2030d30f7fc77a8bb64d71718edbdaa;0x80fa4c1fd0fbb9a4f071999af69531dee1016644;0xfefe4e80f2d747a484154f7ae18b20d478e49d40,-0.08212560386473433,-0.03859649122807007,-0.14912280701754377,-0.243859649122807
2026-01-30,ETHFI,0.548,23953187.48160039,542495.8729202781,24495683.354520667,0.022146590689831103,44.153676879898406,10,binance;bitget;bybit;coinbase;gate;htx;kraken;kucoin;mexc;okx,base;eth,base;eth,5,aerodrome-slipstream;uniswap-v4-base;uniswap-v4-ethereum;uniswap_v3,0x06f00544c0bc62e6db10f46d370dfccdc23d8189;0x3de2a8642859649d22d4a6f6a87b1441c51fdf8bf2bcd8864628a6a0f7119843;0x526cc4c56982e84ce640c387c0a5454fc2030d30f7fc77a8bb64d71718edbdaa;0x80fa4c1fd0fbb9a4f071999af69531dee1016644;0xfefe4e80f2d747a484154f7ae18b20d478e49d40,-0.03859649122807007,-0.09306569343065696,-0.08759124087591252,-0.1094890510948906
2026-01-31,ETHFI,0.497,34391033.685870044,573384.425309415,34964418.111179456,0.016399083876819393,59.979016115255725,10,binance;bitget;bybit;coinbase;gate;htx;kraken;kucoin;mexc;okx,base;eth,base;eth,5,aerodrome-slipstream;uniswap-v4-base;uniswap-v4-ethereum;uniswap_v3,0x06f00544c0bc62e6db10f46d370dfccdc23d8189;0x3de2a8642859649d22d4a6f6a87b1441c51fdf8bf2bcd8864628a6a0f7119843;0x526cc4c56982e84ce640c387c0a5454fc2030d30f7fc77a8bb64d71718edbdaa;0x80fa4c1fd0fbb9a4f071999af69531dee1016644;0xfefe4e80f2d747a484154f7ae18b20d478e49d40,-0.09306569343065696,-0.024144869215291798,0.004024144869215318,-0.05633802816901412
2026-02-01,ETHFI,0.485,17384688.955039654,252316.5527249713,17637005.507764626,0.014306087992878943,68.90031100729732,10,binance;bitget;bybit;coinbase;gate;htx;kraken;kucoin;mexc;okx,base;eth,base;eth,5,aerodrome-slipstream;uniswap-v4-base;uniswap-v4-ethereum;uniswap_v3,0x06f00544c0bc62e6db10f46d370dfccdc23d8189;0x3de2a8642859649d22d4a6f6a87b1441c51fdf8bf2bcd8864628a6a0f7119843;0x526cc4c56982e84ce640c387c0a5454fc2030d30f7fc77a8bb64d71718edbdaa;0x80fa4c1fd0fbb9a4f071999af69531dee1016644;0xfefe4e80f2d747a484154f7ae18b20d478e49d40,-0.024144869215291798,0.030927835051546504,0.035051546391752675,-0.057731958762886504
2026-02-02,ETHFI,0.5,15975158.58635703,302159.925047563,16277318.511404593,0.01856324952023619,52.869878703611604,10,binance;bitget;bybit;coinbase;gate;htx;kraken;kucoin;mexc;okx,base;eth,base;eth,5,aerodrome-slipstream;uniswap-v4-base;uniswap-v4-ethereum;uniswap_v3,0x06f00544c0bc62e6db10f46d370dfccdc23d8189;0x3de2a8642859649d22d4a6f6a87b1441c51fdf8bf2bcd8864628a6a0f7119843;0x526cc4c56982e84ce640c387c0a5454fc2030d30f7fc77a8bb64d71718edbdaa;0x80fa4c1fd0fbb9a4f071999af69531dee1016644;0xfefe4e80f2d747a484154f7ae18b20d478e49d40,0.030927835051546504,-0.0020000000000000018,-0.138,-0.10599999999999998
2026-02-03,ETHFI,0.499,20460552.668056425,322628.0417211304,20783180.709777556,0.015523516165615031,63.418395248302346,10,binance;bitget;bybit;coinbase;gate;htx;kraken;kucoin;mexc;okx,base;eth,base;eth,5,aerodrome-slipstream;uniswap-v4-base;uniswap-v4-ethereum;uniswap_v3,0x06f00544c0bc62e6db10f46d370dfccdc23d8189;0x3de2a8642859649d22d4a6f6a87b1441c51fdf8bf2bcd8864628a6a0f7119843;0x526cc4c56982e84ce640c387c0a5454fc2030d30f7fc77a8bb64d71718edbdaa;0x80fa4c1fd0fbb9a4f071999af69531dee1016644;0xfefe4e80f2d747a484154f7ae18b20d478e49d40,-0.0020000000000000018,0.006012024048096087,-0.022044088176352727,-0.13226452905811625
2026-02-04,ETHFI,0.502,16436894.489693671,554972.8667332003,16991867.356426872,0.03266108751274424,29.61747406940456,10,binance;bitget;bybit;coinbase;gate;htx;kraken;kucoin;mexc;okx,base;eth,base;eth,5,aerodrome-slipstream;uniswap-v4-base;uniswap-v4-ethereum;uniswap_v3,0x06f00544c0bc62e6db10f46d370dfccdc23d8189;0x3de2a8642859649d22d4a6f6a87b1441c51fdf8bf2bcd8864628a6a0f7119843;0x526cc4c56982e84ce640c387c0a5454fc2030d30f7fc77a8bb64d71718edbdaa;0x80fa4c1fd0fbb9a4f071999af69531dee1016644;0xfefe4e80f2d747a484154f7ae18b20d478e49d40,0.006012024048096087,-0.14143426294820716,-0.06573705179282874,-0.11952191235059761
2026-02-05,ETHFI,0.431,30072627.08853483,928170.9566950982,31000798.045229927,0.02994022783997057,32.39987943127767,10,binance;bitget;bybit;coinbase;gate;htx;kraken;kucoin;mexc;okx,base;eth,base;eth,5,aerodrome-slipstream;uniswap-v4-base;uniswap-v4-ethereum;uniswap_v3,0x06f00544c0bc62e6db10f46d370dfccdc23d8189;0x3de2a8642859649d22d4a6f6a87b1441c51fdf8bf2bcd8864628a6a0f7119843;0x526cc4c56982e84ce640c387c0a5454fc2030d30f7fc77a8bb64d71718edbdaa;0x80fa4c1fd0fbb9a4f071999af69531dee1016644;0xfefe4e80f2d747a484154f7ae18b20d478e49d40,-0.14143426294820716,0.13225058004640378,0.06032482598607891,0.07192575406032486
2026-02-06,ETHFI,0.488,27183149.158606865,819384.2547443298,28002533.413351193,0.029261075869430428,33.17509337189881,10,binance;bitget;bybit;coinbase;gate;htx;kraken;kucoin;mexc;okx,base;eth,base;eth,5,aerodrome-slipstream;uniswap-v4-base;uniswap-v4-ethereum;uniswap_v3,0x06f00544c0bc62e6db10f46d370dfccdc23d8189;0x3de2a8642859649d22d4a6f6a87b1441c51fdf8bf2bcd8864628a6a0f7119843;0x526cc4c56982e84ce640c387c0a5454fc2030d30f7fc77a8bb64d71718edbdaa;0x80fa4c1fd0fbb9a4f071999af69531dee1016644;0xfefe4e80f2d747a484154f7ae18b20d478e49d40,0.13225058004640378,-0.03893442622950827,-0.0840163934426229,-0.03073770491803285
2026-02-07,ETHFI,0.469,17509380.382626176,429971.0075125188,17939351.390138693,0.023968035307501415,40.722234933750464,10,binance;bitget;bybit;coinbase;gate;htx;kraken;kucoin;mexc;okx,base;eth,base;eth,5,aerodrome-slipstream;uniswap-v4-base;uniswap-v4-ethereum;uniswap_v3,0x06f00544c0bc62e6db10f46d370dfccdc23d8189;0x3de2a8642859649d22d4a6f6a87b1441c51fdf8bf2bcd8864628a6a0f7119843;0x526cc4c56982e84ce640c387c0a5454fc2030d30f7fc77a8bb64d71718edbdaa;0x80fa4c1fd0fbb9a4f071999af69531dee1016644;0xfefe4e80f2d747a484154f7ae18b20d478e49d40,-0.03893442622950827,-0.025586353944562767,-0.07675906183368864,0.07249466950959493
2026-02-08,ETHFI,0.457,9703305.280047515,560189.7982115484,10263495.078259064,0.054580802537547476,17.321460174794524,10,binance;bitget;bybit;coinbase;gate;htx;kraken;kucoin;mexc;okx,base;eth,base;eth,5,aerodrome-slipstream;uniswap-v4-base;uniswap-v4-ethereum;uniswap_v3,0x06f00544c0bc62e6db10f46d370dfccdc23d8189;0x3de2a8642859649d22d4a6f6a87b1441c51fdf8bf2bcd8864628a6a0f7119843;0x526cc4c56982e84ce640c387c0a5454fc2030d30f7fc77a8bb64d71718edbdaa;0x80fa4c1fd0fbb9a4f071999af69531dee1016644;0xfefe4e80f2d747a484154f7ae18b20d478e49d40,-0.025586353944562767,-0.021881838074398252,-0.032822757111597434,0.03282275711159732
2026-02-09,ETHFI,0.447,8766988.629253538,474361.0161589648,9241349.645412503,0.051330274728263556,18.48168026167564,10,binance;bitget;bybit;coinbase;gate;htx;kraken;kucoin;mexc;okx,base;eth,base;eth,5,aerodrome-slipstream;uniswap-v4-base;uniswap-v4-ethereum;uniswap_v3,0x06f00544c0bc62e6db10f46d370dfccdc23d8189;0x3de2a8642859649d22d4a6f6a87b1441c51fdf8bf2bcd8864628a6a0f7119843;0x526cc4c56982e84ce640c387c0a5454fc2030d30f7fc77a8bb64d71718edbdaa;0x80fa4c1fd0fbb9a4f071999af69531dee1016644;0xfefe4e80f2d747a484154f7ae18b20d478e49d40,-0.021881838074398252,-0.031319910514541416,0.033557046979865834,0.07606263982102912
2026-02-10,ETHFI,0.433,6673419.996669932,183863.39846960898,6857283.3951395415,0.026812862743857396,36.295532728190004,10,binance;bitget;bybit;coinbase;gate;htx;kraken;kucoin;mexc;okx,base;eth,base;eth,5,aerodrome-slipstream;uniswap-v4-base;uniswap-v4-ethereum;uniswap_v3,0x06f00544c0bc62e6db10f46d370dfccdc23d8189;0x3de2a8642859649d22d4a6f6a87b1441c51fdf8bf2bcd8864628a6a0f7119843;0x526cc4c56982e84ce640c387c0a5454fc2030d30f7fc77a8bb64d71718edbdaa;0x80fa4c1fd0fbb9a4f071999af69531dee1016644;0xfefe4e80f2d747a484154f7ae18b20d478e49d40,-0.031319910514541416,0.020785219399538146,0.09237875288683606,0.10392609699769051
2026-02-11,ETHFI,0.442,9252757.685138796,494690.44234882056,9747448.127487617,0.050750764290173854,18.704136755111204,10,binance;bitget;bybit;coinbase;gate;htx;kraken;kucoin;mexc;okx,base;eth,base;eth,5,aerodrome-slipstream;uniswap-v4-base;uniswap-v4-ethereum;uniswap_v3,0x06f00544c0bc62e6db10f46d370dfccdc23d8189;0x3de2a8642859649d22d4a6f6a87b1441c51fdf8bf2bcd8864628a6a0f7119843;0x526cc4c56982e84ce640c387c0a5454fc2030d30f7fc77a8bb64d71718edbdaa;0x80fa4c1fd0fbb9a4f071999af69531dee1016644;0xfefe4e80f2d747a484154f7ae18b20d478e49d40,0.020785219399538146,0.045248868778280604,0.1380090497737556,0.04977375565610864
2026-02-12,ETHFI,0.462,10490921.800758932,306009.37596898864,10796931.17672792,0.02834225493893782,34.2830077266067,10,binance;bitget;bybit;coinbase;gate;htx;kraken;kucoin;mexc;okx,base;eth,base;eth,5,aerodrome-slipstream;uniswap-v4-base;uniswap-v4-ethereum;uniswap_v3,0x06f00544c0bc62e6db10f46d370dfccdc23d8189;0x3de2a8642859649d22d4a6f6a87b1441c51fdf8bf2bcd8864628a6a0f7119843;0x526cc4c56982e84ce640c387c0a5454fc2030d30f7fc77a8bb64d71718edbdaa;0x80fa4c1fd0fbb9a4f071999af69531dee1016644;0xfefe4e80f2d747a484154f7ae18b20d478e49d40,0.045248868778280604,0.023809523809523725,0.021645021645021467,-0.006493506493506551
2026-02-13,ETHFI,0.473,8289162.35665176,401865.5902392147,8691027.946890974,0.04623913220564126,20.62670345007033,10,binance;bitget;bybit;coinbase;gate;htx;kraken;kucoin;mexc;okx,base;eth,base;eth,5,aerodrome-slipstream;uniswap-v4-base;uniswap-v4-ethereum;uniswap_v3,0x06f00544c0bc62e6db10f46d370dfccdc23d8189;0x3de2a8642859649d22d4a6f6a87b1441c51fdf8bf2bcd8864628a6a0f7119843;0x526cc4c56982e84ce640c387c0a5454fc2030d30f7fc77a8bb64d71718edbdaa;0x80fa4c1fd0fbb9a4f071999af69531dee1016644;0xfefe4e80f2d747a484154f7ae18b20d478e49d40,0.023809523809523725,0.06342494714587743,0.016913319238900604,-0.006342494714587699
2026-02-14,ETHFI,0.503,7115674.284777251,248816.96252757165,7364491.247304822,0.033786035473751294,28.59802729079918,10,binance;bitget;bybit;coinbase;gate;htx;kraken;kucoin;mexc;okx,base;eth,base;eth,5,aerodrome-slipstream;uniswap-v4-base;uniswap-v4-ethereum;uniswap_v3,0x06f00544c0bc62e6db10f46d370dfccdc23d8189;0x3de2a8642859649d22d4a6f6a87b1441c51fdf8bf2bcd8864628a6a0f7119843;0x526cc4c56982e84ce640c387c0a5454fc2030d30f7fc77a8bb64d71718edbdaa;0x80fa4c1fd0fbb9a4f071999af69531dee1016644;0xfefe4e80f2d747a484154f7ae18b20d478e49d40,0.06342494714587743,-0.06163021868787277,-0.0497017892644136,-0.08946322067594425
2026-02-15,ETHFI,0.472,7830916.048533956,233825.47988107824,8064741.528415034,0.028993549149371443,33.490430779899164,10,binance;bitget;bybit;coinbase;gate;htx;kraken;kucoin;mexc;okx,base;eth,base;eth,5,aerodrome-slipstream;uniswap-v4-base;uniswap-v4-ethereum;uniswap_v3,0x06f00544c0bc62e6db10f46d370dfccdc23d8189;0x3de2a8642859649d22d4a6f6a87b1441c51fdf8bf2bcd8864628a6a0f7119843;0x526cc4c56982e84ce640c387c0a5454fc2030d30f7fc77a8bb64d71718edbdaa;0x80fa4c1fd0fbb9a4f071999af69531dee1016644;0xfefe4e80f2d747a484154f7ae18b20d478e49d40,-0.06163021868787277,0.019067796610169552,-0.016949152542372725,-0.05508474576271183
2026-02-16,ETHFI,0.481,4952281.68810295,142529.5735905136,5094811.261693464,0.027975437414562484,34.74564305040874,10,binance;bitget;bybit;coinbase;gate;htx;kraken;kucoin;mexc;okx,base;eth,base;eth,5,aerodrome-slipstream;uniswap-v4-base;uniswap-v4-ethereum;uniswap_v3,0x06f00544c0bc62e6db10f46d370dfccdc23d8189;0x3de2a8642859649d22d4a6f6a87b1441c51fdf8bf2bcd8864628a6a0f7119843;0x526cc4c56982e84ce640c387c0a5454fc2030d30f7fc77a8bb64d71718edbdaa;0x80fa4c1fd0fbb9a4f071999af69531dee1016644;0xfefe4e80f2d747a484154f7ae18b20d478e49d40,0.019067796610169552,-0.006237006237006293,-0.04573804573804563,-0.06029106029106024
2026-02-17,ETHFI,0.478,4356247.4979451,85761.36553085622,4442008.863475956,0.019306887529203696,50.79498759121039,10,binance;bitget;bybit;coinbase;gate;htx;kraken;kucoin;mexc;okx,base;eth,base;eth,5,aerodrome-slipstream;uniswap-v4-base;uniswap-v4-ethereum;uniswap_v3,0x06f00544c0bc62e6db10f46d370dfccdc23d8189;0x3de2a8642859649d22d4a6f6a87b1441c51fdf8bf2bcd8864628a6a0f7119843;0x526cc4c56982e84ce640c387c0a5454fc2030d30f7fc77a8bb64d71718edbdaa;0x80fa4c1fd0fbb9a4f071999af69531dee1016644;0xfefe4e80f2d747a484154f7ae18b20d478e49d40,-0.006237006237006293,-0.029288702928870203,-0.01673640167364021,0.04184100418410042
2026-02-18,ETHFI,0.464,4267075.101942822,59233.96502764645,4326309.0669704685,0.013691570368809896,72.03764090334384,10,binance;bitget;bybit;coinbase;gate;htx;kraken;kucoin;mexc;okx,base;eth,base;eth,5,aerodrome-slipstream;uniswap-v4-base;uniswap-v4-ethereum;uniswap_v3,0x06f00544c0bc62e6db10f46d370dfccdc23d8189;0x3de2a8642859649d22d4a6f6a87b1441c51fdf8bf2bcd8864628a6a0f7119843;0x526cc4c56982e84ce640c387c0a5454fc2030d30f7fc77a8bb64d71718edbdaa;0x80fa4c1fd0fbb9a4f071999af69531dee1016644;0xfefe4e80f2d747a484154f7ae18b20d478e49d40,-0.029288702928870203,-0.010775862068965525,-0.012931034482758674,0.11637931034482762
2026-02-19,ETHFI,0.459,6703940.889244125,132319.46286536087,6836260.352109486,0.01935553300343961,50.66481335452209,10,binance;bitget;bybit;coinbase;gate;htx;kraken;kucoin;mexc;okx,base;eth,base;eth,5,aerodrome-slipstream;uniswap-v4-base;uniswap-v4-ethereum;uniswap_v3,0x06f00544c0bc62e6db10f46d370dfccdc23d8189;0x3de2a8642859649d22d4a6f6a87b1441c51fdf8bf2bcd8864628a6a0f7119843;0x526cc4c56982e84ce640c387c0a5454fc2030d30f7fc77a8bb64d71718edbdaa;0x80fa4c1fd0fbb9a4f071999af69531dee1016644;0xfefe4e80f2d747a484154f7ae18b20d478e49d40,-0.010775862068965525,0.023965141612200425,-0.028322440087146017,0.10457516339869288
2026-02-20,ETHFI,0.47,8385363.356931772,322236.6680535278,8707600.0249853,0.037006369967489613,26.02237482029466,10,binance;bitget;bybit;coinbase;gate;htx;kraken;kucoin;mexc;okx,base;eth,base;eth,5,aerodrome-slipstream;uniswap-v4-base;uniswap-v4-ethereum;uniswap_v3,0x06f00544c0bc62e6db10f46d370dfccdc23d8189;0x3de2a8642859649d22d4a6f6a87b1441c51fdf8bf2bcd8864628a6a0f7119843;0x526cc4c56982e84ce640c387c0a5454fc2030d30f7fc77a8bb64d71718edbdaa;0x80fa4c1fd0fbb9a4f071999af69531dee1016644;0xfefe4e80f2d747a484154f7ae18b20d478e49d40,0.023965141612200425,-0.025531914893616947,-0.038297872340425476,0.04893617021276597
2026-02-21,ETHFI,0.458,4038557.785448836,154098.2276659749,4192656.013114811,0.03675432164812685,26.20768484244258,10,binance;bitget;bybit;coinbase;gate;htx;kraken;kucoin;mexc;okx,base;eth,base;eth,5,aerodrome-slipstream;uniswap-v4-base;uniswap-v4-ethereum;uniswap_v3,0x06f00544c0bc62e6db10f46d370dfccdc23d8189;0x3de2a8642859649d22d4a6f6a87b1441c51fdf8bf2bcd8864628a6a0f7119843;0x526cc4c56982e84ce640c387c0a5454fc2030d30f7fc77a8bb64d71718edbdaa;0x80fa4c1fd0fbb9a4f071999af69531dee1016644;0xfefe4e80f2d747a484154f7ae18b20d478e49d40,-0.025531914893616947,-0.026200873362445476,0.0873362445414847,0.11135371179039288
2026-02-22,ETHFI,0.446,3948671.188452509,429345.47261556005,4378016.661068069,0.09806848759474938,9.196955459661238,10,binance;bitget;bybit;coinbase;gate;htx;kraken;kucoin;mexc;okx,base;eth,base;eth,5,aerodrome-slipstream;uniswap-v4-base;uniswap-v4-ethereum;uniswap_v3,0x06f00544c0bc62e6db10f46d370dfccdc23d8189;0x3de2a8642859649d22d4a6f6a87b1441c51fdf8bf2bcd8864628a6a0f7119843;0x526cc4c56982e84ce640c387c0a5454fc2030d30f7fc77a8bb64d71718edbdaa;0x80fa4c1fd0fbb9a4f071999af69531dee1016644;0xfefe4e80f2d747a484154f7ae18b20d478e49d40,-0.026200873362445476,0.013452914798206317,0.16143497757847536,0.12331838565022424
2026-02-23,ETHFI,0.452,13045971.837105867,481002.8580035861,13526974.695109453,0.035558790405476846,27.1224414159481,10,binance;bitget;bybit;coinbase;gate;htx;kraken;kucoin;mexc;okx,base;eth,base;eth,5,aerodrome-slipstream;uniswap-v4-base;uniswap-v4-ethereum;uniswap_v3,0x06f00544c0bc62e6db10f46d370dfccdc23d8189;0x3de2a8642859649d22d4a6f6a87b1441c51fdf8bf2bcd8864628a6a0f7119843;0x526cc4c56982e84ce640c387c0a5454fc2030d30f7fc77a8bb64d71718edbdaa;0x80fa4c1fd0fbb9a4f071999af69531dee1016644;0xfefe4e80f2d747a484154f7ae18b20d478e49d40,0.013452914798206317,0.10176991150442483,0.12168141592920345,0.10398230088495564
2026-02-24,ETHFI,0.498,23125929.340966802,468938.77144137153,23594868.112408172,0.019874608716069237,49.31545598135319,10,binance;bitget;bybit;coinbase;gate;htx;kraken;kucoin;mexc;okx,base;eth,base;eth,5,aerodrome-slipstream;uniswap-v4-base;uniswap-v4-ethereum;uniswap_v3,0x06f00544c0bc62e6db10f46d370dfccdc23d8189;0x3de2a8642859649d22d4a6f6a87b1441c51fdf8bf2bcd8864628a6a0f7119843;0x526cc4c56982e84ce640c387c0a5454fc2030d30f7fc77a8bb64d71718edbdaa;0x80fa4c1fd0fbb9a4f071999af69531dee1016644;0xfefe4e80f2d747a484154f7ae18b20d478e49d40,0.10176991150442483,0.04016064257028118,-0.010040160642570295,0.03614457831325302
2026-02-25,ETHFI,0.518,18375368.93567913,481754.0052604181,18857122.94093955,0.02554758786742125,38.14263863929081,10,binance;bitget;bybit;coinbase;gate;htx;kraken;kucoin;mexc;okx,base;eth,base;eth,5,aerodrome-slipstream;uniswap-v4-base;uniswap-v4-ethereum;uniswap_v3,0x06f00544c0bc62e6db10f46d370dfccdc23d8189;0x3de2a8642859649d22d4a6f6a87b1441c51fdf8bf2bcd8864628a6a0f7119843;0x526cc4c56982e84ce640c387c0a5454fc2030d30f7fc77a8bb64d71718edbdaa;0x80fa4c1fd0fbb9a4f071999af69531dee1016644;0xfefe4e80f2d747a484154f7ae18b20d478e49d40,0.04016064257028118,-0.021235521235521304,-0.01737451737451734,0.04633204633204646
2026-02-26,ETHFI,0.507,9192779.790794488,272643.69464299973,9465423.485437488,0.028804172899655346,33.71719196672248,10,binance;bitget;bybit;coinbase;gate;htx;kraken;kucoin;mexc;okx,base;eth,base;eth,5,aerodrome-slipstream;uniswap-v4-base;uniswap-v4-ethereum;uniswap_v3,0x06f00544c0bc62e6db10f46d370dfccdc23d8189;0x3de2a8642859649d22d4a6f6a87b1441c51fdf8bf2bcd8864628a6a0f7119843;0x526cc4c56982e84ce640c387c0a5454fc2030d30f7fc77a8bb64d71718edbdaa;0x80fa4c1fd0fbb9a4f071999af69531dee1016644;0xfefe4e80f2d747a484154f7ae18b20d478e49d40,-0.021235521235521304,-0.027613412228796874,-0.01183431952662728,0.07889546351084809
2026-02-27,ETHFI,0.493,5629693.648456336,141237.89226818306,5770931.540724519,0.024474019709208192,39.85965492721069,10,binance;bitget;bybit;coinbase;gate;htx;kraken;kucoin;mexc;okx,base;eth,base;eth,5,aerodrome-slipstream;uniswap-v4-base;uniswap-v4-ethereum;uniswap_v3,0x06f00544c0bc62e6db10f46d370dfccdc23d8189;0x3de2a8642859649d22d4a6f6a87b1441c51fdf8bf2bcd8864628a6a0f7119843;0x526cc4c56982e84ce640c387c0a5454fc2030d30f7fc77a8bb64d71718edbdaa;0x80fa4c1fd0fbb9a4f071999af69531dee1016644;0xfefe4e80f2d747a484154f7ae18b20d478e49d40,-0.027613412228796874,0.032454361054766734,0.012170385395537497,0.07707910750507097
2026-02-28,ETHFI,0.509,8801203.53379397,140693.8193333849,8941897.353127355,0.015734224379591922,62.55572260028592,10,binance;bitget;bybit;coinbase;gate;htx;kraken;kucoin;mexc;okx,base;eth,base;eth,5,aerodrome-slipstream;uniswap-v4-base;uniswap-v4-ethereum;uniswap_v3,0x06f00544c0bc62e6db10f46d370dfccdc23d8189;0x3de2a8642859649d22d4a6f6a87b1441c51fdf8bf2bcd8864628a6a0f7119843;0x526cc4c56982e84ce640c387c0a5454fc2030d30f7fc77a8bb64d71718edbdaa;0x80fa4c1fd0fbb9a4f071999af69531dee1016644;0xfefe4e80f2d747a484154f7ae18b20d478e49d40,0.032454361054766734,-0.015717092337917515,0.013752455795677854,0.01964636542239684
2026-03-01,ETHFI,0.501,10990360.852043668,356719.2714234317,11347080.123467099,0.031437098138198054,30.809551746919574,10,binance;bitget;bybit;coinbase;gate;htx;kraken;kucoin;mexc;okx,base;eth,base;eth,5,aerodrome-slipstream;uniswap-v4-base;uniswap-v4-ethereum;uniswap_v3,0x06f00544c0bc62e6db10f46d370dfccdc23d8189;0x3de2a8642859649d22d4a6f6a87b1441c51fdf8bf2bcd8864628a6a0f7119843;0x526cc4c56982e84ce640c387c0a5454fc2030d30f7fc77a8bb64d71718edbdaa;0x80fa4c1fd0fbb9a4f071999af69531dee1016644;0xfefe4e80f2d747a484154f7ae18b20d478e49d40,-0.015717092337917515,-0.003992015968063867,0.08183632734530955,0.031936127744510934
2026-03-02,ETHFI,0.499,10239508.325112471,129990.1099400203,10369498.435052492,0.012535814606095966,78.77144137994159,10,binance;bitget;bybit;coinbase;gate;htx;kraken;kucoin;mexc;okx,base;eth,base;eth,5,aerodrome-slipstream;uniswap-v4-base;uniswap-v4-ethereum;uniswap_v3,0x06f00544c0bc62e6db10f46d370dfccdc23d8189;0x3de2a8642859649d22d4a6f6a87b1441c51fdf8bf2bcd8864628a6a0f7119843;0x526cc4c56982e84ce640c387c0a5454fc2030d30f7fc77a8bb64d71718edbdaa;0x80fa4c1fd0fbb9a4f071999af69531dee1016644;0xfefe4e80f2d747a484154f7ae18b20d478e49d40,-0.003992015968063867,0.03406813627254501,0.09619238476953917,0.11422845691382766
2026-03-03,ETHFI,0.516,8037360.448661646,249303.58591535917,8286664.034577005,0.030084915338079703,32.23924926370856,10,binance;bitget;bybit;coinbase;gate;htx;kraken;kucoin;mexc;okx,base;eth,base;eth,5,aerodrome-slipstream;uniswap-v4-base;uniswap-v4-ethereum;uniswap_v3,0x06f00544c0bc62e6db10f46d370dfccdc23d8189;0x3de2a8642859649d22d4a6f6a87b1441c51fdf8bf2bcd8864628a6a0f7119843;0x526cc4c56982e84ce640c387c0a5454fc2030d30f7fc77a8bb64d71718edbdaa;0x80fa4c1fd0fbb9a4f071999af69531dee1016644;0xfefe4e80f2d747a484154f7ae18b20d478e49d40,0.03406813627254501,0.050387596899224896,0.029069767441860517,0.13372093023255793
2026-03-04,ETHFI,0.542,12758478.325165534,331724.35607349704,13090202.681239031,0.025341422447868335,38.4610840041506,10,binance;bitget;bybit;coinbase;gate;htx;kraken;kucoin;mexc;okx,base;eth,base;eth,5,aerodrome-slipstream;uniswap-v4-base;uniswap-v4-ethereum;uniswap_v3,0x06f00544c0bc62e6db10f46d370dfccdc23d8189;0x3de2a8642859649d22d4a6f6a87b1441c51fdf8bf2bcd8864628a6a0f7119843;0x526cc4c56982e84ce640c387c0a5454fc2030d30f7fc77a8bb64d71718edbdaa;0x80fa4c1fd0fbb9a4f071999af69531dee1016644;0xfefe4e80f2d747a484154f7ae18b20d478e49d40,0.050387596899224896,0.009225092250922495,-0.04243542435424352,0.040590405904058935
2026-03-05,ETHFI,0.547,9087072.75408207,169193.44990688816,9256266.203988958,0.018278801211872534,53.70818290591591,10,binance;bitget;bybit;coinbase;gate;htx;kraken;kucoin;mexc;okx,base;eth,base;eth,5,aerodrome-slipstream;uniswap-v4-base;uniswap-v4-ethereum;uniswap_v3,0x06f00544c0bc62e6db10f46d370dfccdc23d8189;0x3de2a8642859649d22d4a6f6a87b1441c51fdf8bf2bcd8864628a6a0f7119843;0x526cc4c56982e84ce640c387c0a5454fc2030d30f7fc77a8bb64d71718edbdaa;0x80fa4c1fd0fbb9a4f071999af69531dee1016644;0xfefe4e80f2d747a484154f7ae18b20d478e49d40,0.009225092250922495,-0.029250457038391242,-0.054844606946983565,0.03839122486288837
2026-03-06,ETHFI,0.531,8674293.038516175,166725.32822931837,8841018.366745494,0.018858158790444,52.027446163340734,10,binance;bitget;bybit;coinbase;gate;htx;kraken;kucoin;mexc;okx,base;eth,base;eth,5,aerodrome-slipstream;uniswap-v4-base;uniswap-v4-ethereum;uniswap_v3,0x06f00544c0bc62e6db10f46d370dfccdc23d8189;0x3de2a8642859649d22d4a6f6a87b1441c51fdf8bf2bcd8864628a6a0f7119843;0x526cc4c56982e84ce640c387c0a5454fc2030d30f7fc77a8bb64d71718edbdaa;0x80fa4c1fd0fbb9a4f071999af69531dee1016644;0xfefe4e80f2d747a484154f7ae18b20d478e49d40,-0.029250457038391242,-0.02259887005649719,0.04708097928436916,0.04143126177024481
2026-03-07,ETHFI,0.519,4044882.8910195394,397948.9853519671,4442831.876371507,0.08957102056199681,10.16432517711292,10,binance;bitget;bybit;coinbase;gate;htx;kraken;kucoin;mexc;okx,base;eth,base;eth,5,aerodrome-slipstream;uniswap-v4-base;uniswap-v4-ethereum;uniswap_v3,0x06f00544c0bc62e6db10f46d370dfccdc23d8189;0x3de2a8642859649d22d4a6f6a87b1441c51fdf8bf2bcd8864628a6a0f7119843;0x526cc4c56982e84ce640c387c0a5454fc2030d30f7fc77a8bb64d71718edbdaa;0x80fa4c1fd0fbb9a4f071999af69531dee1016644;0xfefe4e80f2d747a484154f7ae18b20d478e49d40,-0.02259887005649719,-0.003853564547206201,0.1271676300578033,0.046242774566473965
2026-03-08,ETHFI,0.517,6035092.840002497,122784.24722539316,6157877.08722789,0.01993937934877932,49.152012382532824,10,binance;bitget;bybit;coinbase;gate;htx;kraken;kucoin;mexc;okx,base;eth,base;eth,5,aerodrome-slipstream;uniswap-v4-base;uniswap-v4-ethereum;uniswap_v3,0x06f00544c0bc62e6db10f46d370dfccdc23d8189;0x3de2a8642859649d22d4a6f6a87b1441c51fdf8bf2bcd8864628a6a0f7119843;0x526cc4c56982e84ce640c387c0a5454fc2030d30f7fc77a8bb64d71718edbdaa;0x80fa4c1fd0fbb9a4f071999af69531dee1016644;0xfefe4e80f2d747a484154f7ae18b20d478e49d40,-0.003853564547206201,0.07543520309477758,0.09090909090909083,0.06963249516441006
2026-03-09,ETHFI,0.556,11024997.329537477,201946.54887608715,11226943.878413564,0.017987668867248622,54.593640697976625,10,binance;bitget;bybit;coinbase;gate;htx;kraken;kucoin;mexc;okx,base;eth,base;eth,5,aerodrome-slipstream;uniswap-v4-base;uniswap-v4-ethereum;uniswap_v3,0x06f00544c0bc62e6db10f46d370dfccdc23d8189;0x3de2a8642859649d22d4a6f6a87b1441c51fdf8bf2bcd8864628a6a0f7119843;0x526cc4c56982e84ce640c387c0a5454fc2030d30f7fc77a8bb64d71718edbdaa;0x80fa4c1fd0fbb9a4f071999af69531dee1016644;0xfefe4e80f2d747a484154f7ae18b20d478e49d40,0.07543520309477758,0.05215827338129486,0.021582733812949506,0.05215827338129486
2026-03-10,ETHFI,0.585,12971122.362409653,289710.2618471344,13260832.624256788,0.02184706421203106,44.77274046044619,10,binance;bitget;bybit;coinbase;gate;htx;kraken;kucoin;mexc;okx,base;eth,base;eth,5,aerodrome-slipstream;uniswap-v4-base;uniswap-v4-ethereum;uniswap_v3,0x06f00544c0bc62e6db10f46d370dfccdc23d8189;0x3de2a8642859649d22d4a6f6a87b1441c51fdf8bf2bcd8864628a6a0f7119843;0x526cc4c56982e84ce640c387c0a5454fc2030d30f7fc77a8bb64d71718edbdaa;0x80fa4c1fd0fbb9a4f071999af69531dee1016644;0xfefe4e80f2d747a484154f7ae18b20d478e49d40,0.05215827338129486,-0.03589743589743588,-0.05470085470085462,-0.022222222222222254
2026-03-11,ETHFI,0.564,8270816.339433378,145698.188754633,8416514.52818801,0.01731098880262972,56.7667752779142,10,binance;bitget;bybit;coinbase;gate;htx;kraken;kucoin;mexc;okx,base;eth,base;eth,5,aerodrome-slipstream;uniswap-v4-base;uniswap-v4-ethereum;uniswap_v3,0x06f00544c0bc62e6db10f46d370dfccdc23d8189;0x3de2a8642859649d22d4a6f6a87b1441c51fdf8bf2bcd8864628a6a0f7119843;0x526cc4c56982e84ce640c387c0a5454fc2030d30f7fc77a8bb64d71718edbdaa;0x80fa4c1fd0fbb9a4f071999af69531dee1016644;0xfefe4e80f2d747a484154f7ae18b20d478e49d40,-0.03589743589743588,0.007092198581560183,-0.03723404255319129,-0.030141843971631
2026-03-12,ETHFI,0.568,6630630.931464828,313196.3330885433,6943827.264553371,0.04510428055826475,21.170844709699367,10,binance;bitget;bybit;coinbase;gate;htx;kraken;kucoin;mexc;okx,base;eth,base;eth,5,aerodrome-slipstream;uniswap-v4-base;uniswap-v4-ethereum;uniswap_v3,0x06f00544c0bc62e6db10f46d370dfccdc23d8189;0x3de2a8642859649d22d4a6f6a87b1441c51fdf8bf2bcd8864628a6a0f7119843;0x526cc4c56982e84ce640c387c0a5454fc2030d30f7fc77a8bb64d71718edbdaa;0x80fa4c1fd0fbb9a4f071999af69531dee1016644;0xfefe4e80f2d747a484154f7ae18b20d478e49d40,0.007092198581560183,-0.02640845070422515,-0.02640845070422515,-0.0563380281690139
2026-03-13,ETHFI,0.553,8090665.8515812745,185014.48715171908,8275680.338732993,0.02235640812342503,43.729904485515306,10,binance;bitget;bybit;coinbase;gate;htx;kraken;kucoin;mexc;okx,base;eth,base;eth,5,aerodrome-slipstream;uniswap-v4-base;uniswap-v4-ethereum;uniswap_v3,0x06f00544c0bc62e6db10f46d370dfccdc23d8189;0x3de2a8642859649d22d4a6f6a87b1441c51fdf8bf2bcd8864628a6a0f7119843;0x526cc4c56982e84ce640c387c0a5454fc2030d30f7fc77a8bb64d71718edbdaa;0x80fa4c1fd0fbb9a4f071999af69531dee1016644;0xfefe4e80f2d747a484154f7ae18b20d478e49d40,-0.02640845070422515,-0.018083182640144635,0.0578661844484627,0.02893309222423124
2026-03-14,ETHFI,0.543,5435010.884509459,50569.340938841924,5485580.225448301,0.009218594726633356,107.47640336231609,10,binance;bitget;bybit;coinbase;gate;htx;kraken;kucoin;mexc;okx,base;eth,base;eth,5,aerodrome-slipstream;uniswap-v4-base;uniswap-v4-ethereum;uniswap_v3,0x06f00544c0bc62e6db10f46d370dfccdc23d8189;0x3de2a8642859649d22d4a6f6a87b1441c51fdf8bf2bcd8864628a6a0f7119843;0x526cc4c56982e84ce640c387c0a5454fc2030d30f7fc77a8bb64d71718edbdaa;0x80fa4c1fd0fbb9a4f071999af69531dee1016644;0xfefe4e80f2d747a484154f7ae18b20d478e49d40,-0.018083182640144635,0.018416206261510082,0.053406998158379126,0.07550644567219145
2026-03-15,ETHFI,0.553,5515642.0815681005,128455.9453682293,5644098.02693633,0.02275933989012526,42.938005444256156,10,binance;bitget;bybit;coinbase;gate;htx;kraken;kucoin;mexc;okx,base;eth,base;eth,5,aerodrome-slipstream;uniswap-v4-base;uniswap-v4-ethereum;uniswap_v3,0x06f00544c0bc62e6db10f46d370dfccdc23d8189;0x3de2a8642859649d22d4a6f6a87b1441c51fdf8bf2bcd8864628a6a0f7119843;0x526cc4c56982e84ce640c387c0a5454fc2030d30f7fc77a8bb64d71718edbdaa;0x80fa4c1fd0fbb9a4f071999af69531dee1016644;0xfefe4e80f2d747a484154f7ae18b20d478e49d40,0.018416206261510082,0.0578661844484627,-0.010849909584086825,-0.027124773960217063
2026-03-16,ETHFI,0.585,10559594.189577956,197918.5738029491,10757512.763380906,0.018398172343022778,53.35322494841367,10,binance;bitget;bybit;coinbase;gate;htx;kraken;kucoin;mexc;okx,base;eth,base;eth,5,aerodrome-slipstream;uniswap-v4-base;uniswap-v4-ethereum;uniswap_v3,0x06f00544c0bc62e6db10f46d370dfccdc23d8189;0x3de2a8642859649d22d4a6f6a87b1441c51fdf8bf2bcd8864628a6a0f7119843;0x526cc4c56982e84ce640c387c0a5454fc2030d30f7fc77a8bb64d71718edbdaa;0x80fa4c1fd0fbb9a4f071999af69531dee1016644;0xfefe4e80f2d747a484154f7ae18b20d478e49d40,0.0578661844484627,-0.022222222222222254,-0.08376068376068369,-0.0940170940170939
2026-03-17,ETHFI,0.572,7638990.61241247,116953.29079137706,7755943.903203848,0.01507918214094685,65.31659400708108,10,binance;bitget;bybit;coinbase;gate;htx;kraken;kucoin;mexc;okx,base;eth,base;eth,5,aerodrome-slipstream;uniswap-v4-base;uniswap-v4-ethereum;uniswap_v3,0x06f00544c0bc62e6db10f46d370dfccdc23d8189;0x3de2a8642859649d22d4a6f6a87b1441c51fdf8bf2bcd8864628a6a0f7119843;0x526cc4c56982e84ce640c387c0a5454fc2030d30f7fc77a8bb64d71718edbdaa;0x80fa4c1fd0fbb9a4f071999af69531dee1016644;0xfefe4e80f2d747a484154f7ae18b20d478e49d40,-0.022222222222222254,-0.04370629370629353,-0.005244755244755206,-0.06643356643356635
2026-03-18,ETHFI,0.547,10980747.692248821,245892.35776192317,11226640.050010744,0.021902577856469874,44.65672618780838,10,binance;bitget;bybit;coinbase;gate;htx;kraken;kucoin;mexc;okx,base;eth,base;eth,5,aerodrome-slipstream;uniswap-v4-base;uniswap-v4-ethereum;uniswap_v3,0x06f00544c0bc62e6db10f46d370dfccdc23d8189;0x3de2a8642859649d22d4a6f6a87b1441c51fdf8bf2bcd8864628a6a0f7119843;0x526cc4c56982e84ce640c387c0a5454fc2030d30f7fc77a8bb64d71718edbdaa;0x80fa4c1fd0fbb9a4f071999af69531dee1016644;0xfefe4e80f2d747a484154f7ae18b20d478e49d40,-0.04370629370629353,-0.020109689213894,0.0676416819012795,0.025594149908592323
2026-03-19,ETHFI,0.536,71851284.53047366,1720528.5190626206,73571813.04953629,0.023385702319231684,41.76117032318635,10,binance;bitget;bybit;coinbase;gate;htx;kraken;kucoin;mexc;okx,base;eth,base;eth,5,aerodrome-slipstream;uniswap-v4-base;uniswap-v4-ethereum;uniswap_v3,0x06f00544c0bc62e6db10f46d370dfccdc23d8189;0x3de2a8642859649d22d4a6f6a87b1441c51fdf8bf2bcd8864628a6a0f7119843;0x526cc4c56982e84ce640c387c0a5454fc2030d30f7fc77a8bb64d71718edbdaa;0x80fa4c1fd0fbb9a4f071999af69531dee1016644;0xfefe4e80f2d747a484154f7ae18b20d478e49d40,-0.020109689213894,0.06156716417910424,0.003731343283582156,-0.03731343283582089
2026-03-20,ETHFI,0.569,21384328.299248513,538204.6119703647,21922532.911218878,0.024550293259906018,39.73271098692481,10,binance;bitget;bybit;coinbase;gate;htx;kraken;kucoin;mexc;okx,base;eth,base;eth,5,aerodrome-slipstream;uniswap-v4-base;uniswap-v4-ethereum;uniswap_v3,0x06f00544c0bc62e6db10f46d370dfccdc23d8189;0x3de2a8642859649d22d4a6f6a87b1441c51fdf8bf2bcd8864628a6a0f7119843;0x526cc4c56982e84ce640c387c0a5454fc2030d30f7fc77a8bb64d71718edbdaa;0x80fa4c1fd0fbb9a4f071999af69531dee1016644;0xfefe4e80f2d747a484154f7ae18b20d478e49d40,0.06156716417910424,0.026362038664323295,-0.06854130052724061,-0.18629173989455172
2026-03-21,ETHFI,0.584,38123596.51980591,451547.6681245975,38575144.18793051,0.01170566377988754,84.42873080962583,10,binance;bitget;bybit;coinbase;gate;htx;kraken;kucoin;mexc;okx,base;eth,base;eth,5,aerodrome-slipstream;uniswap-v4-base;uniswap-v4-ethereum;uniswap_v3,0x06f00544c0bc62e6db10f46d370dfccdc23d8189;0x3de2a8642859649d22d4a6f6a87b1441c51fdf8bf2bcd8864628a6a0f7119843;0x526cc4c56982e84ce640c387c0a5454fc2030d30f7fc77a8bb64d71718edbdaa;0x80fa4c1fd0fbb9a4f071999af69531dee1016644;0xfefe4e80f2d747a484154f7ae18b20d478e49d40,0.026362038664323295,-0.0787671232876711,-0.08561643835616428,-0.21232876712328763
2026-03-22,ETHFI,0.538,14743582.210770683,313942.0286709828,15057524.239441667,0.02084951175762635,46.96275383447381,10,binance;bitget;bybit;coinbase;gate;htx;kraken;kucoin;mexc;okx,base;eth,base;eth,5,aerodrome-slipstream;uniswap-v4-base;uniswap-v4-ethereum;uniswap_v3,0x06f00544c0bc62e6db10f46d370dfccdc23d8189;0x3de2a8642859649d22d4a6f6a87b1441c51fdf8bf2bcd8864628a6a0f7119843;0x526cc4c56982e84ce640c387c0a5454fc2030d30f7fc77a8bb64d71718edbdaa;0x80fa4c1fd0fbb9a4f071999af69531dee1016644;0xfefe4e80f2d747a484154f7ae18b20d478e49d40,-0.0787671232876711,-0.014869888475836479,0.04275092936802971,-0.14684014869888473
2026-03-23,ETHFI,0.53,14551130.834835807,420202.06316870416,14971332.898004511,0.028067111060279194,34.62888955162928,10,binance;bitget;bybit;coinbase;gate;htx;kraken;kucoin;mexc;okx,base;eth,base;eth,5,aerodrome-slipstream;uniswap-v4-base;uniswap-v4-ethereum;uniswap_v3,0x06f00544c0bc62e6db10f46d370dfccdc23d8189;0x3de2a8642859649d22d4a6f6a87b1441c51fdf8bf2bcd8864628a6a0f7119843;0x526cc4c56982e84ce640c387c0a5454fc2030d30f7fc77a8bb64d71718edbdaa;0x80fa4c1fd0fbb9a4f071999af69531dee1016644;0xfefe4e80f2d747a484154f7ae18b20d478e49d40,-0.014869888475836479,0.007547169811320753,-0.026415094339622636,-0.1283018867924528
2026-03-24,ETHFI,0.534,11617328.742725583,382191.8270342996,11999520.569759883,0.03185059143091643,30.396591242865565,10,binance;bitget;bybit;coinbase;gate;htx;kraken;kucoin;mexc;okx,base;eth,base;eth,5,aerodrome-slipstream;uniswap-v4-base;uniswap-v4-ethereum;uniswap_v3,0x06f00544c0bc62e6db10f46d370dfccdc23d8189;0x3de2a8642859649d22d4a6f6a87b1441c51fdf8bf2bcd8864628a6a0f7119843;0x526cc4c56982e84ce640c387c0a5454fc2030d30f7fc77a8bb64d71718edbdaa;0x80fa4c1fd0fbb9a4f071999af69531dee1016644;0xfefe4e80f2d747a484154f7ae18b20d478e49d40,0.007547169811320753,0.050561797752809,-0.13295880149812733,-0.10486891385767794
2026-03-25,ETHFI,0.561,10740235.981747748,274262.0842672873,11014498.066015035,0.024900098272613642,39.16048406924761,10,binance;bitget;bybit;coinbase;gate;htx;kraken;kucoin;mexc;okx,base;eth,base;eth,5,aerodrome-slipstream;uniswap-v4-base;uniswap-v4-ethereum;uniswap_v3,0x06f00544c0bc62e6db10f46d370dfccdc23d8189;0x3de2a8642859649d22d4a6f6a87b1441c51fdf8bf2bcd8864628a6a0f7119843;0x526cc4c56982e84ce640c387c0a5454fc2030d30f7fc77a8bb64d71718edbdaa;0x80fa4c1fd0fbb9a4f071999af69531dee1016644;0xfefe4e80f2d747a484154f7ae18b20d478e49d40,0.050561797752809,-0.0802139037433156,-0.18003565062388593,-0.17112299465240643
2026-03-26,ETHFI,0.516,9853095.739292325,263616.4502811881,10116712.189573513,0.02605752198356266,37.376634609799424,10,binance;bitget;bybit;coinbase;gate;htx;kraken;kucoin;mexc;okx,base;eth,base;eth,5,aerodrome-slipstream;uniswap-v4-base;uniswap-v4-ethereum;uniswap_v3,0x06f00544c0bc62e6db10f46d370dfccdc23d8189;0x3de2a8642859649d22d4a6f6a87b1441c51fdf8bf2bcd8864628a6a0f7119843;0x526cc4c56982e84ce640c387c0a5454fc2030d30f7fc77a8bb64d71718edbdaa;0x80fa4c1fd0fbb9a4f071999af69531dee1016644;0xfefe4e80f2d747a484154f7ae18b20d478e49d40,-0.0802139037433156,-0.1027131782945736,-0.11046511627906974,-0.14534883720930236
2026-03-27,ETHFI,0.463,15735946.884022469,247962.57388887217,15983909.45791134,0.015513261917668176,63.46097573206652,10,binance;bitget;bybit;coinbase;gate;htx;kraken;kucoin;mexc;okx,base;eth,base;eth,5,aerodrome-slipstream;uniswap-v4-base;uniswap-v4-ethereum;uniswap_v3,0x06f00544c0bc62e6db10f46d370dfccdc23d8189;0x3de2a8642859649d22d4a6f6a87b1441c51fdf8bf2bcd8864628a6a0f7119843;0x526cc4c56982e84ce640c387c0a5454fc2030d30f7fc77a8bb64d71718edbdaa;0x80fa4c1fd0fbb9a4f071999af69531dee1016644;0xfefe4e80f2d747a484154f7ae18b20d478e49d40,-0.1027131782945736,-0.006479481641468721,-0.002159827213822907,-0.04751619870410373
2026-03-28,ETHFI,0.46,9144380.832467236,166001.6634349448,9310382.49590218,0.017829736158316574,55.08607952022644,10,binance;bitget;bybit;coinbase;gate;htx;kraken;kucoin;mexc;okx,base;eth,base;eth,5,aerodrome-slipstream;uniswap-v4-base;uniswap-v4-ethereum;uniswap_v3,0x06f00544c0bc62e6db10f46d370dfccdc23d8189;0x3de2a8642859649d22d4a6f6a87b1441c51fdf8bf2bcd8864628a6a0f7119843;0x526cc4c56982e84ce640c387c0a5454fc2030d30f7fc77a8bb64d71718edbdaa;0x80fa4c1fd0fbb9a4f071999af69531dee1016644;0xfefe4e80f2d747a484154f7ae18b20d478e49d40,-0.006479481641468721,-0.0021739130434782483,0.03913043478260869,-0.04130434782608694
2026-03-29,ETHFI,0.459,5632336.227404286,93363.54235228013,5725699.769756567,0.016306049235314615,60.32693367773371,10,binance;bitget;bybit;coinbase;gate;htx;kraken;kucoin;mexc;okx,base;eth,base;eth,5,aerodrome-slipstream;uniswap-v4-base;uniswap-v4-ethereum;uniswap_v3,0x06f00544c0bc62e6db10f46d370dfccdc23d8189;0x3de2a8642859649d22d4a6f6a87b1441c51fdf8bf2bcd8864628a6a0f7119843;0x526cc4c56982e84ce640c387c0a5454fc2030d30f7fc77a8bb64d71718edbdaa;0x80fa4c1fd0fbb9a4f071999af69531dee1016644;0xfefe4e80f2d747a484154f7ae18b20d478e49d40,-0.0021739130434782483,0.006535947712418277,0.013071895424836555,-0.017429193899782147
2026-03-30,ETHFI,0.462,5308285.326659185,108125.1821665145,5416410.5088257,0.01996251613320876,49.09388562679452,10,binance;bitget;bybit;coinbase;gate;htx;kraken;kucoin;mexc;okx,base;eth,base;eth,5,aerodrome-slipstream;uniswap-v4-base;uniswap-v4-ethereum;uniswap_v3,0x06f00544c0bc62e6db10f46d370dfccdc23d8189;0x3de2a8642859649d22d4a6f6a87b1441c51fdf8bf2bcd8864628a6a0f7119843;0x526cc4c56982e84ce640c387c0a5454fc2030d30f7fc77a8bb64d71718edbdaa;0x80fa4c1fd0fbb9a4f071999af69531dee1016644;0xfefe4e80f2d747a484154f7ae18b20d478e49d40,0.006535947712418277,0.03463203463203457,-0.045454545454545525,-0.04329004329004338
2026-03-31,ETHFI,0.478,8126877.236486008,210551.23900223413,8337428.475488243,0.025253738562345408,38.598097427485456,10,binance;bitget;bybit;coinbase;gate;htx;kraken;kucoin;mexc;okx,base;eth,base;eth,5,aerodrome-slipstream;uniswap-v4-base;uniswap-v4-ethereum;uniswap_v3,0x06f00544c0bc62e6db10f46d370dfccdc23d8189;0x3de2a8642859649d22d4a6f6a87b1441c51fdf8bf2bcd8864628a6a0f7119843;0x526cc4c56982e84ce640c387c0a5454fc2030d30f7fc77a8bb64d71718edbdaa;0x80fa4c1fd0fbb9a4f071999af69531dee1016644;0xfefe4e80f2d747a484154f7ae18b20d478e49d40,0.03463203463203457,-0.027196652719665204,-0.07740585774058573,-0.0313807531380752
2026-04-01,ETHFI,0.465,6764822.534369806,174695.3996820288,6939517.934051835,0.025173996427735712,38.7235299079585,10,binance;bitget;bybit;coinbase;gate;htx;kraken;kucoin;mexc;okx,base;eth,base;eth,5,aerodrome-slipstream;uniswap-v4-base;uniswap-v4-ethereum;uniswap_v3,0x06f00544c0bc62e6db10f46d370dfccdc23d8189;0x3de2a8642859649d22d4a6f6a87b1441c51fdf8bf2bcd8864628a6a0f7119843;0x526cc4c56982e84ce640c387c0a5454fc2030d30f7fc77a8bb64d71718edbdaa;0x80fa4c1fd0fbb9a4f071999af69531dee1016644;0xfefe4e80f2d747a484154f7ae18b20d478e49d40,-0.027196652719665204,-0.05161290322580647,-0.05161290322580647,-0.058064516129032295
2026-04-02,ETHFI,0.441,6771580.48945195,96857.50731331689,6868437.996765267,0.014101824513656894,69.91280983049757,10,binance;bitget;bybit;coinbase;gate;htx;kraken;kucoin;mexc;okx,base;eth,base;eth,5,aerodrome-slipstream;uniswap-v4-base;uniswap-v4-ethereum;uniswap_v3,0x06f00544c0bc62e6db10f46d370dfccdc23d8189;0x3de2a8642859649d22d4a6f6a87b1441c51fdf8bf2bcd8864628a6a0f7119843;0x526cc4c56982e84ce640c387c0a5454fc2030d30f7fc77a8bb64d71718edbdaa;0x80fa4c1fd0fbb9a4f071999af69531dee1016644;0xfefe4e80f2d747a484154f7ae18b20d478e49d40,-0.05161290322580647,0.0,0.0226757369614512,0.0045351473922903285
2026-04-03,ETHFI,0.441,5129204.432894123,79496.04888423813,5208700.481778361,0.015262165517548916,64.52150144421961,10,binance;bitget;bybit;coinbase;gate;htx;kraken;kucoin;mexc;okx,base;eth,base;eth,5,aerodrome-slipstream;uniswap-v4-base;uniswap-v4-ethereum;uniswap_v3,0x06f00544c0bc62e6db10f46d370dfccdc23d8189;0x3de2a8642859649d22d4a6f6a87b1441c51fdf8bf2bcd8864628a6a0f7119843;0x526cc4c56982e84ce640c387c0a5454fc2030d30f7fc77a8bb64d71718edbdaa;0x80fa4c1fd0fbb9a4f071999af69531dee1016644;0xfefe4e80f2d747a484154f7ae18b20d478e49d40,0.0,0.0,0.0022675736961450532,-0.0022675736961451642
2026-04-04,ETHFI,0.441,3022744.6563411565,120298.79986430483,3143043.456205461,0.0382746218881553,25.126972669309794,10,binance;bitget;bybit;coinbase;gate;htx;kraken;kucoin;mexc;okx,base;eth,base;eth,5,aerodrome-slipstream;uniswap-v4-base;uniswap-v4-ethereum;uniswap_v3,0x06f00544c0bc62e6db10f46d370dfccdc23d8189;0x3de2a8642859649d22d4a6f6a87b1441c51fdf8bf2bcd8864628a6a0f7119843;0x526cc4c56982e84ce640c387c0a5454fc2030d30f7fc77a8bb64d71718edbdaa;0x80fa4c1fd0fbb9a4f071999af69531dee1016644;0xfefe4e80f2d747a484154f7ae18b20d478e49d40,0.0,0.0226757369614512,0.049886621315192725,0.0022675736961450532
2026-04-05,ETHFI,0.451,5505365.826529417,136686.43342271738,5642052.259952134,0.024226367840108766,40.277339079464355,10,binance;bitget;bybit;coinbase;gate;htx;kraken;kucoin;mexc;okx,base;eth,base;eth,5,aerodrome-slipstream;uniswap-v4-base;uniswap-v4-ethereum;uniswap_v3,0x06f00544c0bc62e6db10f46d370dfccdc23d8189;0x3de2a8642859649d22d4a6f6a87b1441c51fdf8bf2bcd8864628a6a0f7119843;0x526cc4c56982e84ce640c387c0a5454fc2030d30f7fc77a8bb64d71718edbdaa;0x80fa4c1fd0fbb9a4f071999af69531dee1016644;0xfefe4e80f2d747a484154f7ae18b20d478e49d40,0.0226757369614512,-0.019955654101995624,-0.02882483370288247,-0.09090909090909094
2026-04-06,ETHFI,0.442,5271857.530852312,87376.6418524258,5359234.172704738,0.01630394176418828,60.33486088600407,10,binance;bitget;bybit;coinbase;gate;htx;kraken;kucoin;mexc;okx,base;eth,base;eth,5,aerodrome-slipstream;uniswap-v4-base;uniswap-v4-ethereum;uniswap_v3,0x06f00544c0bc62e6db10f46d370dfccdc23d8189;0x3de2a8642859649d22d4a6f6a87b1441c51fdf8bf2bcd8864628a6a0f7119843;0x526cc4c56982e84ce640c387c0a5454fc2030d30f7fc77a8bb64d71718edbdaa;0x80fa4c1fd0fbb9a4f071999af69531dee1016644;0xfefe4e80f2d747a484154f7ae18b20d478e49d40,-0.019955654101995624,0.04751131221719462,0.002262443438914019,-0.013574660633484226
2026-04-07,ETHFI,0.463,8111038.289920407,74491.7639352654,8185530.0538556725,0.009100420308172609,108.88503455186049,10,binance;bitget;bybit;coinbase;gate;htx;kraken;kucoin;mexc;okx,base;eth,base;eth,5,aerodrome-slipstream;uniswap-v4-base;uniswap-v4-ethereum;uniswap_v3,0x06f00544c0bc62e6db10f46d370dfccdc23d8189;0x3de2a8642859649d22d4a6f6a87b1441c51fdf8bf2bcd8864628a6a0f7119843;0x526cc4c56982e84ce640c387c0a5454fc2030d30f7fc77a8bb64d71718edbdaa;0x80fa4c1fd0fbb9a4f071999af69531dee1016644;0xfefe4e80f2d747a484154f7ae18b20d478e49d40,0.04751131221719462,-0.05399568034557245,-0.049676025917926636,-0.08423326133909292
2026-04-08,ETHFI,0.438,8379869.45641074,49551.41281002842,8429420.869220767,0.00587838875040167,169.11464237231166,10,binance;bitget;bybit;coinbase;gate;htx;kraken;kucoin;mexc;okx,base;eth,base;eth,5,aerodrome-slipstream;uniswap-v4-base;uniswap-v4-ethereum;uniswap_v3,0x06f00544c0bc62e6db10f46d370dfccdc23d8189;0x3de2a8642859649d22d4a6f6a87b1441c51fdf8bf2bcd8864628a6a0f7119843;0x526cc4c56982e84ce640c387c0a5454fc2030d30f7fc77a8bb64d71718edbdaa;0x80fa4c1fd0fbb9a4f071999af69531dee1016644;0xfefe4e80f2d747a484154f7ae18b20d478e49d40,-0.05399568034557245,0.011415525114155223,0.009132420091324311,0.03424657534246589
2026-04-09,ETHFI,0.443,7368085.571902568,90218.46504060624,7458304.036943175,0.012096378022902745,81.66937409748971,10,binance;bitget;bybit;coinbase;gate;htx;kraken;kucoin;mexc;okx,base;eth,base;eth,5,aerodrome-slipstream;uniswap-v4-base;uniswap-v4-ethereum;uniswap_v3,0x06f00544c0bc62e6db10f46d370dfccdc23d8189;0x3de2a8642859649d22d4a6f6a87b1441c51fdf8bf2bcd8864628a6a0f7119843;0x526cc4c56982e84ce640c387c0a5454fc2030d30f7fc77a8bb64d71718edbdaa;0x80fa4c1fd0fbb9a4f071999af69531dee1016644;0xfefe4e80f2d747a484154f7ae18b20d478e49d40,0.011415525114155223,-0.006772009029345383,-0.07449209932279921,0.08577878103837477
2026-04-10,ETHFI,0.44,10850293.086646434,40270.55890740547,10890563.645553838,0.0036977479052561486,269.4348770175907,10,binance;bitget;bybit;coinbase;gate;htx;kraken;kucoin;mexc;okx,base;eth,base;eth,5,aerodrome-slipstream;uniswap-v4-base;uniswap-v4-ethereum;uniswap_v3,0x06f00544c0bc62e6db10f46d370dfccdc23d8189;0x3de2a8642859649d22d4a6f6a87b1441c51fdf8bf2bcd8864628a6a0f7119843;0x526cc4c56982e84ce640c387c0a5454fc2030d30f7fc77a8bb64d71718edbdaa;0x80fa4c1fd0fbb9a4f071999af69531dee1016644;0xfefe4e80f2d747a484154f7ae18b20d478e49d40,-0.006772009029345383,0.00454545454545463,-0.00909090909090915,0.165909090909091
2026-04-11,ETHFI,0.442,6011940.975741542,17763.64482081101,6029704.620562353,0.002946022390588397,338.44073310327894,10,binance;bitget;bybit;coinbase;gate;htx;kraken;kucoin;mexc;okx,base;eth,base;eth,5,aerodrome-slipstream;uniswap-v4-base;uniswap-v4-ethereum;uniswap_v3,0x06f00544c0bc62e6db10f46d370dfccdc23d8189;0x3de2a8642859649d22d4a6f6a87b1441c51fdf8bf2bcd8864628a6a0f7119843;0x526cc4c56982e84ce640c387c0a5454fc2030d30f7fc77a8bb64d71718edbdaa;0x80fa4c1fd0fbb9a4f071999af69531dee1016644;0xfefe4e80f2d747a484154f7ae18b20d478e49d40,0.00454545454545463,-0.07239819004524894,-0.040723981900452566,0.07239819004524883
2026-04-12,ETHFI,0.41,12330475.145879041,225392.86292364262,12555868.008802684,0.017951197222336512,54.70659090947478,10,binance;bitget;bybit;coinbase;gate;htx;kraken;kucoin;mexc;okx,base;eth,base;eth,5,aerodrome-slipstream;uniswap-v4-base;uniswap-v4-ethereum;uniswap_v3,0x06f00544c0bc62e6db10f46d370dfccdc23d8189;0x3de2a8642859649d22d4a6f6a87b1441c51fdf8bf2bcd8864628a6a0f7119843;0x526cc4c56982e84ce640c387c0a5454fc2030d30f7fc77a8bb64d71718edbdaa;0x80fa4c1fd0fbb9a4f071999af69531dee1016644;0xfefe4e80f2d747a484154f7ae18b20d478e49d40,-0.07239819004524894,0.06341463414634152,0.1048780487804879,0.1073170731707318
2026-04-13,ETHFI,0.436,7145770.053095441,52406.77717580313,7198176.830271244,0.007280562621831051,136.3520223562752,10,binance;bitget;bybit;coinbase;gate;htx;kraken;kucoin;mexc;okx,base;eth,base;eth,5,aerodrome-slipstream;uniswap-v4-base;uniswap-v4-ethereum;uniswap_v3,0x06f00544c0bc62e6db10f46d370dfccdc23d8189;0x3de2a8642859649d22d4a6f6a87b1441c51fdf8bf2bcd8864628a6a0f7119843;0x526cc4c56982e84ce640c387c0a5454fc2030d30f7fc77a8bb64d71718edbdaa;0x80fa4c1fd0fbb9a4f071999af69531dee1016644;0xfefe4e80f2d747a484154f7ae18b20d478e49d40,0.06341463414634152,-0.02752293577981657,0.10321100917431192,0.05275229357798161
2026-04-14,ETHFI,0.424,7414795.338743689,224383.19354388618,7639178.532287574,0.02937268615931849,33.045234902111595,10,binance;bitget;bybit;coinbase;gate;htx;kraken;kucoin;mexc;okx,base;eth,base;eth,5,aerodrome-slipstream;uniswap-v4-base;uniswap-v4-ethereum;uniswap_v3,0x06f00544c0bc62e6db10f46d370dfccdc23d8189;0x3de2a8642859649d22d4a6f6a87b1441c51fdf8bf2bcd8864628a6a0f7119843;0x526cc4c56982e84ce640c387c0a5454fc2030d30f7fc77a8bb64d71718edbdaa;0x80fa4c1fd0fbb9a4f071999af69531dee1016644;0xfefe4e80f2d747a484154f7ae18b20d478e49d40,-0.02752293577981657,0.06839622641509435,0.20990566037735858,0.09198113207547176
2026-04-15,ETHFI,0.453,8521284.028189432,83744.53708575547,8605028.565275187,0.009732046378520922,101.75331221263458,10,binance;bitget;bybit;coinbase;gate;htx;kraken;kucoin;mexc;okx,base;eth,base;eth,5,aerodrome-slipstream;uniswap-v4-base;uniswap-v4-ethereum;uniswap_v3,0x06f00544c0bc62e6db10f46d370dfccdc23d8189;0x3de2a8642859649d22d4a6f6a87b1441c51fdf8bf2bcd8864628a6a0f7119843;0x526cc4c56982e84ce640c387c0a5454fc2030d30f7fc77a8bb64d71718edbdaa;0x80fa4c1fd0fbb9a4f071999af69531dee1016644;0xfefe4e80f2d747a484154f7ae18b20d478e49d40,0.06839622641509435,0.061810154525386185,0.04635761589403975,0.0066225165562914245
2026-04-16,ETHFI,0.481,13302899.605736114,171563.15665611072,13474462.762392225,0.012732467311049349,77.53937305082975,10,binance;bitget;bybit;coinbase;gate;htx;kraken;kucoin;mexc;okx,base;eth,base;eth,5,aerodrome-slipstream;uniswap-v4-base;uniswap-v4-ethereum;uniswap_v3,0x06f00544c0bc62e6db10f46d370dfccdc23d8189;0x3de2a8642859649d22d4a6f6a87b1441c51fdf8bf2bcd8864628a6a0f7119843;0x526cc4c56982e84ce640c387c0a5454fc2030d30f7fc77a8bb64d71718edbdaa;0x80fa4c1fd0fbb9a4f071999af69531dee1016644;0xfefe4e80f2d747a484154f7ae18b20d478e49d40,0.061810154525386185,0.06652806652806653,-0.05613305613305608,-0.05197505197505192
2026-04-17,ETHFI,0.513,15204247.000795051,204354.41604118643,15408601.416836238,0.013262359802356766,74.40136257065629,10,binance;bitget;bybit;coinbase;gate;htx;kraken;kucoin;mexc;okx,base;eth,base;eth,5,aerodrome-slipstream;uniswap-v4-base;uniswap-v4-ethereum;uniswap_v3,0x06f00544c0bc62e6db10f46d370dfccdc23d8189;0x3de2a8642859649d22d4a6f6a87b1441c51fdf8bf2bcd8864628a6a0f7119843;0x526cc4c56982e84ce640c387c0a5454fc2030d30f7fc77a8bb64d71718edbdaa;0x80fa4c1fd0fbb9a4f071999af69531dee1016644;0xfefe4e80f2d747a484154f7ae18b20d478e49d40,0.06652806652806653,-0.07602339181286555,-0.10526315789473684,-0.12670565302144254
2026-04-18,ETHFI,0.474,9380438.247822989,125165.90090198845,9505604.148724977,0.013167590291331186,74.94403971228849,10,binance;bitget;bybit;coinbase;gate;htx;kraken;kucoin;mexc;okx,base;eth,base;eth,5,aerodrome-slipstream;uniswap-v4-base;uniswap-v4-ethereum;uniswap_v3,0x06f00544c0bc62e6db10f46d370dfccdc23d8189;0x3de2a8642859649d22d4a6f6a87b1441c51fdf8bf2bcd8864628a6a0f7119843;0x526cc4c56982e84ce640c387c0a5454fc2030d30f7fc77a8bb64d71718edbdaa;0x80fa4c1fd0fbb9a4f071999af69531dee1016644;0xfefe4e80f2d747a484154f7ae18b20d478e49d40,-0.07602339181286555,-0.04219409282700415,-0.02320675105485226,-0.07383966244725737
2026-04-19,ETHFI,0.454,7878397.108565879,63280.55119325344,7941677.659759132,0.007968159109994993,124.49950197977766,10,binance;bitget;bybit;coinbase;gate;htx;kraken;kucoin;mexc;okx,base;eth,base;eth,5,aerodrome-slipstream;uniswap-v4-base;uniswap-v4-ethereum;uniswap_v3,0x06f00544c0bc62e6db10f46d370dfccdc23d8189;0x3de2a8642859649d22d4a6f6a87b1441c51fdf8bf2bcd8864628a6a0f7119843;0x526cc4c56982e84ce640c387c0a5454fc2030d30f7fc77a8bb64d71718edbdaa;0x80fa4c1fd0fbb9a4f071999af69531dee1016644;0xfefe4e80f2d747a484154f7ae18b20d478e49d40,-0.04219409282700415,0.011013215859030812,0.004405286343612369,-0.01982378854625555
2026-04-20,ETHFI,0.459,7770035.441693669,30112.317537395546,7800147.7592310645,0.003860480399458998,258.03511908521506,10,binance;bitget;bybit;coinbase;gate;htx;kraken;kucoin;mexc;okx,base;eth,base;eth,5,aerodrome-slipstream;uniswap-v4-base;uniswap-v4-ethereum;uniswap_v3,0x06f00544c0bc62e6db10f46d370dfccdc23d8189;0x3de2a8642859649d22d4a6f6a87b1441c51fdf8bf2bcd8864628a6a0f7119843;0x526cc4c56982e84ce640c387c0a5454fc2030d30f7fc77a8bb64d71718edbdaa;0x80fa4c1fd0fbb9a4f071999af69531dee1016644;0xfefe4e80f2d747a484154f7ae18b20d478e49d40,0.011013215859030812,0.008714596949891185,-0.006535947712418277,-0.05446623093681924
2026-04-21,ETHFI,0.463,7833698.012816557,64919.53758658498,7898617.550403141,0.008219101275927902,120.6678036233474,10,binance;bitget;bybit;coinbase;gate;htx;kraken;kucoin;mexc;okx,base;eth,base;eth,5,aerodrome-slipstream;uniswap-v4-base;uniswap-v4-ethereum;uniswap_v3,0x06f00544c0bc62e6db10f46d370dfccdc23d8189;0x3de2a8642859649d22d4a6f6a87b1441c51fdf8bf2bcd8864628a6a0f7119843;0x526cc4c56982e84ce640c387c0a5454fc2030d30f7fc77a8bb64d71718edbdaa;0x80fa4c1fd0fbb9a4f071999af69531dee1016644;0xfefe4e80f2d747a484154f7ae18b20d478e49d40,0.008714596949891185,-0.015118790496760237,-0.03239740820734349,-0.07991360691144711
2026-04-22,ETHFI,0.456,7518230.236656794,50728.12730834379,7568958.363965138,0.006702127937425848,148.2063430206735,10,binance;bitget;bybit;coinbase;gate;htx;kraken;kucoin;mexc;okx,base;eth,base;eth,5,aerodrome-slipstream;uniswap-v4-base;uniswap-v4-ethereum;uniswap_v3,0x06f00544c0bc62e6db10f46d370dfccdc23d8189;0x3de2a8642859649d22d4a6f6a87b1441c51fdf8bf2bcd8864628a6a0f7119843;0x526cc4c56982e84ce640c387c0a5454fc2030d30f7fc77a8bb64d71718edbdaa;0x80fa4c1fd0fbb9a4f071999af69531dee1016644;0xfefe4e80f2d747a484154f7ae18b20d478e49d40,-0.015118790496760237,0.0,-0.037280701754386025,-0.09429824561403521
2026-04-23,ETHFI,0.456,5889081.465059675,46987.83991314146,5936069.304972817,0.007915648807162407,125.33203220122125,10,binance;bitget;bybit;coinbase;gate;htx;kraken;kucoin;mexc;okx,base;eth,base;eth,5,aerodrome-slipstream;uniswap-v4-base;uniswap-v4-ethereum;uniswap_v3,0x06f00544c0bc62e6db10f46d370dfccdc23d8189;0x3de2a8642859649d22d4a6f6a87b1441c51fdf8bf2bcd8864628a6a0f7119843;0x526cc4c56982e84ce640c387c0a5454fc2030d30f7fc77a8bb64d71718edbdaa;0x80fa4c1fd0fbb9a4f071999af69531dee1016644;0xfefe4e80f2d747a484154f7ae18b20d478e49d40,0.0,-0.01754385964912286,-0.02412280701754388,-0.10087719298245623
2026-04-24,ETHFI,0.448,5719899.54406628,45342.85754435256,5765242.401610632,0.007864865756847476,126.14775190274023,10,binance;bitget;bybit;coinbase;gate;htx;kraken;kucoin;mexc;okx,base;eth,base;eth,5,aerodrome-slipstream;uniswap-v4-base;uniswap-v4-ethereum;uniswap_v3,0x06f00544c0bc62e6db10f46d370dfccdc23d8189;0x3de2a8642859649d22d4a6f6a87b1441c51fdf8bf2bcd8864628a6a0f7119843;0x526cc4c56982e84ce640c387c0a5454fc2030d30f7fc77a8bb64d71718edbdaa;0x80fa4c1fd0fbb9a4f071999af69531dee1016644;0xfefe4e80f2d747a484154f7ae18b20d478e49d40,-0.01754385964912286,-0.0200892857142857,-0.03125,-0.0848214285714286
2026-04-25,ETHFI,0.439,7537128.251667939,18352.093125638057,7555480.344793577,0.0024289776808544467,410.6958372578491,10,binance;bitget;bybit;coinbase;gate;htx;kraken;kucoin;mexc;okx,base;eth,base;eth,5,aerodrome-slipstream;uniswap-v4-base;uniswap-v4-ethereum;uniswap_v3,0x06f00544c0bc62e6db10f46d370dfccdc23d8189;0x3de2a8642859649d22d4a6f6a87b1441c51fdf8bf2bcd8864628a6a0f7119843;0x526cc4c56982e84ce640c387c0a5454fc2030d30f7fc77a8bb64d71718edbdaa;0x80fa4c1fd0fbb9a4f071999af69531dee1016644;0xfefe4e80f2d747a484154f7ae18b20d478e49d40,-0.0200892857142857,0.013667425968109326,-0.029612756264236983,-0.04783599088838275
2026-04-26,ETHFI,0.445,7114185.00285847,63352.177632199084,7177537.180490669,0.008826450638862204,112.29582421240478,10,binance;bitget;bybit;coinbase;gate;htx;kraken;kucoin;mexc;okx,base;eth,base;eth,5,aerodrome-slipstream;uniswap-v4-base;uniswap-v4-ethereum;uniswap_v3,0x06f00544c0bc62e6db10f46d370dfccdc23d8189;0x3de2a8642859649d22d4a6f6a87b1441c51fdf8bf2bcd8864628a6a0f7119843;0x526cc4c56982e84ce640c387c0a5454fc2030d30f7fc77a8bb64d71718edbdaa;0x80fa4c1fd0fbb9a4f071999af69531dee1016644;0xfefe4e80f2d747a484154f7ae18b20d478e49d40,0.013667425968109326,-0.024719101123595544,-0.07191011235955058,-0.07191011235955058
2026-04-27,ETHFI,0.434,7277725.078967141,37895.861704479554,7315620.940671621,0.005180129207323373,192.04537782305826,10,binance;bitget;bybit;coinbase;gate;htx;kraken;kucoin;mexc;okx,base;eth,base;eth,5,aerodrome-slipstream;uniswap-v4-base;uniswap-v4-ethereum;uniswap_v3,0x06f00544c0bc62e6db10f46d370dfccdc23d8189;0x3de2a8642859649d22d4a6f6a87b1441c51fdf8bf2bcd8864628a6a0f7119843;0x526cc4c56982e84ce640c387c0a5454fc2030d30f7fc77a8bb64d71718edbdaa;0x80fa4c1fd0fbb9a4f071999af69531dee1016644;0xfefe4e80f2d747a484154f7ae18b20d478e49d40,-0.024719101123595544,-0.018433179723502335,-0.055299539170507006,-0.027649769585253448
2026-04-28,ETHFI,0.426,5665258.463859531,40146.559848293655,5705405.023707825,0.007036583674861217,141.11441890083444,10,binance;bitget;bybit;coinbase;gate;htx;kraken;kucoin;mexc;okx,base;eth,base;eth,5,aerodrome-slipstream;uniswap-v4-base;uniswap-v4-ethereum;uniswap_v3,0x06f00544c0bc62e6db10f46d370dfccdc23d8189;0x3de2a8642859649d22d4a6f6a87b1441c51fdf8bf2bcd8864628a6a0f7119843;0x526cc4c56982e84ce640c387c0a5454fc2030d30f7fc77a8bb64d71718edbdaa;0x80fa4c1fd0fbb9a4f071999af69531dee1016644;0xfefe4e80f2d747a484154f7ae18b20d478e49d40,-0.018433179723502335,-0.030516431924882625,-0.03755868544600938,0.0
2026-04-29,ETHFI,0.413,6012278.303394909,19772.88582970335,6032051.189224612,0.003277970496176285,304.06680922433213,10,binance;bitget;bybit;coinbase;gate;htx;kraken;kucoin;mexc;okx,base;eth,base;eth,5,aerodrome-slipstream;uniswap-v4-base;uniswap-v4-ethereum;uniswap_v3,0x06f00544c0bc62e6db10f46d370dfccdc23d8189;0x3de2a8642859649d22d4a6f6a87b1441c51fdf8bf2bcd8864628a6a0f7119843;0x526cc4c56982e84ce640c387c0a5454fc2030d30f7fc77a8bb64d71718edbdaa;0x80fa4c1fd0fbb9a4f071999af69531dee1016644;0xfefe4e80f2d747a484154f7ae18b20d478e49d40,-0.030516431924882625,-0.007263922518159771,0.012106537530266248,0.060532687651331685
2026-04-30,ETHFI,0.41,4389578.901258609,51490.976040983274,4441069.877299593,0.011594272880996084,85.2494793993574,10,binance;bitget;bybit;coinbase;gate;htx;kraken;kucoin;mexc;okx,base;eth,base;eth,5,aerodrome-slipstream;uniswap-v4-base;uniswap-v4-ethereum;uniswap_v3,0x06f00544c0bc62e6db10f46d370dfccdc23d8189;0x3de2a8642859649d22d4a6f6a87b1441c51fdf8bf2bcd8864628a6a0f7119843;0x526cc4c56982e84ce640c387c0a5454fc2030d30f7fc77a8bb64d71718edbdaa;0x80fa4c1fd0fbb9a4f071999af69531dee1016644;0xfefe4e80f2d747a484154f7ae18b20d478e49d40,-0.007263922518159771,0.0,0.007317073170731714,0.04146341463414638
2026-05-01,ETHFI,0.41,3780921.801498182,17207.750480203205,3798129.5519783855,0.004530585448629566,219.72202617930645,10,binance;bitget;bybit;coinbase;gate;htx;kraken;kucoin;mexc;okx,base;eth,base;eth,5,aerodrome-slipstream;uniswap-v4-base;uniswap-v4-ethereum;uniswap_v3,0x06f00544c0bc62e6db10f46d370dfccdc23d8189;0x3de2a8642859649d22d4a6f6a87b1441c51fdf8bf2bcd8864628a6a0f7119843;0x526cc4c56982e84ce640c387c0a5454fc2030d30f7fc77a8bb64d71718edbdaa;0x80fa4c1fd0fbb9a4f071999af69531dee1016644;0xfefe4e80f2d747a484154f7ae18b20d478e49d40,0.0,0.019512195121951237,0.029268292682926855,0.102439024390244
2026-05-02,ETHFI,0.418,2881246.5797875063,19870.62637786119,2901117.2061653673,0.006849301481385423,145.00028962336285,10,binance;bitget;bybit;coinbase;gate;htx;kraken;kucoin;mexc;okx,base;eth,base;eth,5,aerodrome-slipstream;uniswap-v4-base;uniswap-v4-ethereum;uniswap_v3,0x06f00544c0bc62e6db10f46d370dfccdc23d8189;0x3de2a8642859649d22d4a6f6a87b1441c51fdf8bf2bcd8864628a6a0f7119843;0x526cc4c56982e84ce640c387c0a5454fc2030d30f7fc77a8bb64d71718edbdaa;0x80fa4c1fd0fbb9a4f071999af69531dee1016644;0xfefe4e80f2d747a484154f7ae18b20d478e49d40,0.019512195121951237,-0.011961722488038284,0.019138755980861344,0.06937799043062198
2026-05-03,ETHFI,0.413,3680438.3042343063,22577.24993656552,3703015.5541708716,0.006096990305950985,163.0153501677618,10,binance;bitget;bybit;coinbase;gate;htx;kraken;kucoin;mexc;okx,base;eth,base;eth,5,aerodrome-slipstream;uniswap-v4-base;uniswap-v4-ethereum;uniswap_v3,0x06f00544c0bc62e6db10f46d370dfccdc23d8189;0x3de2a8642859649d22d4a6f6a87b1441c51fdf8bf2bcd8864628a6a0f7119843;0x526cc4c56982e84ce640c387c0a5454fc2030d30f7fc77a8bb64d71718edbdaa;0x80fa4c1fd0fbb9a4f071999af69531dee1016644;0xfefe4e80f2d747a484154f7ae18b20d478e49d40,-0.011961722488038284,0.021791767554479424,0.060532687651331685,0.12106537530266359
2026-05-04,ETHFI,0.422,7422996.711010652,26187.515053097082,7449184.226063749,0.0035154876370851853,283.4555587255984,10,binance;bitget;bybit;coinbase;gate;htx;kraken;kucoin;mexc;okx,base;eth,base;eth,5,aerodrome-slipstream;uniswap-v4-base;uniswap-v4-ethereum;uniswap_v3,0x06f00544c0bc62e6db10f46d370dfccdc23d8189;0x3de2a8642859649d22d4a6f6a87b1441c51fdf8bf2bcd8864628a6a0f7119843;0x526cc4c56982e84ce640c387c0a5454fc2030d30f7fc77a8bb64d71718edbdaa;0x80fa4c1fd0fbb9a4f071999af69531dee1016644;0xfefe4e80f2d747a484154f7ae18b20d478e49d40,0.021791767554479424,0.009478672985782088,0.011848341232227444,0.07582938388625604
2026-05-05,ETHFI,0.426,10026377.553871645,44998.33247182619,10071375.886343472,0.004467942908658863,222.8166468201736,10,binance;bitget;bybit;coinbase;gate;htx;kraken;kucoin;mexc;okx,base;eth,base;eth,5,aerodrome-slipstream;uniswap-v4-base;uniswap-v4-ethereum;uniswap_v3,0x06f00544c0bc62e6db10f46d370dfccdc23d8189;0x3de2a8642859649d22d4a6f6a87b1441c51fdf8bf2bcd8864628a6a0f7119843;0x526cc4c56982e84ce640c387c0a5454fc2030d30f7fc77a8bb64d71718edbdaa;0x80fa4c1fd0fbb9a4f071999af69531dee1016644;0xfefe4e80f2d747a484154f7ae18b20d478e49d40,0.009478672985782088,0.028169014084507005,0.06103286384976525,0.06103286384976525
2026-05-06,ETHFI,0.438,10727135.70227479,52780.38367137315,10779916.085946163,0.004896177600137651,203.24095726672292,10,binance;bitget;bybit;coinbase;gate;htx;kraken;kucoin;mexc;okx,base;eth,base;eth,5,aerodrome-slipstream;uniswap-v4-base;uniswap-v4-ethereum;uniswap_v3,0x06f00544c0bc62e6db10f46d370dfccdc23d8189;0x3de2a8642859649d22d4a6f6a87b1441c51fdf8bf2bcd8864628a6a0f7119843;0x526cc4c56982e84ce640c387c0a5454fc2030d30f7fc77a8bb64d71718edbdaa;0x80fa4c1fd0fbb9a4f071999af69531dee1016644;0xfefe4e80f2d747a484154f7ae18b20d478e49d40,0.028169014084507005,-0.02511415525114158,0.020547945205479534,0.0365296803652968
2026-05-07,ETHFI,0.427,7779236.741639146,44073.972458068616,7823310.714097214,0.00563367275936638,176.50409771980972,10,binance;bitget;bybit;coinbase;gate;htx;kraken;kucoin;mexc;okx,base;eth,base;eth,5,aerodrome-slipstream;uniswap-v4-base;uniswap-v4-ethereum;uniswap_v3,0x06f00544c0bc62e6db10f46d370dfccdc23d8189;0x3de2a8642859649d22d4a6f6a87b1441c51fdf8bf2bcd8864628a6a0f7119843;0x526cc4c56982e84ce640c387c0a5454fc2030d30f7fc77a8bb64d71718edbdaa;0x80fa4c1fd0fbb9a4f071999af69531dee1016644;0xfefe4e80f2d747a484154f7ae18b20d478e49d40,-0.02511415525114158,0.058548009367681564,0.08430913348946145,0.0374707259953162
2026-05-08,ETHFI,0.452,13123680.332073895,100839.50628256188,13224519.838356458,0.0076251922576490464,130.14423429742007,10,binance;bitget;bybit;coinbase;gate;htx;kraken;kucoin;mexc;okx,base;eth,base;eth,5,aerodrome-slipstream;uniswap-v4-base;uniswap-v4-ethereum;uniswap_v3,0x06f00544c0bc62e6db10f46d370dfccdc23d8189;0x3de2a8642859649d22d4a6f6a87b1441c51fdf8bf2bcd8864628a6a0f7119843;0x526cc4c56982e84ce640c387c0a5454fc2030d30f7fc77a8bb64d71718edbdaa;0x80fa4c1fd0fbb9a4f071999af69531dee1016644;0xfefe4e80f2d747a484154f7ae18b20d478e49d40,0.058548009367681564,-0.011061946902654829,0.004424778761061843,-0.09513274336283195
2026-05-09,ETHFI,0.447,7543956.906205084,67002.13687668613,7610959.043081771,0.00880337635473021,112.59278073607318,10,binance;bitget;bybit;coinbase;gate;htx;kraken;kucoin;mexc;okx,base;eth,base;eth,5,aerodrome-slipstream;uniswap-v4-base;uniswap-v4-ethereum;uniswap_v3,0x06f00544c0bc62e6db10f46d370dfccdc23d8189;0x3de2a8642859649d22d4a6f6a87b1441c51fdf8bf2bcd8864628a6a0f7119843;0x526cc4c56982e84ce640c387c0a5454fc2030d30f7fc77a8bb64d71718edbdaa;0x80fa4c1fd0fbb9a4f071999af69531dee1016644;0xfefe4e80f2d747a484154f7ae18b20d478e49d40,-0.011061946902654829,0.03579418344519025,0.01118568232662187,-0.13646532438478742
2026-05-10,ETHFI,0.463,11392140.06974338,90989.44707041002,11483129.51681379,0.007923749961818488,125.2028717234411,10,binance;bitget;bybit;coinbase;gate;htx;kraken;kucoin;mexc;okx,base;eth,base;eth,5,aerodrome-slipstream;uniswap-v4-base;uniswap-v4-ethereum;uniswap_v3,0x06f00544c0bc62e6db10f46d370dfccdc23d8189;0x3de2a8642859649d22d4a6f6a87b1441c51fdf8bf2bcd8864628a6a0f7119843;0x526cc4c56982e84ce640c387c0a5454fc2030d30f7fc77a8bb64d71718edbdaa;0x80fa4c1fd0fbb9a4f071999af69531dee1016644;0xfefe4e80f2d747a484154f7ae18b20d478e49d40,0.03579418344519025,-0.01943844492440605,-0.01943844492440605,-0.18358531317494609
2026-05-11,ETHFI,0.454,7748153.85887821,39164.08450633882,7787317.943384549,0.005029213497005003,197.83824788816779,10,binance;bitget;bybit;coinbase;gate;htx;kraken;kucoin;mexc;okx,base;eth,base;eth,5,aerodrome-slipstream;uniswap-v4-base;uniswap-v4-ethereum;uniswap_v3,0x06f00544c0bc62e6db10f46d370dfccdc23d8189;0x3de2a8642859649d22d4a6f6a87b1441c51fdf8bf2bcd8864628a6a0f7119843;0x526cc4c56982e84ce640c387c0a5454fc2030d30f7fc77a8bb64d71718edbdaa;0x80fa4c1fd0fbb9a4f071999af69531dee1016644;0xfefe4e80f2d747a484154f7ae18b20d478e49d40,-0.01943844492440605,-0.004405286343612369,-0.024229074889867808,-0.17180616740088106
2026-05-12,ETHFI,0.452,14401463.485441824,128316.23573225051,14529779.721174074,0.008831258160456266,112.23414872839989,10,binance;bitget;bybit;coinbase;gate;htx;kraken;kucoin;mexc;okx,base;eth,base;eth,5,aerodrome-slipstream;uniswap-v4-base;uniswap-v4-ethereum;uniswap_v3,0x06f00544c0bc62e6db10f46d370dfccdc23d8189;0x3de2a8642859649d22d4a6f6a87b1441c51fdf8bf2bcd8864628a6a0f7119843;0x526cc4c56982e84ce640c387c0a5454fc2030d30f7fc77a8bb64d71718edbdaa;0x80fa4c1fd0fbb9a4f071999af69531dee1016644;0xfefe4e80f2d747a484154f7ae18b20d478e49d40,-0.004405286343612369,0.004424778761061843,-0.09513274336283195,-0.17920353982300885
2026-05-13,ETHFI,0.454,14562713.063797195,403991.87157311453,14966704.93537031,0.026992706365071322,36.047044726645275,10,binance;bitget;bybit;coinbase;gate;htx;kraken;kucoin;mexc;okx,base;eth,base;eth,5,aerodrome-slipstream;uniswap-v4-base;uniswap-v4-ethereum;uniswap_v3,0x06f00544c0bc62e6db10f46d370dfccdc23d8189;0x3de2a8642859649d22d4a6f6a87b1441c51fdf8bf2bcd8864628a6a0f7119843;0x526cc4c56982e84ce640c387c0a5454fc2030d30f7fc77a8bb64d71718edbdaa;0x80fa4c1fd0fbb9a4f071999af69531dee1016644;0xfefe4e80f2d747a484154f7ae18b20d478e49d40,0.004424778761061843,-0.024229074889867808,-0.14977973568281944,-0.1541850220264317
2026-05-14,ETHFI,0.443,9936599.660776628,148991.44106216953,10085591.101838797,0.01477270291426008,66.692419309042,10,binance;bitget;bybit;coinbase;gate;htx;kraken;kucoin;mexc;okx,base;eth,base;eth,5,aerodrome-slipstream;uniswap-v4-base;uniswap-v4-ethereum;uniswap_v3,0x06f00544c0bc62e6db10f46d370dfccdc23d8189;0x3de2a8642859649d22d4a6f6a87b1441c51fdf8bf2bcd8864628a6a0f7119843;0x526cc4c56982e84ce640c387c0a5454fc2030d30f7fc77a8bb64d71718edbdaa;0x80fa4c1fd0fbb9a4f071999af69531dee1016644;0xfefe4e80f2d747a484154f7ae18b20d478e49d40,-0.024229074889867808,-0.0767494356659143,-0.1467268623024831,-0.12415349887133176
2026-05-15,ETHFI,0.409,9015366.123797996,127985.49993659374,9143351.62373459,0.013997657008439345,70.4405274680676,10,binance;bitget;bybit;coinbase;gate;htx;kraken;kucoin;mexc;okx,base;eth,base;eth,5,aerodrome-slipstream;uniswap-v4-base;uniswap-v4-ethereum;uniswap_v3,0x06f00544c0bc62e6db10f46d370dfccdc23d8189;0x3de2a8642859649d22d4a6f6a87b1441c51fdf8bf2bcd8864628a6a0f7119843;0x526cc4c56982e84ce640c387c0a5454fc2030d30f7fc77a8bb64d71718edbdaa;0x80fa4c1fd0fbb9a4f071999af69531dee1016644;0xfefe4e80f2d747a484154f7ae18b20d478e49d40,-0.0767494356659143,-0.05623471882640574,-0.0806845965770171,-0.11002444987775062
2026-05-16,ETHFI,0.386,8713724.093949052,60844.04487294987,8774568.138822002,0.006934135550643552,143.21408302397415,10,binance;bitget;bybit;coinbase;gate;htx;kraken;kucoin;mexc;okx,base;eth,base;eth,5,aerodrome-slipstream;uniswap-v4-base;uniswap-v4-ethereum;uniswap_v3,0x06f00544c0bc62e6db10f46d370dfccdc23d8189;0x3de2a8642859649d22d4a6f6a87b1441c51fdf8bf2bcd8864628a6a0f7119843;0x526cc4c56982e84ce640c387c0a5454fc2030d30f7fc77a8bb64d71718edbdaa;0x80fa4c1fd0fbb9a4f071999af69531dee1016644;0xfefe4e80f2d747a484154f7ae18b20d478e49d40,-0.05623471882640574,-0.020725388601036232,-0.03886010362694303,-0.020725388601036232
2026-05-17,ETHFI,0.378,8643241.961237075,40247.39413275853,8683489.355369834,0.004634933318351995,214.75283425125127,10,binance;bitget;bybit;coinbase;gate;htx;kraken;kucoin;mexc;okx,base;eth,base;eth,5,aerodrome-slipstream;uniswap-v4-base;uniswap-v4-ethereum;uniswap_v3,0x06f00544c0bc62e6db10f46d370dfccdc23d8189;0x3de2a8642859649d22d4a6f6a87b1441c51fdf8bf2bcd8864628a6a0f7119843;0x526cc4c56982e84ce640c387c0a5454fc2030d30f7fc77a8bb64d71718edbdaa;0x80fa4c1fd0fbb9a4f071999af69531dee1016644;0xfefe4e80f2d747a484154f7ae18b20d478e49d40,-0.020725388601036232,-0.005291005291005346,0.015873015873015817,-0.023809523809523836
2026-05-18,ETHFI,0.376,5967937.52169393,22895.552391532066,5990833.074085462,0.003821764370396385,260.6592503049271,10,binance;bitget;bybit;coinbase;gate;htx;kraken;kucoin;mexc;okx,base;eth,base;eth,5,aerodrome-slipstream;uniswap-v4-base;uniswap-v4-ethereum;uniswap_v3,0x06f00544c0bc62e6db10f46d370dfccdc23d8189;0x3de2a8642859649d22d4a6f6a87b1441c51fdf8bf2bcd8864628a6a0f7119843;0x526cc4c56982e84ce640c387c0a5454fc2030d30f7fc77a8bb64d71718edbdaa;0x80fa4c1fd0fbb9a4f071999af69531dee1016644;0xfefe4e80f2d747a484154f7ae18b20d478e49d40,-0.005291005291005346,-0.013297872340425565,0.03191489361702127,-0.005319148936170248
2026-05-19,ETHFI,0.371,4148411.413696722,22836.07797905459,4171247.491675777,0.005474639906796879,181.66041548385297,10,binance;bitget;bybit;coinbase;gate;htx;kraken;kucoin;mexc;okx,base;eth,base;eth,5,aerodrome-slipstream;uniswap-v4-base;uniswap-v4-ethereum;uniswap_v3,0x06f00544c0bc62e6db10f46d370dfccdc23d8189;0x3de2a8642859649d22d4a6f6a87b1441c51fdf8bf2bcd8864628a6a0f7119843;0x526cc4c56982e84ce640c387c0a5454fc2030d30f7fc77a8bb64d71718edbdaa;0x80fa4c1fd0fbb9a4f071999af69531dee1016644;0xfefe4e80f2d747a484154f7ae18b20d478e49d40,-0.013297872340425565,0.03504043126684642,-0.018867924528301883,0.029649595687331498
2026-05-20,ETHFI,0.384,4220368.112242076,70676.26633333157,4291044.378575407,0.016470644462734628,59.714078448025084,10,binance;bitget;bybit;coinbase;gate;htx;kraken;kucoin;mexc;okx,base;eth,base;eth,5,aerodrome-slipstream;uniswap-v4-base;uniswap-v4-ethereum;uniswap_v3,0x06f00544c0bc62e6db10f46d370dfccdc23d8189;0x3de2a8642859649d22d4a6f6a87b1441c51fdf8bf2bcd8864628a6a0f7119843;0x526cc4c56982e84ce640c387c0a5454fc2030d30f7fc77a8bb64d71718edbdaa;0x80fa4c1fd0fbb9a4f071999af69531dee1016644;0xfefe4e80f2d747a484154f7ae18b20d478e49d40,0.03504043126684642,0.01041666666666674,-0.015625,0.0078125
2026-05-21,ETHFI,0.388,4571629.481407298,30542.976699653686,4602172.458106952,0.006636643232665203,149.6785832750589,10,binance;bitget;bybit;coinbase;gate;htx;kraken;kucoin;mexc;okx,base;eth,base;eth,5,aerodrome-slipstream;uniswap-v4-base;uniswap-v4-ethereum;uniswap_v3,0x06f00544c0bc62e6db10f46d370dfccdc23d8189;0x3de2a8642859649d22d4a6f6a87b1441c51fdf8bf2bcd8864628a6a0f7119843;0x526cc4c56982e84ce640c387c0a5454fc2030d30f7fc77a8bb64d71718edbdaa;0x80fa4c1fd0fbb9a4f071999af69531dee1016644;0xfefe4e80f2d747a484154f7ae18b20d478e49d40,0.01041666666666674,-0.061855670103092786,-0.0489690721649485,0.015463917525773141
2026-05-22,ETHFI,0.364,7687322.195266735,154334.47278485796,7841656.668051593,0.019681360625446162,49.809495290030576,10,binance;bitget;bybit;coinbase;gate;htx;kraken;kucoin;mexc;okx,base;eth,base;eth,5,aerodrome-slipstream;uniswap-v4-base;uniswap-v4-ethereum;uniswap_v3,0x06f00544c0bc62e6db10f46d370dfccdc23d8189;0x3de2a8642859649d22d4a6f6a87b1441c51fdf8bf2bcd8864628a6a0f7119843;0x526cc4c56982e84ce640c387c0a5454fc2030d30f7fc77a8bb64d71718edbdaa;0x80fa4c1fd0fbb9a4f071999af69531dee1016644;0xfefe4e80f2d747a484154f7ae18b20d478e49d40,-0.061855670103092786,0.03846153846153855,0.027472527472527597,0.06318681318681318
2026-05-23,ETHFI,0.378,7904735.729978411,157826.81376866536,8062562.543747077,0.01957526690953461,50.084871773213244,10,binance;bitget;bybit;coinbase;gate;htx;kraken;kucoin;mexc;okx,base;eth,base;eth,5,aerodrome-slipstream;uniswap-v4-base;uniswap-v4-ethereum;uniswap_v3,0x06f00544c0bc62e6db10f46d370dfccdc23d8189;0x3de2a8642859649d22d4a6f6a87b1441c51fdf8bf2bcd8864628a6a0f7119843;0x526cc4c56982e84ce640c387c0a5454fc2030d30f7fc77a8bb64d71718edbdaa;0x80fa4c1fd0fbb9a4f071999af69531dee1016644;0xfefe4e80f2d747a484154f7ae18b20d478e49d40,0.03846153846153855,-0.023809523809523836,0.010582010582010692,0.005291005291005346
2026-05-24,ETHFI,0.369,4781996.395865763,24315.10580151047,4806311.501667273,0.005058994988792496,196.66771902628125,10,binance;bitget;bybit;coinbase;gate;htx;kraken;kucoin;mexc;okx,base;eth,base;eth,5,aerodrome-slipstream;uniswap-v4-base;uniswap-v4-ethereum;uniswap_v3,0x06f00544c0bc62e6db10f46d370dfccdc23d8189;0x3de2a8642859649d22d4a6f6a87b1441c51fdf8bf2bcd8864628a6a0f7119843;0x526cc4c56982e84ce640c387c0a5454fc2030d30f7fc77a8bb64d71718edbdaa;0x80fa4c1fd0fbb9a4f071999af69531dee1016644;0xfefe4e80f2d747a484154f7ae18b20d478e49d40,-0.023809523809523836,0.013550135501354976,0.04878048780487809,0.01897018970189701
2026-05-25,ETHFI,0.374,4790025.841118512,15341.449136529085,4805367.290255041,0.0031925653565837734,312.2277301505448,10,binance;bitget;bybit;coinbase;gate;htx;kraken;kucoin;mexc;okx,base;eth,base;eth,5,aerodrome-slipstream;uniswap-v4-base;uniswap-v4-ethereum;uniswap_v3,0x06f00544c0bc62e6db10f46d370dfccdc23d8189;0x3de2a8642859649d22d4a6f6a87b1441c51fdf8bf2bcd8864628a6a0f7119843;0x526cc4c56982e84ce640c387c0a5454fc2030d30f7fc77a8bb64d71718edbdaa;0x80fa4c1fd0fbb9a4f071999af69531dee1016644;0xfefe4e80f2d747a484154f7ae18b20d478e49d40,0.013550135501354976,0.021390374331550888,0.053475935828877,0.03208556149732633
2026-05-26,ETHFI,0.382,10256461.064850654,96735.57725993117,10353196.642110586,0.009343546790801687,106.0257389821664,10,binance;bitget;bybit;coinbase;gate;htx;kraken;kucoin;mexc;okx,base;eth,base;eth,5,aerodrome-slipstream;uniswap-v4-base;uniswap-v4-ethereum;uniswap_v3,0x06f00544c0bc62e6db10f46d370dfccdc23d8189;0x3de2a8642859649d22d4a6f6a87b1441c51fdf8bf2bcd8864628a6a0f7119843;0x526cc4c56982e84ce640c387c0a5454fc2030d30f7fc77a8bb64d71718edbdaa;0x80fa4c1fd0fbb9a4f071999af69531dee1016644;0xfefe4e80f2d747a484154f7ae18b20d478e49d40,0.021390374331550888,0.01308900523560208,0.01308900523560208,-0.12303664921465962
2026-05-27,ETHFI,0.387,10704096.777360134,146732.06962656978,10850828.846986704,0.013522660037838268,72.94994751046481,10,binance;bitget;bybit;coinbase;gate;htx;kraken;kucoin;mexc;okx,base;eth,base;eth,5,aerodrome-slipstream;uniswap-v4-base;uniswap-v4-ethereum;uniswap_v3,0x06f00544c0bc62e6db10f46d370dfccdc23d8189;0x3de2a8642859649d22d4a6f6a87b1441c51fdf8bf2bcd8864628a6a0f7119843;0x526cc4c56982e84ce640c387c0a5454fc2030d30f7fc77a8bb64d71718edbdaa;0x80fa4c1fd0fbb9a4f071999af69531dee1016644;0xfefe4e80f2d747a484154f7ae18b20d478e49d40,0.01308900523560208,0.01808785529715773,-0.018087855297157618,-0.07493540051679592
2026-05-28,ETHFI,0.394,13966529.258124713,215110.7646178497,14181640.022742562,0.015168257287089834,64.92715175336131,10,binance;bitget;bybit;coinbase;gate;htx;kraken;kucoin;mexc;okx,base;eth,base;eth,5,aerodrome-slipstream;uniswap-v4-base;uniswap-v4-ethereum;uniswap_v3,0x06f00544c0bc62e6db10f46d370dfccdc23d8189;0x3de2a8642859649d22d4a6f6a87b1441c51fdf8bf2bcd8864628a6a0f7119843;0x526cc4c56982e84ce640c387c0a5454fc2030d30f7fc77a8bb64d71718edbdaa;0x80fa4c1fd0fbb9a4f071999af69531dee1016644;0xfefe4e80f2d747a484154f7ae18b20d478e49d40,0.01808785529715773,-0.017766497461928932,-0.045685279187817285,-0.18274111675126903
2026-05-29,ETHFI,0.387,11194396.792494126,121336.00944381121,11315732.801937938,0.010722770815428865,92.25947716434563,10,binance;bitget;bybit;coinbase;gate;htx;kraken;kucoin;mexc;okx,base;eth,base;eth,5,aerodrome-slipstream;uniswap-v4-base;uniswap-v4-ethereum;uniswap_v3,0x06f00544c0bc62e6db10f46d370dfccdc23d8189;0x3de2a8642859649d22d4a6f6a87b1441c51fdf8bf2bcd8864628a6a0f7119843;0x526cc4c56982e84ce640c387c0a5454fc2030d30f7fc77a8bb64d71718edbdaa;0x80fa4c1fd0fbb9a4f071999af69531dee1016644;0xfefe4e80f2d747a484154f7ae18b20d478e49d40,-0.017766497461928932,-0.018087855297157618,-0.0025839793281653423,-0.25839793281653756
2026-05-30,ETHFI,0.38,4253806.666966916,50744.79267116327,4304551.45963808,0.011788636550631414,83.82745190294621,10,binance;bitget;bybit;coinbase;gate;htx;kraken;kucoin;mexc;okx,base;eth,base;eth,5,aerodrome-slipstream;uniswap-v4-base;uniswap-v4-ethereum;uniswap_v3,0x06f00544c0bc62e6db10f46d370dfccdc23d8189;0x3de2a8642859649d22d4a6f6a87b1441c51fdf8bf2bcd8864628a6a0f7119843;0x526cc4c56982e84ce640c387c0a5454fc2030d30f7fc77a8bb64d71718edbdaa;0x80fa4c1fd0fbb9a4f071999af69531dee1016644;0xfefe4e80f2d747a484154f7ae18b20d478e49d40,-0.018087855297157618,-0.010526315789473717,-0.11842105263157887,-0.24210526315789482
2026-05-31,ETHFI,0.376,4420229.6783886,43410.0674459261,4463639.745834527,0.009725262323518922,101.82498988039295,10,binance;bitget;bybit;coinbase;gate;htx;kraken;kucoin;mexc;okx,base;eth,base;eth,5,aerodrome-slipstream;uniswap-v4-base;uniswap-v4-ethereum;uniswap_v3,0x06f00544c0bc62e6db10f46d370dfccdc23d8189;0x3de2a8642859649d22d4a6f6a87b1441c51fdf8bf2bcd8864628a6a0f7119843;0x526cc4c56982e84ce640c387c0a5454fc2030d30f7fc77a8bb64d71718edbdaa;0x80fa4c1fd0fbb9a4f071999af69531dee1016644;0xfefe4e80f2d747a484154f7ae18b20d478e49d40,-0.010526315789473717,0.02659574468085113,-0.04787234042553201,-0.2021276595744681
2026-06-01,ETHFI,0.386,8695120.280749978,123630.59669349332,8818750.877443472,0.01401905988859654,70.3314593094381,10,binance;bitget;bybit;coinbase;gate;htx;kraken;kucoin;mexc;okx,base;eth,base;eth,5,aerodrome-slipstream;uniswap-v4-base;uniswap-v4-ethereum;uniswap_v3,0x06f00544c0bc62e6db10f46d370dfccdc23d8189;0x3de2a8642859649d22d4a6f6a87b1441c51fdf8bf2bcd8864628a6a0f7119843;0x526cc4c56982e84ce640c387c0a5454fc2030d30f7fc77a8bb64d71718edbdaa;0x80fa4c1fd0fbb9a4f071999af69531dee1016644;0xfefe4e80f2d747a484154f7ae18b20d478e49d40,0.02659574468085113,-0.13212435233160624,-0.1658031088082902,-0.20466321243523322
2026-06-02,ETHFI,0.335,11340034.589202916,118644.94484528506,11458679.534048202,0.010354155074565503,95.57958498771697,10,binance;bitget;bybit;coinbase;gate;htx;kraken;kucoin;mexc;okx,base;eth,base;eth,5,aerodrome-slipstream;uniswap-v4-base;uniswap-v4-ethereum;uniswap_v3,0x06f00544c0bc62e6db10f46d370dfccdc23d8189;0x3de2a8642859649d22d4a6f6a87b1441c51fdf8bf2bcd8864628a6a0f7119843;0x526cc4c56982e84ce640c387c0a5454fc2030d30f7fc77a8bb64d71718edbdaa;0x80fa4c1fd0fbb9a4f071999af69531dee1016644;0xfefe4e80f2d747a484154f7ae18b20d478e49d40,-0.13212435233160624,0.06865671641791038,-0.14328358208955239,-0.08955223880597019
2026-06-03,ETHFI,0.358,12681363.597198209,202393.06296225163,12883756.66016046,0.015709165292456785,62.657105987686016,10,binance;bitget;bybit;coinbase;gate;htx;kraken;kucoin;mexc;okx,base;eth,base;eth,5,aerodrome-slipstream;uniswap-v4-base;uniswap-v4-ethereum;uniswap_v3,0x06f00544c0bc62e6db10f46d370dfccdc23d8189;0x3de2a8642859649d22d4a6f6a87b1441c51fdf8bf2bcd8864628a6a0f7119843;0x526cc4c56982e84ce640c387c0a5454fc2030d30f7fc77a8bb64d71718edbdaa;0x80fa4c1fd0fbb9a4f071999af69531dee1016644;0xfefe4e80f2d747a484154f7ae18b20d478e49d40,0.06865671641791038,-0.10055865921787699,-0.1955307262569833,-0.1843575418994413
2026-06-04,ETHFI,0.322,12229790.004390143,228313.19916718887,12458103.203557331,0.018326481602913315,53.56584748056782,10,binance;bitget;bybit;coinbase;gate;htx;kraken;kucoin;mexc;okx,base;eth,base;eth,5,aerodrome-slipstream;uniswap-v4-base;uniswap-v4-ethereum;uniswap_v3,0x06f00544c0bc62e6db10f46d370dfccdc23d8189;0x3de2a8642859649d22d4a6f6a87b1441c51fdf8bf2bcd8864628a6a0f7119843;0x526cc4c56982e84ce640c387c0a5454fc2030d30f7fc77a8bb64d71718edbdaa;0x80fa4c1fd0fbb9a4f071999af69531dee1016644;0xfefe4e80f2d747a484154f7ae18b20d478e49d40,-0.10055865921787699,-0.10869565217391308,-0.06832298136645965,-0.052795031055900665
2026-06-05,ETHFI,0.287,12298658.944525404,276107.344285295,12574766.288810698,0.02195725454802141,44.543034435974654,10,binance;bitget;bybit;coinbase;gate;htx;kraken;kucoin;mexc;okx,base;eth,base;eth,5,aerodrome-slipstream;uniswap-v4-base;uniswap-v4-ethereum;uniswap_v3,0x06f00544c0bc62e6db10f46d370dfccdc23d8189;0x3de2a8642859649d22d4a6f6a87b1441c51fdf8bf2bcd8864628a6a0f7119843;0x526cc4c56982e84ce640c387c0a5454fc2030d30f7fc77a8bb64d71718edbdaa;0x80fa4c1fd0fbb9a4f071999af69531dee1016644;0xfefe4e80f2d747a484154f7ae18b20d478e49d40,-0.10869565217391308,0.0034843205574912606,0.06968641114982588,0.0871080139372824
2026-06-06,ETHFI,0.288,6130252.448362228,92836.49914389063,6223088.9475061195,0.014918073633045937,66.03278349456855,10,binance;bitget;bybit;coinbase;gate;htx;kraken;kucoin;mexc;okx,base;eth,base;eth,5,aerodrome-slipstream;uniswap-v4-base;uniswap-v4-ethereum;uniswap_v3,0x06f00544c0bc62e6db10f46d370dfccdc23d8189;0x3de2a8642859649d22d4a6f6a87b1441c51fdf8bf2bcd8864628a6a0f7119843;0x526cc4c56982e84ce640c387c0a5454fc2030d30f7fc77a8bb64d71718edbdaa;0x80fa4c1fd0fbb9a4f071999af69531dee1016644;0xfefe4e80f2d747a484154f7ae18b20d478e49d40,0.0034843205574912606,0.04166666666666674,0.0590277777777779,0.10069444444444464
2026-06-07,ETHFI,0.3,7324677.736543188,118590.39593444731,7443268.1324776355,0.015932570723469586,61.76451034527297,10,binance;bitget;bybit;coinbase;gate;htx;kraken;kucoin;mexc;okx,base;eth,base;eth,5,aerodrome-slipstream;uniswap-v4-base;uniswap-v4-ethereum;uniswap_v3,0x06f00544c0bc62e6db10f46d370dfccdc23d8189;0x3de2a8642859649d22d4a6f6a87b1441c51fdf8bf2bcd8864628a6a0f7119843;0x526cc4c56982e84ce640c387c0a5454fc2030d30f7fc77a8bb64d71718edbdaa;0x80fa4c1fd0fbb9a4f071999af69531dee1016644;0xfefe4e80f2d747a484154f7ae18b20d478e49d40,0.04166666666666674,0.023333333333333428,-0.026666666666666727,0.1033333333333335
2026-06-08,ETHFI,0.307,4731061.579403569,45202.79668413286,4776264.376087702,0.00946404828644746,104.66302809676093,10,binance;bitget;bybit;coinbase;gate;htx;kraken;kucoin;mexc;okx,base;eth,base;eth,5,aerodrome-slipstream;uniswap-v4-base;uniswap-v4-ethereum;uniswap_v3,0x06f00544c0bc62e6db10f46d370dfccdc23d8189;0x3de2a8642859649d22d4a6f6a87b1441c51fdf8bf2bcd8864628a6a0f7119843;0x526cc4c56982e84ce640c387c0a5454fc2030d30f7fc77a8bb64d71718edbdaa;0x80fa4c1fd0fbb9a4f071999af69531dee1016644;0xfefe4e80f2d747a484154f7ae18b20d478e49d40,0.023333333333333428,-0.006514657980456029,-0.006514657980456029,0.10423452768729646
2026-06-09,ETHFI,0.305,4514787.73669419,44778.55390991926,4559566.290604109,0.009820792385932486,100.82477754365539,10,binance;bitget;bybit;coinbase;gate;htx;kraken;kucoin;mexc;okx,base;eth,base;eth,5,aerodrome-slipstream;uniswap-v4-base;uniswap-v4-ethereum;uniswap_v3,0x06f00544c0bc62e6db10f46d370dfccdc23d8189;0x3de2a8642859649d22d4a6f6a87b1441c51fdf8bf2bcd8864628a6a0f7119843;0x526cc4c56982e84ce640c387c0a5454fc2030d30f7fc77a8bb64d71718edbdaa;0x80fa4c1fd0fbb9a4f071999af69531dee1016644;0xfefe4e80f2d747a484154f7ae18b20d478e49d40,-0.006514657980456029,-0.042622950819672156,0.022950819672131084,0.11147540983606574
2026-06-10,ETHFI,0.292,4913025.349454706,56040.40248028933,4969065.751934995,0.01127785488820846,87.66934447308309,10,binance;bitget;bybit;coinbase;gate;htx;kraken;kucoin;mexc;okx,base;eth,base;eth,5,aerodrome-slipstream;uniswap-v4-base;uniswap-v4-ethereum;uniswap_v3,0x06f00544c0bc62e6db10f46d370dfccdc23d8189;0x3de2a8642859649d22d4a6f6a87b1441c51fdf8bf2bcd8864628a6a0f7119843;0x526cc4c56982e84ce640c387c0a5454fc2030d30f7fc77a8bb64d71718edbdaa;0x80fa4c1fd0fbb9a4f071999af69531dee1016644;0xfefe4e80f2d747a484154f7ae18b20d478e49d40,-0.042622950819672156,0.044520547945205546,0.08561643835616439,0.3116438356164384
2026-06-11,ETHFI,0.305,5600365.339791283,28858.394231922062,5629223.734023205,0.005126531755613305,194.0636507625352,10,binance;bitget;bybit;coinbase;gate;htx;kraken;kucoin;mexc;okx,base;eth,base;eth,5,aerodrome-slipstream;uniswap-v4-base;uniswap-v4-ethereum;uniswap_v3,0x06f00544c0bc62e6db10f46d370dfccdc23d8189;0x3de2a8642859649d22d4a6f6a87b1441c51fdf8bf2bcd8864628a6a0f7119843;0x526cc4c56982e84ce640c387c0a5454fc2030d30f7fc77a8bb64d71718edbdaa;0x80fa4c1fd0fbb9a4f071999af69531dee1016644;0xfefe4e80f2d747a484154f7ae18b20d478e49d40,0.044520547945205546,0.022950819672131084,0.08524590163934431,0.19016393442622959
2026-06-12,ETHFI,0.312,6743984.263217122,137377.06473362193,6881361.327950744,0.019963646462746138,49.09104934141592,10,binance;bitget;bybit;coinbase;gate;htx;kraken;kucoin;mexc;okx,base;eth,base;eth,5,aerodrome-slipstream;uniswap-v4-base;uniswap-v4-ethereum;uniswap_v3,0x06f00544c0bc62e6db10f46d370dfccdc23d8189;0x3de2a8642859649d22d4a6f6a87b1441c51fdf8bf2bcd8864628a6a0f7119843;0x526cc4c56982e84ce640c387c0a5454fc2030d30f7fc77a8bb64d71718edbdaa;0x80fa4c1fd0fbb9a4f071999af69531dee1016644;0xfefe4e80f2d747a484154f7ae18b20d478e49d40,0.022950819672131084,0.01602564102564097,0.08653846153846168,0.112179487179487
2026-06-13,ETHFI,0.317,4915551.77468219,46142.86020894853,4961694.634891138,0.009299818631414209,106.52897875040942,10,binance;bitget;bybit;coinbase;gate;htx;kraken;kucoin;mexc;okx,base;eth,base;eth,5,aerodrome-slipstream;uniswap-v4-base;uniswap-v4-ethereum;uniswap_v3,0x06f00544c0bc62e6db10f46d370dfccdc23d8189;0x3de2a8642859649d22d4a6f6a87b1441c51fdf8bf2bcd8864628a6a0f7119843;0x526cc4c56982e84ce640c387c0a5454fc2030d30f7fc77a8bb64d71718edbdaa;0x80fa4c1fd0fbb9a4f071999af69531dee1016644;0xfefe4e80f2d747a484154f7ae18b20d478e49d40,0.01602564102564097,0.04416403785488954,0.06940063091482651,0.09148264984227117
2026-06-14,ETHFI,0.331,8295002.817360017,79721.65151756145,8374724.468877579,0.009519316344534751,104.04956068343311,10,binance;bitget;bybit;coinbase;gate;htx;kraken;kucoin;mexc;okx,base;eth,base;eth,5,aerodrome-slipstream;uniswap-v4-base;uniswap-v4-ethereum;uniswap_v3,0x06f00544c0bc62e6db10f46d370dfccdc23d8189;0x3de2a8642859649d22d4a6f6a87b1441c51fdf8bf2bcd8864628a6a0f7119843;0x526cc4c56982e84ce640c387c0a5454fc2030d30f7fc77a8bb64d71718edbdaa;0x80fa4c1fd0fbb9a4f071999af69531dee1016644;0xfefe4e80f2d747a484154f7ae18b20d478e49d40,0.04416403785488954,0.024169184290030232,0.1570996978851964,0.009063444108761365
2026-06-15,ETHFI,0.339,9483747.18009437,204833.7112975061,9688580.891391877,0.021141766125882998,46.29973806567375,10,binance;bitget;bybit;coinbase;gate;htx;kraken;kucoin;mexc;okx,base;eth,base;eth,5,aerodrome-slipstream;uniswap-v4-base;uniswap-v4-ethereum;uniswap_v3,0x06f00544c0bc62e6db10f46d370dfccdc23d8189;0x3de2a8642859649d22d4a6f6a87b1441c51fdf8bf2bcd8864628a6a0f7119843;0x526cc4c56982e84ce640c387c0a5454fc2030d30f7fc77a8bb64d71718edbdaa;0x80fa4c1fd0fbb9a4f071999af69531dee1016644;0xfefe4e80f2d747a484154f7ae18b20d478e49d40,0.024169184290030232,0.0,0.07079646017699104,0.008849557522123908
2026-06-16,ETHFI,0.339,6401538.453073903,632764.0212190475,7034302.474292951,0.08995405351582489,10.116786413900494,10,binance;bitget;bybit;coinbase;gate;htx;kraken;kucoin;mexc;okx,base;eth,base;eth,5,aerodrome-slipstream;uniswap-v4-base;uniswap-v4-ethereum;uniswap_v3,0x06f00544c0bc62e6db10f46d370dfccdc23d8189;0x3de2a8642859649d22d4a6f6a87b1441c51fdf8bf2bcd8864628a6a0f7119843;0x526cc4c56982e84ce640c387c0a5454fc2030d30f7fc77a8bb64d71718edbdaa;0x80fa4c1fd0fbb9a4f071999af69531dee1016644;0xfefe4e80f2d747a484154f7ae18b20d478e49d40,0.0,0.1297935103244836,0.02359882005899694,0.032448377581120846
2026-06-17,ETHFI,0.383,22448244.947623212,1692037.582278103,24140282.529901315,0.0700918715504785,13.266989564971507,10,binance;bitget;bybit;coinbase;gate;htx;kraken;kucoin;mexc;okx,base;eth,base;eth,5,aerodrome-slipstream;uniswap-v4-base;uniswap-v4-ethereum;uniswap_v3,0x06f00544c0bc62e6db10f46d370dfccdc23d8189;0x3de2a8642859649d22d4a6f6a87b1441c51fdf8bf2bcd8864628a6a0f7119843;0x526cc4c56982e84ce640c387c0a5454fc2030d30f7fc77a8bb64d71718edbdaa;0x80fa4c1fd0fbb9a4f071999af69531dee1016644;0xfefe4e80f2d747a484154f7ae18b20d478e49d40,0.1297935103244836,-0.052219321148825104,-0.09660574412532641,-0.10966057441253263
2026-06-18,ETHFI,0.363,10042498.544937924,248121.3151608126,10290619.860098736,0.024111406167366865,40.47414684397094,10,binance;bitget;bybit;coinbase;gate;htx;kraken;kucoin;mexc;okx,base;eth,base;eth,5,aerodrome-slipstream;uniswap-v4-base;uniswap-v4-ethereum;uniswap_v3,0x06f00544c0bc62e6db10f46d370dfccdc23d8189;0x3de2a8642859649d22d4a6f6a87b1441c51fdf8bf2bcd8864628a6a0f7119843;0x526cc4c56982e84ce640c387c0a5454fc2030d30f7fc77a8bb64d71718edbdaa;0x80fa4c1fd0fbb9a4f071999af69531dee1016644;0xfefe4e80f2d747a484154f7ae18b20d478e49d40,-0.052219321148825104,-0.0440771349862259,-0.07988980716253435,0.046831955922865154
2026-06-19,ETHFI,0.347,5731556.834815136,158473.83610031538,5890030.670915452,0.026905434785398964,36.167212051249955,10,binance;bitget;bybit;coinbase;gate;htx;kraken;kucoin;mexc;okx,base;eth,base;eth,5,aerodrome-slipstream;uniswap-v4-base;uniswap-v4-ethereum;uniswap_v3,0x06f00544c0bc62e6db10f46d370dfccdc23d8189;0x3de2a8642859649d22d4a6f6a87b1441c51fdf8bf2bcd8864628a6a0f7119843;0x526cc4c56982e84ce640c387c0a5454fc2030d30f7fc77a8bb64d71718edbdaa;0x80fa4c1fd0fbb9a4f071999af69531dee1016644;0xfefe4e80f2d747a484154f7ae18b20d478e49d40,-0.0440771349862259,-0.0028818443804035088,-0.0144092219020171,0.04034582132564846
2026-06-20,ETHFI,0.346,6980683.296338925,103208.68868411897,7083891.985023044,0.01456948932907582,67.63658549818454,10,binance;bitget;bybit;coinbase;gate;htx;kraken;kucoin;mexc;okx,base;eth,base;eth,5,aerodrome-slipstream;uniswap-v4-base;uniswap-v4-ethereum;uniswap_v3,0x06f00544c0bc62e6db10f46d370dfccdc23d8189;0x3de2a8642859649d22d4a6f6a87b1441c51fdf8bf2bcd8864628a6a0f7119843;0x526cc4c56982e84ce640c387c0a5454fc2030d30f7fc77a8bb64d71718edbdaa;0x80fa4c1fd0fbb9a4f071999af69531dee1016644;0xfefe4e80f2d747a484154f7ae18b20d478e49d40,-0.0028818443804035088,-0.03468208092485536,0.011560693641618602,0.005780346820809301
2026-06-21,ETHFI,0.334,3937654.40573035,74658.45405322057,4012312.8597835703,0.018607336133116936,52.742244072230285,10,binance;bitget;bybit;coinbase;gate;htx;kraken;kucoin;mexc;okx,base;eth,base;eth,5,aerodrome-slipstream;uniswap-v4-base;uniswap-v4-ethereum;uniswap_v3,0x06f00544c0bc62e6db10f46d370dfccdc23d8189;0x3de2a8642859649d22d4a6f6a87b1441c51fdf8bf2bcd8864628a6a0f7119843;0x526cc4c56982e84ce640c387c0a5454fc2030d30f7fc77a8bb64d71718edbdaa;0x80fa4c1fd0fbb9a4f071999af69531dee1016644;0xfefe4e80f2d747a484154f7ae18b20d478e49d40,-0.03468208092485536,0.0239520958083832,0.020958083832335328,0.0059880239520957446
2026-06-22,ETHFI,0.342,6206316.574754194,85453.36264829384,6291769.937402489,0.013581768484620185,72.62811412463603,10,binance;bitget;bybit;coinbase;gate;htx;kraken;kucoin;mexc;okx,base;eth,base;eth,5,aerodrome-slipstream;uniswap-v4-base;uniswap-v4-ethereum;uniswap_v3,0x06f00544c0bc62e6db10f46d370dfccdc23d8189;0x3de2a8642859649d22d4a6f6a87b1441c51fdf8bf2bcd8864628a6a0f7119843;0x526cc4c56982e84ce640c387c0a5454fc2030d30f7fc77a8bb64d71718edbdaa;0x80fa4c1fd0fbb9a4f071999af69531dee1016644;0xfefe4e80f2d747a484154f7ae18b20d478e49d40,0.0239520958083832,0.023391812865496853,0.11111111111111094,-0.020467836257309968
2026-06-23,ETHFI,0.35,5907795.034234858,96051.03481815365,6003846.069053012,0.01599825074017992,61.506833793302185,10,binance;bitget;bybit;coinbase;gate;htx;kraken;kucoin;mexc;okx,base;eth,base;eth,5,aerodrome-slipstream;uniswap-v4-base;uniswap-v4-ethereum;uniswap_v3,0x06f00544c0bc62e6db10f46d370dfccdc23d8189;0x3de2a8642859649d22d4a6f6a87b1441c51fdf8bf2bcd8864628a6a0f7119843;0x526cc4c56982e84ce640c387c0a5454fc2030d30f7fc77a8bb64d71718edbdaa;0x80fa4c1fd0fbb9a4f071999af69531dee1016644;0xfefe4e80f2d747a484154f7ae18b20d478e49d40,0.023391812865496853,-0.02571428571428558,0.03142857142857136,-0.07999999999999996
2026-06-24,ETHFI,0.341,9154196.601183254,101931.1092265981,9256127.710409852,0.011012284231122034,89.80768158652138,10,binance;bitget;bybit;coinbase;gate;htx;kraken;kucoin;mexc;okx,base;eth,base;eth,5,aerodrome-slipstream;uniswap-v4-base;uniswap-v4-ethereum;uniswap_v3,0x06f00544c0bc62e6db10f46d370dfccdc23d8189;0x3de2a8642859649d22d4a6f6a87b1441c51fdf8bf2bcd8864628a6a0f7119843;0x526cc4c56982e84ce640c387c0a5454fc2030d30f7fc77a8bb64d71718edbdaa;0x80fa4c1fd0fbb9a4f071999af69531dee1016644;0xfefe4e80f2d747a484154f7ae18b20d478e49d40,-0.02571428571428558,0.11436950146627556,0.020527859237536417,-0.06158357771261003
2026-06-25,ETHFI,0.38,16059837.220790714,184221.3491270318,16244058.569917746,0.011340844920874022,87.17685163469561,10,binance;bitget;bybit;coinbase;gate;htx;kraken;kucoin;mexc;okx,base;eth,base;eth,5,aerodrome-slipstream;uniswap-v4-base;uniswap-v4-ethereum;uniswap_v3,0x06f00544c0bc62e6db10f46d370dfccdc23d8189;0x3de2a8642859649d22d4a6f6a87b1441c51fdf8bf2bcd8864628a6a0f7119843;0x526cc4c56982e84ce640c387c0a5454fc2030d30f7fc77a8bb64d71718edbdaa;0x80fa4c1fd0fbb9a4f071999af69531dee1016644;0xfefe4e80f2d747a484154f7ae18b20d478e49d40,0.11436950146627556,-0.050000000000000044,-0.11578947368421044,-0.12368421052631573
2026-06-26,ETHFI,0.361,10451568.085855769,862605.0665748646,11314173.152430633,0.07624110528921421,12.116284138413056,10,binance;bitget;bybit;coinbase;gate;htx;kraken;kucoin;mexc;okx,base;eth,base;eth,5,aerodrome-slipstream;uniswap-v4-base;uniswap-v4-ethereum;uniswap_v3,0x06f00544c0bc62e6db10f46d370dfccdc23d8189;0x3de2a8642859649d22d4a6f6a87b1441c51fdf8bf2bcd8864628a6a0f7119843;0x526cc4c56982e84ce640c387c0a5454fc2030d30f7fc77a8bb64d71718edbdaa;0x80fa4c1fd0fbb9a4f071999af69531dee1016644;0xfefe4e80f2d747a484154f7ae18b20d478e49d40,-0.050000000000000044,-0.03601108033240996,-0.07202216066481981,0.03601108033241007
2026-06-27,ETHFI,0.348,5050156.591910035,90371.16014167965,5140527.752051715,0.01758013272190005,55.882391948854455,10,binance;bitget;bybit;coinbase;gate;htx;kraken;kucoin;mexc;okx,base;eth,base;eth,5,aerodrome-slipstream;uniswap-v4-base;uniswap-v4-ethereum;uniswap_v3,0x06f00544c0bc62e6db10f46d370dfccdc23d8189;0x3de2a8642859649d22d4a6f6a87b1441c51fdf8bf2bcd8864628a6a0f7119843;0x526cc4c56982e84ce640c387c0a5454fc2030d30f7fc77a8bb64d71718edbdaa;0x80fa4c1fd0fbb9a4f071999af69531dee1016644;0xfefe4e80f2d747a484154f7ae18b20d478e49d40,-0.03601108033240996,-0.0344827586206895,-0.07471264367816088,0.1839080459770115
2026-06-28,ETHFI,0.336,4032347.9159241775,51903.930398394135,4084251.846322572,0.012708307996513003,77.68868147312665,10,binance;bitget;bybit;coinbase;gate;htx;kraken;kucoin;mexc;okx,base;eth,base;eth,5,aerodrome-slipstream;uniswap-v4-base;uniswap-v4-ethereum;uniswap_v3,0x06f00544c0bc62e6db10f46d370dfccdc23d8189;0x3de2a8642859649d22d4a6f6a87b1441c51fdf8bf2bcd8864628a6a0f7119843;0x526cc4c56982e84ce640c387c0a5454fc2030d30f7fc77a8bb64d71718edbdaa;0x80fa4c1fd0fbb9a4f071999af69531dee1016644;0xfefe4e80f2d747a484154f7ae18b20d478e49d40,-0.0344827586206895,-0.0029761904761904656,-0.04761904761904767,0.27083333333333326
2026-06-29,ETHFI,0.335,5112993.444193223,1384388.2104631823,6497381.654656405,0.2130686304183853,3.6933234518679847,10,binance;bitget;bybit;coinbase;gate;htx;kraken;kucoin;mexc;okx,base;eth,base;eth,5,aerodrome-slipstream;uniswap-v4-base;uniswap-v4-ethereum;uniswap_v3,0x06f00544c0bc62e6db10f46d370dfccdc23d8189;0x3de2a8642859649d22d4a6f6a87b1441c51fdf8bf2bcd8864628a6a0f7119843;0x526cc4c56982e84ce640c387c0a5454fc2030d30f7fc77a8bb64d71718edbdaa;0x80fa4c1fd0fbb9a4f071999af69531dee1016644;0xfefe4e80f2d747a484154f7ae18b20d478e49d40,-0.0029761904761904656,-0.0388059701492538,-0.005970149253731294,0.29850746268656714
2026-06-30,ETHFI,0.322,5195021.89980325,60931.781060905,5255953.680864155,0.011592906779742954,85.2596429868103,10,binance;bitget;bybit;coinbase;gate;htx;kraken;kucoin;mexc;okx,base;eth,base;eth,5,aerodrome-slipstream;uniswap-v4-base;uniswap-v4-ethereum;uniswap_v3,0x06f00544c0bc62e6db10f46d370dfccdc23d8189;0x3de2a8642859649d22d4a6f6a87b1441c51fdf8bf2bcd8864628a6a0f7119843;0x526cc4c56982e84ce640c387c0a5454fc2030d30f7fc77a8bb64d71718edbdaa;0x80fa4c1fd0fbb9a4f071999af69531dee1016644;0xfefe4e80f2d747a484154f7ae18b20d478e49d40,-0.0388059701492538,-0.006211180124223614,0.16149068322981353,0.2919254658385093
2026-07-01,ETHFI,0.32,6105703.292978109,70111.2906304865,6175814.583608596,0.011352557574602525,87.08587786748237,10,binance;bitget;bybit;coinbase;gate;htx;kraken;kucoin;mexc;okx,base;eth,base;eth,5,aerodrome-slipstream;uniswap-v4-base;uniswap-v4-ethereum;uniswap_v3,0x06f00544c0bc62e6db10f46d370dfccdc23d8189;0x3de2a8642859649d22d4a6f6a87b1441c51fdf8bf2bcd8864628a6a0f7119843;0x526cc4c56982e84ce640c387c0a5454fc2030d30f7fc77a8bb64d71718edbdaa;0x80fa4c1fd0fbb9a4f071999af69531dee1016644;0xfefe4e80f2d747a484154f7ae18b20d478e49d40,-0.006211180124223614,0.04062500000000013,0.28749999999999987,
2026-07-02,ETHFI,0.333,6008050.710149288,981419.2828336132,6989469.992982902,0.14041397757182045,6.121798109369198,10,binance;bitget;bybit;coinbase;gate;htx;kraken;kucoin;mexc;okx,base;eth,base;eth,5,aerodrome-slipstream;uniswap-v4-base;uniswap-v4-ethereum;uniswap_v3,0x06f00544c0bc62e6db10f46d370dfccdc23d8189;0x3de2a8642859649d22d4a6f6a87b1441c51fdf8bf2bcd8864628a6a0f7119843;0x526cc4c56982e84ce640c387c0a5454fc2030d30f7fc77a8bb64d71718edbdaa;0x80fa4c1fd0fbb9a4f071999af69531dee1016644;0xfefe4e80f2d747a484154f7ae18b20d478e49d40,0.04062500000000013,0.12312312312312312,0.28228228228228214,
2026-07-03,ETHFI,0.374,12380985.780042943,1308979.0212576503,13689964.801300593,0.09561595228742245,9.458505888159651,10,binance;bitget;bybit;coinbase;gate;htx;kraken;kucoin;mexc;okx,base;eth,base;eth,5,aerodrome-slipstream;uniswap-v4-base;uniswap-v4-ethereum;uniswap_v3,0x06f00544c0bc62e6db10f46d370dfccdc23d8189;0x3de2a8642859649d22d4a6f6a87b1441c51fdf8bf2bcd8864628a6a0f7119843;0x526cc4c56982e84ce640c387c0a5454fc2030d30f7fc77a8bb64d71718edbdaa;0x80fa4c1fd0fbb9a4f071999af69531dee1016644;0xfefe4e80f2d747a484154f7ae18b20d478e49d40,0.12312312312312312,0.10160427807486627,0.16310160427807485,
2026-07-04,ETHFI,0.412,28557610.630383514,407887.15992473054,28965497.790308245,0.014081828072749648,70.01350725444114,10,binance;bitget;bybit;coinbase;gate;htx;kraken;kucoin;mexc;okx,base;eth,base;eth,5,aerodrome-slipstream;uniswap-v4-base;uniswap-v4-ethereum;uniswap_v3,0x06f00544c0bc62e6db10f46d370dfccdc23d8189;0x3de2a8642859649d22d4a6f6a87b1441c51fdf8bf2bcd8864628a6a0f7119843;0x526cc4c56982e84ce640c387c0a5454fc2030d30f7fc77a8bb64d71718edbdaa;0x80fa4c1fd0fbb9a4f071999af69531dee1016644;0xfefe4e80f2d747a484154f7ae18b20d478e49d40,0.10160427807486627,0.03640776699029136,0.009708737864077666,
2026-07-05,ETHFI,0.427,14455562.142542358,290082.9236793197,14745645.066221679,0.019672447178578977,49.83251671347144,10,binance;bitget;bybit;coinbase;gate;htx;kraken;kucoin;mexc;okx,base;eth,base;eth,5,aerodrome-slipstream;uniswap-v4-base;uniswap-v4-ethereum;uniswap_v3,0x06f00544c0bc62e6db10f46d370dfccdc23d8189;0x3de2a8642859649d22d4a6f6a87b1441c51fdf8bf2bcd8864628a6a0f7119843;0x526cc4c56982e84ce640c387c0a5454fc2030d30f7fc77a8bb64d71718edbdaa;0x80fa4c1fd0fbb9a4f071999af69531dee1016644;0xfefe4e80f2d747a484154f7ae18b20d478e49d40,0.03640776699029136,0.0187353629976581,,
2026-07-06,ETHFI,0.435,16243113.764341401,220726.17387705503,16463839.938218456,0.013406724962423299,73.58943200541704,10,binance;bitget;bybit;coinbase;gate;htx;kraken;kucoin;mexc;okx,base;eth,base;eth,5,aerodrome-slipstream;uniswap-v4-base;uniswap-v4-ethereum;uniswap_v3,0x06f00544c0bc62e6db10f46d370dfccdc23d8189;0x3de2a8642859649d22d4a6f6a87b1441c51fdf8bf2bcd8864628a6a0f7119843;0x526cc4c56982e84ce640c387c0a5454fc2030d30f7fc77a8bb64d71718edbdaa;0x80fa4c1fd0fbb9a4f071999af69531dee1016644;0xfefe4e80f2d747a484154f7ae18b20d478e49d40,0.0187353629976581,-0.04367816091954024,,
2026-07-07,ETHFI,0.416,11768073.276488602,134518.02230344905,11902591.298792051,0.011301574499756266,87.48324629648431,10,binance;bitget;bybit;coinbase;gate;htx;kraken;kucoin;mexc;okx,base;eth,base;eth,5,aerodrome-slipstream;uniswap-v4-base;uniswap-v4-ethereum;uniswap_v3,0x06f00544c0bc62e6db10f46d370dfccdc23d8189;0x3de2a8642859649d22d4a6f6a87b1441c51fdf8bf2bcd8864628a6a0f7119843;0x526cc4c56982e84ce640c387c0a5454fc2030d30f7fc77a8bb64d71718edbdaa;0x80fa4c1fd0fbb9a4f071999af69531dee1016644;0xfefe4e80f2d747a484154f7ae18b20d478e49d40,-0.04367816091954024,,,
2026-01-17,GMX,7.99,1064699.480929925,91296.24330886248,1155995.7242387875,0.07897628113545162,11.662029480533626,10,binance;bitget;bybit;crypto_com;gate;htx;kraken;kucoin;mexc;okx,arbitrum,arbitrum,4,camelot-v3;uniswap-v4-arbitrum;uniswap_v3_arbitrum,0x135e49cc315fed87f989e072ee11132686cf84f3;0x1aeedd3727a6431b8f070c0afaa81cc74f273882;0xc99be44383bc8d82357f5a1d9ae9976ee9d75bee;0xdf143f7041369841f71fdd966cffff626b3c119d9444326e6cc348dbc5026f55,,-0.03504380475594493,-0.1088861076345432,-0.09386733416770965
2026-01-18,GMX,7.71,2015516.88910673,76641.10664454542,2092157.9957512754,0.03663256159438584,26.2981182990287,10,binance;bitget;bybit;crypto_com;gate;htx;kraken;kucoin;mexc;okx,arbitrum,arbitrum,4,camelot-v3;uniswap-v4-arbitrum;uniswap_v3_arbitrum,0x135e49cc315fed87f989e072ee11132686cf84f3;0x1aeedd3727a6431b8f070c0afaa81cc74f273882;0xc99be44383bc8d82357f5a1d9ae9976ee9d75bee;0xdf143f7041369841f71fdd966cffff626b3c119d9444326e6cc348dbc5026f55,-0.03504380475594493,-0.05058365758754857,-0.04669260700389111,-0.11284046692607008
2026-01-19,GMX,7.32,2329898.0196215725,181335.1884792715,2511233.208100844,0.07220961712927046,12.848570865703232,10,binance;bitget;bybit;crypto_com;gate;htx;kraken;kucoin;mexc;okx,arbitrum,arbitrum,4,camelot-v3;uniswap-v4-arbitrum;uniswap_v3_arbitrum,0x135e49cc315fed87f989e072ee11132686cf84f3;0x1aeedd3727a6431b8f070c0afaa81cc74f273882;0xc99be44383bc8d82357f5a1d9ae9976ee9d75bee;0xdf143f7041369841f71fdd966cffff626b3c119d9444326e6cc348dbc5026f55,-0.05058365758754857,-0.02732240437158473,-0.016393442622950838,0.0
2026-01-20,GMX,7.12,2182886.62331508,199463.58456762394,2382350.207882704,0.0837255513096438,10.943785192905818,10,binance;bitget;bybit;crypto_com;gate;htx;kraken;kucoin;mexc;okx,arbitrum,arbitrum,4,camelot-v3;uniswap-v4-arbitrum;uniswap_v3_arbitrum,0x135e49cc315fed87f989e072ee11132686cf84f3;0x1aeedd3727a6431b8f070c0afaa81cc74f273882;0xc99be44383bc8d82357f5a1d9ae9976ee9d75bee;0xdf143f7041369841f71fdd966cffff626b3c119d9444326e6cc348dbc5026f55,-0.02732240437158473,0.032303370786516794,0.04073033707865159,0.06039325842696619
2026-01-21,GMX,7.35,1575862.9671195785,186925.82545176183,1762788.7925713402,0.1060398308858643,8.430418661043957,10,binance;bitget;bybit;crypto_com;gate;htx;kraken;kucoin;mexc;okx,arbitrum,arbitrum,4,camelot-v3;uniswap-v4-arbitrum;uniswap_v3_arbitrum,0x135e49cc315fed87f989e072ee11132686cf84f3;0x1aeedd3727a6431b8f070c0afaa81cc74f273882;0xc99be44383bc8d82357f5a1d9ae9976ee9d75bee;0xdf143f7041369841f71fdd966cffff626b3c119d9444326e6cc348dbc5026f55,0.032303370786516794,-0.020408163265306034,-0.014965986394557707,0.0312925170068028
2026-01-22,GMX,7.2,812488.125716448,97011.35438296263,909499.4800994105,0.10666455177342053,8.375185882974737,10,binance;bitget;bybit;crypto_com;gate;htx;kraken;kucoin;mexc;okx,arbitrum,arbitrum,4,camelot-v3;uniswap-v4-arbitrum;uniswap_v3_arbitrum,0x135e49cc315fed87f989e072ee11132686cf84f3;0x1aeedd3727a6431b8f070c0afaa81cc74f273882;0xc99be44383bc8d82357f5a1d9ae9976ee9d75bee;0xdf143f7041369841f71fdd966cffff626b3c119d9444326e6cc348dbc5026f55,-0.020408163265306034,0.029166666666666563,-0.050000000000000044,-0.02777777777777779
2026-01-23,GMX,7.41,1095484.1907520883,112223.56239106948,1207707.7531431578,0.09292278044833158,9.761623739358898,10,binance;bitget;bybit;crypto_com;gate;htx;kraken;kucoin;mexc;okx,arbitrum,arbitrum,4,camelot-v3;uniswap-v4-arbitrum;uniswap_v3_arbitrum,0x135e49cc315fed87f989e072ee11132686cf84f3;0x1aeedd3727a6431b8f070c0afaa81cc74f273882;0xc99be44383bc8d82357f5a1d9ae9976ee9d75bee;0xdf143f7041369841f71fdd966cffff626b3c119d9444326e6cc348dbc5026f55,0.029166666666666563,-0.022941970310391357,-0.012145748987854255,-0.04183535762483137
2026-01-24,GMX,7.24,584135.7529723988,96789.74251804307,680925.4954904418,0.1421443948846849,6.035099771688173,10,binance;bitget;bybit;crypto_com;gate;htx;kraken;kucoin;mexc;okx,arbitrum,arbitrum,4,camelot-v3;uniswap-v4-arbitrum;uniswap_v3_arbitrum,0x135e49cc315fed87f989e072ee11132686cf84f3;0x1aeedd3727a6431b8f070c0afaa81cc74f273882;0xc99be44383bc8d82357f5a1d9ae9976ee9d75bee;0xdf143f7041369841f71fdd966cffff626b3c119d9444326e6cc348dbc5026f55,-0.022941970310391357,-0.05524861878453047,0.04281767955801108,-0.11878453038674042
2026-01-25,GMX,6.84,1301221.4329540173,79026.59173002077,1380248.024684038,0.057255355788762154,16.46561498437629,10,binance;bitget;bybit;crypto_com;gate;htx;kraken;kucoin;mexc;okx,arbitrum,arbitrum,4,camelot-v3;uniswap-v4-arbitrum;uniswap_v3_arbitrum,0x135e49cc315fed87f989e072ee11132686cf84f3;0x1aeedd3727a6431b8f070c0afaa81cc74f273882;0xc99be44383bc8d82357f5a1d9ae9976ee9d75bee;0xdf143f7041369841f71fdd966cffff626b3c119d9444326e6cc348dbc5026f55,-0.05524861878453047,0.07017543859649122,0.10818713450292394,-0.11988304093567259
2026-01-26,GMX,7.32,1400105.2017576094,274818.25023915945,1674923.4519967688,0.16407809557597,5.094658744603656,10,binance;bitget;bybit;crypto_com;gate;htx;kraken;kucoin;mexc;okx,arbitrum,arbitrum,4,camelot-v3;uniswap-v4-arbitrum;uniswap_v3_arbitrum,0x135e49cc315fed87f989e072ee11132686cf84f3;0x1aeedd3727a6431b8f070c0afaa81cc74f273882;0xc99be44383bc8d82357f5a1d9ae9976ee9d75bee;0xdf143f7041369841f71fdd966cffff626b3c119d9444326e6cc348dbc5026f55,0.07017543859649122,0.031420765027322384,-0.04371584699453557,-0.12158469945355199
2026-01-27,GMX,7.55,1584634.4890180598,177236.5126184422,1761871.001636502,0.10059562388722969,8.940790278521717,10,binance;bitget;bybit;crypto_com;gate;htx;kraken;kucoin;mexc;okx,arbitrum,arbitrum,4,camelot-v3;uniswap-v4-arbitrum;uniswap_v3_arbitrum,0x135e49cc315fed87f989e072ee11132686cf84f3;0x1aeedd3727a6431b8f070c0afaa81cc74f273882;0xc99be44383bc8d82357f5a1d9ae9976ee9d75bee;0xdf143f7041369841f71fdd966cffff626b3c119d9444326e6cc348dbc5026f55,0.031420765027322384,0.003973509933774766,-0.05960264900662249,-0.16688741721854305
2026-01-28,GMX,7.58,1190871.3469063535,210401.0452078024,1401272.392114156,0.15014999681137078,5.660006801440508,10,binance;bitget;bybit;crypto_com;gate;htx;kraken;kucoin;mexc;okx,arbitrum,arbitrum,4,camelot-v3;uniswap-v4-arbitrum;uniswap_v3_arbitrum,0x135e49cc315fed87f989e072ee11132686cf84f3;0x1aeedd3727a6431b8f070c0afaa81cc74f273882;0xc99be44383bc8d82357f5a1d9ae9976ee9d75bee;0xdf143f7041369841f71fdd966cffff626b3c119d9444326e6cc348dbc5026f55,0.003973509933774766,-0.07651715039577833,-0.158311345646438,-0.17018469656992086
2026-01-29,GMX,7.0,1556720.6202619788,113521.80736537937,1670242.4276273581,0.06796726360654204,13.712965432725575,10,binance;bitget;bybit;crypto_com;gate;htx;kraken;kucoin;mexc;okx,arbitrum,arbitrum,4,camelot-v3;uniswap-v4-arbitrum;uniswap_v3_arbitrum,0x135e49cc315fed87f989e072ee11132686cf84f3;0x1aeedd3727a6431b8f070c0afaa81cc74f273882;0xc99be44383bc8d82357f5a1d9ae9976ee9d75bee;0xdf143f7041369841f71fdd966cffff626b3c119d9444326e6cc348dbc5026f55,-0.07651715039577833,0.014285714285714235,-0.14,-0.19285714285714284
2026-01-30,GMX,7.1,1679397.22767422,172658.04572272018,1852055.2733969402,0.09322510413311806,9.726724408610789,10,binance;bitget;bybit;crypto_com;gate;htx;kraken;kucoin;mexc;okx,arbitrum,arbitrum,4,camelot-v3;uniswap-v4-arbitrum;uniswap_v3_arbitrum,0x135e49cc315fed87f989e072ee11132686cf84f3;0x1aeedd3727a6431b8f070c0afaa81cc74f273882;0xc99be44383bc8d82357f5a1d9ae9976ee9d75bee;0xdf143f7041369841f71fdd966cffff626b3c119d9444326e6cc348dbc5026f55,0.014285714285714235,-0.10140845070422533,-0.09436619718309858,-0.11971830985915488
2026-01-31,GMX,6.38,2757392.9883739864,295879.2789557257,3053272.2673297124,0.09690563207273081,9.319317655855828,10,binance;bitget;bybit;crypto_com;gate;htx;kraken;kucoin;mexc;okx,arbitrum,arbitrum,4,camelot-v3;uniswap-v4-arbitrum;uniswap_v3_arbitrum,0x135e49cc315fed87f989e072ee11132686cf84f3;0x1aeedd3727a6431b8f070c0afaa81cc74f273882;0xc99be44383bc8d82357f5a1d9ae9976ee9d75bee;0xdf143f7041369841f71fdd966cffff626b3c119d9444326e6cc348dbc5026f55,-0.10140845070422533,-0.056426332288401326,-0.014106583072100332,-0.018808777429467072
2026-02-01,GMX,6.02,1251643.7634126921,156192.86980282218,1407836.6332155142,0.11094530865138519,8.013450069729602,10,binance;bitget;bybit;crypto_com;gate;htx;kraken;kucoin;mexc;okx,arbitrum,arbitrum,4,camelot-v3;uniswap-v4-arbitrum;uniswap_v3_arbitrum,0x135e49cc315fed87f989e072ee11132686cf84f3;0x1aeedd3727a6431b8f070c0afaa81cc74f273882;0xc99be44383bc8d82357f5a1d9ae9976ee9d75bee;0xdf143f7041369841f71fdd966cffff626b3c119d9444326e6cc348dbc5026f55,-0.056426332288401326,0.06810631229235886,0.04485049833887045,0.031561461794020085
2026-02-02,GMX,6.43,1325969.3527809766,229344.26800894472,1555313.6207899214,0.14745853501396333,5.78156744135093,10,binance;bitget;bybit;crypto_com;gate;htx;kraken;kucoin;mexc;okx,arbitrum,arbitrum,4,camelot-v3;uniswap-v4-arbitrum;uniswap_v3_arbitrum,0x135e49cc315fed87f989e072ee11132686cf84f3;0x1aeedd3727a6431b8f070c0afaa81cc74f273882;0xc99be44383bc8d82357f5a1d9ae9976ee9d75bee;0xdf143f7041369841f71fdd966cffff626b3c119d9444326e6cc348dbc5026f55,0.06810631229235886,-0.021772939346811793,-0.12130637636080865,-0.03421461897356137
2026-02-03,GMX,6.29,1834104.2157628313,166014.63525992195,2000118.8510227532,0.08300238517077672,11.047846552150377,10,binance;bitget;bybit;crypto_com;gate;htx;kraken;kucoin;mexc;okx,arbitrum,arbitrum,4,camelot-v3;uniswap-v4-arbitrum;uniswap_v3_arbitrum,0x135e49cc315fed87f989e072ee11132686cf84f3;0x1aeedd3727a6431b8f070c0afaa81cc74f273882;0xc99be44383bc8d82357f5a1d9ae9976ee9d75bee;0xdf143f7041369841f71fdd966cffff626b3c119d9444326e6cc348dbc5026f55,-0.021772939346811793,0.0,-0.006359300476947549,-0.03497615262321141
2026-02-04,GMX,6.29,1903661.3583875122,171884.53684424577,2075545.895231758,0.08281413445933603,11.075233370832692,10,binance;bitget;bybit;crypto_com;gate;htx;kraken;kucoin;mexc;okx,arbitrum,arbitrum,4,camelot-v3;uniswap-v4-arbitrum;uniswap_v3_arbitrum,0x135e49cc315fed87f989e072ee11132686cf84f3;0x1aeedd3727a6431b8f070c0afaa81cc74f273882;0xc99be44383bc8d82357f5a1d9ae9976ee9d75bee;0xdf143f7041369841f71fdd966cffff626b3c119d9444326e6cc348dbc5026f55,0.0,-0.10174880763116056,-0.004769475357710662,-0.05882352941176472
2026-02-05,GMX,5.65,2479894.3927366044,376694.1780165424,2856588.570753147,0.1318685448346613,6.583309584964439,10,binance;bitget;bybit;crypto_com;gate;htx;kraken;kucoin;mexc;okx,arbitrum,arbitrum,4,camelot-v3;uniswap-v4-arbitrum;uniswap_v3_arbitrum,0x135e49cc315fed87f989e072ee11132686cf84f3;0x1aeedd3727a6431b8f070c0afaa81cc74f273882;0xc99be44383bc8d82357f5a1d9ae9976ee9d75bee;0xdf143f7041369841f71fdd966cffff626b3c119d9444326e6cc348dbc5026f55,-0.10174880763116056,0.10619469026548667,0.0991150442477875,0.07079646017699104
2026-02-06,GMX,6.25,2472291.5520762443,276043.6527661865,2748335.2048424305,0.10044031466023914,8.956161561049605,10,binance;bitget;bybit;crypto_com;gate;htx;kraken;kucoin;mexc;okx,arbitrum,arbitrum,4,camelot-v3;uniswap-v4-arbitrum;uniswap_v3_arbitrum,0x135e49cc315fed87f989e072ee11132686cf84f3;0x1aeedd3727a6431b8f070c0afaa81cc74f273882;0xc99be44383bc8d82357f5a1d9ae9976ee9d75bee;0xdf143f7041369841f71fdd966cffff626b3c119d9444326e6cc348dbc5026f55,0.10619469026548667,0.0016000000000000458,-0.006399999999999961,0.019200000000000106
2026-02-07,GMX,6.26,2040922.1827184232,156881.49939768194,2197803.682116105,0.07138103401784829,13.009323537537401,10,binance;bitget;bybit;crypto_com;gate;htx;kraken;kucoin;mexc;okx,arbitrum,arbitrum,4,camelot-v3;uniswap-v4-arbitrum;uniswap_v3_arbitrum,0x135e49cc315fed87f989e072ee11132686cf84f3;0x1aeedd3727a6431b8f070c0afaa81cc74f273882;0xc99be44383bc8d82357f5a1d9ae9976ee9d75bee;0xdf143f7041369841f71fdd966cffff626b3c119d9444326e6cc348dbc5026f55,0.0016000000000000458,-0.007987220447284282,-0.030351437699680406,0.060702875399361034
2026-02-08,GMX,6.21,1033607.1290082011,47670.85873952291,1081277.987747724,0.04408751429298969,21.682158793402625,10,binance;bitget;bybit;crypto_com;gate;htx;kraken;kucoin;mexc;okx,arbitrum,arbitrum,4,camelot-v3;uniswap-v4-arbitrum;uniswap_v3_arbitrum,0x135e49cc315fed87f989e072ee11132686cf84f3;0x1aeedd3727a6431b8f070c0afaa81cc74f273882;0xc99be44383bc8d82357f5a1d9ae9976ee9d75bee;0xdf143f7041369841f71fdd966cffff626b3c119d9444326e6cc348dbc5026f55,-0.007987220447284282,0.0,-0.04669887278582929,0.024154589371980784
2026-02-09,GMX,6.21,1365508.2035468074,132113.51100378207,1497621.7145505894,0.08821554182888372,10.335870973164255,10,binance;bitget;bybit;crypto_com;gate;htx;kraken;kucoin;mexc;okx,arbitrum,arbitrum,4,camelot-v3;uniswap-v4-arbitrum;uniswap_v3_arbitrum,0x135e49cc315fed87f989e072ee11132686cf84f3;0x1aeedd3727a6431b8f070c0afaa81cc74f273882;0xc99be44383bc8d82357f5a1d9ae9976ee9d75bee;0xdf143f7041369841f71fdd966cffff626b3c119d9444326e6cc348dbc5026f55,0.0,-0.02254428341384862,-0.025764895330112725,0.054750402576489554
2026-02-10,GMX,6.07,875921.4326359322,83496.46914278693,959417.9017787192,0.08702825847629911,10.490520636723248,10,binance;bitget;bybit;crypto_com;gate;htx;kraken;kucoin;mexc;okx,arbitrum,arbitrum,4,camelot-v3;uniswap-v4-arbitrum;uniswap_v3_arbitrum,0x135e49cc315fed87f989e072ee11132686cf84f3;0x1aeedd3727a6431b8f070c0afaa81cc74f273882;0xc99be44383bc8d82357f5a1d9ae9976ee9d75bee;0xdf143f7041369841f71fdd966cffff626b3c119d9444326e6cc348dbc5026f55,-0.02254428341384862,-0.02471169686985175,0.0494233937397035,0.07248764415156495
2026-02-11,GMX,5.92,1210466.4753816435,86299.97216327676,1296766.4475449203,0.06655012730061194,14.026267274935849,10,binance;bitget;bybit;crypto_com;gate;htx;kraken;kucoin;mexc;okx,arbitrum,arbitrum,4,camelot-v3;uniswap-v4-arbitrum;uniswap_v3_arbitrum,0x135e49cc315fed87f989e072ee11132686cf84f3;0x1aeedd3727a6431b8f070c0afaa81cc74f273882;0xc99be44383bc8d82357f5a1d9ae9976ee9d75bee;0xdf143f7041369841f71fdd966cffff626b3c119d9444326e6cc348dbc5026f55,-0.02471169686985175,0.02195945945945943,0.12162162162162149,0.0760135135135136
2026-02-12,GMX,6.05,1084382.0953632083,73503.06232869282,1157885.157691901,0.06348044263319857,14.752883227014973,10,binance;bitget;bybit;crypto_com;gate;htx;kraken;kucoin;mexc;okx,arbitrum,arbitrum,4,camelot-v3;uniswap-v4-arbitrum;uniswap_v3_arbitrum,0x135e49cc315fed87f989e072ee11132686cf84f3;0x1aeedd3727a6431b8f070c0afaa81cc74f273882;0xc99be44383bc8d82357f5a1d9ae9976ee9d75bee;0xdf143f7041369841f71fdd966cffff626b3c119d9444326e6cc348dbc5026f55,0.02195945945945943,0.05289256198347103,0.05123966942148761,0.08925619834710741
2026-02-13,GMX,6.37,1108022.4608287252,66063.6525734415,1174086.1134021669,0.05626814917519795,16.77204359230609,10,binance;bitget;bybit;crypto_com;gate;htx;kraken;kucoin;mexc;okx,arbitrum,arbitrum,4,camelot-v3;uniswap-v4-arbitrum;uniswap_v3_arbitrum,0x135e49cc315fed87f989e072ee11132686cf84f3;0x1aeedd3727a6431b8f070c0afaa81cc74f273882;0xc99be44383bc8d82357f5a1d9ae9976ee9d75bee;0xdf143f7041369841f71fdd966cffff626b3c119d9444326e6cc348dbc5026f55,0.05289256198347103,0.042386185243328045,0.028257456828885363,0.07692307692307687
2026-02-14,GMX,6.64,1100199.1854191863,126494.81727123946,1226694.0026904256,0.10311847697454041,8.69758310382044,10,binance;bitget;bybit;crypto_com;gate;htx;kraken;kucoin;mexc;okx,arbitrum,arbitrum,4,camelot-v3;uniswap-v4-arbitrum;uniswap_v3_arbitrum,0x135e49cc315fed87f989e072ee11132686cf84f3;0x1aeedd3727a6431b8f070c0afaa81cc74f273882;0xc99be44383bc8d82357f5a1d9ae9976ee9d75bee;0xdf143f7041369841f71fdd966cffff626b3c119d9444326e6cc348dbc5026f55,0.042386185243328045,-0.04216867469879504,-0.01957831325301207,0.004518072289156683
2026-02-15,GMX,6.36,1144075.3341871374,67274.57890148874,1211349.9130886262,0.055536866907395996,17.00605715960594,10,binance;bitget;bybit;crypto_com;gate;htx;kraken;kucoin;mexc;okx,arbitrum,arbitrum,4,camelot-v3;uniswap-v4-arbitrum;uniswap_v3_arbitrum,0x135e49cc315fed87f989e072ee11132686cf84f3;0x1aeedd3727a6431b8f070c0afaa81cc74f273882;0xc99be44383bc8d82357f5a1d9ae9976ee9d75bee;0xdf143f7041369841f71fdd966cffff626b3c119d9444326e6cc348dbc5026f55,-0.04216867469879504,0.029874213836477814,0.0015723270440251014,0.0
2026-02-16,GMX,6.55,840243.8922132197,32635.234355515695,872879.1265687353,0.03738803387795964,25.746525459566975,10,binance;bitget;bybit;crypto_com;gate;htx;kraken;kucoin;mexc;okx,arbitrum,arbitrum,4,camelot-v3;uniswap-v4-arbitrum;uniswap_v3_arbitrum,0x135e49cc315fed87f989e072ee11132686cf84f3;0x1aeedd3727a6431b8f070c0afaa81cc74f273882;0xc99be44383bc8d82357f5a1d9ae9976ee9d75bee;0xdf143f7041369841f71fdd966cffff626b3c119d9444326e6cc348dbc5026f55,0.029874213836477814,-0.006106870229007688,0.006106870229007688,-0.04580152671755722
2026-02-17,GMX,6.51,798933.185193523,48216.234510883325,847149.4197044063,0.05691585615168962,16.56979632063944,10,binance;bitget;bybit;crypto_com;gate;htx;kraken;kucoin;mexc;okx,arbitrum,arbitrum,4,camelot-v3;uniswap-v4-arbitrum;uniswap_v3_arbitrum,0x135e49cc315fed87f989e072ee11132686cf84f3;0x1aeedd3727a6431b8f070c0afaa81cc74f273882;0xc99be44383bc8d82357f5a1d9ae9976ee9d75bee;0xdf143f7041369841f71fdd966cffff626b3c119d9444326e6cc348dbc5026f55,-0.006106870229007688,-0.021505376344086002,0.05376344086021523,-0.015360983102918557
2026-02-18,GMX,6.37,1720103.7246022988,49998.7220711742,1770102.446673473,0.02824623069988748,34.40295378257261,10,binance;bitget;bybit;crypto_com;gate;htx;kraken;kucoin;mexc;okx,arbitrum,arbitrum,4,camelot-v3;uniswap-v4-arbitrum;uniswap_v3_arbitrum,0x135e49cc315fed87f989e072ee11132686cf84f3;0x1aeedd3727a6431b8f070c0afaa81cc74f273882;0xc99be44383bc8d82357f5a1d9ae9976ee9d75bee;0xdf143f7041369841f71fdd966cffff626b3c119d9444326e6cc348dbc5026f55,-0.021505376344086002,0.03453689167974883,0.04709576138147553,0.09419152276295129
2026-02-19,GMX,6.59,1821693.3279823505,105500.2420484313,1927193.570030782,0.054742940039357965,17.26719572023425,10,binance;bitget;bybit;crypto_com;gate;htx;kraken;kucoin;mexc;okx,arbitrum,arbitrum,4,camelot-v3;uniswap-v4-arbitrum;uniswap_v3_arbitrum,0x135e49cc315fed87f989e072ee11132686cf84f3;0x1aeedd3727a6431b8f070c0afaa81cc74f273882;0xc99be44383bc8d82357f5a1d9ae9976ee9d75bee;0xdf143f7041369841f71fdd966cffff626b3c119d9444326e6cc348dbc5026f55,0.03453689167974883,0.04097116843702597,-0.03490136570561453,0.04552352048558417
2026-02-20,GMX,6.86,1355344.84194276,121411.61594589209,1476756.457888652,0.08221505671928916,11.163222162752357,10,binance;bitget;bybit;crypto_com;gate;htx;kraken;kucoin;mexc;okx,arbitrum,arbitrum,4,camelot-v3;uniswap-v4-arbitrum;uniswap_v3_arbitrum,0x135e49cc315fed87f989e072ee11132686cf84f3;0x1aeedd3727a6431b8f070c0afaa81cc74f273882;0xc99be44383bc8d82357f5a1d9ae9976ee9d75bee;0xdf143f7041369841f71fdd966cffff626b3c119d9444326e6cc348dbc5026f55,0.04097116843702597,-0.0276967930029155,-0.08892128279883382,-0.02186588921282806
2026-02-21,GMX,6.67,1325296.620729364,49778.16219079205,1375074.7829201561,0.03620033092678889,26.624056863523922,10,binance;bitget;bybit;crypto_com;gate;htx;kraken;kucoin;mexc;okx,arbitrum,arbitrum,4,camelot-v3;uniswap-v4-arbitrum;uniswap_v3_arbitrum,0x135e49cc315fed87f989e072ee11132686cf84f3;0x1aeedd3727a6431b8f070c0afaa81cc74f273882;0xc99be44383bc8d82357f5a1d9ae9976ee9d75bee;0xdf143f7041369841f71fdd966cffff626b3c119d9444326e6cc348dbc5026f55,-0.0276967930029155,-0.04647676161919034,-0.038980509745127456,0.019490254872563728
2026-02-22,GMX,6.36,1011985.4259346497,62943.85541724152,1074929.281351891,0.05855627575618724,16.07758881667499,10,binance;bitget;bybit;crypto_com;gate;htx;kraken;kucoin;mexc;okx,arbitrum,arbitrum,4,camelot-v3;uniswap-v4-arbitrum;uniswap_v3_arbitrum,0x135e49cc315fed87f989e072ee11132686cf84f3;0x1aeedd3727a6431b8f070c0afaa81cc74f273882;0xc99be44383bc8d82357f5a1d9ae9976ee9d75bee;0xdf143f7041369841f71fdd966cffff626b3c119d9444326e6cc348dbc5026f55,-0.04647676161919034,-0.01729559748427678,0.09591194968553451,0.061320754716981174
2026-02-23,GMX,6.25,1285537.8119019666,87064.61675587832,1372602.428657845,0.06343032398755964,14.765330162843348,10,binance;bitget;bybit;crypto_com;gate;htx;kraken;kucoin;mexc;okx,arbitrum,arbitrum,4,camelot-v3;uniswap-v4-arbitrum;uniswap_v3_arbitrum,0x135e49cc315fed87f989e072ee11132686cf84f3;0x1aeedd3727a6431b8f070c0afaa81cc74f273882;0xc99be44383bc8d82357f5a1d9ae9976ee9d75bee;0xdf143f7041369841f71fdd966cffff626b3c119d9444326e6cc348dbc5026f55,-0.01729559748427678,0.025600000000000067,0.10240000000000005,0.12959999999999994
2026-02-24,GMX,6.41,1486707.8278826415,85216.9725247244,1571924.800407366,0.05421186338089477,17.44614698030132,10,binance;bitget;bybit;crypto_com;gate;htx;kraken;kucoin;mexc;okx,arbitrum,arbitrum,4,camelot-v3;uniswap-v4-arbitrum;uniswap_v3_arbitrum,0x135e49cc315fed87f989e072ee11132686cf84f3;0x1aeedd3727a6431b8f070c0afaa81cc74f273882;0xc99be44383bc8d82357f5a1d9ae9976ee9d75bee;0xdf143f7041369841f71fdd966cffff626b3c119d9444326e6cc348dbc5026f55,0.025600000000000067,0.08736349453978143,0.046801872074883066,0.10296411856474252
2026-02-25,GMX,6.97,1836247.945971203,107377.65726848406,1943625.6032396872,0.05524606029551376,17.100838225403823,10,binance;bitget;bybit;crypto_com;gate;htx;kraken;kucoin;mexc;okx,arbitrum,arbitrum,4,camelot-v3;uniswap-v4-arbitrum;uniswap_v3_arbitrum,0x135e49cc315fed87f989e072ee11132686cf84f3;0x1aeedd3727a6431b8f070c0afaa81cc74f273882;0xc99be44383bc8d82357f5a1d9ae9976ee9d75bee;0xdf143f7041369841f71fdd966cffff626b3c119d9444326e6cc348dbc5026f55,0.08736349453978143,-0.011477761836441891,-0.024390243902439046,0.07604017216642767
2026-02-26,GMX,6.89,2471621.269681953,91644.4681681728,2563265.737850126,0.03575301101829468,26.969672246298465,10,binance;bitget;bybit;crypto_com;gate;htx;kraken;kucoin;mexc;okx,arbitrum,arbitrum,4,camelot-v3;uniswap-v4-arbitrum;uniswap_v3_arbitrum,0x135e49cc315fed87f989e072ee11132686cf84f3;0x1aeedd3727a6431b8f070c0afaa81cc74f273882;0xc99be44383bc8d82357f5a1d9ae9976ee9d75bee;0xdf143f7041369841f71fdd966cffff626b3c119d9444326e6cc348dbc5026f55,-0.011477761836441891,-0.0261248185776487,-0.020319303338171224,0.044992743105950694
2026-02-27,GMX,6.71,1270238.1593847168,101656.62659751312,1371894.78598223,0.07409943359813154,12.49537980847961,10,binance;bitget;bybit;crypto_com;gate;htx;kraken;kucoin;mexc;okx,arbitrum,arbitrum,4,camelot-v3;uniswap-v4-arbitrum;uniswap_v3_arbitrum,0x135e49cc315fed87f989e072ee11132686cf84f3;0x1aeedd3727a6431b8f070c0afaa81cc74f273882;0xc99be44383bc8d82357f5a1d9ae9976ee9d75bee;0xdf143f7041369841f71fdd966cffff626b3c119d9444326e6cc348dbc5026f55,-0.0261248185776487,0.013412816691505292,0.05216095380029806,0.02980625931445613
2026-02-28,GMX,6.8,1518166.4817757441,84613.04129780733,1602779.5230735515,0.05279144141768802,17.94246440607597,10,binance;bitget;bybit;crypto_com;gate;htx;kraken;kucoin;mexc;okx,arbitrum,arbitrum,4,camelot-v3;uniswap-v4-arbitrum;uniswap_v3_arbitrum,0x135e49cc315fed87f989e072ee11132686cf84f3;0x1aeedd3727a6431b8f070c0afaa81cc74f273882;0xc99be44383bc8d82357f5a1d9ae9976ee9d75bee;0xdf143f7041369841f71fdd966cffff626b3c119d9444326e6cc348dbc5026f55,0.013412816691505292,-0.007352941176470562,0.03970588235294126,-0.010294117647058787
2026-03-01,GMX,6.75,1473189.72345142,73923.73461804574,1547113.4580694656,0.047781715188677874,19.928507820434106,10,binance;bitget;bybit;crypto_com;gate;htx;kraken;kucoin;mexc;okx,arbitrum,arbitrum,4,camelot-v3;uniswap-v4-arbitrum;uniswap_v3_arbitrum,0x135e49cc315fed87f989e072ee11132686cf84f3;0x1aeedd3727a6431b8f070c0afaa81cc74f273882;0xc99be44383bc8d82357f5a1d9ae9976ee9d75bee;0xdf143f7041369841f71fdd966cffff626b3c119d9444326e6cc348dbc5026f55,-0.007352941176470562,0.045925925925925926,0.11111111111111116,-0.12592592592592589
2026-03-02,GMX,7.06,1924840.8913775913,128473.24657226999,2053314.1379498614,0.06256872448194632,14.982425857003712,10,binance;bitget;bybit;crypto_com;gate;htx;kraken;kucoin;mexc;okx,arbitrum,arbitrum,4,camelot-v3;uniswap-v4-arbitrum;uniswap_v3_arbitrum,0x135e49cc315fed87f989e072ee11132686cf84f3;0x1aeedd3727a6431b8f070c0afaa81cc74f273882;0xc99be44383bc8d82357f5a1d9ae9976ee9d75bee;0xdf143f7041369841f71fdd966cffff626b3c119d9444326e6cc348dbc5026f55,0.045925925925925926,0.0014164305949009304,0.019830028328611915,-0.11331444759206799
2026-03-03,GMX,7.07,2187728.754190945,120633.8214449081,2308362.575635853,0.0522594772234508,18.135285179455682,10,binance;bitget;bybit;crypto_com;gate;htx;kraken;kucoin;mexc;okx,arbitrum,arbitrum,4,camelot-v3;uniswap-v4-arbitrum;uniswap_v3_arbitrum,0x135e49cc315fed87f989e072ee11132686cf84f3;0x1aeedd3727a6431b8f070c0afaa81cc74f273882;0xc99be44383bc8d82357f5a1d9ae9976ee9d75bee;0xdf143f7041369841f71fdd966cffff626b3c119d9444326e6cc348dbc5026f55,0.0014164305949009304,0.06082036775106081,-0.022630834512022635,-0.07355021216407365
2026-03-04,GMX,7.5,2488577.7387779146,242283.71993838155,2730861.458716296,0.08872061933609497,10.271337006922375,10,binance;bitget;bybit;crypto_com;gate;htx;kraken;kucoin;mexc;okx,arbitrum,arbitrum,4,camelot-v3;uniswap-v4-arbitrum;uniswap_v3_arbitrum,0x135e49cc315fed87f989e072ee11132686cf84f3;0x1aeedd3727a6431b8f070c0afaa81cc74f273882;0xc99be44383bc8d82357f5a1d9ae9976ee9d75bee;0xdf143f7041369841f71fdd966cffff626b3c119d9444326e6cc348dbc5026f55,0.06082036775106081,-0.039999999999999925,-0.10266666666666657,-0.15600000000000003
2026-03-05,GMX,7.2,2094838.3834715039,142799.07465428184,2237637.458125786,0.06381689497363364,14.669831639617632,10,binance;bitget;bybit;crypto_com;gate;htx;kraken;kucoin;mexc;okx,arbitrum,arbitrum,4,camelot-v3;uniswap-v4-arbitrum;uniswap_v3_arbitrum,0x135e49cc315fed87f989e072ee11132686cf84f3;0x1aeedd3727a6431b8f070c0afaa81cc74f273882;0xc99be44383bc8d82357f5a1d9ae9976ee9d75bee;0xdf143f7041369841f71fdd966cffff626b3c119d9444326e6cc348dbc5026f55,-0.039999999999999925,-0.040277777777777746,-0.18055555555555558,-0.11527777777777781
2026-03-06,GMX,6.91,1465130.4340252816,136676.44926177993,1601806.8832870615,0.0853264214855331,10.719699274738105,10,binance;bitget;bybit;crypto_com;gate;htx;kraken;kucoin;mexc;okx,arbitrum,arbitrum,4,camelot-v3;uniswap-v4-arbitrum;uniswap_v3_arbitrum,0x135e49cc315fed87f989e072ee11132686cf84f3;0x1aeedd3727a6431b8f070c0afaa81cc74f273882;0xc99be44383bc8d82357f5a1d9ae9976ee9d75bee;0xdf143f7041369841f71fdd966cffff626b3c119d9444326e6cc348dbc5026f55,-0.040277777777777746,-0.026049204052098318,-0.09406657018813314,-0.0390738060781477
2026-03-07,GMX,6.73,2361772.890101175,55394.96265161963,2417167.8527527945,0.022917300752834772,42.6351562858599,10,binance;bitget;bybit;crypto_com;gate;htx;kraken;kucoin;mexc;okx,arbitrum,arbitrum,4,camelot-v3;uniswap-v4-arbitrum;uniswap_v3_arbitrum,0x135e49cc315fed87f989e072ee11132686cf84f3;0x1aeedd3727a6431b8f070c0afaa81cc74f273882;0xc99be44383bc8d82357f5a1d9ae9976ee9d75bee;0xdf143f7041369841f71fdd966cffff626b3c119d9444326e6cc348dbc5026f55,-0.026049204052098318,-0.12332838038632987,-0.026745913818722267,-0.007429420505200679
2026-03-08,GMX,5.9,3358980.8363893996,262897.8372850653,3621878.673674465,0.07258604193341199,12.776753400018237,10,binance;bitget;bybit;crypto_com;gate;htx;kraken;kucoin;mexc;okx,arbitrum,arbitrum,4,camelot-v3;uniswap-v4-arbitrum;uniswap_v3_arbitrum,0x135e49cc315fed87f989e072ee11132686cf84f3;0x1aeedd3727a6431b8f070c0afaa81cc74f273882;0xc99be44383bc8d82357f5a1d9ae9976ee9d75bee;0xdf143f7041369841f71fdd966cffff626b3c119d9444326e6cc348dbc5026f55,-0.12332838038632987,0.0610169491525423,0.07288135593220324,0.12881355932203387
2026-03-09,GMX,6.26,2493654.219391868,184848.36831142518,2678502.587703293,0.06901183114776271,13.490269036027728,10,binance;bitget;bybit;crypto_com;gate;htx;kraken;kucoin;mexc;okx,arbitrum,arbitrum,4,camelot-v3;uniswap-v4-arbitrum;uniswap_v3_arbitrum,0x135e49cc315fed87f989e072ee11132686cf84f3;0x1aeedd3727a6431b8f070c0afaa81cc74f273882;0xc99be44383bc8d82357f5a1d9ae9976ee9d75bee;0xdf143f7041369841f71fdd966cffff626b3c119d9444326e6cc348dbc5026f55,0.0610169491525423,0.0463258785942493,0.01757188498402562,0.10063897763578278
2026-03-10,GMX,6.55,1763286.9836028558,144826.0779557051,1908113.061558561,0.07590015543282855,12.175203585518314,10,binance;bitget;bybit;crypto_com;gate;htx;kraken;kucoin;mexc;okx,arbitrum,arbitrum,4,camelot-v3;uniswap-v4-arbitrum;uniswap_v3_arbitrum,0x135e49cc315fed87f989e072ee11132686cf84f3;0x1aeedd3727a6431b8f070c0afaa81cc74f273882;0xc99be44383bc8d82357f5a1d9ae9976ee9d75bee;0xdf143f7041369841f71fdd966cffff626b3c119d9444326e6cc348dbc5026f55,0.0463258785942493,-0.03358778625954195,0.013740458015267132,0.06412213740458017
2026-03-11,GMX,6.33,1694025.02813747,133174.72120107806,1827199.749338548,0.07288459909721842,12.720319688747031,10,binance;bitget;bybit;crypto_com;gate;htx;kraken;kucoin;mexc;okx,arbitrum,arbitrum,5,camelot-v3;uniswap-v4-arbitrum;uniswap_v3_arbitrum,0x135e49cc315fed87f989e072ee11132686cf84f3;0x1aeedd3727a6431b8f070c0afaa81cc74f273882;0xc99be44383bc8d82357f5a1d9ae9976ee9d75bee;0xd3b190d7e8b7f91ffd1827a5611c1958c7e2623a8214d75bbd700917a42491dc;0xdf143f7041369841f71fdd966cffff626b3c119d9444326e6cc348dbc5026f55,-0.03358778625954195,0.006319115323854652,0.055292259083728146,0.041074249605055346
2026-03-12,GMX,6.37,1846427.2832969879,259054.99557167882,2105482.278868667,0.12303831676554226,7.127549419467163,10,binance;bitget;bybit;crypto_com;gate;htx;kraken;kucoin;mexc;okx,arbitrum,arbitrum,5,camelot-v3;uniswap-v4-arbitrum;uniswap_v3_arbitrum,0x135e49cc315fed87f989e072ee11132686cf84f3;0x1aeedd3727a6431b8f070c0afaa81cc74f273882;0xc99be44383bc8d82357f5a1d9ae9976ee9d75bee;0xd3b190d7e8b7f91ffd1827a5611c1958c7e2623a8214d75bbd700917a42491dc;0xdf143f7041369841f71fdd966cffff626b3c119d9444326e6cc348dbc5026f55,0.006319115323854652,0.042386185243328045,0.04552590266875978,0.03296703296703285
2026-03-13,GMX,6.64,2183465.4957137736,175552.09317420202,2359017.5888879756,0.07441745835263401,12.43770698619412,10,binance;bitget;bybit;crypto_com;gate;htx;kraken;kucoin;mexc;okx,arbitrum,arbitrum,5,camelot-v3;uniswap-v4-arbitrum;uniswap_v3_arbitrum,0x135e49cc315fed87f989e072ee11132686cf84f3;0x1aeedd3727a6431b8f070c0afaa81cc74f273882;0xc99be44383bc8d82357f5a1d9ae9976ee9d75bee;0xd3b190d7e8b7f91ffd1827a5611c1958c7e2623a8214d75bbd700917a42491dc;0xdf143f7041369841f71fdd966cffff626b3c119d9444326e6cc348dbc5026f55,0.042386185243328045,0.006024096385542244,0.03765060240963858,-0.009036144578313143
2026-03-14,GMX,6.68,983447.0377919284,69548.64754785923,1052995.6853397875,0.0660483689687834,14.140419295934961,10,binance;bitget;bybit;crypto_com;gate;htx;kraken;kucoin;mexc;okx,arbitrum,arbitrum,5,camelot-v3;uniswap-v4-arbitrum;uniswap_v3_arbitrum,0x135e49cc315fed87f989e072ee11132686cf84f3;0x1aeedd3727a6431b8f070c0afaa81cc74f273882;0xc99be44383bc8d82357f5a1d9ae9976ee9d75bee;0xd3b190d7e8b7f91ffd1827a5611c1958c7e2623a8214d75bbd700917a42491dc;0xdf143f7041369841f71fdd966cffff626b3c119d9444326e6cc348dbc5026f55,0.006024096385542244,-0.0029940119760478723,0.04341317365269459,-0.05688622754491013
2026-03-15,GMX,6.66,1377318.8700932912,116157.46582739378,1493476.335920685,0.07777656935942415,11.857342619198857,10,binance;bitget;bybit;crypto_com;gate;htx;kraken;kucoin;mexc;okx,arbitrum,arbitrum,5,camelot-v3;uniswap-v4-arbitrum;uniswap_v3_arbitrum,0x135e49cc315fed87f989e072ee11132686cf84f3;0x1aeedd3727a6431b8f070c0afaa81cc74f273882;0xc99be44383bc8d82357f5a1d9ae9976ee9d75bee;0xd3b190d7e8b7f91ffd1827a5611c1958c7e2623a8214d75bbd700917a42491dc;0xdf143f7041369841f71fdd966cffff626b3c119d9444326e6cc348dbc5026f55,-0.0029940119760478723,0.03453453453453448,-0.010510510510510551,-0.06606606606606613
2026-03-16,GMX,6.89,1559615.594024712,107147.57185411728,1666763.1658788293,0.06428482105171907,14.5557716991305,10,binance;bitget;bybit;crypto_com;gate;htx;kraken;kucoin;mexc;okx,arbitrum,arbitrum,5,camelot-v3;uniswap-v4-arbitrum;uniswap_v3_arbitrum,0x135e49cc315fed87f989e072ee11132686cf84f3;0x1aeedd3727a6431b8f070c0afaa81cc74f273882;0xc99be44383bc8d82357f5a1d9ae9976ee9d75bee;0xd3b190d7e8b7f91ffd1827a5611c1958c7e2623a8214d75bbd700917a42491dc;0xdf143f7041369841f71fdd966cffff626b3c119d9444326e6cc348dbc5026f55,0.03453453453453448,0.011611030478954953,-0.04499274310595058,-0.07547169811320753
2026-03-17,GMX,6.97,2132021.914480694,158483.2118510149,2290505.126331709,0.06919138055142843,13.452667254654967,10,binance;bitget;bybit;crypto_com;gate;htx;kraken;kucoin;mexc;okx,arbitrum,arbitrum,5,camelot-v3;uniswap-v4-arbitrum;uniswap_v3_arbitrum,0x135e49cc315fed87f989e072ee11132686cf84f3;0x1aeedd3727a6431b8f070c0afaa81cc74f273882;0xc99be44383bc8d82357f5a1d9ae9976ee9d75bee;0xd3b190d7e8b7f91ffd1827a5611c1958c7e2623a8214d75bbd700917a42491dc;0xdf143f7041369841f71fdd966cffff626b3c119d9444326e6cc348dbc5026f55,0.011611030478954953,-0.05451936872309904,-0.05595408895265419,-0.0444763271162123
2026-03-18,GMX,6.59,1226024.177270547,141965.16508081017,1367989.3423513572,0.10377651395791908,8.636091653700138,10,binance;bitget;bybit;crypto_com;gate;htx;kraken;kucoin;mexc;okx,arbitrum,arbitrum,5,camelot-v3;uniswap-v4-arbitrum;uniswap_v3_arbitrum,0x135e49cc315fed87f989e072ee11132686cf84f3;0x1aeedd3727a6431b8f070c0afaa81cc74f273882;0xc99be44383bc8d82357f5a1d9ae9976ee9d75bee;0xd3b190d7e8b7f91ffd1827a5611c1958c7e2623a8214d75bbd700917a42491dc;0xdf143f7041369841f71fdd966cffff626b3c119d9444326e6cc348dbc5026f55,-0.05451936872309904,-0.0015174506828528056,-0.04400606980273136,-0.0015174506828528056
2026-03-19,GMX,6.58,1587547.8911290257,80099.86581011556,1667647.7569391413,0.04803164545799146,19.819607374779636,10,binance;bitget;bybit;crypto_com;gate;htx;kraken;kucoin;mexc;okx,arbitrum,arbitrum,5,camelot-v3;uniswap-v4-arbitrum;uniswap_v3_arbitrum,0x135e49cc315fed87f989e072ee11132686cf84f3;0x1aeedd3727a6431b8f070c0afaa81cc74f273882;0xc99be44383bc8d82357f5a1d9ae9976ee9d75bee;0xd3b190d7e8b7f91ffd1827a5611c1958c7e2623a8214d75bbd700917a42491dc;0xdf143f7041369841f71fdd966cffff626b3c119d9444326e6cc348dbc5026f55,-0.0015174506828528056,0.0,-0.054711246200607966,-0.04407294832826747
2026-03-20,GMX,6.58,937728.741300577,66178.28902117803,1003907.030321755,0.06592073471182656,14.169733838245499,10,binance;bitget;bybit;crypto_com;gate;htx;kraken;kucoin;mexc;okx,arbitrum,arbitrum,5,camelot-v3;uniswap-v4-arbitrum;uniswap_v3_arbitrum,0x135e49cc315fed87f989e072ee11132686cf84f3;0x1aeedd3727a6431b8f070c0afaa81cc74f273882;0xc99be44383bc8d82357f5a1d9ae9976ee9d75bee;0xd3b190d7e8b7f91ffd1827a5611c1958c7e2623a8214d75bbd700917a42491dc;0xdf143f7041369841f71fdd966cffff626b3c119d9444326e6cc348dbc5026f55,0.0,-0.042553191489361764,-0.03191489361702127,-0.03039513677811556
2026-03-21,GMX,6.3,1009324.6972121063,68161.21124758944,1077485.9084596958,0.06325949203830267,14.807904359941984,10,binance;bitget;bybit;crypto_com;gate;htx;kraken;kucoin;mexc;okx,arbitrum,arbitrum,5,camelot-v3;uniswap-v4-arbitrum;uniswap_v3_arbitrum,0x135e49cc315fed87f989e072ee11132686cf84f3;0x1aeedd3727a6431b8f070c0afaa81cc74f273882;0xc99be44383bc8d82357f5a1d9ae9976ee9d75bee;0xd3b190d7e8b7f91ffd1827a5611c1958c7e2623a8214d75bbd700917a42491dc;0xdf143f7041369841f71fdd966cffff626b3c119d9444326e6cc348dbc5026f55,-0.042553191489361764,-0.012698412698412764,0.05714285714285716,-0.014285714285714235
2026-03-22,GMX,6.22,1321370.104984953,84020.52692218366,1405390.6319071366,0.05978446491290932,15.726753370741788,10,binance;bitget;bybit;crypto_com;gate;htx;kraken;kucoin;mexc;okx,arbitrum,arbitrum,5,camelot-v3;uniswap-v4-arbitrum;uniswap_v3_arbitrum,0x135e49cc315fed87f989e072ee11132686cf84f3;0x1aeedd3727a6431b8f070c0afaa81cc74f273882;0xc99be44383bc8d82357f5a1d9ae9976ee9d75bee;0xd3b190d7e8b7f91ffd1827a5611c1958c7e2623a8214d75bbd700917a42491dc;0xdf143f7041369841f71fdd966cffff626b3c119d9444326e6cc348dbc5026f55,-0.012698412698412764,0.02411575562700974,0.05787781350482324,-0.001607717041800627
2026-03-23,GMX,6.37,1842353.0085678136,97660.59560150474,1940013.6041693182,0.05034016018837218,18.86485534130233,10,binance;bitget;bybit;crypto_com;gate;htx;kraken;kucoin;mexc;okx,arbitrum,arbitrum,5,camelot-v3;uniswap-v4-arbitrum;uniswap_v3_arbitrum,0x135e49cc315fed87f989e072ee11132686cf84f3;0x1aeedd3727a6431b8f070c0afaa81cc74f273882;0xc99be44383bc8d82357f5a1d9ae9976ee9d75bee;0xd3b190d7e8b7f91ffd1827a5611c1958c7e2623a8214d75bbd700917a42491dc;0xdf143f7041369841f71fdd966cffff626b3c119d9444326e6cc348dbc5026f55,0.02411575562700974,0.04552590266875978,-0.012558869701726816,-0.03453689167974883
2026-03-24,GMX,6.66,1367479.8493172624,116203.92296384506,1483683.7722811075,0.07832121988177167,11.767931877331984,10,binance;bitget;bybit;crypto_com;gate;htx;kraken;kucoin;mexc;okx,arbitrum,arbitrum,5,camelot-v3;uniswap-v4-arbitrum;uniswap_v3_arbitrum,0x135e49cc315fed87f989e072ee11132686cf84f3;0x1aeedd3727a6431b8f070c0afaa81cc74f273882;0xc99be44383bc8d82357f5a1d9ae9976ee9d75bee;0xd3b190d7e8b7f91ffd1827a5611c1958c7e2623a8214d75bbd700917a42491dc;0xdf143f7041369841f71fdd966cffff626b3c119d9444326e6cc348dbc5026f55,0.04552590266875978,-0.012012012012012074,-0.042042042042042094,-0.03603603603603611
2026-03-25,GMX,6.58,1079490.571756144,100407.15271945613,1179897.7244756003,0.08509818320404135,10.751132190475595,10,binance;bitget;bybit;crypto_com;gate;htx;kraken;kucoin;mexc;okx,arbitrum,arbitrum,5,camelot-v3;uniswap-v4-arbitrum;uniswap_v3_arbitrum,0x135e49cc315fed87f989e072ee11132686cf84f3;0x1aeedd3727a6431b8f070c0afaa81cc74f273882;0xc99be44383bc8d82357f5a1d9ae9976ee9d75bee;0xd3b190d7e8b7f91ffd1827a5611c1958c7e2623a8214d75bbd700917a42491dc;0xdf143f7041369841f71fdd966cffff626b3c119d9444326e6cc348dbc5026f55,-0.012012012012012074,-0.04407294832826747,-0.05623100303951367,-0.024316109422492405
2026-03-26,GMX,6.29,2546094.130165802,191647.96278538025,2737742.0929511823,0.07000219753307406,13.28526582365544,10,binance;bitget;bybit;crypto_com;gate;htx;kraken;kucoin;mexc;okx,arbitrum,arbitrum,5,camelot-v3;uniswap-v4-arbitrum;uniswap_v3_arbitrum,0x135e49cc315fed87f989e072ee11132686cf84f3;0x1aeedd3727a6431b8f070c0afaa81cc74f273882;0xc99be44383bc8d82357f5a1d9ae9976ee9d75bee;0xd3b190d7e8b7f91ffd1827a5611c1958c7e2623a8214d75bbd700917a42491dc;0xdf143f7041369841f71fdd966cffff626b3c119d9444326e6cc348dbc5026f55,-0.04407294832826747,0.014308426073131875,-0.012718600953895098,-0.012718600953895098
2026-03-27,GMX,6.38,1588263.6103080828,157860.45471687228,1746124.065024955,0.09040620759935303,10.061187351554787,10,binance;bitget;bybit;crypto_com;gate;htx;kraken;kucoin;mexc;okx,arbitrum,arbitrum,5,camelot-v3;uniswap-v4-arbitrum;uniswap_v3_arbitrum,0x135e49cc315fed87f989e072ee11132686cf84f3;0x1aeedd3727a6431b8f070c0afaa81cc74f273882;0xc99be44383bc8d82357f5a1d9ae9976ee9d75bee;0xd3b190d7e8b7f91ffd1827a5611c1958c7e2623a8214d75bbd700917a42491dc;0xdf143f7041369841f71fdd966cffff626b3c119d9444326e6cc348dbc5026f55,0.014308426073131875,-0.026645768025078342,-0.03605015673981182,-0.06269592476489017
2026-03-28,GMX,6.21,1395064.9299618038,114263.37612280139,1509328.3060846052,0.07570478580582346,12.209204535165288,10,binance;bitget;bybit;crypto_com;gate;htx;kraken;kucoin;mexc;okx,arbitrum,arbitrum,5,camelot-v3;uniswap-v4-arbitrum;uniswap_v3_arbitrum,0x135e49cc315fed87f989e072ee11132686cf84f3;0x1aeedd3727a6431b8f070c0afaa81cc74f273882;0xc99be44383bc8d82357f5a1d9ae9976ee9d75bee;0xd3b190d7e8b7f91ffd1827a5611c1958c7e2623a8214d75bbd700917a42491dc;0xdf143f7041369841f71fdd966cffff626b3c119d9444326e6cc348dbc5026f55,-0.026645768025078342,0.0,0.033816425120772875,-0.02898550724637672
2026-03-29,GMX,6.21,1599374.1658147392,78305.55175862004,1677679.7175733591,0.04667491115162511,20.42478636438031,10,binance;bitget;bybit;crypto_com;gate;htx;kraken;kucoin;mexc;okx,arbitrum,arbitrum,5,camelot-v3;uniswap-v4-arbitrum;uniswap_v3_arbitrum,0x135e49cc315fed87f989e072ee11132686cf84f3;0x1aeedd3727a6431b8f070c0afaa81cc74f273882;0xc99be44383bc8d82357f5a1d9ae9976ee9d75bee;0xd3b190d7e8b7f91ffd1827a5611c1958c7e2623a8214d75bbd700917a42491dc;0xdf143f7041369841f71fdd966cffff626b3c119d9444326e6cc348dbc5026f55,0.0,-0.009661835748792202,0.033816425120772875,-0.019323671497584516
2026-03-30,GMX,6.15,1713613.7276948493,197101.55296970272,1910715.280664552,0.10315589924059762,8.694065073948229,10,binance;bitget;bybit;crypto_com;gate;htx;kraken;kucoin;mexc;okx,arbitrum,arbitrum,5,camelot-v3;uniswap-v4-arbitrum;uniswap_v3_arbitrum,0x135e49cc315fed87f989e072ee11132686cf84f3;0x1aeedd3727a6431b8f070c0afaa81cc74f273882;0xc99be44383bc8d82357f5a1d9ae9976ee9d75bee;0xd3b190d7e8b7f91ffd1827a5611c1958c7e2623a8214d75bbd700917a42491dc;0xdf143f7041369841f71fdd966cffff626b3c119d9444326e6cc348dbc5026f55,-0.009661835748792202,0.04390243902439028,0.009756097560975618,-0.021138211382113914
2026-03-31,GMX,6.42,1703585.7408433356,158846.26526869545,1862432.0061120312,0.08528969903191212,10.724745325057818,10,binance;bitget;bybit;crypto_com;gate;htx;kraken;kucoin;mexc;okx,arbitrum,arbitrum,5,camelot-v3;uniswap-v4-arbitrum;uniswap_v3_arbitrum,0x135e49cc315fed87f989e072ee11132686cf84f3;0x1aeedd3727a6431b8f070c0afaa81cc74f273882;0xc99be44383bc8d82357f5a1d9ae9976ee9d75bee;0xd3b190d7e8b7f91ffd1827a5611c1958c7e2623a8214d75bbd700917a42491dc;0xdf143f7041369841f71fdd966cffff626b3c119d9444326e6cc348dbc5026f55,0.04390243902439028,0.0,-0.06853582554517124,-0.04517133956386299
2026-04-01,GMX,6.42,1548137.026960513,68941.39909398873,1617078.426054502,0.04263330583303764,22.455839993179094,10,binance;bitget;bybit;crypto_com;gate;htx;kraken;kucoin;mexc;okx,arbitrum,arbitrum,5,camelot-v3;uniswap-v4-arbitrum;uniswap_v3_arbitrum,0x135e49cc315fed87f989e072ee11132686cf84f3;0x1aeedd3727a6431b8f070c0afaa81cc74f273882;0xc99be44383bc8d82357f5a1d9ae9976ee9d75bee;0xd3b190d7e8b7f91ffd1827a5611c1958c7e2623a8214d75bbd700917a42491dc;0xdf143f7041369841f71fdd966cffff626b3c119d9444326e6cc348dbc5026f55,0.0,-0.032710280373831724,-0.06074766355140182,-0.09813084112149528
2026-04-02,GMX,6.21,1562777.5269680081,91174.18212069928,1653951.7090887073,0.05512505692861754,17.14057083505453,10,binance;bitget;bybit;crypto_com;gate;htx;kraken;kucoin;mexc;okx,arbitrum,arbitrum,5,camelot-v3;uniswap-v4-arbitrum;uniswap_v3_arbitrum,0x135e49cc315fed87f989e072ee11132686cf84f3;0x1aeedd3727a6431b8f070c0afaa81cc74f273882;0xc99be44383bc8d82357f5a1d9ae9976ee9d75bee;0xd3b190d7e8b7f91ffd1827a5611c1958c7e2623a8214d75bbd700917a42491dc;0xdf143f7041369841f71fdd966cffff626b3c119d9444326e6cc348dbc5026f55,-0.032710280373831724,-0.03703703703703698,-0.019323671497584516,-0.07890499194847023
2026-04-03,GMX,5.98,1208020.3238183812,131790.62258762497,1339810.946406006,0.09836508870236393,9.166208491163266,10,binance;bitget;bybit;crypto_com;gate;htx;kraken;kucoin;mexc;okx,arbitrum,arbitrum,5,camelot-v3;uniswap-v4-arbitrum;uniswap_v3_arbitrum,0x135e49cc315fed87f989e072ee11132686cf84f3;0x1aeedd3727a6431b8f070c0afaa81cc74f273882;0xc99be44383bc8d82357f5a1d9ae9976ee9d75bee;0xd3b190d7e8b7f91ffd1827a5611c1958c7e2623a8214d75bbd700917a42491dc;0xdf143f7041369841f71fdd966cffff626b3c119d9444326e6cc348dbc5026f55,-0.03703703703703698,0.00836120401337781,0.006688963210702115,0.0050167224080266415
2026-04-04,GMX,6.03,707178.8639081278,53129.575628725615,760308.4395368533,0.06987897656520797,13.310455721497929,10,binance;bitget;bybit;crypto_com;gate;htx;kraken;kucoin;mexc;okx,arbitrum,arbitrum,5,camelot-v3;uniswap-v4-arbitrum;uniswap_v3_arbitrum,0x135e49cc315fed87f989e072ee11132686cf84f3;0x1aeedd3727a6431b8f070c0afaa81cc74f273882;0xc99be44383bc8d82357f5a1d9ae9976ee9d75bee;0xd3b190d7e8b7f91ffd1827a5611c1958c7e2623a8214d75bbd700917a42491dc;0xdf143f7041369841f71fdd966cffff626b3c119d9444326e6cc348dbc5026f55,0.00836120401337781,0.00995024875621886,0.016583747927031434,0.011608623548921893
2026-04-05,GMX,6.09,1338836.51944208,67414.83906603137,1406251.3585081114,0.04793939480175977,19.859670926911487,10,binance;bitget;bybit;crypto_com;gate;htx;kraken;kucoin;mexc;okx,arbitrum,arbitrum,5,camelot-v3;uniswap-v4-arbitrum;uniswap_v3_arbitrum,0x135e49cc315fed87f989e072ee11132686cf84f3;0x1aeedd3727a6431b8f070c0afaa81cc74f273882;0xc99be44383bc8d82357f5a1d9ae9976ee9d75bee;0xd3b190d7e8b7f91ffd1827a5611c1958c7e2623a8214d75bbd700917a42491dc;0xdf143f7041369841f71fdd966cffff626b3c119d9444326e6cc348dbc5026f55,0.00995024875621886,-0.011494252873563315,-0.049261083743842304,-0.031198686371100126
2026-04-06,GMX,6.02,2407836.9632061445,125063.51445770226,2532900.4776638467,0.04937561327835954,19.252912999022584,10,binance;bitget;bybit;crypto_com;gate;htx;kraken;kucoin;mexc;okx,arbitrum,arbitrum,5,camelot-v3;uniswap-v4-arbitrum;uniswap_v3_arbitrum,0x135e49cc315fed87f989e072ee11132686cf84f3;0x1aeedd3727a6431b8f070c0afaa81cc74f273882;0xc99be44383bc8d82357f5a1d9ae9976ee9d75bee;0xd3b190d7e8b7f91ffd1827a5611c1958c7e2623a8214d75bbd700917a42491dc;0xdf143f7041369841f71fdd966cffff626b3c119d9444326e6cc348dbc5026f55,-0.011494252873563315,0.0182724252491695,-0.04983388704318936,0.02657807308970095
2026-04-07,GMX,6.13,1398562.636714179,204736.1444889756,1603298.7812031547,0.12769681290179524,6.83104900800497,10,binance;bitget;bybit;crypto_com;gate;htx;kraken;kucoin;mexc;okx,arbitrum,arbitrum,5,camelot-v3;uniswap-v4-arbitrum;uniswap_v3_arbitrum,0x135e49cc315fed87f989e072ee11132686cf84f3;0x1aeedd3727a6431b8f070c0afaa81cc74f273882;0xc99be44383bc8d82357f5a1d9ae9976ee9d75bee;0xd3b190d7e8b7f91ffd1827a5611c1958c7e2623a8214d75bbd700917a42491dc;0xdf143f7041369841f71fdd966cffff626b3c119d9444326e6cc348dbc5026f55,0.0182724252491695,-0.055464926590538366,-0.019575856443719397,-0.004893964110929905
2026-04-08,GMX,5.79,2445042.060254687,172053.2145874294,2617095.2748421165,0.0657420523591022,14.210964125940414,10,binance;bitget;bybit;crypto_com;gate;htx;kraken;kucoin;mexc;okx,arbitrum,arbitrum,5,camelot-v3;uniswap-v4-arbitrum;uniswap_v3_arbitrum,0x135e49cc315fed87f989e072ee11132686cf84f3;0x1aeedd3727a6431b8f070c0afaa81cc74f273882;0xc99be44383bc8d82357f5a1d9ae9976ee9d75bee;0xd3b190d7e8b7f91ffd1827a5611c1958c7e2623a8214d75bbd700917a42491dc;0xdf143f7041369841f71fdd966cffff626b3c119d9444326e6cc348dbc5026f55,-0.055464926590538366,-0.012089810017271163,0.05354058721934374,0.06217616580310881
2026-04-09,GMX,5.72,2522241.1237835027,214741.49048670442,2736982.614270207,0.07845920882619979,11.74547647064816,10,binance;bitget;bybit;crypto_com;gate;htx;kraken;kucoin;mexc;okx,arbitrum,arbitrum,5,camelot-v3;uniswap-v4-arbitrum;uniswap_v3_arbitrum,0x135e49cc315fed87f989e072ee11132686cf84f3;0x1aeedd3727a6431b8f070c0afaa81cc74f273882;0xc99be44383bc8d82357f5a1d9ae9976ee9d75bee;0xd3b190d7e8b7f91ffd1827a5611c1958c7e2623a8214d75bbd700917a42491dc;0xdf143f7041369841f71fdd966cffff626b3c119d9444326e6cc348dbc5026f55,-0.012089810017271163,0.05069930069930062,0.03146853146853168,0.11888111888111896
2026-04-10,GMX,6.01,1623768.4567569103,168099.30471483967,1791867.76147175,0.09381233834843447,9.659578661026819,10,binance;bitget;bybit;crypto_com;gate;htx;kraken;kucoin;mexc;okx,arbitrum,arbitrum,5,camelot-v3;uniswap-v4-arbitrum;uniswap_v3_arbitrum,0x135e49cc315fed87f989e072ee11132686cf84f3;0x1aeedd3727a6431b8f070c0afaa81cc74f273882;0xc99be44383bc8d82357f5a1d9ae9976ee9d75bee;0xd3b190d7e8b7f91ffd1827a5611c1958c7e2623a8214d75bbd700917a42491dc;0xdf143f7041369841f71fdd966cffff626b3c119d9444326e6cc348dbc5026f55,0.05069930069930062,0.014975041597337757,0.028286189683860208,0.08485856905158062
2026-04-11,GMX,6.1,1754931.591009756,161773.0083290441,1916704.5993388002,0.08440163830401953,10.848111246347408,10,binance;bitget;bybit;crypto_com;gate;htx;kraken;kucoin;mexc;okx,arbitrum,arbitrum,5,camelot-v3;uniswap-v4-arbitrum;uniswap_v3_arbitrum,0x135e49cc315fed87f989e072ee11132686cf84f3;0x1aeedd3727a6431b8f070c0afaa81cc74f273882;0xc99be44383bc8d82357f5a1d9ae9976ee9d75bee;0xd3b190d7e8b7f91ffd1827a5611c1958c7e2623a8214d75bbd700917a42491dc;0xdf143f7041369841f71fdd966cffff626b3c119d9444326e6cc348dbc5026f55,0.014975041597337757,-0.032786885245901565,0.0,0.09180327868852478
2026-04-12,GMX,5.9,1179459.1218958045,100646.50729220832,1280105.6291880128,0.07862359558253773,11.718828140468556,10,binance;bitget;bybit;crypto_com;gate;htx;kraken;kucoin;mexc;okx,arbitrum,arbitrum,5,camelot-v3;uniswap-v4-arbitrum;uniswap_v3_arbitrum,0x135e49cc315fed87f989e072ee11132686cf84f3;0x1aeedd3727a6431b8f070c0afaa81cc74f273882;0xc99be44383bc8d82357f5a1d9ae9976ee9d75bee;0xd3b190d7e8b7f91ffd1827a5611c1958c7e2623a8214d75bbd700917a42491dc;0xdf143f7041369841f71fdd966cffff626b3c119d9444326e6cc348dbc5026f55,-0.032786885245901565,0.047457627118643986,0.04237288135593209,0.03050847457627115
2026-04-13,GMX,6.18,1836402.293015508,107612.91683298994,1944015.209848498,0.055356005594923555,17.064887255732653,10,binance;bitget;bybit;crypto_com;gate;htx;kraken;kucoin;mexc;okx,arbitrum,arbitrum,5,camelot-v3;uniswap-v4-arbitrum;uniswap_v3_arbitrum,0x135e49cc315fed87f989e072ee11132686cf84f3;0x1aeedd3727a6431b8f070c0afaa81cc74f273882;0xc99be44383bc8d82357f5a1d9ae9976ee9d75bee;0xd3b190d7e8b7f91ffd1827a5611c1958c7e2623a8214d75bbd700917a42491dc;0xdf143f7041369841f71fdd966cffff626b3c119d9444326e6cc348dbc5026f55,0.047457627118643986,-0.012944983818770184,0.035598705501618255,0.035598705501618255
2026-04-14,GMX,6.1,1518271.5909781056,120298.99983228116,1638570.5908103867,0.07341703830579857,12.620816408239921,10,binance;bitget;bybit;crypto_com;gate;htx;kraken;kucoin;mexc;okx,arbitrum,arbitrum,5,camelot-v3;uniswap-v4-arbitrum;uniswap_v3_arbitrum,0x135e49cc315fed87f989e072ee11132686cf84f3;0x1aeedd3727a6431b8f070c0afaa81cc74f273882;0xc99be44383bc8d82357f5a1d9ae9976ee9d75bee;0xd3b190d7e8b7f91ffd1827a5611c1958c7e2623a8214d75bbd700917a42491dc;0xdf143f7041369841f71fdd966cffff626b3c119d9444326e6cc348dbc5026f55,-0.012944983818770184,0.00819672131147553,0.06885245901639347,0.09180327868852478
2026-04-15,GMX,6.15,2428077.637958926,164697.68757916152,2592775.3255380876,0.06352177373678965,14.742633449494408,10,binance;bitget;bybit;crypto_com;gate;htx;kraken;kucoin;mexc;okx,arbitrum,arbitrum,5,camelot-v3;uniswap-v4-arbitrum;uniswap_v3_arbitrum,0x135e49cc315fed87f989e072ee11132686cf84f3;0x1aeedd3727a6431b8f070c0afaa81cc74f273882;0xc99be44383bc8d82357f5a1d9ae9976ee9d75bee;0xd3b190d7e8b7f91ffd1827a5611c1958c7e2623a8214d75bbd700917a42491dc;0xdf143f7041369841f71fdd966cffff626b3c119d9444326e6cc348dbc5026f55,0.00819672131147553,0.04065040650406493,0.08292682926829253,0.13658536585365844
2026-04-16,GMX,6.4,3990839.394796176,218884.913360252,4209724.308156428,0.051995070778425544,18.23259234055957,10,binance;bitget;bybit;crypto_com;gate;htx;kraken;kucoin;mexc;okx,arbitrum,arbitrum,5,camelot-v3;uniswap-v4-arbitrum;uniswap_v3_arbitrum,0x135e49cc315fed87f989e072ee11132686cf84f3;0x1aeedd3727a6431b8f070c0afaa81cc74f273882;0xc99be44383bc8d82357f5a1d9ae9976ee9d75bee;0xd3b190d7e8b7f91ffd1827a5611c1958c7e2623a8214d75bbd700917a42491dc;0xdf143f7041369841f71fdd966cffff626b3c119d9444326e6cc348dbc5026f55,0.04065040650406493,0.018749999999999822,-0.050000000000000044,0.07656249999999987
2026-04-17,GMX,6.52,3217027.5833078665,362746.79563498386,3579774.3789428505,0.10133230679809135,8.868521023532402,10,binance;bitget;bybit;crypto_com;gate;htx;kraken;kucoin;mexc;okx,arbitrum,arbitrum,5,camelot-v3;uniswap-v4-arbitrum;uniswap_v3_arbitrum,0x135e49cc315fed87f989e072ee11132686cf84f3;0x1aeedd3727a6431b8f070c0afaa81cc74f273882;0xc99be44383bc8d82357f5a1d9ae9976ee9d75bee;0xd3b190d7e8b7f91ffd1827a5611c1958c7e2623a8214d75bbd700917a42491dc;0xdf143f7041369841f71fdd966cffff626b3c119d9444326e6cc348dbc5026f55,0.018749999999999822,0.021472392638036908,-0.018404907975460016,0.059815950920245387
2026-04-18,GMX,6.66,2011261.2015098901,242758.3898379731,2254019.5913478634,0.1077002128862633,8.285032714429718,10,binance;bitget;bybit;crypto_com;gate;htx;kraken;kucoin;mexc;okx,arbitrum,arbitrum,5,camelot-v3;uniswap-v4-arbitrum;uniswap_v3_arbitrum,0x135e49cc315fed87f989e072ee11132686cf84f3;0x1aeedd3727a6431b8f070c0afaa81cc74f273882;0xc99be44383bc8d82357f5a1d9ae9976ee9d75bee;0xd3b190d7e8b7f91ffd1827a5611c1958c7e2623a8214d75bbd700917a42491dc;0xdf143f7041369841f71fdd966cffff626b3c119d9444326e6cc348dbc5026f55,0.021472392638036908,-0.08708708708708712,0.0,0.03153153153153143
2026-04-19,GMX,6.08,1970953.0842283322,199758.35213254142,2170711.4363608737,0.09202436988466312,9.866686740189904,10,binance;bitget;bybit;crypto_com;gate;htx;kraken;kucoin;mexc;okx,arbitrum,arbitrum,5,camelot-v3;uniswap-v4-arbitrum;uniswap_v3_arbitrum,0x135e49cc315fed87f989e072ee11132686cf84f3;0x1aeedd3727a6431b8f070c0afaa81cc74f273882;0xc99be44383bc8d82357f5a1d9ae9976ee9d75bee;0xd3b190d7e8b7f91ffd1827a5611c1958c7e2623a8214d75bbd700917a42491dc;0xdf143f7041369841f71fdd966cffff626b3c119d9444326e6cc348dbc5026f55,-0.08708708708708712,0.05263157894736836,0.14967105263157898,0.2220394736842104
2026-04-20,GMX,6.4,1617987.080970192,121528.68249528624,1739515.7634654783,0.06986351319586535,13.31362315256688,10,binance;bitget;bybit;crypto_com;gate;htx;kraken;kucoin;mexc;okx,arbitrum,arbitrum,5,camelot-v3;uniswap-v4-arbitrum;uniswap_v3_arbitrum,0x135e49cc315fed87f989e072ee11132686cf84f3;0x1aeedd3727a6431b8f070c0afaa81cc74f273882;0xc99be44383bc8d82357f5a1d9ae9976ee9d75bee;0xd3b190d7e8b7f91ffd1827a5611c1958c7e2623a8214d75bbd700917a42491dc;0xdf143f7041369841f71fdd966cffff626b3c119d9444326e6cc348dbc5026f55,0.05263157894736836,0.04062499999999991,0.07656249999999987,0.11562499999999987
2026-04-21,GMX,6.66,1608005.6719314184,117129.34804719912,1725135.0199786176,0.06789575696437425,13.728460874583261,10,binance;bitget;bybit;crypto_com;gate;htx;kraken;kucoin;mexc;okx,arbitrum,arbitrum,5,camelot-v3;uniswap-v4-arbitrum;uniswap_v3_arbitrum,0x135e49cc315fed87f989e072ee11132686cf84f3;0x1aeedd3727a6431b8f070c0afaa81cc74f273882;0xc99be44383bc8d82357f5a1d9ae9976ee9d75bee;0xd3b190d7e8b7f91ffd1827a5611c1958c7e2623a8214d75bbd700917a42491dc;0xdf143f7041369841f71fdd966cffff626b3c119d9444326e6cc348dbc5026f55,0.04062499999999991,0.04954954954954949,0.037537537537537524,0.0930930930930931
2026-04-22,GMX,6.99,3348815.6271788534,165797.35272009697,3514612.9798989506,0.047173715475455805,20.198245461930888,10,binance;bitget;bybit;crypto_com;gate;htx;kraken;kucoin;mexc;okx,arbitrum,arbitrum,5,camelot-v3;uniswap-v4-arbitrum;uniswap_v3_arbitrum,0x135e49cc315fed87f989e072ee11132686cf84f3;0x1aeedd3727a6431b8f070c0afaa81cc74f273882;0xc99be44383bc8d82357f5a1d9ae9976ee9d75bee;0xd3b190d7e8b7f91ffd1827a5611c1958c7e2623a8214d75bbd700917a42491dc;0xdf143f7041369841f71fdd966cffff626b3c119d9444326e6cc348dbc5026f55,0.04954954954954949,-0.014306151645207543,-0.01716738197424894,0.05150214592274671
2026-04-23,GMX,6.89,3399524.826329678,314928.23387207574,3714453.0602017534,0.08478455071793804,10.794601628860526,10,binance;bitget;bybit;crypto_com;gate;htx;kraken;kucoin;mexc;okx,arbitrum,arbitrum,5,camelot-v3;uniswap-v4-arbitrum;uniswap_v3_arbitrum,0x135e49cc315fed87f989e072ee11132686cf84f3;0x1aeedd3727a6431b8f070c0afaa81cc74f273882;0xc99be44383bc8d82357f5a1d9ae9976ee9d75bee;0xd3b190d7e8b7f91ffd1827a5611c1958c7e2623a8214d75bbd700917a42491dc;0xdf143f7041369841f71fdd966cffff626b3c119d9444326e6cc348dbc5026f55,-0.014306151645207543,0.002902757619738905,0.07837445573294621,0.0711175616835995
2026-04-24,GMX,6.91,1081410.107795643,186182.6566147652,1267592.7644104082,0.14687892029847915,5.80832891450901,10,binance;bitget;bybit;crypto_com;gate;htx;kraken;kucoin;mexc;okx,arbitrum,arbitrum,5,camelot-v3;uniswap-v4-arbitrum;uniswap_v3_arbitrum,0x135e49cc315fed87f989e072ee11132686cf84f3;0x1aeedd3727a6431b8f070c0afaa81cc74f273882;0xc99be44383bc8d82357f5a1d9ae9976ee9d75bee;0xd3b190d7e8b7f91ffd1827a5611c1958c7e2623a8214d75bbd700917a42491dc;0xdf143f7041369841f71fdd966cffff626b3c119d9444326e6cc348dbc5026f55,0.002902757619738905,-0.005788712011577379,0.0332850940665701,0.0361794500723589
2026-04-25,GMX,6.87,1825015.135246557,177843.90729458985,2002859.0425411467,0.08879501927851531,10.26189293189284,10,binance;bitget;bybit;crypto_com;gate;htx;kraken;kucoin;mexc;okx,arbitrum,arbitrum,5,camelot-v3;uniswap-v4-arbitrum;uniswap_v3_arbitrum,0x135e49cc315fed87f989e072ee11132686cf84f3;0x1aeedd3727a6431b8f070c0afaa81cc74f273882;0xc99be44383bc8d82357f5a1d9ae9976ee9d75bee;0xd3b190d7e8b7f91ffd1827a5611c1958c7e2623a8214d75bbd700917a42491dc;0xdf143f7041369841f71fdd966cffff626b3c119d9444326e6cc348dbc5026f55,-0.005788712011577379,0.08151382823871911,0.05967976710334799,0.027656477438136706
2026-04-26,GMX,7.43,1998744.3540651316,222579.83722847517,2221324.191293607,0.10020141954104138,8.979898534176067,10,binance;bitget;bybit;crypto_com;gate;htx;kraken;kucoin;mexc;okx,arbitrum,arbitrum,5,camelot-v3;uniswap-v4-arbitrum;uniswap_v3_arbitrum,0x135e49cc315fed87f989e072ee11132686cf84f3;0x1aeedd3727a6431b8f070c0afaa81cc74f273882;0xc99be44383bc8d82357f5a1d9ae9976ee9d75bee;0xd3b190d7e8b7f91ffd1827a5611c1958c7e2623a8214d75bbd700917a42491dc;0xdf143f7041369841f71fdd966cffff626b3c119d9444326e6cc348dbc5026f55,0.08151382823871911,-0.03903095558546432,-0.010767160161507361,-0.04172274562584111
2026-04-27,GMX,7.14,2014975.6257619944,186593.79581187217,2201569.4215738666,0.08475489983798888,10.798727883715575,10,binance;bitget;bybit;crypto_com;gate;htx;kraken;kucoin;mexc;okx,arbitrum,arbitrum,5,camelot-v3;uniswap-v4-arbitrum;uniswap_v3_arbitrum,0x135e49cc315fed87f989e072ee11132686cf84f3;0x1aeedd3727a6431b8f070c0afaa81cc74f273882;0xc99be44383bc8d82357f5a1d9ae9976ee9d75bee;0xd3b190d7e8b7f91ffd1827a5611c1958c7e2623a8214d75bbd700917a42491dc;0xdf143f7041369841f71fdd966cffff626b3c119d9444326e6cc348dbc5026f55,-0.03903095558546432,0.019607843137255054,0.03361344537815136,0.037815126050420256
2026-04-28,GMX,7.28,1925351.0523581144,221031.7765748096,2146382.828932924,0.10297872942111436,8.71074323427187,10,binance;bitget;bybit;crypto_com;gate;htx;kraken;kucoin;mexc;okx,arbitrum,arbitrum,5,camelot-v3;uniswap-v4-arbitrum;uniswap_v3_arbitrum,0x135e49cc315fed87f989e072ee11132686cf84f3;0x1aeedd3727a6431b8f070c0afaa81cc74f273882;0xc99be44383bc8d82357f5a1d9ae9976ee9d75bee;0xd3b190d7e8b7f91ffd1827a5611c1958c7e2623a8214d75bbd700917a42491dc;0xdf143f7041369841f71fdd966cffff626b3c119d9444326e6cc348dbc5026f55,0.019607843137255054,0.009615384615384581,-0.016483516483516536,0.006868131868131844
2026-04-29,GMX,7.35,1483502.442995835,147618.5597866638,1631121.002782499,0.09050129299717437,10.04956588886771,10,binance;bitget;bybit;crypto_com;gate;htx;kraken;kucoin;mexc;okx,arbitrum,arbitrum,5,camelot-v3;uniswap-v4-arbitrum;uniswap_v3_arbitrum,0x135e49cc315fed87f989e072ee11132686cf84f3;0x1aeedd3727a6431b8f070c0afaa81cc74f273882;0xc99be44383bc8d82357f5a1d9ae9976ee9d75bee;0xd3b190d7e8b7f91ffd1827a5611c1958c7e2623a8214d75bbd700917a42491dc;0xdf143f7041369841f71fdd966cffff626b3c119d9444326e6cc348dbc5026f55,0.009615384615384581,0.004081632653061273,-0.039455782312925125,-0.0027210884353741083
2026-04-30,GMX,7.38,1524578.3326574056,164657.22296171918,1689235.5556191248,0.0974744004256827,9.259103884023672,10,binance;bitget;bybit;crypto_com;gate;htx;kraken;kucoin;mexc;okx,arbitrum,arbitrum,5,camelot-v3;uniswap-v4-arbitrum;uniswap_v3_arbitrum,0x135e49cc315fed87f989e072ee11132686cf84f3;0x1aeedd3727a6431b8f070c0afaa81cc74f273882;0xc99be44383bc8d82357f5a1d9ae9976ee9d75bee;0xd3b190d7e8b7f91ffd1827a5611c1958c7e2623a8214d75bbd700917a42491dc;0xdf143f7041369841f71fdd966cffff626b3c119d9444326e6cc348dbc5026f55,0.004081632653061273,-0.02981029810298097,-0.035230352303523005,-0.020325203252032464
2026-05-01,GMX,7.16,2065511.7875352576,307033.4152585107,2372545.202793768,0.1294109865207063,6.72731919356782,10,binance;bitget;bybit;crypto_com;gate;htx;kraken;kucoin;mexc;okx,arbitrum,arbitrum,5,camelot-v3;uniswap-v4-arbitrum;uniswap_v3_arbitrum,0x135e49cc315fed87f989e072ee11132686cf84f3;0x1aeedd3727a6431b8f070c0afaa81cc74f273882;0xc99be44383bc8d82357f5a1d9ae9976ee9d75bee;0xd3b190d7e8b7f91ffd1827a5611c1958c7e2623a8214d75bbd700917a42491dc;0xdf143f7041369841f71fdd966cffff626b3c119d9444326e6cc348dbc5026f55,-0.02981029810298097,-0.013966480446927498,0.034916201117318524,0.04189944134078205
2026-05-02,GMX,7.06,809421.3560357101,110891.21778632885,920312.573822039,0.12049299438102853,7.299237687111946,10,binance;bitget;bybit;crypto_com;gate;htx;kraken;kucoin;mexc;okx,arbitrum,arbitrum,5,camelot-v3;uniswap-v4-arbitrum;uniswap_v3_arbitrum,0x135e49cc315fed87f989e072ee11132686cf84f3;0x1aeedd3727a6431b8f070c0afaa81cc74f273882;0xc99be44383bc8d82357f5a1d9ae9976ee9d75bee;0xd3b190d7e8b7f91ffd1827a5611c1958c7e2623a8214d75bbd700917a42491dc;0xdf143f7041369841f71fdd966cffff626b3c119d9444326e6cc348dbc5026f55,-0.013966480446927498,0.008498583569405138,0.03824362606232312,0.062322946175637384
2026-05-03,GMX,7.12,1680366.172795826,97549.03540857138,1777915.2082043975,0.05486709093798172,17.225861493738325,10,binance;bitget;bybit;crypto_com;gate;htx;kraken;kucoin;mexc;okx,arbitrum,arbitrum,5,camelot-v3;uniswap-v4-arbitrum;uniswap_v3_arbitrum,0x135e49cc315fed87f989e072ee11132686cf84f3;0x1aeedd3727a6431b8f070c0afaa81cc74f273882;0xc99be44383bc8d82357f5a1d9ae9976ee9d75bee;0xd3b190d7e8b7f91ffd1827a5611c1958c7e2623a8214d75bbd700917a42491dc;0xdf143f7041369841f71fdd966cffff626b3c119d9444326e6cc348dbc5026f55,0.008498583569405138,0.04073033707865159,0.02949438202247201,0.07162921348314599
2026-05-04,GMX,7.41,1437292.410157152,185984.0491740185,1623276.4593311704,0.11457324358085527,7.728041283864778,10,binance;bitget;bybit;crypto_com;gate;htx;kraken;kucoin;mexc;okx,arbitrum,arbitrum,5,camelot-v3;uniswap-v4-arbitrum;uniswap_v3_arbitrum,0x135e49cc315fed87f989e072ee11132686cf84f3;0x1aeedd3727a6431b8f070c0afaa81cc74f273882;0xc99be44383bc8d82357f5a1d9ae9976ee9d75bee;0xd3b190d7e8b7f91ffd1827a5611c1958c7e2623a8214d75bbd700917a42491dc;0xdf143f7041369841f71fdd966cffff626b3c119d9444326e6cc348dbc5026f55,0.04073033707865159,-0.010796221322537103,-0.02429149797570851,0.02429149797570851
2026-05-05,GMX,7.33,2304021.877787474,77157.05046022419,2381178.928247698,0.0324028780638521,29.861456134527042,10,binance;bitget;bybit;crypto_com;gate;htx;kraken;kucoin;mexc;okx,arbitrum,arbitrum,5,camelot-v3;uniswap-v4-arbitrum;uniswap_v3_arbitrum,0x135e49cc315fed87f989e072ee11132686cf84f3;0x1aeedd3727a6431b8f070c0afaa81cc74f273882;0xc99be44383bc8d82357f5a1d9ae9976ee9d75bee;0xd3b190d7e8b7f91ffd1827a5611c1958c7e2623a8214d75bbd700917a42491dc;0xdf143f7041369841f71fdd966cffff626b3c119d9444326e6cc348dbc5026f55,-0.010796221322537103,0.0,0.017735334242837686,-0.016371077762619368
2026-05-06,GMX,7.33,3613361.5090691606,80317.96278980325,3693679.471858964,0.02174470291797697,44.988211647319,10,binance;bitget;bybit;crypto_com;gate;htx;kraken;kucoin;mexc;okx,arbitrum,arbitrum,5,camelot-v3;uniswap-v4-arbitrum;uniswap_v3_arbitrum,0x135e49cc315fed87f989e072ee11132686cf84f3;0x1aeedd3727a6431b8f070c0afaa81cc74f273882;0xc99be44383bc8d82357f5a1d9ae9976ee9d75bee;0xd3b190d7e8b7f91ffd1827a5611c1958c7e2623a8214d75bbd700917a42491dc;0xdf143f7041369841f71fdd966cffff626b3c119d9444326e6cc348dbc5026f55,0.0,-0.013642564802182733,0.023192360163710735,-0.04092769440654842
2026-05-07,GMX,7.23,2062629.1790627488,178183.6383690017,2240812.8174317507,0.07951741304890529,11.575861835255806,10,binance;bitget;bybit;crypto_com;gate;htx;kraken;kucoin;mexc;okx,arbitrum,arbitrum,5,camelot-v3;uniswap-v4-arbitrum;uniswap_v3_arbitrum,0x135e49cc315fed87f989e072ee11132686cf84f3;0x1aeedd3727a6431b8f070c0afaa81cc74f273882;0xc99be44383bc8d82357f5a1d9ae9976ee9d75bee;0xd3b190d7e8b7f91ffd1827a5611c1958c7e2623a8214d75bbd700917a42491dc;0xdf143f7041369841f71fdd966cffff626b3c119d9444326e6cc348dbc5026f55,-0.013642564802182733,0.03181189488243419,0.05532503457814664,-0.015214384508990375
2026-05-08,GMX,7.46,1370266.0350555752,114828.65891967271,1485094.693975248,0.07732076572996399,11.933136274056215,10,binance;bitget;bybit;crypto_com;gate;htx;kraken;kucoin;mexc;okx,arbitrum,arbitrum,5,camelot-v3;uniswap-v4-arbitrum;uniswap_v3_arbitrum,0x135e49cc315fed87f989e072ee11132686cf84f3;0x1aeedd3727a6431b8f070c0afaa81cc74f273882;0xc99be44383bc8d82357f5a1d9ae9976ee9d75bee;0xd3b190d7e8b7f91ffd1827a5611c1958c7e2623a8214d75bbd700917a42491dc;0xdf143f7041369841f71fdd966cffff626b3c119d9444326e6cc348dbc5026f55,0.03181189488243419,0.00536193029490617,0.01742627345844494,-0.06836461126005355
2026-05-09,GMX,7.5,1148641.9762508303,114611.20123085659,1263253.177481687,0.09072702390453166,10.022074316603387,10,binance;bitget;bybit;crypto_com;gate;htx;kraken;kucoin;mexc;okx,arbitrum,arbitrum,5,camelot-v3;uniswap-v4-arbitrum;uniswap_v3_arbitrum,0x135e49cc315fed87f989e072ee11132686cf84f3;0x1aeedd3727a6431b8f070c0afaa81cc74f273882;0xc99be44383bc8d82357f5a1d9ae9976ee9d75bee;0xd3b190d7e8b7f91ffd1827a5611c1958c7e2623a8214d75bbd700917a42491dc;0xdf143f7041369841f71fdd966cffff626b3c119d9444326e6cc348dbc5026f55,0.00536193029490617,0.017333333333333423,-0.03866666666666663,-0.10133333333333328
2026-05-10,GMX,7.63,1485784.8844825893,168300.28864991272,1654085.173132502,0.1017482602369176,8.828177874211624,10,binance;bitget;bybit;crypto_com;gate;htx;kraken;kucoin;mexc;okx,arbitrum,arbitrum,5,camelot-v3;uniswap-v4-arbitrum;uniswap_v3_arbitrum,0x135e49cc315fed87f989e072ee11132686cf84f3;0x1aeedd3727a6431b8f070c0afaa81cc74f273882;0xc99be44383bc8d82357f5a1d9ae9976ee9d75bee;0xd3b190d7e8b7f91ffd1827a5611c1958c7e2623a8214d75bbd700917a42491dc;0xdf143f7041369841f71fdd966cffff626b3c119d9444326e6cc348dbc5026f55,0.017333333333333423,-0.005242463958060273,-0.07863695937090431,-0.13499344692005244
2026-05-11,GMX,7.59,1551981.0426823262,90850.59282773899,1642831.6355100651,0.0553012194700839,17.082783880398267,10,binance;bitget;bybit;crypto_com;gate;htx;kraken;kucoin;mexc;okx,arbitrum,arbitrum,5,camelot-v3;uniswap-v4-arbitrum;uniswap_v3_arbitrum,0x135e49cc315fed87f989e072ee11132686cf84f3;0x1aeedd3727a6431b8f070c0afaa81cc74f273882;0xc99be44383bc8d82357f5a1d9ae9976ee9d75bee;0xd3b190d7e8b7f91ffd1827a5611c1958c7e2623a8214d75bbd700917a42491dc;0xdf143f7041369841f71fdd966cffff626b3c119d9444326e6cc348dbc5026f55,-0.005242463958060273,-0.050065876152832645,-0.06192358366271411,-0.12252964426877466
2026-05-12,GMX,7.21,1569447.5750389015,126402.56416087846,1695850.13919978,0.07453639990885279,12.416263747952076,10,binance;bitget;bybit;crypto_com;gate;htx;kraken;kucoin;mexc;okx,arbitrum,arbitrum,5,camelot-v3;uniswap-v4-arbitrum;uniswap_v3_arbitrum,0x135e49cc315fed87f989e072ee11132686cf84f3;0x1aeedd3727a6431b8f070c0afaa81cc74f273882;0xc99be44383bc8d82357f5a1d9ae9976ee9d75bee;0xd3b190d7e8b7f91ffd1827a5611c1958c7e2623a8214d75bbd700917a42491dc;0xdf143f7041369841f71fdd966cffff626b3c119d9444326e6cc348dbc5026f55,-0.050065876152832645,-0.02496532593619971,-0.03606102635228847,-0.09431345353675447
2026-05-13,GMX,7.03,1536176.5916598442,162538.28636800742,1698714.8780278517,0.0956830887103954,9.451167635554766,10,binance;bitget;bybit;crypto_com;gate;htx;kraken;kucoin;mexc;okx,arbitrum,arbitrum,5,camelot-v3;uniswap-v4-arbitrum;uniswap_v3_arbitrum,0x135e49cc315fed87f989e072ee11132686cf84f3;0x1aeedd3727a6431b8f070c0afaa81cc74f273882;0xc99be44383bc8d82357f5a1d9ae9976ee9d75bee;0xd3b190d7e8b7f91ffd1827a5611c1958c7e2623a8214d75bbd700917a42491dc;0xdf143f7041369841f71fdd966cffff626b3c119d9444326e6cc348dbc5026f55,-0.02496532593619971,0.012802275960170695,-0.04125177809388336,-0.05832147937411092
2026-05-14,GMX,7.12,2120421.087125497,98681.91885258393,2219103.005978081,0.04446928267265781,21.48743267034653,10,binance;bitget;bybit;crypto_com;gate;htx;kraken;kucoin;mexc;okx,arbitrum,arbitrum,5,camelot-v3;uniswap-v4-arbitrum;uniswap_v3_arbitrum,0x135e49cc315fed87f989e072ee11132686cf84f3;0x1aeedd3727a6431b8f070c0afaa81cc74f273882;0xc99be44383bc8d82357f5a1d9ae9976ee9d75bee;0xd3b190d7e8b7f91ffd1827a5611c1958c7e2623a8214d75bbd700917a42491dc;0xdf143f7041369841f71fdd966cffff626b3c119d9444326e6cc348dbc5026f55,0.012802275960170695,-0.023876404494381998,-0.0730337078651686,-0.008426966292134908
2026-05-15,GMX,6.95,1159923.0839658647,157865.34687097042,1317788.4308368352,0.11979566915056401,7.3475471783805455,10,binance;bitget;bybit;crypto_com;gate;htx;kraken;kucoin;mexc;okx,arbitrum,arbitrum,5,camelot-v3;uniswap-v4-arbitrum;uniswap_v3_arbitrum,0x135e49cc315fed87f989e072ee11132686cf84f3;0x1aeedd3727a6431b8f070c0afaa81cc74f273882;0xc99be44383bc8d82357f5a1d9ae9976ee9d75bee;0xd3b190d7e8b7f91ffd1827a5611c1958c7e2623a8214d75bbd700917a42491dc;0xdf143f7041369841f71fdd966cffff626b3c119d9444326e6cc348dbc5026f55,-0.023876404494381998,-0.030215827338129442,-0.04172661870503602,-0.02302158273381294
2026-05-16,GMX,6.74,772409.670663773,90538.47996108605,862948.150624859,0.10491763600805833,8.531286045400353,10,binance;bitget;bybit;crypto_com;gate;htx;kraken;kucoin;mexc;okx,arbitrum,arbitrum,5,camelot-v3;uniswap-v4-arbitrum;uniswap_v3_arbitrum,0x135e49cc315fed87f989e072ee11132686cf84f3;0x1aeedd3727a6431b8f070c0afaa81cc74f273882;0xc99be44383bc8d82357f5a1d9ae9976ee9d75bee;0xd3b190d7e8b7f91ffd1827a5611c1958c7e2623a8214d75bbd700917a42491dc;0xdf143f7041369841f71fdd966cffff626b3c119d9444326e6cc348dbc5026f55,-0.030215827338129442,-0.020771513353115778,-0.03115727002967361,0.03412462908011871
2026-05-17,GMX,6.6,1765135.739478304,92585.60672798216,1857721.3462062862,0.04983826391242921,19.064904382646628,10,binance;bitget;bybit;crypto_com;gate;htx;kraken;kucoin;mexc;okx,arbitrum,arbitrum,5,camelot-v3;uniswap-v4-arbitrum;uniswap_v3_arbitrum,0x135e49cc315fed87f989e072ee11132686cf84f3;0x1aeedd3727a6431b8f070c0afaa81cc74f273882;0xc99be44383bc8d82357f5a1d9ae9976ee9d75bee;0xd3b190d7e8b7f91ffd1827a5611c1958c7e2623a8214d75bbd700917a42491dc;0xdf143f7041369841f71fdd966cffff626b3c119d9444326e6cc348dbc5026f55,-0.020771513353115778,0.00909090909090926,0.003030303030303161,0.01969696969696977
2026-05-18,GMX,6.66,1766004.975917306,143629.86156493114,1909634.8374822373,0.07521326001483104,12.29552794019051,10,binance;bitget;bybit;crypto_com;gate;htx;kraken;kucoin;mexc;okx,arbitrum,arbitrum,5,camelot-v3;uniswap-v4-arbitrum;uniswap_v3_arbitrum,0x135e49cc315fed87f989e072ee11132686cf84f3;0x1aeedd3727a6431b8f070c0afaa81cc74f273882;0xc99be44383bc8d82357f5a1d9ae9976ee9d75bee;0xd3b190d7e8b7f91ffd1827a5611c1958c7e2623a8214d75bbd700917a42491dc;0xdf143f7041369841f71fdd966cffff626b3c119d9444326e6cc348dbc5026f55,0.00909090909090926,-0.019519519519519468,0.06006006006006004,-0.028528528528528607
2026-05-19,GMX,6.53,1557859.1487400495,164188.0969752975,1722047.245715347,0.0953447110024516,9.488258755897714,10,binance;bitget;bybit;crypto_com;gate;htx;kraken;kucoin;mexc;okx,arbitrum,arbitrum,5,camelot-v3;uniswap-v4-arbitrum;uniswap_v3_arbitrum,0x135e49cc315fed87f989e072ee11132686cf84f3;0x1aeedd3727a6431b8f070c0afaa81cc74f273882;0xc99be44383bc8d82357f5a1d9ae9976ee9d75bee;0xd3b190d7e8b7f91ffd1827a5611c1958c7e2623a8214d75bbd700917a42491dc;0xdf143f7041369841f71fdd966cffff626b3c119d9444326e6cc348dbc5026f55,-0.019519519519519468,0.013782542113323082,0.039816232771822335,-0.012251148545176171
2026-05-20,GMX,6.62,1845040.811035322,127395.29017711118,1972436.1012124333,0.0645877907521581,14.482802374171413,10,binance;bitget;bybit;crypto_com;gate;htx;kraken;kucoin;mexc;okx,arbitrum,arbitrum,5,camelot-v3;uniswap-v4-arbitrum;uniswap_v3_arbitrum,0x135e49cc315fed87f989e072ee11132686cf84f3;0x1aeedd3727a6431b8f070c0afaa81cc74f273882;0xc99be44383bc8d82357f5a1d9ae9976ee9d75bee;0xd3b190d7e8b7f91ffd1827a5611c1958c7e2623a8214d75bbd700917a42491dc;0xdf143f7041369841f71fdd966cffff626b3c119d9444326e6cc348dbc5026f55,0.013782542113323082,0.06646525679758297,0.052870090634441036,-0.04078549848942603
2026-05-21,GMX,7.06,1548503.6752946696,258043.90934244264,1806547.5846371122,0.14283814693664815,6.000930923890534,10,binance;bitget;bybit;crypto_com;gate;htx;kraken;kucoin;mexc;okx,arbitrum,arbitrum,5,camelot-v3;uniswap-v4-arbitrum;uniswap_v3_arbitrum,0x135e49cc315fed87f989e072ee11132686cf84f3;0x1aeedd3727a6431b8f070c0afaa81cc74f273882;0xc99be44383bc8d82357f5a1d9ae9976ee9d75bee;0xd3b190d7e8b7f91ffd1827a5611c1958c7e2623a8214d75bbd700917a42491dc;0xdf143f7041369841f71fdd966cffff626b3c119d9444326e6cc348dbc5026f55,0.06646525679758297,-0.0382436260623229,-0.04674220963172793,-0.11614730878186963
2026-05-22,GMX,6.79,1333372.3658965977,118675.9321383402,1452048.298034938,0.08173001703796268,11.235406723768467,10,binance;bitget;bybit;crypto_com;gate;htx;kraken;kucoin;mexc;okx,arbitrum,arbitrum,5,camelot-v3;uniswap-v4-arbitrum;uniswap_v3_arbitrum,0x135e49cc315fed87f989e072ee11132686cf84f3;0x1aeedd3727a6431b8f070c0afaa81cc74f273882;0xc99be44383bc8d82357f5a1d9ae9976ee9d75bee;0xd3b190d7e8b7f91ffd1827a5611c1958c7e2623a8214d75bbd700917a42491dc;0xdf143f7041369841f71fdd966cffff626b3c119d9444326e6cc348dbc5026f55,-0.0382436260623229,0.026509572901325384,-0.04712812960235646,-0.07216494845360832
2026-05-23,GMX,6.97,1470846.8939244696,141488.21120783384,1612335.1051323034,0.08775360082246905,10.395543779714083,10,binance;bitget;bybit;crypto_com;gate;htx;kraken;kucoin;mexc;okx,arbitrum,arbitrum,5,camelot-v3;uniswap-v4-arbitrum;uniswap_v3_arbitrum,0x135e49cc315fed87f989e072ee11132686cf84f3;0x1aeedd3727a6431b8f070c0afaa81cc74f273882;0xc99be44383bc8d82357f5a1d9ae9976ee9d75bee;0xd3b190d7e8b7f91ffd1827a5611c1958c7e2623a8214d75bbd700917a42491dc;0xdf143f7041369841f71fdd966cffff626b3c119d9444326e6cc348dbc5026f55,0.026509572901325384,-0.03443328550932556,-0.07460545193687229,-0.024390243902439046
2026-05-24,GMX,6.73,1217558.75885659,276574.7323240364,1494133.4911806262,0.18510710987777546,4.402277636230672,10,binance;bitget;bybit;crypto_com;gate;htx;kraken;kucoin;mexc;okx,arbitrum,arbitrum,5,camelot-v3;uniswap-v4-arbitrum;uniswap_v3_arbitrum,0x135e49cc315fed87f989e072ee11132686cf84f3;0x1aeedd3727a6431b8f070c0afaa81cc74f273882;0xc99be44383bc8d82357f5a1d9ae9976ee9d75bee;0xd3b190d7e8b7f91ffd1827a5611c1958c7e2623a8214d75bbd700917a42491dc;0xdf143f7041369841f71fdd966cffff626b3c119d9444326e6cc348dbc5026f55,-0.03443328550932556,-0.038632986627043175,-0.05646359583952465,0.005943536404160454
2026-05-25,GMX,6.47,2278179.1403441294,177090.02179350742,2455269.162137637,0.07212652059675898,12.864525721277275,10,binance;bitget;bybit;crypto_com;gate;htx;kraken;kucoin;mexc;okx,arbitrum,arbitrum,5,camelot-v3;uniswap-v4-arbitrum;uniswap_v3_arbitrum,0x135e49cc315fed87f989e072ee11132686cf84f3;0x1aeedd3727a6431b8f070c0afaa81cc74f273882;0xc99be44383bc8d82357f5a1d9ae9976ee9d75bee;0xd3b190d7e8b7f91ffd1827a5611c1958c7e2623a8214d75bbd700917a42491dc;0xdf143f7041369841f71fdd966cffff626b3c119d9444326e6cc348dbc5026f55,-0.038632986627043175,-0.0030911901081915882,-0.03554868624420393,0.07264296754250399
2026-05-26,GMX,6.45,1015985.7637879273,145549.12101371994,1161534.8848016472,0.12530757613756477,6.98036344508159,10,binance;bitget;bybit;crypto_com;gate;htx;kraken;kucoin;mexc;okx,arbitrum,arbitrum,5,camelot-v3;uniswap-v4-arbitrum;uniswap_v3_arbitrum,0x135e49cc315fed87f989e072ee11132686cf84f3;0x1aeedd3727a6431b8f070c0afaa81cc74f273882;0xc99be44383bc8d82357f5a1d9ae9976ee9d75bee;0xd3b190d7e8b7f91ffd1827a5611c1958c7e2623a8214d75bbd700917a42491dc;0xdf143f7041369841f71fdd966cffff626b3c119d9444326e6cc348dbc5026f55,-0.0030911901081915882,-0.015503875968992276,-0.023255813953488413,-0.037209302325581395
2026-05-27,GMX,6.35,2111474.1112957047,197333.9143696123,2308808.025665317,0.08547004002757987,10.7000062206279,10,binance;bitget;bybit;crypto_com;gate;htx;kraken;kucoin;mexc;okx,arbitrum,arbitrum,5,camelot-v3;uniswap-v4-arbitrum;uniswap_v3_arbitrum,0x135e49cc315fed87f989e072ee11132686cf84f3;0x1aeedd3727a6431b8f070c0afaa81cc74f273882;0xc99be44383bc8d82357f5a1d9ae9976ee9d75bee;0xd3b190d7e8b7f91ffd1827a5611c1958c7e2623a8214d75bbd700917a42491dc;0xdf143f7041369841f71fdd966cffff626b3c119d9444326e6cc348dbc5026f55,-0.015503875968992276,-0.017322834645669194,0.07086614173228356,-0.028346456692913358
2026-05-28,GMX,6.24,1855554.0324989255,199860.75211553104,2055414.7846144566,0.09723621412649312,9.284234212359554,10,binance;bitget;bybit;crypto_com;gate;htx;kraken;kucoin;mexc;okx,arbitrum,arbitrum,5,camelot-v3;uniswap-v4-arbitrum;uniswap_v3_arbitrum,0x135e49cc315fed87f989e072ee11132686cf84f3;0x1aeedd3727a6431b8f070c0afaa81cc74f273882;0xc99be44383bc8d82357f5a1d9ae9976ee9d75bee;0xd3b190d7e8b7f91ffd1827a5611c1958c7e2623a8214d75bbd700917a42491dc;0xdf143f7041369841f71fdd966cffff626b3c119d9444326e6cc348dbc5026f55,-0.017322834645669194,0.009615384615384581,0.08493589743589736,-0.08974358974358987
2026-05-29,GMX,6.3,3144647.4353364375,166764.21905427607,3311411.6543907137,0.05036046147665081,18.856847429081668,10,binance;bitget;bybit;crypto_com;gate;htx;kraken;kucoin;mexc;okx,arbitrum,arbitrum,5,camelot-v3;uniswap-v4-arbitrum;uniswap_v3_arbitrum,0x135e49cc315fed87f989e072ee11132686cf84f3;0x1aeedd3727a6431b8f070c0afaa81cc74f273882;0xc99be44383bc8d82357f5a1d9ae9976ee9d75bee;0xd3b190d7e8b7f91ffd1827a5611c1958c7e2623a8214d75bbd700917a42491dc;0xdf143f7041369841f71fdd966cffff626b3c119d9444326e6cc348dbc5026f55,0.009615384615384581,0.0793650793650793,0.10158730158730167,-0.13968253968253963
2026-05-30,GMX,6.8,1936266.8550484802,213485.1213951567,2149751.9764436367,0.0993068613191034,9.069797662688114,10,binance;bitget;bybit;crypto_com;gate;htx;kraken;kucoin;mexc;okx,arbitrum,arbitrum,5,camelot-v3;uniswap-v4-arbitrum;uniswap_v3_arbitrum,0x135e49cc315fed87f989e072ee11132686cf84f3;0x1aeedd3727a6431b8f070c0afaa81cc74f273882;0xc99be44383bc8d82357f5a1d9ae9976ee9d75bee;0xd3b190d7e8b7f91ffd1827a5611c1958c7e2623a8214d75bbd700917a42491dc;0xdf143f7041369841f71fdd966cffff626b3c119d9444326e6cc348dbc5026f55,0.0793650793650793,-0.004411764705882337,-0.08676470588235297,-0.20147058823529418
2026-05-31,GMX,6.77,1449678.4319986727,178202.729970266,1627881.1619689385,0.10946912719029687,8.134995643672568,10,binance;bitget;bybit;crypto_com;gate;htx;kraken;kucoin;mexc;okx,arbitrum,arbitrum,5,camelot-v3;uniswap-v4-arbitrum;uniswap_v3_arbitrum,0x135e49cc315fed87f989e072ee11132686cf84f3;0x1aeedd3727a6431b8f070c0afaa81cc74f273882;0xc99be44383bc8d82357f5a1d9ae9976ee9d75bee;0xd3b190d7e8b7f91ffd1827a5611c1958c7e2623a8214d75bbd700917a42491dc;0xdf143f7041369841f71fdd966cffff626b3c119d9444326e6cc348dbc5026f55,-0.004411764705882337,0.02511078286558366,-0.08862629246676512,-0.15509601181683896
2026-06-01,GMX,6.94,2349004.3232103786,189081.43066373354,2538085.7538741124,0.07449765256162888,12.423241748090526,10,binance;bitget;bybit;crypto_com;gate;htx;kraken;kucoin;mexc;okx,arbitrum,arbitrum,5,camelot-v3;uniswap-v4-arbitrum;uniswap_v3_arbitrum,0x135e49cc315fed87f989e072ee11132686cf84f3;0x1aeedd3727a6431b8f070c0afaa81cc74f273882;0xc99be44383bc8d82357f5a1d9ae9976ee9d75bee;0xd3b190d7e8b7f91ffd1827a5611c1958c7e2623a8214d75bbd700917a42491dc;0xdf143f7041369841f71fdd966cffff626b3c119d9444326e6cc348dbc5026f55,0.02511078286558366,-0.1051873198847263,-0.18155619596541794,-0.17867435158501443
2026-06-02,GMX,6.21,2985382.4937188304,199195.5814863938,3184578.075205224,0.0625500699880178,14.987192343534733,10,binance;bitget;bybit;crypto_com;gate;htx;kraken;kucoin;mexc;okx,arbitrum,arbitrum,5,camelot-v3;uniswap-v4-arbitrum;uniswap_v3_arbitrum,0x135e49cc315fed87f989e072ee11132686cf84f3;0x1aeedd3727a6431b8f070c0afaa81cc74f273882;0xc99be44383bc8d82357f5a1d9ae9976ee9d75bee;0xd3b190d7e8b7f91ffd1827a5611c1958c7e2623a8214d75bbd700917a42491dc;0xdf143f7041369841f71fdd966cffff626b3c119d9444326e6cc348dbc5026f55,-0.1051873198847263,-0.006441223832528209,-0.12721417069243157,-0.10466988727858295
2026-06-03,GMX,6.17,2573631.887650136,419761.7708334388,2993393.6584835746,0.14022939136113696,6.1311726471426375,10,binance;bitget;bybit;crypto_com;gate;htx;kraken;kucoin;mexc;okx,arbitrum,arbitrum,5,camelot-v3;uniswap-v4-arbitrum;uniswap_v3_arbitrum,0x135e49cc315fed87f989e072ee11132686cf84f3;0x1aeedd3727a6431b8f070c0afaa81cc74f273882;0xc99be44383bc8d82357f5a1d9ae9976ee9d75bee;0xd3b190d7e8b7f91ffd1827a5611c1958c7e2623a8214d75bbd700917a42491dc;0xdf143f7041369841f71fdd966cffff626b3c119d9444326e6cc348dbc5026f55,-0.006441223832528209,-0.0794165316045381,-0.11993517017828204,-0.12155591572123181
2026-06-04,GMX,5.68,3434228.867953754,261830.71873941136,3696059.5866931654,0.0708405025941882,13.11621831268657,10,binance;bitget;bybit;crypto_com;gate;htx;kraken;kucoin;mexc;okx,arbitrum,arbitrum,5,camelot-v3;uniswap-v4-arbitrum;uniswap_v3_arbitrum,0x135e49cc315fed87f989e072ee11132686cf84f3;0x1aeedd3727a6431b8f070c0afaa81cc74f273882;0xc99be44383bc8d82357f5a1d9ae9976ee9d75bee;0xd3b190d7e8b7f91ffd1827a5611c1958c7e2623a8214d75bbd700917a42491dc;0xdf143f7041369841f71fdd966cffff626b3c119d9444326e6cc348dbc5026f55,-0.0794165316045381,-0.04577464788732388,0.007042253521126751,-0.03169014084507038
2026-06-05,GMX,5.42,4236887.075442652,330265.948903674,4567153.0243463265,0.07231330921979416,12.828713009945783,10,binance;bitget;bybit;crypto_com;gate;htx;kraken;kucoin;mexc;okx,arbitrum,arbitrum,5,camelot-v3;uniswap-v4-arbitrum;uniswap_v3_arbitrum,0x135e49cc315fed87f989e072ee11132686cf84f3;0x1aeedd3727a6431b8f070c0afaa81cc74f273882;0xc99be44383bc8d82357f5a1d9ae9976ee9d75bee;0xd3b190d7e8b7f91ffd1827a5611c1958c7e2623a8214d75bbd700917a42491dc;0xdf143f7041369841f71fdd966cffff626b3c119d9444326e6cc348dbc5026f55,-0.04577464788732388,0.0018450184501843658,0.05166051660516602,0.025830258302582898
2026-06-06,GMX,5.43,1351428.863099778,138211.7468102034,1489640.6099099815,0.09278194075184046,9.777959502643444,10,binance;bitget;bybit;crypto_com;gate;htx;kraken;kucoin;mexc;okx,arbitrum,arbitrum,5,camelot-v3;uniswap-v4-arbitrum;uniswap_v3_arbitrum,0x135e49cc315fed87f989e072ee11132686cf84f3;0x1aeedd3727a6431b8f070c0afaa81cc74f273882;0xc99be44383bc8d82357f5a1d9ae9976ee9d75bee;0xd3b190d7e8b7f91ffd1827a5611c1958c7e2623a8214d75bbd700917a42491dc;0xdf143f7041369841f71fdd966cffff626b3c119d9444326e6cc348dbc5026f55,0.0018450184501843658,0.05340699815837935,0.023941068139963217,0.03130755064456725
2026-06-07,GMX,5.72,1548438.3802904775,110928.02176995324,1659366.4020604307,0.0668496250329127,13.958947032352999,10,binance;bitget;bybit;crypto_com;gate;htx;kraken;kucoin;mexc;okx,arbitrum,arbitrum,5,camelot-v3;uniswap-v4-arbitrum;uniswap_v3_arbitrum,0x135e49cc315fed87f989e072ee11132686cf84f3;0x1aeedd3727a6431b8f070c0afaa81cc74f273882;0xc99be44383bc8d82357f5a1d9ae9976ee9d75bee;0xd3b190d7e8b7f91ffd1827a5611c1958c7e2623a8214d75bbd700917a42491dc;0xdf143f7041369841f71fdd966cffff626b3c119d9444326e6cc348dbc5026f55,0.05340699815837935,-0.0034965034965034336,-0.05244755244755239,0.013986013986013957
2026-06-08,GMX,5.7,2080177.9422881259,133405.96777064566,2213583.9100587717,0.06026695765380029,15.592840238334851,10,binance;bitget;bybit;crypto_com;gate;htx;kraken;kucoin;mexc;okx,arbitrum,arbitrum,5,camelot-v3;uniswap-v4-arbitrum;uniswap_v3_arbitrum,0x135e49cc315fed87f989e072ee11132686cf84f3;0x1aeedd3727a6431b8f070c0afaa81cc74f273882;0xc99be44383bc8d82357f5a1d9ae9976ee9d75bee;0xd3b190d7e8b7f91ffd1827a5611c1958c7e2623a8214d75bbd700917a42491dc;0xdf143f7041369841f71fdd966cffff626b3c119d9444326e6cc348dbc5026f55,-0.0034965034965034336,-0.024561403508772006,-0.03508771929824561,0.03684210526315779
2026-06-09,GMX,5.56,1509256.1273202621,102669.45270961928,1611925.5800298813,0.06369366798417334,14.700147779972118,10,binance;bitget;bybit;crypto_com;gate;htx;kraken;kucoin;mexc;okx,arbitrum,arbitrum,5,camelot-v3;uniswap-v4-arbitrum;uniswap_v3_arbitrum,0x135e49cc315fed87f989e072ee11132686cf84f3;0x1aeedd3727a6431b8f070c0afaa81cc74f273882;0xc99be44383bc8d82357f5a1d9ae9976ee9d75bee;0xd3b190d7e8b7f91ffd1827a5611c1958c7e2623a8214d75bbd700917a42491dc;0xdf143f7041369841f71fdd966cffff626b3c119d9444326e6cc348dbc5026f55,-0.024561403508772006,-0.025179856115107868,0.0,0.06654676258992809
2026-06-10,GMX,5.42,2563319.528804808,99467.88175158665,2662787.4105563946,0.03735479646525843,25.770323884110656,10,binance;bitget;bybit;crypto_com;gate;htx;kraken;kucoin;mexc;okx,arbitrum,arbitrum,5,camelot-v3;uniswap-v4-arbitrum;uniswap_v3_arbitrum,0x135e49cc315fed87f989e072ee11132686cf84f3;0x1aeedd3727a6431b8f070c0afaa81cc74f273882;0xc99be44383bc8d82357f5a1d9ae9976ee9d75bee;0xd3b190d7e8b7f91ffd1827a5611c1958c7e2623a8214d75bbd700917a42491dc;0xdf143f7041369841f71fdd966cffff626b3c119d9444326e6cc348dbc5026f55,-0.025179856115107868,0.014760147601476037,0.03321033210332103,0.07564575645756455
2026-06-11,GMX,5.5,1755837.8448465955,165427.98557324993,1921265.8304198454,0.08610364216861115,10.613910571190068,10,binance;bitget;bybit;crypto_com;gate;htx;kraken;kucoin;mexc;okx,arbitrum,arbitrum,5,camelot-v3;uniswap-v4-arbitrum;uniswap_v3_arbitrum,0x135e49cc315fed87f989e072ee11132686cf84f3;0x1aeedd3727a6431b8f070c0afaa81cc74f273882;0xc99be44383bc8d82357f5a1d9ae9976ee9d75bee;0xd3b190d7e8b7f91ffd1827a5611c1958c7e2623a8214d75bbd700917a42491dc;0xdf143f7041369841f71fdd966cffff626b3c119d9444326e6cc348dbc5026f55,0.014760147601476037,0.010909090909090757,0.05454545454545445,0.023636363636363678
2026-06-12,GMX,5.56,1455498.7903592344,85942.6659703298,1541441.4563295643,0.0557547389279214,16.935695139614587,10,binance;bitget;bybit;crypto_com;gate;htx;kraken;kucoin;mexc;okx,arbitrum,arbitrum,5,camelot-v3;uniswap-v4-arbitrum;uniswap_v3_arbitrum,0x135e49cc315fed87f989e072ee11132686cf84f3;0x1aeedd3727a6431b8f070c0afaa81cc74f273882;0xc99be44383bc8d82357f5a1d9ae9976ee9d75bee;0xd3b190d7e8b7f91ffd1827a5611c1958c7e2623a8214d75bbd700917a42491dc;0xdf143f7041369841f71fdd966cffff626b3c119d9444326e6cc348dbc5026f55,0.010909090909090757,0.007194244604316502,0.06294964028776984,0.06474820143884896
2026-06-13,GMX,5.6,2113403.259485345,67400.3608009621,2180803.620286307,0.030906203646210675,31.355963593820665,10,binance;bitget;bybit;crypto_com;gate;htx;kraken;kucoin;mexc;okx,arbitrum,arbitrum,5,camelot-v3;uniswap-v4-arbitrum;uniswap_v3_arbitrum,0x135e49cc315fed87f989e072ee11132686cf84f3;0x1aeedd3727a6431b8f070c0afaa81cc74f273882;0xc99be44383bc8d82357f5a1d9ae9976ee9d75bee;0xd3b190d7e8b7f91ffd1827a5611c1958c7e2623a8214d75bbd700917a42491dc;0xdf143f7041369841f71fdd966cffff626b3c119d9444326e6cc348dbc5026f55,0.007194244604316502,0.03571428571428581,0.05892857142857144,0.08928571428571419
2026-06-14,GMX,5.8,2077399.8306783468,200652.5869317149,2278052.417610062,0.08808075941563386,10.353217281894887,10,binance;bitget;bybit;crypto_com;gate;htx;kraken;kucoin;mexc;okx,arbitrum,arbitrum,5,camelot-v3;uniswap-v4-arbitrum;uniswap_v3_arbitrum,0x135e49cc315fed87f989e072ee11132686cf84f3;0x1aeedd3727a6431b8f070c0afaa81cc74f273882;0xc99be44383bc8d82357f5a1d9ae9976ee9d75bee;0xd3b190d7e8b7f91ffd1827a5611c1958c7e2623a8214d75bbd700917a42491dc;0xdf143f7041369841f71fdd966cffff626b3c119d9444326e6cc348dbc5026f55,0.03571428571428581,0.018965517241379404,0.005172413793103514,0.005172413793103514
2026-06-15,GMX,5.91,773709.2100634065,91222.57517331606,864931.7852367226,0.10546794178496911,8.481554139350013,10,binance;bitget;bybit;crypto_com;gate;htx;kraken;kucoin;mexc;okx,arbitrum,arbitrum,5,camelot-v3;uniswap-v4-arbitrum;uniswap_v3_arbitrum,0x135e49cc315fed87f989e072ee11132686cf84f3;0x1aeedd3727a6431b8f070c0afaa81cc74f273882;0xc99be44383bc8d82357f5a1d9ae9976ee9d75bee;0xd3b190d7e8b7f91ffd1827a5611c1958c7e2623a8214d75bbd700917a42491dc;0xdf143f7041369841f71fdd966cffff626b3c119d9444326e6cc348dbc5026f55,0.018965517241379404,0.0033840947546530664,-0.04737732656514382,-0.020304568527918843
2026-06-16,GMX,5.93,1938292.1845587536,79737.4159693409,2018029.6005280945,0.039512510593736866,24.308439908612396,10,binance;bitget;bybit;crypto_com;gate;htx;kraken;kucoin;mexc;okx,arbitrum,arbitrum,5,camelot-v3;uniswap-v4-arbitrum;uniswap_v3_arbitrum,0x135e49cc315fed87f989e072ee11132686cf84f3;0x1aeedd3727a6431b8f070c0afaa81cc74f273882;0xc99be44383bc8d82357f5a1d9ae9976ee9d75bee;0xd3b190d7e8b7f91ffd1827a5611c1958c7e2623a8214d75bbd700917a42491dc;0xdf143f7041369841f71fdd966cffff626b3c119d9444326e6cc348dbc5026f55,0.0033840947546530664,-0.01686340640809436,-0.001686340640809414,-0.06408094435075884
2026-06-17,GMX,5.83,1892372.193034699,129835.26884734623,2022207.4618820453,0.06420472246033057,14.57517829966259,10,binance;bitget;bybit;crypto_com;gate;htx;kraken;kucoin;mexc;okx,arbitrum,arbitrum,5,camelot-v3;uniswap-v4-arbitrum;uniswap_v3_arbitrum,0x135e49cc315fed87f989e072ee11132686cf84f3;0x1aeedd3727a6431b8f070c0afaa81cc74f273882;0xc99be44383bc8d82357f5a1d9ae9976ee9d75bee;0xd3b190d7e8b7f91ffd1827a5611c1958c7e2623a8214d75bbd700917a42491dc;0xdf143f7041369841f71fdd966cffff626b3c119d9444326e6cc348dbc5026f55,-0.01686340640809436,-0.03430531732418529,0.046312178387650116,-0.0823327615780447
2026-06-18,GMX,5.63,1812771.258009199,77231.34781042962,1890002.6058196286,0.04086309065004546,23.471961961078133,10,binance;bitget;bybit;crypto_com;gate;htx;kraken;kucoin;mexc;okx,arbitrum,arbitrum,5,camelot-v3;uniswap-v4-arbitrum;uniswap_v3_arbitrum,0x135e49cc315fed87f989e072ee11132686cf84f3;0x1aeedd3727a6431b8f070c0afaa81cc74f273882;0xc99be44383bc8d82357f5a1d9ae9976ee9d75bee;0xd3b190d7e8b7f91ffd1827a5611c1958c7e2623a8214d75bbd700917a42491dc;0xdf143f7041369841f71fdd966cffff626b3c119d9444326e6cc348dbc5026f55,-0.03430531732418529,0.051509769094138624,0.035523978685612745,-0.060390763765541755
2026-06-19,GMX,5.92,3511362.329283722,114956.52481904949,3626318.8541027717,0.031700611403486796,30.54513290838323,10,binance;bitget;bybit;crypto_com;gate;htx;kraken;kucoin;mexc;okx,arbitrum,arbitrum,5,camelot-v3;uniswap-v4-arbitrum;uniswap_v3_arbitrum,0x135e49cc315fed87f989e072ee11132686cf84f3;0x1aeedd3727a6431b8f070c0afaa81cc74f273882;0xc99be44383bc8d82357f5a1d9ae9976ee9d75bee;0xd3b190d7e8b7f91ffd1827a5611c1958c7e2623a8214d75bbd700917a42491dc;0xdf143f7041369841f71fdd966cffff626b3c119d9444326e6cc348dbc5026f55,0.051509769094138624,0.03040540540540526,-0.02195945945945943,-0.038851351351351315
2026-06-20,GMX,6.1,1161580.3075708954,221640.64147855964,1383220.949049455,0.16023516823604383,5.2408272229407915,10,binance;bitget;bybit;crypto_com;gate;htx;kraken;kucoin;mexc;okx,arbitrum,arbitrum,5,camelot-v3;uniswap-v4-arbitrum;uniswap_v3_arbitrum,0x135e49cc315fed87f989e072ee11132686cf84f3;0x1aeedd3727a6431b8f070c0afaa81cc74f273882;0xc99be44383bc8d82357f5a1d9ae9976ee9d75bee;0xd3b190d7e8b7f91ffd1827a5611c1958c7e2623a8214d75bbd700917a42491dc;0xdf143f7041369841f71fdd966cffff626b3c119d9444326e6cc348dbc5026f55,0.03040540540540526,-0.04426229508196711,-0.0901639344262295,-0.11147540983606552
2026-06-21,GMX,5.83,1817518.146832926,58523.68726545642,1876041.8340983824,0.03119529970054354,31.056111324443414,10,binance;bitget;bybit;crypto_com;gate;htx;kraken;kucoin;mexc;okx,arbitrum,arbitrum,5,camelot-v3;uniswap-v4-arbitrum;uniswap_v3_arbitrum,0x135e49cc315fed87f989e072ee11132686cf84f3;0x1aeedd3727a6431b8f070c0afaa81cc74f273882;0xc99be44383bc8d82357f5a1d9ae9976ee9d75bee;0xd3b190d7e8b7f91ffd1827a5611c1958c7e2623a8214d75bbd700917a42491dc;0xdf143f7041369841f71fdd966cffff626b3c119d9444326e6cc348dbc5026f55,-0.04426229508196711,-0.006861063464837058,-0.0823327615780447,-0.07375643224699824
2026-06-22,GMX,5.79,1472471.32459648,66842.9800329892,1539314.3046294693,0.04342386725827191,22.028810263542518,10,binance;bitget;bybit;crypto_com;gate;htx;kraken;kucoin;mexc;okx,arbitrum,arbitrum,5,camelot-v3;uniswap-v4-arbitrum;uniswap_v3_arbitrum,0x135e49cc315fed87f989e072ee11132686cf84f3;0x1aeedd3727a6431b8f070c0afaa81cc74f273882;0xc99be44383bc8d82357f5a1d9ae9976ee9d75bee;0xd3b190d7e8b7f91ffd1827a5611c1958c7e2623a8214d75bbd700917a42491dc;0xdf143f7041369841f71fdd966cffff626b3c119d9444326e6cc348dbc5026f55,-0.006861063464837058,-0.041450777202072575,-0.08635578583765113,-0.06217616580310892
2026-06-23,GMX,5.55,1622728.288877665,119570.64743691565,1742298.9363145807,0.06862808955725987,13.571292985879342,10,binance;bitget;bybit;crypto_com;gate;htx;kraken;kucoin;mexc;okx,arbitrum,arbitrum,5,camelot-v3;uniswap-v4-arbitrum;uniswap_v3_arbitrum,0x135e49cc315fed87f989e072ee11132686cf84f3;0x1aeedd3727a6431b8f070c0afaa81cc74f273882;0xc99be44383bc8d82357f5a1d9ae9976ee9d75bee;0xd3b190d7e8b7f91ffd1827a5611c1958c7e2623a8214d75bbd700917a42491dc;0xdf143f7041369841f71fdd966cffff626b3c119d9444326e6cc348dbc5026f55,-0.041450777202072575,-0.03603603603603611,0.02522522522522541,-0.04504504504504503
2026-06-24,GMX,5.35,3727302.1741442345,187502.6003966181,3914804.7745408528,0.047895772891665925,19.8786692358399,10,binance;bitget;bybit;crypto_com;gate;htx;kraken;kucoin;mexc;okx,arbitrum,arbitrum,5,camelot-v3;uniswap-v4-arbitrum;uniswap_v3_arbitrum,0x135e49cc315fed87f989e072ee11132686cf84f3;0x1aeedd3727a6431b8f070c0afaa81cc74f273882;0xc99be44383bc8d82357f5a1d9ae9976ee9d75bee;0xd3b190d7e8b7f91ffd1827a5611c1958c7e2623a8214d75bbd700917a42491dc;0xdf143f7041369841f71fdd966cffff626b3c119d9444326e6cc348dbc5026f55,-0.03603603603603611,-0.01121495327102795,0.013084112149532867,0.04672897196261672
2026-06-25,GMX,5.29,2025010.3814711634,117645.74172934382,2142656.1232005074,0.05490649687342977,17.21278094476134,10,binance;bitget;bybit;crypto_com;gate;htx;kraken;kucoin;mexc;okx,arbitrum,arbitrum,5,camelot-v3;uniswap-v4-arbitrum;uniswap_v3_arbitrum,0x135e49cc315fed87f989e072ee11132686cf84f3;0x1aeedd3727a6431b8f070c0afaa81cc74f273882;0xc99be44383bc8d82357f5a1d9ae9976ee9d75bee;0xd3b190d7e8b7f91ffd1827a5611c1958c7e2623a8214d75bbd700917a42491dc;0xdf143f7041369841f71fdd966cffff626b3c119d9444326e6cc348dbc5026f55,-0.01121495327102795,0.0756143667296787,0.020793950850661602,0.11909262759924388
2026-06-26,GMX,5.69,2003354.9285801544,164938.36183102775,2168293.290411182,0.0760682895438697,12.14608236883367,10,binance;bitget;bybit;crypto_com;gate;htx;kraken;kucoin;mexc;okx,arbitrum,arbitrum,5,camelot-v3;uniswap-v4-arbitrum;uniswap_v3_arbitrum,0x135e49cc315fed87f989e072ee11132686cf84f3;0x1aeedd3727a6431b8f070c0afaa81cc74f273882;0xc99be44383bc8d82357f5a1d9ae9976ee9d75bee;0xd3b190d7e8b7f91ffd1827a5611c1958c7e2623a8214d75bbd700917a42491dc;0xdf143f7041369841f71fdd966cffff626b3c119d9444326e6cc348dbc5026f55,0.0756143667296787,-0.047451669595782175,-0.04569420035149396,0.05799648506151134
2026-06-27,GMX,5.42,858510.6156144759,90815.50904735418,949326.1246618301,0.09566313060193574,9.453348052773897,10,binance;bitget;bybit;crypto_com;gate;htx;kraken;kucoin;mexc;okx,arbitrum,arbitrum,5,camelot-v3;uniswap-v4-arbitrum;uniswap_v3_arbitrum,0x135e49cc315fed87f989e072ee11132686cf84f3;0x1aeedd3727a6431b8f070c0afaa81cc74f273882;0xc99be44383bc8d82357f5a1d9ae9976ee9d75bee;0xd3b190d7e8b7f91ffd1827a5611c1958c7e2623a8214d75bbd700917a42491dc;0xdf143f7041369841f71fdd966cffff626b3c119d9444326e6cc348dbc5026f55,-0.047451669595782175,-0.0036900369003689537,-0.022140221402214055,0.09594095940959413
2026-06-28,GMX,5.4,1529260.8942581513,32064.95109922939,1561325.8453573806,0.020537001417465083,47.6926002327477,10,binance;bitget;bybit;crypto_com;gate;htx;kraken;kucoin;mexc;okx,arbitrum,arbitrum,5,camelot-v3;uniswap-v4-arbitrum;uniswap_v3_arbitrum,0x135e49cc315fed87f989e072ee11132686cf84f3;0x1aeedd3727a6431b8f070c0afaa81cc74f273882;0xc99be44383bc8d82357f5a1d9ae9976ee9d75bee;0xd3b190d7e8b7f91ffd1827a5611c1958c7e2623a8214d75bbd700917a42491dc;0xdf143f7041369841f71fdd966cffff626b3c119d9444326e6cc348dbc5026f55,-0.0036900369003689537,0.005555555555555536,0.03703703703703698,0.1055555555555554
2026-06-29,GMX,5.43,3389736.497029594,58745.62848744505,3448482.125517039,0.017035213276228648,57.70193603008331,10,binance;bitget;bybit;crypto_com;gate;htx;kraken;kucoin;mexc;okx,arbitrum,arbitrum,5,camelot-v3;uniswap-v4-arbitrum;uniswap_v3_arbitrum,0x135e49cc315fed87f989e072ee11132686cf84f3;0x1aeedd3727a6431b8f070c0afaa81cc74f273882;0xc99be44383bc8d82357f5a1d9ae9976ee9d75bee;0xd3b190d7e8b7f91ffd1827a5611c1958c7e2623a8214d75bbd700917a42491dc;0xdf143f7041369841f71fdd966cffff626b3c119d9444326e6cc348dbc5026f55,0.005555555555555536,-0.023941068139963106,0.09023941068139973,0.09576427255985287
2026-06-30,GMX,5.3,1585245.6253936577,120604.07432898505,1705849.6997226428,0.07070029343651688,13.1442128652255,10,binance;bitget;bybit;crypto_com;gate;htx;kraken;kucoin;mexc;okx,arbitrum,arbitrum,5,camelot-v3;uniswap-v4-arbitrum;uniswap_v3_arbitrum,0x135e49cc315fed87f989e072ee11132686cf84f3;0x1aeedd3727a6431b8f070c0afaa81cc74f273882;0xc99be44383bc8d82357f5a1d9ae9976ee9d75bee;0xd3b190d7e8b7f91ffd1827a5611c1958c7e2623a8214d75bbd700917a42491dc;0xdf143f7041369841f71fdd966cffff626b3c119d9444326e6cc348dbc5026f55,-0.023941068139963106,0.05660377358490565,0.13584905660377355,0.08301886792452828
2026-07-01,GMX,5.6,3114317.5837750994,199160.76058452146,3313478.344359621,0.06010625085977806,15.637204711584841,10,binance;bitget;bybit;crypto_com;gate;htx;kraken;kucoin;mexc;okx,arbitrum,arbitrum,5,camelot-v3;uniswap-v4-arbitrum;uniswap_v3_arbitrum,0x135e49cc315fed87f989e072ee11132686cf84f3;0x1aeedd3727a6431b8f070c0afaa81cc74f273882;0xc99be44383bc8d82357f5a1d9ae9976ee9d75bee;0xd3b190d7e8b7f91ffd1827a5611c1958c7e2623a8214d75bbd700917a42491dc;0xdf143f7041369841f71fdd966cffff626b3c119d9444326e6cc348dbc5026f55,0.05660377358490565,0.05714285714285716,0.06071428571428594,
2026-07-02,GMX,5.92,2744245.101404442,88684.76306934819,2832929.8644737904,0.03130496246359461,30.94381725143184,10,binance;bitget;bybit;crypto_com;gate;htx;kraken;kucoin;mexc;okx,arbitrum,arbitrum,5,camelot-v3;uniswap-v4-arbitrum;uniswap_v3_arbitrum,0x135e49cc315fed87f989e072ee11132686cf84f3;0x1aeedd3727a6431b8f070c0afaa81cc74f273882;0xc99be44383bc8d82357f5a1d9ae9976ee9d75bee;0xd3b190d7e8b7f91ffd1827a5611c1958c7e2623a8214d75bbd700917a42491dc;0xdf143f7041369841f71fdd966cffff626b3c119d9444326e6cc348dbc5026f55,0.05714285714285716,0.016891891891891886,0.008445945945945832,
2026-07-03,GMX,6.02,827980.4022282481,122773.68284523473,950754.0850734828,0.12913295327649912,6.743956709940667,10,binance;bitget;bybit;crypto_com;gate;htx;kraken;kucoin;mexc;okx,arbitrum,arbitrum,5,camelot-v3;uniswap-v4-arbitrum;uniswap_v3_arbitrum,0x135e49cc315fed87f989e072ee11132686cf84f3;0x1aeedd3727a6431b8f070c0afaa81cc74f273882;0xc99be44383bc8d82357f5a1d9ae9976ee9d75bee;0xd3b190d7e8b7f91ffd1827a5611c1958c7e2623a8214d75bbd700917a42491dc;0xdf143f7041369841f71fdd966cffff626b3c119d9444326e6cc348dbc5026f55,0.016891891891891886,-0.013289036544850363,-0.011627906976744096,
2026-07-04,GMX,5.94,1216612.58468703,36725.4739738461,1253338.058660876,0.029302129397622605,33.12721261414994,10,binance;bitget;bybit;crypto_com;gate;htx;kraken;kucoin;mexc;okx,arbitrum,arbitrum,5,camelot-v3;uniswap-v4-arbitrum;uniswap_v3_arbitrum,0x135e49cc315fed87f989e072ee11132686cf84f3;0x1aeedd3727a6431b8f070c0afaa81cc74f273882;0xc99be44383bc8d82357f5a1d9ae9976ee9d75bee;0xd3b190d7e8b7f91ffd1827a5611c1958c7e2623a8214d75bbd700917a42491dc;0xdf143f7041369841f71fdd966cffff626b3c119d9444326e6cc348dbc5026f55,-0.013289036544850363,0.005050505050504972,-0.03367003367003374,
2026-07-05,GMX,5.97,1042743.517354817,124059.90211483274,1166803.4194696497,0.10632459593855324,8.405161535510718,10,binance;bitget;bybit;crypto_com;gate;htx;kraken;kucoin;mexc;okx,arbitrum,arbitrum,5,camelot-v3;uniswap-v4-arbitrum;uniswap_v3_arbitrum,0x135e49cc315fed87f989e072ee11132686cf84f3;0x1aeedd3727a6431b8f070c0afaa81cc74f273882;0xc99be44383bc8d82357f5a1d9ae9976ee9d75bee;0xd3b190d7e8b7f91ffd1827a5611c1958c7e2623a8214d75bbd700917a42491dc;0xdf143f7041369841f71fdd966cffff626b3c119d9444326e6cc348dbc5026f55,0.005050505050504972,-0.00335008375209378,,
2026-07-06,GMX,5.95,1843518.325471408,151831.99294676396,1995350.318418172,0.07609290035201931,12.141830517352103,10,binance;bitget;bybit;crypto_com;gate;htx;kraken;kucoin;mexc;okx,arbitrum,arbitrum,5,camelot-v3;uniswap-v4-arbitrum;uniswap_v3_arbitrum,0x135e49cc315fed87f989e072ee11132686cf84f3;0x1aeedd3727a6431b8f070c0afaa81cc74f273882;0xc99be44383bc8d82357f5a1d9ae9976ee9d75bee;0xd3b190d7e8b7f91ffd1827a5611c1958c7e2623a8214d75bbd700917a42491dc;0xdf143f7041369841f71fdd966cffff626b3c119d9444326e6cc348dbc5026f55,-0.00335008375209378,-0.03529411764705881,,
2026-07-07,GMX,5.74,1838109.5456854904,92223.43419274966,1930332.97987824,0.047775920089479514,19.931046395906144,10,binance;bitget;bybit;crypto_com;gate;htx;kraken;kucoin;mexc;okx,arbitrum,arbitrum,5,camelot-v3;uniswap-v4-arbitrum;uniswap_v3_arbitrum,0x135e49cc315fed87f989e072ee11132686cf84f3;0x1aeedd3727a6431b8f070c0afaa81cc74f273882;0xc99be44383bc8d82357f5a1d9ae9976ee9d75bee;0xd3b190d7e8b7f91ffd1827a5611c1958c7e2623a8214d75bbd700917a42491dc;0xdf143f7041369841f71fdd966cffff626b3c119d9444326e6cc348dbc5026f55,-0.03529411764705881,,,
2026-01-17,GRT,0.04271,10983471.909795813,110462.36988985872,11093934.279685672,0.009957005973266724,99.43179673537114,12,binance;bitget;bybit;coinbase;crypto_com;gate;htx;kraken;kucoin;mexc;okx;upbit,arbitrum;eth,arbitrum;eth,5,sushiswap;uniswap_v2;uniswap_v3_arbitrum,0x2e81ec0b8b4022fac83a21b2f2b4b8f5ed744d70;0x74d0ae8b8e1fca6039707564704a25ad2ee036b0;0x7b504a15ef05f4eed1c07208c5815c49022a0c19;0xbec22ca49e499c752542ca242b708c97739e4baf;0xf782cd5748bfc21d30b03174bb3e30fdd111a897,,-0.05525638023881996,-0.1557012409271833,-0.14422851791149616
2026-01-18,GRT,0.04035,8939619.463517802,65983.55248170333,9005603.015999505,0.007326944388340886,135.48254265328745,12,binance;bitget;bybit;coinbase;crypto_com;gate;htx;kraken;kucoin;mexc;okx;upbit,arbitrum;eth,arbitrum;eth,5,sushiswap;uniswap_v2;uniswap_v3_arbitrum,0x2e81ec0b8b4022fac83a21b2f2b4b8f5ed744d70;0x74d0ae8b8e1fca6039707564704a25ad2ee036b0;0x7b504a15ef05f4eed1c07208c5815c49022a0c19;0xbec22ca49e499c752542ca242b708c97739e4baf;0xf782cd5748bfc21d30b03174bb3e30fdd111a897,-0.05525638023881996,-0.04386617100371737,-0.08798017348203213,-0.1333333333333332
2026-01-19,GRT,0.03858,13934689.328135245,169204.8207024186,14103894.148837663,0.011997028545223673,82.35397354690181,12,binance;bitget;bybit;coinbase;crypto_com;gate;htx;kraken;kucoin;mexc;okx;upbit,arbitrum;eth,arbitrum;eth,5,sushiswap;uniswap_v2;uniswap_v3_arbitrum,0x2e81ec0b8b4022fac83a21b2f2b4b8f5ed744d70;0x74d0ae8b8e1fca6039707564704a25ad2ee036b0;0x7b504a15ef05f4eed1c07208c5815c49022a0c19;0xbec22ca49e499c752542ca242b708c97739e4baf;0xf782cd5748bfc21d30b03174bb3e30fdd111a897,-0.04386617100371737,-0.06531881804043549,-0.054950751684810895,-0.0637636080870918
2026-01-20,GRT,0.03606,8512836.124377718,116089.88294679327,8628926.007324511,0.013453572651828562,73.32969857743204,12,binance;bitget;bybit;coinbase;crypto_com;gate;htx;kraken;kucoin;mexc;okx;upbit,arbitrum;eth,arbitrum;eth,5,sushiswap;uniswap_v2;uniswap_v3_arbitrum,0x2e81ec0b8b4022fac83a21b2f2b4b8f5ed744d70;0x74d0ae8b8e1fca6039707564704a25ad2ee036b0;0x7b504a15ef05f4eed1c07208c5815c49022a0c19;0xbec22ca49e499c752542ca242b708c97739e4baf;0xf782cd5748bfc21d30b03174bb3e30fdd111a897,-0.06531881804043549,0.020521353300055445,0.018580144204104254,0.017193566278424832
2026-01-21,GRT,0.0368,7105553.29322201,163947.31185205185,7269500.605074062,0.022552761291142576,43.34046842826037,12,binance;bitget;bybit;coinbase;crypto_com;gate;htx;kraken;kucoin;mexc;okx;upbit,arbitrum;eth,arbitrum;eth,5,sushiswap;uniswap_v2;uniswap_v3_arbitrum,0x2e81ec0b8b4022fac83a21b2f2b4b8f5ed744d70;0x74d0ae8b8e1fca6039707564704a25ad2ee036b0;0x7b504a15ef05f4eed1c07208c5815c49022a0c19;0xbec22ca49e499c752542ca242b708c97739e4baf;0xf782cd5748bfc21d30b03174bb3e30fdd111a897,0.020521353300055445,-0.009239130434782639,-0.006793478260869623,0.004619565217391486
2026-01-22,GRT,0.03646,5079803.107362342,47903.56624754712,5127706.673609889,0.009342103458079275,106.04227420380109,12,binance;bitget;bybit;coinbase;crypto_com;gate;htx;kraken;kucoin;mexc;okx;upbit,arbitrum;eth,arbitrum;eth,5,sushiswap;uniswap_v2;uniswap_v3_arbitrum,0x2e81ec0b8b4022fac83a21b2f2b4b8f5ed744d70;0x74d0ae8b8e1fca6039707564704a25ad2ee036b0;0x7b504a15ef05f4eed1c07208c5815c49022a0c19;0xbec22ca49e499c752542ca242b708c97739e4baf;0xf782cd5748bfc21d30b03174bb3e30fdd111a897,-0.009239130434782639,0.007405375754251153,-0.040866703236423385,-0.0677454744925946
2026-01-23,GRT,0.03673,3742177.1447272757,40723.45649434335,3782900.601221619,0.010765140506518318,91.89242433895755,12,binance;bitget;bybit;coinbase;crypto_com;gate;htx;kraken;kucoin;mexc;okx;upbit,arbitrum;eth,arbitrum;eth,5,sushiswap;uniswap_v2;uniswap_v3_arbitrum,0x2e81ec0b8b4022fac83a21b2f2b4b8f5ed744d70;0x74d0ae8b8e1fca6039707564704a25ad2ee036b0;0x7b504a15ef05f4eed1c07208c5815c49022a0c19;0xbec22ca49e499c752542ca242b708c97739e4baf;0xf782cd5748bfc21d30b03174bb3e30fdd111a897,0.007405375754251153,-0.004900626191124413,-0.016607677647699437,-0.09937380887557856
2026-01-24,GRT,0.03655,2702933.8082536533,19030.840810868925,2721964.6490645222,0.006991582648734764,142.02913234973565,12,binance;bitget;bybit;coinbase;crypto_com;gate;htx;kraken;kucoin;mexc;okx;upbit,arbitrum;eth,arbitrum;eth,5,sushiswap;uniswap_v2;uniswap_v3_arbitrum,0x2e81ec0b8b4022fac83a21b2f2b4b8f5ed744d70;0x74d0ae8b8e1fca6039707564704a25ad2ee036b0;0x7b504a15ef05f4eed1c07208c5815c49022a0c19;0xbec22ca49e499c752542ca242b708c97739e4baf;0xf782cd5748bfc21d30b03174bb3e30fdd111a897,-0.004900626191124413,-0.04322845417236654,0.003556771545827564,-0.1723666210670315
2026-01-25,GRT,0.03497,6010364.551957302,28514.074030116983,6038878.625987419,0.00472174981418088,210.78589280539381,12,binance;bitget;bybit;coinbase;crypto_com;gate;htx;kraken;kucoin;mexc;okx;upbit,arbitrum;eth,arbitrum;eth,5,sushiswap;uniswap_v2;uniswap_v3_arbitrum,0x2e81ec0b8b4022fac83a21b2f2b4b8f5ed744d70;0x74d0ae8b8e1fca6039707564704a25ad2ee036b0;0x7b504a15ef05f4eed1c07208c5815c49022a0c19;0xbec22ca49e499c752542ca242b708c97739e4baf;0xf782cd5748bfc21d30b03174bb3e30fdd111a897,-0.04322845417236654,0.03288533028309981,0.057191878753217074,-0.15356019445238778
2026-01-26,GRT,0.03612,6907673.021378403,65916.84227347758,6973589.86365188,0.009452354319982724,104.79374895902419,12,binance;bitget;bybit;coinbase;crypto_com;gate;htx;kraken;kucoin;mexc;okx;upbit,arbitrum;eth,arbitrum;eth,5,sushiswap;uniswap_v2;uniswap_v3_arbitrum,0x2e81ec0b8b4022fac83a21b2f2b4b8f5ed744d70;0x74d0ae8b8e1fca6039707564704a25ad2ee036b0;0x7b504a15ef05f4eed1c07208c5815c49022a0c19;0xbec22ca49e499c752542ca242b708c97739e4baf;0xf782cd5748bfc21d30b03174bb3e30fdd111a897,0.03288533028309981,0.015503875968992276,-0.05897009966777411,-0.15642303433001103
2026-01-27,GRT,0.03668,4555000.308172072,41281.50676463544,4596281.814936708,0.008981500357632857,110.33997218517705,12,binance;bitget;bybit;coinbase;crypto_com;gate;htx;kraken;kucoin;mexc;okx;upbit,arbitrum;eth,arbitrum;eth,5,sushiswap;uniswap_v2;uniswap_v3_arbitrum,0x2e81ec0b8b4022fac83a21b2f2b4b8f5ed744d70;0x74d0ae8b8e1fca6039707564704a25ad2ee036b0;0x7b504a15ef05f4eed1c07208c5815c49022a0c19;0xbec22ca49e499c752542ca242b708c97739e4baf;0xf782cd5748bfc21d30b03174bb3e30fdd111a897,0.015503875968992276,0.007906215921483328,-0.09814612868047978,-0.19138495092693564
2026-01-28,GRT,0.03697,5929571.553895987,36263.60355134336,5965835.15744733,0.006078546019843411,163.51302609793532,12,binance;bitget;bybit;coinbase;crypto_com;gate;htx;kraken;kucoin;mexc;okx;upbit,arbitrum;eth,arbitrum;eth,5,sushiswap;uniswap_v2;uniswap_v3_arbitrum,0x2e81ec0b8b4022fac83a21b2f2b4b8f5ed744d70;0x74d0ae8b8e1fca6039707564704a25ad2ee036b0;0x7b504a15ef05f4eed1c07208c5815c49022a0c19;0xbec22ca49e499c752542ca242b708c97739e4baf;0xf782cd5748bfc21d30b03174bb3e30fdd111a897,0.007906215921483328,-0.08060589667297813,-0.18176900189342715,-0.21314579388693533
2026-01-29,GRT,0.03399,6484811.430519115,53264.633857508816,6538076.064376624,0.008146836062022376,121.74703852967421,12,binance;bitget;bybit;coinbase;crypto_com;gate;htx;kraken;kucoin;mexc;okx;upbit,arbitrum;eth,arbitrum;eth,5,sushiswap;uniswap_v2;uniswap_v3_arbitrum,0x2e81ec0b8b4022fac83a21b2f2b4b8f5ed744d70;0x74d0ae8b8e1fca6039707564704a25ad2ee036b0;0x7b504a15ef05f4eed1c07208c5815c49022a0c19;0xbec22ca49e499c752542ca242b708c97739e4baf;0xf782cd5748bfc21d30b03174bb3e30fdd111a897,-0.08060589667297813,-0.026772580170638438,-0.12915563401000285,-0.27213886437187407
2026-01-30,GRT,0.03308,6196819.252692549,33598.81372298247,6230418.066415531,0.0053927061338136595,184.43565608549332,12,binance;bitget;bybit;coinbase;crypto_com;gate;htx;kraken;kucoin;mexc;okx;upbit,arbitrum;eth,arbitrum;eth,5,sushiswap;uniswap_v2;uniswap_v3_arbitrum,0x2e81ec0b8b4022fac83a21b2f2b4b8f5ed744d70;0x74d0ae8b8e1fca6039707564704a25ad2ee036b0;0x7b504a15ef05f4eed1c07208c5815c49022a0c19;0xbec22ca49e499c752542ca242b708c97739e4baf;0xf782cd5748bfc21d30b03174bb3e30fdd111a897,-0.026772580170638438,-0.08555018137847636,-0.07889963724304705,-0.13391777509068925
2026-01-31,GRT,0.03025,9870396.927798772,85916.66415036602,9956313.591949139,0.008629365011146278,114.8833817677583,12,binance;bitget;bybit;coinbase;crypto_com;gate;htx;kraken;kucoin;mexc;okx;upbit,arbitrum;eth,arbitrum;eth,5,sushiswap;uniswap_v2;uniswap_v3_arbitrum,0x2e81ec0b8b4022fac83a21b2f2b4b8f5ed744d70;0x74d0ae8b8e1fca6039707564704a25ad2ee036b0;0x7b504a15ef05f4eed1c07208c5815c49022a0c19;0xbec22ca49e499c752542ca242b708c97739e4baf;0xf782cd5748bfc21d30b03174bb3e30fdd111a897,-0.08555018137847636,-0.02148760330578503,-0.019504132231405014,-0.07206611570247923
2026-02-01,GRT,0.0296,6819452.622093685,90833.44546554197,6910286.067559227,0.013144672243304846,75.07644994795085,12,binance;bitget;bybit;coinbase;crypto_com;gate;htx;kraken;kucoin;mexc;okx;upbit,arbitrum;eth,arbitrum;eth,5,sushiswap;uniswap_v2;uniswap_v3_arbitrum,0x2e81ec0b8b4022fac83a21b2f2b4b8f5ed744d70;0x74d0ae8b8e1fca6039707564704a25ad2ee036b0;0x7b504a15ef05f4eed1c07208c5815c49022a0c19;0xbec22ca49e499c752542ca242b708c97739e4baf;0xf782cd5748bfc21d30b03174bb3e30fdd111a897,-0.02148760330578503,0.02939189189189184,-0.017229729729729693,-0.07027027027027033
2026-02-02,GRT,0.03047,5410520.439779689,30507.186742104543,5441027.626521793,0.005606879588958534,177.35232309416293,12,binance;bitget;bybit;coinbase;crypto_com;gate;htx;kraken;kucoin;mexc;okx;upbit,arbitrum;eth,arbitrum;eth,5,sushiswap;uniswap_v2;uniswap_v3_arbitrum,0x2e81ec0b8b4022fac83a21b2f2b4b8f5ed744d70;0x74d0ae8b8e1fca6039707564704a25ad2ee036b0;0x7b504a15ef05f4eed1c07208c5815c49022a0c19;0xbec22ca49e499c752542ca242b708c97739e4baf;0xf782cd5748bfc21d30b03174bb3e30fdd111a897,0.02939189189189184,-0.026583524778470702,-0.1880538234328848,-0.10895963242533635
2026-02-03,GRT,0.02966,10060798.082884269,98638.58078727528,10159436.663671544,0.009709060064323295,101.99658189102968,12,binance;bitget;bybit;coinbase;crypto_com;gate;htx;kraken;kucoin;mexc;okx;upbit,arbitrum;eth,arbitrum;eth,5,sushiswap;uniswap_v2;uniswap_v3_arbitrum,0x2e81ec0b8b4022fac83a21b2f2b4b8f5ed744d70;0x74d0ae8b8e1fca6039707564704a25ad2ee036b0;0x7b504a15ef05f4eed1c07208c5815c49022a0c19;0xbec22ca49e499c752542ca242b708c97739e4baf;0xf782cd5748bfc21d30b03174bb3e30fdd111a897,-0.026583524778470702,-0.019217801753202868,-0.03405259608900879,-0.10552933243425477
2026-02-04,GRT,0.02909,5791278.326807413,27017.04077030684,5818295.36757772,0.004643463259163243,214.35650099667225,12,binance;bitget;bybit;coinbase;crypto_com;gate;htx;kraken;kucoin;mexc;okx;upbit,arbitrum;eth,arbitrum;eth,5,sushiswap;uniswap_v2;uniswap_v3_arbitrum,0x2e81ec0b8b4022fac83a21b2f2b4b8f5ed744d70;0x74d0ae8b8e1fca6039707564704a25ad2ee036b0;0x7b504a15ef05f4eed1c07208c5815c49022a0c19;0xbec22ca49e499c752542ca242b708c97739e4baf;0xf782cd5748bfc21d30b03174bb3e30fdd111a897,-0.019217801753202868,-0.14953592299759366,-0.03506359573736684,-0.10312822275696121
2026-02-05,GRT,0.02474,11844438.818410527,104181.95451861926,11948620.772929147,0.008719161524872761,113.68992713890489,12,binance;bitget;bybit;coinbase;crypto_com;gate;htx;kraken;kucoin;mexc;okx;upbit,arbitrum;eth,arbitrum;eth,5,sushiswap;uniswap_v2;uniswap_v3_arbitrum,0x2e81ec0b8b4022fac83a21b2f2b4b8f5ed744d70;0x74d0ae8b8e1fca6039707564704a25ad2ee036b0;0x7b504a15ef05f4eed1c07208c5815c49022a0c19;0xbec22ca49e499c752542ca242b708c97739e4baf;0xf782cd5748bfc21d30b03174bb3e30fdd111a897,-0.14953592299759366,0.15804365400161657,0.1123686337914307,0.08326596604688752
2026-02-06,GRT,0.02865,12022715.660500264,106087.82194005133,12128803.482440315,0.008746767320753595,113.32795263997524,12,binance;bitget;bybit;coinbase;crypto_com;gate;htx;kraken;kucoin;mexc;okx;upbit,arbitrum;eth,arbitrum;eth,5,sushiswap;uniswap_v2;uniswap_v3_arbitrum,0x2e81ec0b8b4022fac83a21b2f2b4b8f5ed744d70;0x74d0ae8b8e1fca6039707564704a25ad2ee036b0;0x7b504a15ef05f4eed1c07208c5815c49022a0c19;0xbec22ca49e499c752542ca242b708c97739e4baf;0xf782cd5748bfc21d30b03174bb3e30fdd111a897,0.15804365400161657,-0.020244328097731135,-0.05235602094240832,-0.038394415357766
2026-02-07,GRT,0.02807,4453306.3044203585,84971.88775962146,4538278.19217998,0.01872337573003758,52.4091722784646,12,binance;bitget;bybit;coinbase;crypto_com;gate;htx;kraken;kucoin;mexc;okx;upbit,arbitrum;eth,arbitrum;eth,5,sushiswap;uniswap_v2;uniswap_v3_arbitrum,0x2e81ec0b8b4022fac83a21b2f2b4b8f5ed744d70;0x74d0ae8b8e1fca6039707564704a25ad2ee036b0;0x7b504a15ef05f4eed1c07208c5815c49022a0c19;0xbec22ca49e499c752542ca242b708c97739e4baf;0xf782cd5748bfc21d30b03174bb3e30fdd111a897,-0.020244328097731135,-0.019593872461702966,-0.054862842892768104,0.03420021375133597
2026-02-08,GRT,0.02752,3134933.7900242377,15265.035226109427,3150198.825250347,0.004845737070229626,205.3669541922985,12,binance;bitget;bybit;coinbase;crypto_com;gate;htx;kraken;kucoin;mexc;okx;upbit,arbitrum;eth,arbitrum;eth,5,sushiswap;uniswap_v2;uniswap_v3_arbitrum,0x2e81ec0b8b4022fac83a21b2f2b4b8f5ed744d70;0x74d0ae8b8e1fca6039707564704a25ad2ee036b0;0x7b504a15ef05f4eed1c07208c5815c49022a0c19;0xbec22ca49e499c752542ca242b708c97739e4baf;0xf782cd5748bfc21d30b03174bb3e30fdd111a897,-0.019593872461702966,-0.013444767441860406,-0.051962209302325646,0.012718023255813948
2026-02-09,GRT,0.02715,3149683.9482337423,24680.32096171438,3174364.2691954565,0.007774886203582935,127.61924584042988,12,binance;bitget;bybit;coinbase;crypto_com;gate;htx;kraken;kucoin;mexc;okx;upbit,arbitrum;eth,arbitrum;eth,5,sushiswap;uniswap_v2;uniswap_v3_arbitrum,0x2e81ec0b8b4022fac83a21b2f2b4b8f5ed744d70;0x74d0ae8b8e1fca6039707564704a25ad2ee036b0;0x7b504a15ef05f4eed1c07208c5815c49022a0c19;0xbec22ca49e499c752542ca242b708c97739e4baf;0xf782cd5748bfc21d30b03174bb3e30fdd111a897,-0.013444767441860406,-0.02283609576427248,-0.012891344383057057,0.03830570902394115
2026-02-10,GRT,0.02653,3176827.4021013416,77452.34665273661,3254279.748754078,0.023800150150702238,41.01654164650278,12,binance;bitget;bybit;coinbase;crypto_com;gate;htx;kraken;kucoin;mexc;okx;upbit,arbitrum;eth,arbitrum;eth,5,sushiswap;uniswap_v2;uniswap_v3_arbitrum,0x2e81ec0b8b4022fac83a21b2f2b4b8f5ed744d70;0x74d0ae8b8e1fca6039707564704a25ad2ee036b0;0x7b504a15ef05f4eed1c07208c5815c49022a0c19;0xbec22ca49e499c752542ca242b708c97739e4baf;0xf782cd5748bfc21d30b03174bb3e30fdd111a897,-0.02283609576427248,-0.0165849981153412,0.038447041085563516,0.046362608367885416
2026-02-11,GRT,0.02609,3114693.540842305,154261.4202487504,3268954.9610910555,0.04718982735609905,20.191007808820792,12,binance;bitget;bybit;coinbase;crypto_com;gate;htx;kraken;kucoin;mexc;okx;upbit,arbitrum;eth,arbitrum;eth,5,sushiswap;uniswap_v2;uniswap_v3_arbitrum,0x2e81ec0b8b4022fac83a21b2f2b4b8f5ed744d70;0x74d0ae8b8e1fca6039707564704a25ad2ee036b0;0x7b504a15ef05f4eed1c07208c5815c49022a0c19;0xbec22ca49e499c752542ca242b708c97739e4baf;0xf782cd5748bfc21d30b03174bb3e30fdd111a897,-0.0165849981153412,0.027213491759294772,0.11268685320046012,0.030663089306247615
2026-02-12,GRT,0.0268,2798009.24347937,40415.827956713336,2838425.0714360834,0.0142388215082476,69.23053132738315,12,binance;bitget;bybit;coinbase;crypto_com;gate;htx;kraken;kucoin;mexc;okx;upbit,arbitrum;eth,arbitrum;eth,5,sushiswap;uniswap_v2;uniswap_v3_arbitrum,0x2e81ec0b8b4022fac83a21b2f2b4b8f5ed744d70;0x74d0ae8b8e1fca6039707564704a25ad2ee036b0;0x7b504a15ef05f4eed1c07208c5815c49022a0c19;0xbec22ca49e499c752542ca242b708c97739e4baf;0xf782cd5748bfc21d30b03174bb3e30fdd111a897,0.027213491759294772,0.027985074626865725,0.03992537313432831,-0.01231343283582087
2026-02-13,GRT,0.02755,2806800.100510935,26763.79956465888,2833563.9000755935,0.009445278281511447,104.87300555849568,12,binance;bitget;bybit;coinbase;crypto_com;gate;htx;kraken;kucoin;mexc;okx;upbit,arbitrum;eth,arbitrum;eth,5,sushiswap;uniswap_v2;uniswap_v3_arbitrum,0x2e81ec0b8b4022fac83a21b2f2b4b8f5ed744d70;0x74d0ae8b8e1fca6039707564704a25ad2ee036b0;0x7b504a15ef05f4eed1c07208c5815c49022a0c19;0xbec22ca49e499c752542ca242b708c97739e4baf;0xf782cd5748bfc21d30b03174bb3e30fdd111a897,0.027985074626865725,0.05372050816696916,0.02323049001814881,-0.011252268602540916
2026-02-14,GRT,0.02903,2961208.2682490507,28391.158625413642,2989599.4268744644,0.00949664305197427,104.30036714311471,12,binance;bitget;bybit;coinbase;crypto_com;gate;htx;kraken;kucoin;mexc;okx;upbit,arbitrum;eth,arbitrum;eth,5,sushiswap;uniswap_v2;uniswap_v3_arbitrum,0x2e81ec0b8b4022fac83a21b2f2b4b8f5ed744d70;0x74d0ae8b8e1fca6039707564704a25ad2ee036b0;0x7b504a15ef05f4eed1c07208c5815c49022a0c19;0xbec22ca49e499c752542ca242b708c97739e4baf;0xf782cd5748bfc21d30b03174bb3e30fdd111a897,0.05372050816696916,-0.03995866345160182,-0.04374784705477097,-0.03754736479503962
2026-02-15,GRT,0.02787,2965508.5832172637,30389.678120042714,2995898.2613373064,0.010143761726567242,97.58275726064504,12,binance;bitget;bybit;coinbase;crypto_com;gate;htx;kraken;kucoin;mexc;okx;upbit,arbitrum;eth,arbitrum;eth,5,sushiswap;uniswap_v2;uniswap_v3_arbitrum,0x2e81ec0b8b4022fac83a21b2f2b4b8f5ed744d70;0x74d0ae8b8e1fca6039707564704a25ad2ee036b0;0x7b504a15ef05f4eed1c07208c5815c49022a0c19;0xbec22ca49e499c752542ca242b708c97739e4baf;0xf782cd5748bfc21d30b03174bb3e30fdd111a897,-0.03995866345160182,0.01148188015787599,-0.03516325798349473,-0.04126300681736628
2026-02-16,GRT,0.02819,2213387.3378238822,7309.828744677092,2220697.166568559,0.0032916819342694546,302.7960592696016,12,binance;bitget;bybit;coinbase;crypto_com;gate;htx;kraken;kucoin;mexc;okx;upbit,arbitrum;eth,arbitrum;eth,5,sushiswap;uniswap_v2;uniswap_v3_arbitrum,0x2e81ec0b8b4022fac83a21b2f2b4b8f5ed744d70;0x74d0ae8b8e1fca6039707564704a25ad2ee036b0;0x7b504a15ef05f4eed1c07208c5815c49022a0c19;0xbec22ca49e499c752542ca242b708c97739e4baf;0xf782cd5748bfc21d30b03174bb3e30fdd111a897,0.01148188015787599,-0.015253636041149377,-0.061014544164597395,-0.07662291592763382
2026-02-17,GRT,0.02776,1761790.920933055,12786.79283534539,1774577.7137684005,0.007205541203485546,137.78208059045843,12,binance;bitget;bybit;coinbase;crypto_com;gate;htx;kraken;kucoin;mexc;okx;upbit,arbitrum;eth,arbitrum;eth,5,sushiswap;uniswap_v2;uniswap_v3_arbitrum,0x2e81ec0b8b4022fac83a21b2f2b4b8f5ed744d70;0x74d0ae8b8e1fca6039707564704a25ad2ee036b0;0x7b504a15ef05f4eed1c07208c5815c49022a0c19;0xbec22ca49e499c752542ca242b708c97739e4baf;0xf782cd5748bfc21d30b03174bb3e30fdd111a897,-0.015253636041149377,-0.03134005763688763,-0.018731988472622474,-0.07420749279538907
2026-02-18,GRT,0.02689,2278879.2170579187,16960.598808258128,2295839.815866177,0.007387535790191536,134.36313439289248,12,binance;bitget;bybit;coinbase;crypto_com;gate;htx;kraken;kucoin;mexc;okx;upbit,arbitrum;eth,arbitrum;eth,5,sushiswap;uniswap_v2;uniswap_v3_arbitrum,0x2e81ec0b8b4022fac83a21b2f2b4b8f5ed744d70;0x74d0ae8b8e1fca6039707564704a25ad2ee036b0;0x7b504a15ef05f4eed1c07208c5815c49022a0c19;0xbec22ca49e499c752542ca242b708c97739e4baf;0xf782cd5748bfc21d30b03174bb3e30fdd111a897,-0.03134005763688763,-0.015619189289698743,0.0390479732242468,0.033097805875790254
2026-02-19,GRT,0.02647,2508171.9607470813,23218.87087318016,2531390.8316202615,0.009172376933323453,108.02299450505325,12,binance;bitget;bybit;coinbase;crypto_com;gate;htx;kraken;kucoin;mexc;okx;upbit,arbitrum;eth,arbitrum;eth,5,sushiswap;uniswap_v2;uniswap_v3_arbitrum,0x2e81ec0b8b4022fac83a21b2f2b4b8f5ed744d70;0x74d0ae8b8e1fca6039707564704a25ad2ee036b0;0x7b504a15ef05f4eed1c07208c5815c49022a0c19;0xbec22ca49e499c752542ca242b708c97739e4baf;0xf782cd5748bfc21d30b03174bb3e30fdd111a897,-0.015619189289698743,0.029089535323007176,0.009444654325651669,0.0086890819795995
2026-02-20,GRT,0.02724,4700183.524883202,27733.794443697152,4727917.319326899,0.005865964349741535,169.47495354179267,12,binance;bitget;bybit;coinbase;crypto_com;gate;htx;kraken;kucoin;mexc;okx;upbit,arbitrum;eth,arbitrum;eth,5,sushiswap;uniswap_v2;uniswap_v3_arbitrum,0x2e81ec0b8b4022fac83a21b2f2b4b8f5ed744d70;0x74d0ae8b8e1fca6039707564704a25ad2ee036b0;0x7b504a15ef05f4eed1c07208c5815c49022a0c19;0xbec22ca49e499c752542ca242b708c97739e4baf;0xf782cd5748bfc21d30b03174bb3e30fdd111a897,0.029089535323007176,0.02569750367107182,-0.04441997063142433,-0.0396475770925111
2026-02-21,GRT,0.02794,10711900.244342614,39479.19112831554,10751379.43547093,0.0036720117046623686,271.33028661926534,12,binance;bitget;bybit;coinbase;crypto_com;gate;htx;kraken;kucoin;mexc;okx;upbit,arbitrum;eth,arbitrum;eth,5,sushiswap;uniswap_v2;uniswap_v3_arbitrum,0x2e81ec0b8b4022fac83a21b2f2b4b8f5ed744d70;0x74d0ae8b8e1fca6039707564704a25ad2ee036b0;0x7b504a15ef05f4eed1c07208c5815c49022a0c19;0xbec22ca49e499c752542ca242b708c97739e4baf;0xf782cd5748bfc21d30b03174bb3e30fdd111a897,0.02569750367107182,-0.043664996420901936,-0.08017179670722974,-0.04974946313528983
2026-02-22,GRT,0.02672,3188096.132712622,27977.192639948298,3216073.3253525705,0.008699177478138259,113.95339674504646,12,binance;bitget;bybit;coinbase;crypto_com;gate;htx;kraken;kucoin;mexc;okx;upbit,arbitrum;eth,arbitrum;eth,5,sushiswap;uniswap_v2;uniswap_v3_arbitrum,0x2e81ec0b8b4022fac83a21b2f2b4b8f5ed744d70;0x74d0ae8b8e1fca6039707564704a25ad2ee036b0;0x7b504a15ef05f4eed1c07208c5815c49022a0c19;0xbec22ca49e499c752542ca242b708c97739e4baf;0xf782cd5748bfc21d30b03174bb3e30fdd111a897,-0.043664996420901936,-0.02582335329341312,0.03967065868263475,-0.04154191616766467
2026-02-23,GRT,0.02603,3736397.5851785885,138150.91130016537,3874548.496478754,0.03565600260926374,27.045768645422722,12,binance;bitget;bybit;coinbase;crypto_com;gate;htx;kraken;kucoin;mexc;okx;upbit,arbitrum;eth,arbitrum;eth,5,sushiswap;uniswap_v2;uniswap_v3_arbitrum,0x2e81ec0b8b4022fac83a21b2f2b4b8f5ed744d70;0x74d0ae8b8e1fca6039707564704a25ad2ee036b0;0x7b504a15ef05f4eed1c07208c5815c49022a0c19;0xbec22ca49e499c752542ca242b708c97739e4baf;0xf782cd5748bfc21d30b03174bb3e30fdd111a897,-0.02582335329341312,-0.012677679600461067,0.02573953131002682,0.0015366884364194089
2026-02-24,GRT,0.0257,4376824.628181798,21833.73142099337,4398658.359602792,0.004963725217105744,200.46159512493747,12,binance;bitget;bybit;coinbase;crypto_com;gate;htx;kraken;kucoin;mexc;okx;upbit,arbitrum;eth,arbitrum;eth,5,sushiswap;uniswap_v2;uniswap_v3_arbitrum,0x2e81ec0b8b4022fac83a21b2f2b4b8f5ed744d70;0x74d0ae8b8e1fca6039707564704a25ad2ee036b0;0x7b504a15ef05f4eed1c07208c5815c49022a0c19;0xbec22ca49e499c752542ca242b708c97739e4baf;0xf782cd5748bfc21d30b03174bb3e30fdd111a897,-0.012677679600461067,0.08093385214007776,0.01789883268482484,0.01322957198443575
2026-02-25,GRT,0.02778,5062338.010694203,55842.942089455064,5118180.952783658,0.010910701009717798,90.65313934543099,12,binance;bitget;bybit;coinbase;crypto_com;gate;htx;kraken;kucoin;mexc;okx;upbit,arbitrum;eth,arbitrum;eth,5,sushiswap;uniswap_v2;uniswap_v3_arbitrum,0x2e81ec0b8b4022fac83a21b2f2b4b8f5ed744d70;0x74d0ae8b8e1fca6039707564704a25ad2ee036b0;0x7b504a15ef05f4eed1c07208c5815c49022a0c19;0xbec22ca49e499c752542ca242b708c97739e4baf;0xf782cd5748bfc21d30b03174bb3e30fdd111a897,0.08093385214007776,-0.03887688984881199,-0.04427645788336931,-0.036357091432685396
2026-02-26,GRT,0.0267,5238167.311573517,29563.737966256725,5267731.049539774,0.005612233746982892,177.18217221219533,12,binance;bitget;bybit;coinbase;crypto_com;gate;htx;kraken;kucoin;mexc;okx;upbit,arbitrum;eth,arbitrum;eth,5,sushiswap;uniswap_v2;uniswap_v3_arbitrum,0x2e81ec0b8b4022fac83a21b2f2b4b8f5ed744d70;0x74d0ae8b8e1fca6039707564704a25ad2ee036b0;0x7b504a15ef05f4eed1c07208c5815c49022a0c19;0xbec22ca49e499c752542ca242b708c97739e4baf;0xf782cd5748bfc21d30b03174bb3e30fdd111a897,-0.03887688984881199,-0.020224719101123667,-0.040823970037453194,-0.01610486891385765
2026-02-27,GRT,0.02616,3479362.894049002,115527.45132422278,3594890.3453732245,0.032136571696244225,30.11719599252926,12,binance;bitget;bybit;coinbase;crypto_com;gate;htx;kraken;kucoin;mexc;okx;upbit,arbitrum;eth,arbitrum;eth,5,sushiswap;uniswap_v2;uniswap_v3_arbitrum,0x2e81ec0b8b4022fac83a21b2f2b4b8f5ed744d70;0x74d0ae8b8e1fca6039707564704a25ad2ee036b0;0x7b504a15ef05f4eed1c07208c5815c49022a0c19;0xbec22ca49e499c752542ca242b708c97739e4baf;0xf782cd5748bfc21d30b03174bb3e30fdd111a897,-0.020224719101123667,0.014908256880733939,-0.0034403669724770714,-0.01911314984709478
2026-02-28,GRT,0.02655,4027228.9138156157,30398.24458127479,4057627.1583968904,0.007491630796675931,132.482285384873,12,binance;bitget;bybit;coinbase;crypto_com;gate;htx;kraken;kucoin;mexc;okx;upbit,arbitrum;eth,arbitrum;eth,5,sushiswap;uniswap_v2;uniswap_v3_arbitrum,0x2e81ec0b8b4022fac83a21b2f2b4b8f5ed744d70;0x74d0ae8b8e1fca6039707564704a25ad2ee036b0;0x7b504a15ef05f4eed1c07208c5815c49022a0c19;0xbec22ca49e499c752542ca242b708c97739e4baf;0xf782cd5748bfc21d30b03174bb3e30fdd111a897,0.014908256880733939,-0.03540489642184552,-0.019209039548022555,-0.05536723163841806
2026-03-01,GRT,0.02561,3876753.4905106295,22378.027004260854,3899131.5175148905,0.005739233699540219,173.2392891371738,12,binance;bitget;bybit;coinbase;crypto_com;gate;htx;kraken;kucoin;mexc;okx;upbit,arbitrum;eth,arbitrum;eth,5,sushiswap;uniswap_v2;uniswap_v3_arbitrum,0x2e81ec0b8b4022fac83a21b2f2b4b8f5ed744d70;0x74d0ae8b8e1fca6039707564704a25ad2ee036b0;0x7b504a15ef05f4eed1c07208c5815c49022a0c19;0xbec22ca49e499c752542ca242b708c97739e4baf;0xf782cd5748bfc21d30b03174bb3e30fdd111a897,-0.03540489642184552,0.017961733697774207,0.04529480671612651,-0.03670441233893007
2026-03-02,GRT,0.02607,4157838.205780028,37144.56663318489,4194982.772413213,0.00885452185345139,111.93664599294107,12,binance;bitget;bybit;coinbase;crypto_com;gate;htx;kraken;kucoin;mexc;okx;upbit,arbitrum;eth,arbitrum;eth,5,sushiswap;uniswap_v2;uniswap_v3_arbitrum,0x2e81ec0b8b4022fac83a21b2f2b4b8f5ed744d70;0x74d0ae8b8e1fca6039707564704a25ad2ee036b0;0x7b504a15ef05f4eed1c07208c5815c49022a0c19;0xbec22ca49e499c752542ca242b708c97739e4baf;0xf782cd5748bfc21d30b03174bb3e30fdd111a897,0.017961733697774207,-0.0011507479861909697,0.007671653241273502,-0.03874184886843113
2026-03-03,GRT,0.02604,3352047.5506547135,18936.693110061147,3370984.243764775,0.005617556102520465,177.0133534494339,12,binance;bitget;bybit;coinbase;crypto_com;gate;htx;kraken;kucoin;mexc;okx;upbit,arbitrum;eth,arbitrum;eth,5,sushiswap;uniswap_v2;uniswap_v3_arbitrum,0x2e81ec0b8b4022fac83a21b2f2b4b8f5ed744d70;0x74d0ae8b8e1fca6039707564704a25ad2ee036b0;0x7b504a15ef05f4eed1c07208c5815c49022a0c19;0xbec22ca49e499c752542ca242b708c97739e4baf;0xf782cd5748bfc21d30b03174bb3e30fdd111a897,-0.0011507479861909697,0.028033794162826364,-0.014592933947772724,-0.041858678955453144
2026-03-04,GRT,0.02677,3741303.074965489,27493.739946909263,3768796.8149123983,0.007295097426882198,136.07836119021965,12,binance;bitget;bybit;coinbase;crypto_com;gate;htx;kraken;kucoin;mexc;okx;upbit,arbitrum;eth,arbitrum;eth,5,sushiswap;uniswap_v2;uniswap_v3_arbitrum,0x2e81ec0b8b4022fac83a21b2f2b4b8f5ed744d70;0x74d0ae8b8e1fca6039707564704a25ad2ee036b0;0x7b504a15ef05f4eed1c07208c5815c49022a0c19;0xbec22ca49e499c752542ca242b708c97739e4baf;0xf782cd5748bfc21d30b03174bb3e30fdd111a897,0.028033794162826364,-0.018677624206200893,-0.06313036981695919,-0.032872618602913684
2026-03-05,GRT,0.02627,3905145.9952890584,18121.12902711412,3923267.1243161727,0.004618887384649507,215.50235581049625,12,binance;bitget;bybit;coinbase;crypto_com;gate;htx;kraken;kucoin;mexc;okx;upbit,arbitrum;eth,arbitrum;eth,5,sushiswap;uniswap_v2;uniswap_v3_arbitrum,0x2e81ec0b8b4022fac83a21b2f2b4b8f5ed744d70;0x74d0ae8b8e1fca6039707564704a25ad2ee036b0;0x7b504a15ef05f4eed1c07208c5815c49022a0c19;0xbec22ca49e499c752542ca242b708c97739e4baf;0xf782cd5748bfc21d30b03174bb3e30fdd111a897,-0.018677624206200893,-0.023220403502093756,-0.060905976398934136,0.05443471640654729
2026-03-06,GRT,0.02566,2581786.5682656565,26811.372387112748,2608597.940652769,0.010278077724926647,96.29445785127461,12,binance;bitget;bybit;coinbase;crypto_com;gate;htx;kraken;kucoin;mexc;okx;upbit,arbitrum;eth,arbitrum;eth,5,sushiswap;uniswap_v2;uniswap_v3_arbitrum,0x2e81ec0b8b4022fac83a21b2f2b4b8f5ed744d70;0x74d0ae8b8e1fca6039707564704a25ad2ee036b0;0x7b504a15ef05f4eed1c07208c5815c49022a0c19;0xbec22ca49e499c752542ca242b708c97739e4baf;0xf782cd5748bfc21d30b03174bb3e30fdd111a897,-0.023220403502093756,-0.02260327357755254,-0.023382696804364778,0.0452065471551053
2026-03-07,GRT,0.02508,2313527.7172193425,9727.322455199803,2323255.0396745424,0.004186936986721214,237.83808215205525,12,binance;bitget;bybit;coinbase;crypto_com;gate;htx;kraken;kucoin;mexc;okx;upbit,arbitrum;eth,arbitrum;eth,5,sushiswap;uniswap_v2;uniswap_v3_arbitrum,0x2e81ec0b8b4022fac83a21b2f2b4b8f5ed744d70;0x74d0ae8b8e1fca6039707564704a25ad2ee036b0;0x7b504a15ef05f4eed1c07208c5815c49022a0c19;0xbec22ca49e499c752542ca242b708c97739e4baf;0xf782cd5748bfc21d30b03174bb3e30fdd111a897,-0.02260327357755254,-0.016347687400319,-0.0051834130781499566,0.04425837320574155
2026-03-08,GRT,0.02467,3064864.0079266476,13519.005425442,3078383.0133520896,0.004391593043102517,226.70780219961654,12,binance;bitget;bybit;coinbase;crypto_com;gate;htx;kraken;kucoin;mexc;okx;upbit,arbitrum;eth,arbitrum;eth,5,sushiswap;uniswap_v2;uniswap_v3_arbitrum,0x2e81ec0b8b4022fac83a21b2f2b4b8f5ed744d70;0x74d0ae8b8e1fca6039707564704a25ad2ee036b0;0x7b504a15ef05f4eed1c07208c5815c49022a0c19;0xbec22ca49e499c752542ca242b708c97739e4baf;0xf782cd5748bfc21d30b03174bb3e30fdd111a897,-0.016347687400319,0.015808674503445364,0.04945277665180381,0.09120389136603158
2026-03-09,GRT,0.02506,2743109.0449263565,11389.474730805247,2754498.5196571616,0.0041348632607807086,240.8459661012318,12,binance;bitget;bybit;coinbase;crypto_com;gate;htx;kraken;kucoin;mexc;okx;upbit,arbitrum;eth,arbitrum;eth,5,sushiswap;uniswap_v2;uniswap_v3_arbitrum,0x2e81ec0b8b4022fac83a21b2f2b4b8f5ed744d70;0x74d0ae8b8e1fca6039707564704a25ad2ee036b0;0x7b504a15ef05f4eed1c07208c5815c49022a0c19;0xbec22ca49e499c752542ca242b708c97739e4baf;0xf782cd5748bfc21d30b03174bb3e30fdd111a897,0.015808674503445364,-0.00438946528331996,0.10534716679968081,0.12090981644054266
2026-03-10,GRT,0.02495,3141475.1737591415,21987.426841804347,3163462.6006009458,0.006950430467433854,142.8759807303283,12,binance;bitget;bybit;coinbase;crypto_com;gate;htx;kraken;kucoin;mexc;okx;upbit,arbitrum;eth,arbitrum;eth,5,sushiswap;uniswap_v2;uniswap_v3_arbitrum,0x2e81ec0b8b4022fac83a21b2f2b4b8f5ed744d70;0x74d0ae8b8e1fca6039707564704a25ad2ee036b0;0x7b504a15ef05f4eed1c07208c5815c49022a0c19;0xbec22ca49e499c752542ca242b708c97739e4baf;0xf782cd5748bfc21d30b03174bb3e30fdd111a897,-0.00438946528331996,0.03767535070140271,0.0749498997995992,0.11663326653306605
2026-03-11,GRT,0.02589,4241740.70030237,21250.668571618582,4262991.368873988,0.0049849194457158045,199.6050470603755,12,binance;bitget;bybit;coinbase;crypto_com;gate;htx;kraken;kucoin;mexc;okx;upbit,arbitrum;eth,arbitrum;eth,5,sushiswap;uniswap_v2;uniswap_v3_arbitrum,0x2e81ec0b8b4022fac83a21b2f2b4b8f5ed744d70;0x74d0ae8b8e1fca6039707564704a25ad2ee036b0;0x7b504a15ef05f4eed1c07208c5815c49022a0c19;0xbec22ca49e499c752542ca242b708c97739e4baf;0xf782cd5748bfc21d30b03174bb3e30fdd111a897,0.03767535070140271,0.06991116261104668,0.011587485515643259,0.030127462340671984
2026-03-12,GRT,0.0277,18872366.107572295,218945.0288157499,19091311.136388045,0.011468307611332183,86.19682396833075,12,binance;bitget;bybit;coinbase;crypto_com;gate;htx;kraken;kucoin;mexc;okx;upbit,arbitrum;eth,arbitrum;eth,5,sushiswap;uniswap_v2;uniswap_v3_arbitrum,0x2e81ec0b8b4022fac83a21b2f2b4b8f5ed744d70;0x74d0ae8b8e1fca6039707564704a25ad2ee036b0;0x7b504a15ef05f4eed1c07208c5815c49022a0c19;0xbec22ca49e499c752542ca242b708c97739e4baf;0xf782cd5748bfc21d30b03174bb3e30fdd111a897,0.06991116261104668,-0.031768953068592065,-0.028158844765342916,-0.07220216606498187
2026-03-13,GRT,0.02682,10069165.821597777,136902.82754880202,10206068.64914658,0.013413865049815208,73.54972867896686,12,binance;bitget;bybit;coinbase;crypto_com;gate;htx;kraken;kucoin;mexc;okx;upbit,arbitrum;eth,arbitrum;eth,5,sushiswap;uniswap_v2;uniswap_v3_arbitrum,0x2e81ec0b8b4022fac83a21b2f2b4b8f5ed744d70;0x74d0ae8b8e1fca6039707564704a25ad2ee036b0;0x7b504a15ef05f4eed1c07208c5815c49022a0c19;0xbec22ca49e499c752542ca242b708c97739e4baf;0xf782cd5748bfc21d30b03174bb3e30fdd111a897,-0.031768953068592065,-0.02348993288590595,0.04735272184936612,-0.027218493661446685
2026-03-14,GRT,0.02619,3875671.9620607626,19667.55165658842,3895339.513717351,0.00504899549508575,197.0591983045563,12,binance;bitget;bybit;coinbase;crypto_com;gate;htx;kraken;kucoin;mexc;okx;upbit,arbitrum;eth,arbitrum;eth,5,sushiswap;uniswap_v2;uniswap_v3_arbitrum,0x2e81ec0b8b4022fac83a21b2f2b4b8f5ed744d70;0x74d0ae8b8e1fca6039707564704a25ad2ee036b0;0x7b504a15ef05f4eed1c07208c5815c49022a0c19;0xbec22ca49e499c752542ca242b708c97739e4baf;0xf782cd5748bfc21d30b03174bb3e30fdd111a897,-0.02348993288590595,0.027873234058801044,0.06376479572355853,-0.03245513554791901
2026-03-15,GRT,0.02692,4567506.906454756,75121.54226199417,4642628.44871675,0.016180821509151396,60.80155929873087,12,binance;bitget;bybit;coinbase;crypto_com;gate;htx;kraken;kucoin;mexc;okx;upbit,arbitrum;eth,arbitrum;eth,5,sushiswap;uniswap_v2;uniswap_v3_arbitrum,0x2e81ec0b8b4022fac83a21b2f2b4b8f5ed744d70;0x74d0ae8b8e1fca6039707564704a25ad2ee036b0;0x7b504a15ef05f4eed1c07208c5815c49022a0c19;0xbec22ca49e499c752542ca242b708c97739e4baf;0xf782cd5748bfc21d30b03174bb3e30fdd111a897,0.027873234058801044,0.043462109955423545,-0.00928677563150071,-0.0924962852897474
2026-03-16,GRT,0.02809,7174723.000690975,41501.26777039546,7216224.268461371,0.005751105595730644,172.87961033828938,12,binance;bitget;bybit;coinbase;crypto_com;gate;htx;kraken;kucoin;mexc;okx;upbit,arbitrum;eth,arbitrum;eth,5,sushiswap;uniswap_v2;uniswap_v3_arbitrum,0x2e81ec0b8b4022fac83a21b2f2b4b8f5ed744d70;0x74d0ae8b8e1fca6039707564704a25ad2ee036b0;0x7b504a15ef05f4eed1c07208c5815c49022a0c19;0xbec22ca49e499c752542ca242b708c97739e4baf;0xf782cd5748bfc21d30b03174bb3e30fdd111a897,0.043462109955423545,-0.00818796724813109,-0.08508365966536136,-0.0989676041295835
2026-03-17,GRT,0.02786,5800407.435032641,42838.894744404926,5843246.329777045,0.00733135184222834,135.40049223119175,12,binance;bitget;bybit;coinbase;crypto_com;gate;htx;kraken;kucoin;mexc;okx;upbit,arbitrum;eth,arbitrum;eth,5,sushiswap;uniswap_v2;uniswap_v3_arbitrum,0x2e81ec0b8b4022fac83a21b2f2b4b8f5ed744d70;0x74d0ae8b8e1fca6039707564704a25ad2ee036b0;0x7b504a15ef05f4eed1c07208c5815c49022a0c19;0xbec22ca49e499c752542ca242b708c97739e4baf;0xf782cd5748bfc21d30b03174bb3e30fdd111a897,-0.00818796724813109,-0.042713567839196,-0.06353194544149321,-0.0940416367552046
2026-03-18,GRT,0.02667,3559330.626044806,16127.937575525812,3575458.5636203317,0.004510732620320305,220.69347735113385,12,binance;bitget;bybit;coinbase;crypto_com;gate;htx;kraken;kucoin;mexc;okx;upbit,arbitrum;eth,arbitrum;eth,5,sushiswap;uniswap_v2;uniswap_v3_arbitrum,0x2e81ec0b8b4022fac83a21b2f2b4b8f5ed744d70;0x74d0ae8b8e1fca6039707564704a25ad2ee036b0;0x7b504a15ef05f4eed1c07208c5815c49022a0c19;0xbec22ca49e499c752542ca242b708c97739e4baf;0xf782cd5748bfc21d30b03174bb3e30fdd111a897,-0.042713567839196,-0.036370453693288285,-0.04986876640419935,-0.044619422572178435
2026-03-19,GRT,0.0257,3598440.88937133,11882.73711955404,3610323.626490884,0.0032913218727440427,302.82929371969306,12,binance;bitget;bybit;coinbase;crypto_com;gate;htx;kraken;kucoin;mexc;okx;upbit,arbitrum;eth,arbitrum;eth,5,sushiswap;uniswap_v2;uniswap_v3_arbitrum,0x2e81ec0b8b4022fac83a21b2f2b4b8f5ed744d70;0x74d0ae8b8e1fca6039707564704a25ad2ee036b0;0x7b504a15ef05f4eed1c07208c5815c49022a0c19;0xbec22ca49e499c752542ca242b708c97739e4baf;0xf782cd5748bfc21d30b03174bb3e30fdd111a897,-0.036370453693288285,0.015175097276264538,-0.04941634241245141,-0.054474708171206254
2026-03-20,GRT,0.02609,2652027.8099493477,34931.450747787276,2686959.2606971352,0.013000364858053063,75.92091806027666,12,binance;bitget;bybit;coinbase;crypto_com;gate;htx;kraken;kucoin;mexc;okx;upbit,arbitrum;eth,arbitrum;eth,5,sushiswap;uniswap_v2;uniswap_v3_arbitrum,0x2e81ec0b8b4022fac83a21b2f2b4b8f5ed744d70;0x74d0ae8b8e1fca6039707564704a25ad2ee036b0;0x7b504a15ef05f4eed1c07208c5815c49022a0c19;0xbec22ca49e499c752542ca242b708c97739e4baf;0xf782cd5748bfc21d30b03174bb3e30fdd111a897,0.015175097276264538,-0.028746646224606986,-0.02989651207359134,-0.08892295898811797
2026-03-21,GRT,0.02534,2688266.359085509,8653.440689221225,2696919.79977473,0.003208638495643821,310.6586681103655,12,binance;bitget;bybit;coinbase;crypto_com;gate;htx;kraken;kucoin;mexc;okx;upbit,arbitrum;eth,arbitrum;eth,5,sushiswap;uniswap_v2;uniswap_v3_arbitrum,0x2e81ec0b8b4022fac83a21b2f2b4b8f5ed744d70;0x74d0ae8b8e1fca6039707564704a25ad2ee036b0;0x7b504a15ef05f4eed1c07208c5815c49022a0c19;0xbec22ca49e499c752542ca242b708c97739e4baf;0xf782cd5748bfc21d30b03174bb3e30fdd111a897,-0.028746646224606986,-0.035911602209944826,-0.0039463299131808904,-0.0651144435674823
2026-03-22,GRT,0.02443,3640124.8288219194,17293.796205803545,3657418.625027723,0.004728415852498279,210.4873207422409,12,binance;bitget;bybit;coinbase;crypto_com;gate;htx;kraken;kucoin;mexc;okx;upbit,arbitrum;eth,arbitrum;eth,5,sushiswap;uniswap_v2;uniswap_v3_arbitrum,0x2e81ec0b8b4022fac83a21b2f2b4b8f5ed744d70;0x74d0ae8b8e1fca6039707564704a25ad2ee036b0;0x7b504a15ef05f4eed1c07208c5815c49022a0c19;0xbec22ca49e499c752542ca242b708c97739e4baf;0xf782cd5748bfc21d30b03174bb3e30fdd111a897,-0.035911602209944826,0.036021285304952855,0.042979942693409656,-0.04175194433074092
2026-03-23,GRT,0.02531,4630426.8765203385,27954.71020094613,4658381.586721284,0.006000948973487063,165.6403104605828,12,binance;bitget;bybit;coinbase;crypto_com;gate;htx;kraken;kucoin;mexc;okx;upbit,arbitrum;eth,arbitrum;eth,5,sushiswap;uniswap_v2;uniswap_v3_arbitrum,0x2e81ec0b8b4022fac83a21b2f2b4b8f5ed744d70;0x74d0ae8b8e1fca6039707564704a25ad2ee036b0;0x7b504a15ef05f4eed1c07208c5815c49022a0c19;0xbec22ca49e499c752542ca242b708c97739e4baf;0xf782cd5748bfc21d30b03174bb3e30fdd111a897,0.036021285304952855,-0.0027657052548399896,-0.039905175819834104,-0.06440142236270252
2026-03-24,GRT,0.02524,3034840.0279189027,15958.11687337073,3050798.1447922736,0.005230800635109638,190.17532281538385,12,binance;bitget;bybit;coinbase;crypto_com;gate;htx;kraken;kucoin;mexc;okx;upbit,arbitrum;eth,arbitrum;eth,5,sushiswap;uniswap_v2;uniswap_v3_arbitrum,0x2e81ec0b8b4022fac83a21b2f2b4b8f5ed744d70;0x74d0ae8b8e1fca6039707564704a25ad2ee036b0;0x7b504a15ef05f4eed1c07208c5815c49022a0c19;0xbec22ca49e499c752542ca242b708c97739e4baf;0xf782cd5748bfc21d30b03174bb3e30fdd111a897,-0.0027657052548399896,0.009508716323296307,-0.058240887480190184,-0.04437400950871628
2026-03-25,GRT,0.02548,2923409.600533582,25563.431862811125,2948973.032396393,0.008668587871771001,114.3590428789988,12,binance;bitget;bybit;coinbase;crypto_com;gate;htx;kraken;kucoin;mexc;okx;upbit,arbitrum;eth,arbitrum;eth,5,sushiswap;uniswap_v2;uniswap_v3_arbitrum,0x2e81ec0b8b4022fac83a21b2f2b4b8f5ed744d70;0x74d0ae8b8e1fca6039707564704a25ad2ee036b0;0x7b504a15ef05f4eed1c07208c5815c49022a0c19;0xbec22ca49e499c752542ca242b708c97739e4baf;0xf782cd5748bfc21d30b03174bb3e30fdd111a897,0.009508716323296307,-0.046310832025117765,-0.07025117739403453,-0.04513343799058078
2026-03-26,GRT,0.0243,3685558.853374849,27645.201965158267,3713204.0553400074,0.007445107123967868,133.31640181250344,12,binance;bitget;bybit;coinbase;crypto_com;gate;htx;kraken;kucoin;mexc;okx;upbit,arbitrum;eth,arbitrum;eth,5,sushiswap;uniswap_v2;uniswap_v3_arbitrum,0x2e81ec0b8b4022fac83a21b2f2b4b8f5ed744d70;0x74d0ae8b8e1fca6039707564704a25ad2ee036b0;0x7b504a15ef05f4eed1c07208c5815c49022a0c19;0xbec22ca49e499c752542ca242b708c97739e4baf;0xf782cd5748bfc21d30b03174bb3e30fdd111a897,-0.046310832025117765,-0.021810699588477367,-0.03662551440329209,-0.02674897119341557
2026-03-27,GRT,0.02377,3189598.262590686,64053.552382108806,3253651.8149727946,0.019686664715426655,49.79580591507665,12,binance;bitget;bybit;coinbase;crypto_com;gate;htx;kraken;kucoin;mexc;okx;upbit,arbitrum;eth,arbitrum;eth,5,sushiswap;uniswap_v2;uniswap_v3_arbitrum,0x2e81ec0b8b4022fac83a21b2f2b4b8f5ed744d70;0x74d0ae8b8e1fca6039707564704a25ad2ee036b0;0x7b504a15ef05f4eed1c07208c5815c49022a0c19;0xbec22ca49e499c752542ca242b708c97739e4baf;0xf782cd5748bfc21d30b03174bb3e30fdd111a897,-0.021810699588477367,-0.0033655868742111794,-0.003786285233487563,0.005889777029869592
2026-03-28,GRT,0.02369,2388766.5913450858,26346.848858879548,2415113.440203965,0.010909155826922342,90.66612117980142,12,binance;bitget;bybit;coinbase;crypto_com;gate;htx;kraken;kucoin;mexc;okx;upbit,arbitrum;eth,arbitrum;eth,5,sushiswap;uniswap_v2;uniswap_v3_arbitrum,0x2e81ec0b8b4022fac83a21b2f2b4b8f5ed744d70;0x74d0ae8b8e1fca6039707564704a25ad2ee036b0;0x7b504a15ef05f4eed1c07208c5815c49022a0c19;0xbec22ca49e499c752542ca242b708c97739e4baf;0xf782cd5748bfc21d30b03174bb3e30fdd111a897,-0.0033655868742111794,-0.011819333051920622,0.01815111861544949,0.01941747572815533
2026-03-29,GRT,0.02341,3534740.778237542,18895.798701145133,3553636.5769386874,0.005317313206355809,187.06490443419722,12,binance;bitget;bybit;coinbase;crypto_com;gate;htx;kraken;kucoin;mexc;okx;upbit,arbitrum;eth,arbitrum;eth,5,sushiswap;uniswap_v2;uniswap_v3_arbitrum,0x2e81ec0b8b4022fac83a21b2f2b4b8f5ed744d70;0x74d0ae8b8e1fca6039707564704a25ad2ee036b0;0x7b504a15ef05f4eed1c07208c5815c49022a0c19;0xbec22ca49e499c752542ca242b708c97739e4baf;0xf782cd5748bfc21d30b03174bb3e30fdd111a897,-0.011819333051920622,0.011533532678342562,0.039299444681760054,0.020076890217855636
2026-03-30,GRT,0.02368,2999750.6765096807,126418.47096409481,3126169.1474737753,0.040438781460770366,23.728737214055258,12,binance;bitget;bybit;coinbase;crypto_com;gate;htx;kraken;kucoin;mexc;okx;upbit,arbitrum;eth,arbitrum;eth,5,sushiswap;uniswap_v2;uniswap_v3_arbitrum,0x2e81ec0b8b4022fac83a21b2f2b4b8f5ed744d70;0x74d0ae8b8e1fca6039707564704a25ad2ee036b0;0x7b504a15ef05f4eed1c07208c5815c49022a0c19;0xbec22ca49e499c752542ca242b708c97739e4baf;0xf782cd5748bfc21d30b03174bb3e30fdd111a897,0.011533532678342562,0.01858108108108114,-0.0012668918918918859,0.0016891891891892552
2026-03-31,GRT,0.02412,4105455.2781404452,23858.465891580305,4129313.7440320253,0.005777828319793388,172.0754090726876,12,binance;bitget;bybit;coinbase;crypto_com;gate;htx;kraken;kucoin;mexc;okx;upbit,arbitrum;eth,arbitrum;eth,5,sushiswap;uniswap_v2;uniswap_v3_arbitrum,0x2e81ec0b8b4022fac83a21b2f2b4b8f5ed744d70;0x74d0ae8b8e1fca6039707564704a25ad2ee036b0;0x7b504a15ef05f4eed1c07208c5815c49022a0c19;0xbec22ca49e499c752542ca242b708c97739e4baf;0xf782cd5748bfc21d30b03174bb3e30fdd111a897,0.01858108108108114,0.008706467661691697,-0.008706467661691475,0.04063018242122718
2026-04-01,GRT,0.02433,4018686.6328118197,28283.812729091875,4046970.4455409115,0.0069888854168075115,142.0843318156438,12,binance;bitget;bybit;coinbase;crypto_com;gate;htx;kraken;kucoin;mexc;okx;upbit,arbitrum;eth,arbitrum;eth,5,sushiswap;uniswap_v2;uniswap_v3_arbitrum,0x2e81ec0b8b4022fac83a21b2f2b4b8f5ed744d70;0x74d0ae8b8e1fca6039707564704a25ad2ee036b0;0x7b504a15ef05f4eed1c07208c5815c49022a0c19;0xbec22ca49e499c752542ca242b708c97739e4baf;0xf782cd5748bfc21d30b03174bb3e30fdd111a897,0.008706467661691697,-0.027949034114262195,-0.007398273736128225,-0.021372790793259377
2026-04-02,GRT,0.02365,5702881.869672049,13638.534534196284,5716520.404206245,0.0023858105228070172,418.14476880731223,12,binance;bitget;bybit;coinbase;crypto_com;gate;htx;kraken;kucoin;mexc;okx;upbit,arbitrum;eth,arbitrum;eth,5,sushiswap;uniswap_v2;uniswap_v3_arbitrum,0x2e81ec0b8b4022fac83a21b2f2b4b8f5ed744d70;0x74d0ae8b8e1fca6039707564704a25ad2ee036b0;0x7b504a15ef05f4eed1c07208c5815c49022a0c19;0xbec22ca49e499c752542ca242b708c97739e4baf;0xf782cd5748bfc21d30b03174bb3e30fdd111a897,-0.027949034114262195,0.010993657505285359,0.009725158562367664,0.024524312896405887
2026-04-03,GRT,0.02391,2406470.594288721,28735.75980065828,2435206.3540893793,0.011800133385987212,83.7448047653013,12,binance;bitget;bybit;coinbase;crypto_com;gate;htx;kraken;kucoin;mexc;okx;upbit,arbitrum;eth,arbitrum;eth,5,sushiswap;uniswap_v2;uniswap_v3_arbitrum,0x2e81ec0b8b4022fac83a21b2f2b4b8f5ed744d70;0x74d0ae8b8e1fca6039707564704a25ad2ee036b0;0x7b504a15ef05f4eed1c07208c5815c49022a0c19;0xbec22ca49e499c752542ca242b708c97739e4baf;0xf782cd5748bfc21d30b03174bb3e30fdd111a897,0.010993657505285359,0.010037641154328814,-0.007946465913843515,0.020911752404851436
2026-04-04,GRT,0.02415,2277640.314011189,33125.90406703163,2310766.2180782207,0.014335463193062096,68.75707631714111,12,binance;bitget;bybit;coinbase;crypto_com;gate;htx;kraken;kucoin;mexc;okx;upbit,arbitrum;eth,arbitrum;eth,5,sushiswap;uniswap_v2;uniswap_v3_arbitrum,0x2e81ec0b8b4022fac83a21b2f2b4b8f5ed744d70;0x74d0ae8b8e1fca6039707564704a25ad2ee036b0;0x7b504a15ef05f4eed1c07208c5815c49022a0c19;0xbec22ca49e499c752542ca242b708c97739e4baf;0xf782cd5748bfc21d30b03174bb3e30fdd111a897,0.010037641154328814,-0.011180124223602594,0.039337474120082705,0.00455486542443051
2026-04-05,GRT,0.02388,3059722.39246022,10459.485857654583,3070181.8783178744,0.0034067968192767924,292.5308599390684,12,binance;bitget;bybit;coinbase;crypto_com;gate;htx;kraken;kucoin;mexc;okx;upbit,arbitrum;eth,arbitrum;eth,5,sushiswap;uniswap_v2;uniswap_v3_arbitrum,0x2e81ec0b8b4022fac83a21b2f2b4b8f5ed744d70;0x74d0ae8b8e1fca6039707564704a25ad2ee036b0;0x7b504a15ef05f4eed1c07208c5815c49022a0c19;0xbec22ca49e499c752542ca242b708c97739e4baf;0xf782cd5748bfc21d30b03174bb3e30fdd111a897,-0.011180124223602594,-0.006700167504187449,-0.002931323283081988,-0.011725293132328285
2026-04-06,GRT,0.02372,7811883.665549288,27556.327005392475,7839439.99255468,0.0035150887093419216,283.4878416133103,12,binance;bitget;bybit;coinbase;crypto_com;gate;htx;kraken;kucoin;mexc;okx;upbit,arbitrum;eth,arbitrum;eth,5,sushiswap;uniswap_v2;uniswap_v3_arbitrum,0x2e81ec0b8b4022fac83a21b2f2b4b8f5ed744d70;0x74d0ae8b8e1fca6039707564704a25ad2ee036b0;0x7b504a15ef05f4eed1c07208c5815c49022a0c19;0xbec22ca49e499c752542ca242b708c97739e4baf;0xf782cd5748bfc21d30b03174bb3e30fdd111a897,-0.006700167504187449,0.05817875210792578,0.021500843170320305,0.0408937605396289
2026-04-07,GRT,0.0251,3584931.986338115,22870.28685204328,3607802.273190158,0.006339118698935929,156.7506349846167,12,binance;bitget;bybit;coinbase;crypto_com;gate;htx;kraken;kucoin;mexc;okx;upbit,arbitrum;eth,arbitrum;eth,5,sushiswap;uniswap_v2;uniswap_v3_arbitrum,0x2e81ec0b8b4022fac83a21b2f2b4b8f5ed744d70;0x74d0ae8b8e1fca6039707564704a25ad2ee036b0;0x7b504a15ef05f4eed1c07208c5815c49022a0c19;0xbec22ca49e499c752542ca242b708c97739e4baf;0xf782cd5748bfc21d30b03174bb3e30fdd111a897,0.05817875210792578,-0.05139442231075697,-0.02749003984063747,-0.04422310756972114
2026-04-08,GRT,0.02381,4294460.835656371,84020.45269984764,4378481.2883562185,0.01918940545053484,51.11208875531515,12,binance;bitget;bybit;coinbase;crypto_com;gate;htx;kraken;kucoin;mexc;okx;upbit,arbitrum;eth,arbitrum;eth,5,sushiswap;uniswap_v2;uniswap_v3_arbitrum,0x2e81ec0b8b4022fac83a21b2f2b4b8f5ed744d70;0x74d0ae8b8e1fca6039707564704a25ad2ee036b0;0x7b504a15ef05f4eed1c07208c5815c49022a0c19;0xbec22ca49e499c752542ca242b708c97739e4baf;0xf782cd5748bfc21d30b03174bb3e30fdd111a897,-0.05139442231075697,0.01763964720705591,0.018899622007559902,0.04241915161696763
2026-04-09,GRT,0.02423,3859902.766251338,111934.99412576243,3971837.7603771007,0.02818216676482146,34.48343207053389,12,binance;bitget;bybit;coinbase;crypto_com;gate;htx;kraken;kucoin;mexc;okx;upbit,arbitrum;eth,arbitrum;eth,5,sushiswap;uniswap_v2;uniswap_v3_arbitrum,0x2e81ec0b8b4022fac83a21b2f2b4b8f5ed744d70;0x74d0ae8b8e1fca6039707564704a25ad2ee036b0;0x7b504a15ef05f4eed1c07208c5815c49022a0c19;0xbec22ca49e499c752542ca242b708c97739e4baf;0xf782cd5748bfc21d30b03174bb3e30fdd111a897,0.01763964720705591,0.007428807263722748,-0.026000825423029394,0.062319438712340025
2026-04-10,GRT,0.02441,3553554.019999336,141740.3652902499,3695294.3852895857,0.03835698878403223,25.07086822248919,12,binance;bitget;bybit;coinbase;crypto_com;gate;htx;kraken;kucoin;mexc;okx;upbit,arbitrum;eth,arbitrum;eth,5,sushiswap;uniswap_v2;uniswap_v3_arbitrum,0x2e81ec0b8b4022fac83a21b2f2b4b8f5ed744d70;0x74d0ae8b8e1fca6039707564704a25ad2ee036b0;0x7b504a15ef05f4eed1c07208c5815c49022a0c19;0xbec22ca49e499c752542ca242b708c97739e4baf;0xf782cd5748bfc21d30b03174bb3e30fdd111a897,0.007428807263722748,-0.006145022531749311,0.011470708725932033,0.06513723883654232
2026-04-11,GRT,0.02426,3165235.012023997,11762.501478990267,3176997.513502987,0.003702395557124885,269.0953975799807,12,binance;bitget;bybit;coinbase;crypto_com;gate;htx;kraken;kucoin;mexc;okx;upbit,arbitrum;eth,arbitrum;eth,5,sushiswap;uniswap_v2;uniswap_v3_arbitrum,0x2e81ec0b8b4022fac83a21b2f2b4b8f5ed744d70;0x74d0ae8b8e1fca6039707564704a25ad2ee036b0;0x7b504a15ef05f4eed1c07208c5815c49022a0c19;0xbec22ca49e499c752542ca242b708c97739e4baf;0xf782cd5748bfc21d30b03174bb3e30fdd111a897,-0.006145022531749311,-0.027205276174773307,-0.011129431162407277,0.025968672712283647
2026-04-12,GRT,0.0236,3196556.892089019,24008.377751137275,3220565.269840156,0.007454709263609759,133.1433937446106,12,binance;bitget;bybit;coinbase;crypto_com;gate;htx;kraken;kucoin;mexc;okx;upbit,arbitrum;eth,arbitrum;eth,5,sushiswap;uniswap_v2;uniswap_v3_arbitrum,0x2e81ec0b8b4022fac83a21b2f2b4b8f5ed744d70;0x74d0ae8b8e1fca6039707564704a25ad2ee036b0;0x7b504a15ef05f4eed1c07208c5815c49022a0c19;0xbec22ca49e499c752542ca242b708c97739e4baf;0xf782cd5748bfc21d30b03174bb3e30fdd111a897,-0.027205276174773307,0.04618644067796618,0.051694915254237195,0.027966101694915313
2026-04-13,GRT,0.02469,3492292.806615412,36926.692200766374,3529219.498816178,0.010463132772884446,94.57367011451225,12,binance;bitget;bybit;coinbase;crypto_com;gate;htx;kraken;kucoin;mexc;okx;upbit,arbitrum;eth,arbitrum;eth,5,sushiswap;uniswap_v2;uniswap_v3_arbitrum,0x2e81ec0b8b4022fac83a21b2f2b4b8f5ed744d70;0x74d0ae8b8e1fca6039707564704a25ad2ee036b0;0x7b504a15ef05f4eed1c07208c5815c49022a0c19;0xbec22ca49e499c752542ca242b708c97739e4baf;0xf782cd5748bfc21d30b03174bb3e30fdd111a897,0.04618644067796618,-0.028351559335763388,0.04252733900364514,0.012150668286755595
2026-04-14,GRT,0.02399,3181126.614766006,21301.19320133205,3202427.807967338,0.006651576390992077,149.34030148917088,12,binance;bitget;bybit;coinbase;crypto_com;gate;htx;kraken;kucoin;mexc;okx;upbit,arbitrum;eth,arbitrum;eth,5,sushiswap;uniswap_v2;uniswap_v3_arbitrum,0x2e81ec0b8b4022fac83a21b2f2b4b8f5ed744d70;0x74d0ae8b8e1fca6039707564704a25ad2ee036b0;0x7b504a15ef05f4eed1c07208c5815c49022a0c19;0xbec22ca49e499c752542ca242b708c97739e4baf;0xf782cd5748bfc21d30b03174bb3e30fdd111a897,-0.028351559335763388,0.034597749062108996,0.08378491037932467,0.029178824510212475
2026-04-15,GRT,0.02482,5811647.304375296,31234.978877165177,5842882.283252462,0.005345816903875413,186.06214933681267,12,binance;bitget;bybit;coinbase;crypto_com;gate;htx;kraken;kucoin;mexc;okx;upbit,arbitrum;eth,arbitrum;eth,5,sushiswap;uniswap_v2;uniswap_v3_arbitrum,0x2e81ec0b8b4022fac83a21b2f2b4b8f5ed744d70;0x74d0ae8b8e1fca6039707564704a25ad2ee036b0;0x7b504a15ef05f4eed1c07208c5815c49022a0c19;0xbec22ca49e499c752542ca242b708c97739e4baf;0xf782cd5748bfc21d30b03174bb3e30fdd111a897,0.034597749062108996,0.03706688154713933,0.0028203062046736616,-0.006043513295729164
2026-04-16,GRT,0.02574,4513429.923358557,53889.0442831638,4567318.967641721,0.011798835304683954,83.75412819797694,12,binance;bitget;bybit;coinbase;crypto_com;gate;htx;kraken;kucoin;mexc;okx;upbit,arbitrum;eth,arbitrum;eth,5,sushiswap;uniswap_v2;uniswap_v3_arbitrum,0x2e81ec0b8b4022fac83a21b2f2b4b8f5ed744d70;0x74d0ae8b8e1fca6039707564704a25ad2ee036b0;0x7b504a15ef05f4eed1c07208c5815c49022a0c19;0xbec22ca49e499c752542ca242b708c97739e4baf;0xf782cd5748bfc21d30b03174bb3e30fdd111a897,0.03706688154713933,0.010101010101010166,-0.057498057498057475,-0.04156954156954151
2026-04-17,GRT,0.026,4742633.06263313,47943.66703336397,4790576.729666494,0.010007911309814606,98.92094944120011,12,binance;bitget;bybit;coinbase;crypto_com;gate;htx;kraken;kucoin;mexc;okx;upbit,arbitrum;eth,arbitrum;eth,5,sushiswap;uniswap_v2;uniswap_v3_arbitrum,0x2e81ec0b8b4022fac83a21b2f2b4b8f5ed744d70;0x74d0ae8b8e1fca6039707564704a25ad2ee036b0;0x7b504a15ef05f4eed1c07208c5815c49022a0c19;0xbec22ca49e499c752542ca242b708c97739e4baf;0xf782cd5748bfc21d30b03174bb3e30fdd111a897,0.010101010101010166,-0.042692307692307696,-0.038846153846153864,-0.04653846153846153
2026-04-18,GRT,0.02489,3840165.817602159,28780.369056438576,3868946.1866585976,0.007438813482514381,133.43004080564629,12,binance;bitget;bybit;coinbase;crypto_com;gate;htx;kraken;kucoin;mexc;okx;upbit,arbitrum;eth,arbitrum;eth,5,sushiswap;uniswap_v2;uniswap_v3_arbitrum,0x2e81ec0b8b4022fac83a21b2f2b4b8f5ed744d70;0x74d0ae8b8e1fca6039707564704a25ad2ee036b0;0x7b504a15ef05f4eed1c07208c5815c49022a0c19;0xbec22ca49e499c752542ca242b708c97739e4baf;0xf782cd5748bfc21d30b03174bb3e30fdd111a897,-0.042692307692307696,-0.02531137002812367,-0.008035355564483648,-0.00723182000803535
2026-04-19,GRT,0.02426,4008759.1859719288,31062.888051769864,4039822.0740236985,0.0076891723156586825,129.05300947197415,12,binance;bitget;bybit;coinbase;crypto_com;gate;htx;kraken;kucoin;mexc;okx;upbit,arbitrum;eth,arbitrum;eth,5,sushiswap;uniswap_v2;uniswap_v3_arbitrum,0x2e81ec0b8b4022fac83a21b2f2b4b8f5ed744d70;0x74d0ae8b8e1fca6039707564704a25ad2ee036b0;0x7b504a15ef05f4eed1c07208c5815c49022a0c19;0xbec22ca49e499c752542ca242b708c97739e4baf;0xf782cd5748bfc21d30b03174bb3e30fdd111a897,-0.02531137002812367,0.030090684253915922,0.016900247320692507,0.03256389117889524
2026-04-20,GRT,0.02499,5673550.348816857,43288.15367811369,5716838.50249497,0.007572044174279484,131.0647340379726,12,binance;bitget;bybit;coinbase;crypto_com;gate;htx;kraken;kucoin;mexc;okx;upbit,arbitrum;eth,arbitrum;eth,5,sushiswap;uniswap_v2;uniswap_v3_arbitrum,0x2e81ec0b8b4022fac83a21b2f2b4b8f5ed744d70;0x74d0ae8b8e1fca6039707564704a25ad2ee036b0;0x7b504a15ef05f4eed1c07208c5815c49022a0c19;0xbec22ca49e499c752542ca242b708c97739e4baf;0xf782cd5748bfc21d30b03174bb3e30fdd111a897,0.030090684253915922,-0.012004801920768249,-0.01280512204881945,-0.011604641856742592
2026-04-21,GRT,0.02469,4066212.8991813594,87213.62035477269,4153426.519536132,0.020997992848688456,46.62359941762055,12,binance;bitget;bybit;coinbase;crypto_com;gate;htx;kraken;kucoin;mexc;okx;upbit,arbitrum;eth,arbitrum;eth,5,sushiswap;uniswap_v2;uniswap_v3_arbitrum,0x2e81ec0b8b4022fac83a21b2f2b4b8f5ed744d70;0x74d0ae8b8e1fca6039707564704a25ad2ee036b0;0x7b504a15ef05f4eed1c07208c5815c49022a0c19;0xbec22ca49e499c752542ca242b708c97739e4baf;0xf782cd5748bfc21d30b03174bb3e30fdd111a897,-0.012004801920768249,-0.000810044552450373,0.004050222762251865,-0.000810044552450373
2026-04-22,GRT,0.02467,3390045.4698462794,23414.702254010983,3413460.17210029,0.006859521152579905,144.78277080228762,12,binance;bitget;bybit;coinbase;crypto_com;gate;htx;kraken;kucoin;mexc;okx;upbit,arbitrum;eth,arbitrum;eth,5,sushiswap;uniswap_v2;uniswap_v3_arbitrum,0x2e81ec0b8b4022fac83a21b2f2b4b8f5ed744d70;0x74d0ae8b8e1fca6039707564704a25ad2ee036b0;0x7b504a15ef05f4eed1c07208c5815c49022a0c19;0xbec22ca49e499c752542ca242b708c97739e4baf;0xf782cd5748bfc21d30b03174bb3e30fdd111a897,-0.000810044552450373,0.0,0.0016214025131737753,-0.013781921361978089
2026-04-23,GRT,0.02467,7401543.458994604,17138.25147160295,7418681.710466207,0.002310147832252254,431.8727304975373,12,binance;bitget;bybit;coinbase;crypto_com;gate;htx;kraken;kucoin;mexc;okx;upbit,arbitrum;eth,arbitrum;eth,5,sushiswap;uniswap_v2;uniswap_v3_arbitrum,0x2e81ec0b8b4022fac83a21b2f2b4b8f5ed744d70;0x74d0ae8b8e1fca6039707564704a25ad2ee036b0;0x7b504a15ef05f4eed1c07208c5815c49022a0c19;0xbec22ca49e499c752542ca242b708c97739e4baf;0xf782cd5748bfc21d30b03174bb3e30fdd111a897,0.0,0.004864207539521548,0.015403323875151864,-0.02269963518443463
2026-04-24,GRT,0.02479,4223442.645583568,23898.695617775193,4247341.341201344,0.0056267424014043435,176.72272634169573,12,binance;bitget;bybit;coinbase;crypto_com;gate;htx;kraken;kucoin;mexc;okx;upbit,arbitrum;eth,arbitrum;eth,5,sushiswap;uniswap_v2;uniswap_v3_arbitrum,0x2e81ec0b8b4022fac83a21b2f2b4b8f5ed744d70;0x74d0ae8b8e1fca6039707564704a25ad2ee036b0;0x7b504a15ef05f4eed1c07208c5815c49022a0c19;0xbec22ca49e499c752542ca242b708c97739e4baf;0xf782cd5748bfc21d30b03174bb3e30fdd111a897,0.004864207539521548,-0.0032271077047196783,-0.003630496167809638,-0.025816861637757094
2026-04-25,GRT,0.02471,3239126.952361496,35950.96906426059,3275077.9214257565,0.010977133957353257,90.09846011582374,12,binance;bitget;bybit;coinbase;crypto_com;gate;htx;kraken;kucoin;mexc;okx;upbit,arbitrum;eth,arbitrum;eth,5,sushiswap;uniswap_v2;uniswap_v3_arbitrum,0x2e81ec0b8b4022fac83a21b2f2b4b8f5ed744d70;0x74d0ae8b8e1fca6039707564704a25ad2ee036b0;0x7b504a15ef05f4eed1c07208c5815c49022a0c19;0xbec22ca49e499c752542ca242b708c97739e4baf;0xf782cd5748bfc21d30b03174bb3e30fdd111a897,-0.0032271077047196783,0.013759611493322499,-0.0016187778227437777,0.005261027923917583
2026-04-26,GRT,0.02505,3164284.300880966,19842.23294876079,3184126.5338297267,0.006231609434470378,159.47218788591962,12,binance;bitget;bybit;coinbase;crypto_com;gate;htx;kraken;kucoin;mexc;okx;upbit,arbitrum;eth,arbitrum;eth,5,sushiswap;uniswap_v2;uniswap_v3_arbitrum,0x2e81ec0b8b4022fac83a21b2f2b4b8f5ed744d70;0x74d0ae8b8e1fca6039707564704a25ad2ee036b0;0x7b504a15ef05f4eed1c07208c5815c49022a0c19;0xbec22ca49e499c752542ca242b708c97739e4baf;0xf782cd5748bfc21d30b03174bb3e30fdd111a897,0.013759611493322499,-0.013972055888223589,-0.028742514970059863,-0.02035928143712573
2026-04-27,GRT,0.0247,3099338.606019674,24610.270387237928,3123948.8764069118,0.007877936343037741,125.93679619330344,12,binance;bitget;bybit;coinbase;crypto_com;gate;htx;kraken;kucoin;mexc;okx;upbit,arbitrum;eth,arbitrum;eth,5,sushiswap;uniswap_v2;uniswap_v3_arbitrum,0x2e81ec0b8b4022fac83a21b2f2b4b8f5ed744d70;0x74d0ae8b8e1fca6039707564704a25ad2ee036b0;0x7b504a15ef05f4eed1c07208c5815c49022a0c19;0xbec22ca49e499c752542ca242b708c97739e4baf;0xf782cd5748bfc21d30b03174bb3e30fdd111a897,-0.013972055888223589,-0.0012145748987854033,-0.023886639676113375,-0.009311740890688314
2026-04-28,GRT,0.02467,2953221.769829522,9802.625767675527,2963024.3955971976,0.0033083176035409614,301.26843968356576,12,binance;bitget;bybit;coinbase;crypto_com;gate;htx;kraken;kucoin;mexc;okx;upbit,arbitrum;eth,arbitrum;eth,5,sushiswap;uniswap_v2;uniswap_v3_arbitrum,0x2e81ec0b8b4022fac83a21b2f2b4b8f5ed744d70;0x74d0ae8b8e1fca6039707564704a25ad2ee036b0;0x7b504a15ef05f4eed1c07208c5815c49022a0c19;0xbec22ca49e499c752542ca242b708c97739e4baf;0xf782cd5748bfc21d30b03174bb3e30fdd111a897,-0.0012145748987854033,-0.013781921361978089,-0.021078232671260633,0.04539927036886904
2026-04-29,GRT,0.02433,3810407.4911780595,19069.45449598486,3829476.9456740445,0.004979649901673022,199.81733048422302,12,binance;bitget;bybit;coinbase;crypto_com;gate;htx;kraken;kucoin;mexc;okx;upbit,arbitrum;eth,arbitrum;eth,5,sushiswap;uniswap_v2;uniswap_v3_arbitrum,0x2e81ec0b8b4022fac83a21b2f2b4b8f5ed744d70;0x74d0ae8b8e1fca6039707564704a25ad2ee036b0;0x7b504a15ef05f4eed1c07208c5815c49022a0c19;0xbec22ca49e499c752542ca242b708c97739e4baf;0xf782cd5748bfc21d30b03174bb3e30fdd111a897,-0.013781921361978089,-0.00904233456637904,0.020961775585696563,0.09042334566378951
2026-04-30,GRT,0.02411,3040128.518178066,14952.109855969851,3055080.6280340357,0.004894178477244194,203.32438347918168,12,binance;bitget;bybit;coinbase;crypto_com;gate;htx;kraken;kucoin;mexc;okx;upbit,arbitrum;eth,arbitrum;eth,4,sushiswap;uniswap_v2;uniswap_v3_arbitrum,0x2e81ec0b8b4022fac83a21b2f2b4b8f5ed744d70;0x74d0ae8b8e1fca6039707564704a25ad2ee036b0;0x7b504a15ef05f4eed1c07208c5815c49022a0c19;0xf782cd5748bfc21d30b03174bb3e30fdd111a897,-0.00904233456637904,0.0016590626296142386,0.017834923268353453,0.07839070924927416
2026-05-01,GRT,0.02415,3328966.131119113,29276.707753446826,3358242.83887256,0.00871786501397728,113.70698369345115,12,binance;bitget;bybit;coinbase;crypto_com;gate;htx;kraken;kucoin;mexc;okx;upbit,arbitrum;eth,arbitrum;eth,5,sushiswap;uniswap_v2;uniswap_v3_arbitrum,0x2e81ec0b8b4022fac83a21b2f2b4b8f5ed744d70;0x74d0ae8b8e1fca6039707564704a25ad2ee036b0;0x7b504a15ef05f4eed1c07208c5815c49022a0c19;0xbec22ca49e499c752542ca242b708c97739e4baf;0xf782cd5748bfc21d30b03174bb3e30fdd111a897,0.0016590626296142386,0.02857142857142847,0.013250517598343503,0.1412008281573498
2026-05-02,GRT,0.02484,2624637.912346813,14745.458924207573,2639383.3712710203,0.0055867060028898935,177.9963530357101,12,binance;bitget;bybit;coinbase;crypto_com;gate;htx;kraken;kucoin;mexc;okx;upbit,arbitrum;eth,arbitrum;eth,5,sushiswap;uniswap_v2;uniswap_v3_arbitrum,0x2e81ec0b8b4022fac83a21b2f2b4b8f5ed744d70;0x74d0ae8b8e1fca6039707564704a25ad2ee036b0;0x7b504a15ef05f4eed1c07208c5815c49022a0c19;0xbec22ca49e499c752542ca242b708c97739e4baf;0xf782cd5748bfc21d30b03174bb3e30fdd111a897,0.02857142857142847,-0.012077294685990392,0.03824476650563602,0.09339774557165859
2026-05-03,GRT,0.02454,3203053.263715427,9945.777359557342,3212999.0410749842,0.0030954809610617712,322.05157504732097,12,binance;bitget;bybit;coinbase;crypto_com;gate;htx;kraken;kucoin;mexc;okx;upbit,arbitrum;eth,arbitrum;eth,5,sushiswap;uniswap_v2;uniswap_v3_arbitrum,0x2e81ec0b8b4022fac83a21b2f2b4b8f5ed744d70;0x74d0ae8b8e1fca6039707564704a25ad2ee036b0;0x7b504a15ef05f4eed1c07208c5815c49022a0c19;0xbec22ca49e499c752542ca242b708c97739e4baf;0xf782cd5748bfc21d30b03174bb3e30fdd111a897,-0.012077294685990392,-0.002852485737571353,0.08109209453952748,0.16340668296658523
2026-05-04,GRT,0.02447,3453811.2042798596,23426.157253358127,3477237.3615332176,0.006737002631027994,147.43396310911203,12,binance;bitget;bybit;coinbase;crypto_com;gate;htx;kraken;kucoin;mexc;okx;upbit,arbitrum;eth,arbitrum;eth,5,sushiswap;uniswap_v2;uniswap_v3_arbitrum,0x2e81ec0b8b4022fac83a21b2f2b4b8f5ed744d70;0x74d0ae8b8e1fca6039707564704a25ad2ee036b0;0x7b504a15ef05f4eed1c07208c5815c49022a0c19;0xbec22ca49e499c752542ca242b708c97739e4baf;0xf782cd5748bfc21d30b03174bb3e30fdd111a897,-0.002852485737571353,0.053943604413567714,0.0625255414793624,0.16142214957090317
2026-05-05,GRT,0.02579,6956083.648112812,62220.51629566759,7018304.16440848,0.008865463057472331,111.79726659704949,12,binance;bitget;bybit;coinbase;crypto_com;gate;htx;kraken;kucoin;mexc;okx;upbit,arbitrum;eth,arbitrum;eth,5,sushiswap;uniswap_v2;uniswap_v3_arbitrum,0x2e81ec0b8b4022fac83a21b2f2b4b8f5ed744d70;0x74d0ae8b8e1fca6039707564704a25ad2ee036b0;0x7b504a15ef05f4eed1c07208c5815c49022a0c19;0xbec22ca49e499c752542ca242b708c97739e4baf;0xf782cd5748bfc21d30b03174bb3e30fdd111a897,0.053943604413567714,0.028693291973633128,0.06863125242342005,0.1217526172935246
2026-05-06,GRT,0.02653,10350174.844806926,52910.700753171666,10403085.545560097,0.005086058412328761,195.61590939969733,12,binance;bitget;bybit;coinbase;crypto_com;gate;htx;kraken;kucoin;mexc;okx;upbit,arbitrum;eth,arbitrum;eth,5,sushiswap;uniswap_v2;uniswap_v3_arbitrum,0x2e81ec0b8b4022fac83a21b2f2b4b8f5ed744d70;0x74d0ae8b8e1fca6039707564704a25ad2ee036b0;0x7b504a15ef05f4eed1c07208c5815c49022a0c19;0xbec22ca49e499c752542ca242b708c97739e4baf;0xf782cd5748bfc21d30b03174bb3e30fdd111a897,0.028693291973633128,-0.019977384093479156,0.0237467018469657,0.03467772333207675
2026-05-07,GRT,0.026,6838282.490919536,14973.507336191224,6853255.998255727,0.0021848749470328036,456.6920987437118,12,binance;bitget;bybit;coinbase;crypto_com;gate;htx;kraken;kucoin;mexc;okx;upbit,arbitrum;eth,arbitrum;eth,5,sushiswap;uniswap_v2;uniswap_v3_arbitrum,0x2e81ec0b8b4022fac83a21b2f2b4b8f5ed744d70;0x74d0ae8b8e1fca6039707564704a25ad2ee036b0;0x7b504a15ef05f4eed1c07208c5815c49022a0c19;0xbec22ca49e499c752542ca242b708c97739e4baf;0xf782cd5748bfc21d30b03174bb3e30fdd111a897,-0.019977384093479156,0.06000000000000005,0.09807692307692317,0.07499999999999996
2026-05-08,GRT,0.02756,5444997.246867962,27522.056658043068,5472519.303526006,0.005029138342245828,197.8412192998924,12,binance;bitget;bybit;coinbase;crypto_com;gate;htx;kraken;kucoin;mexc;okx;upbit,arbitrum;eth,arbitrum;eth,5,sushiswap;uniswap_v2;uniswap_v3_arbitrum,0x2e81ec0b8b4022fac83a21b2f2b4b8f5ed744d70;0x74d0ae8b8e1fca6039707564704a25ad2ee036b0;0x7b504a15ef05f4eed1c07208c5815c49022a0c19;0xbec22ca49e499c752542ca242b708c97739e4baf;0xf782cd5748bfc21d30b03174bb3e30fdd111a897,0.06000000000000005,-0.014513788098693747,0.031204644412191618,-0.021044992743106006
2026-05-09,GRT,0.02716,4796344.555280384,18334.9655710171,4814679.520851401,0.0038081383177451544,261.5955037767936,12,binance;bitget;bybit;coinbase;crypto_com;gate;htx;kraken;kucoin;mexc;okx;upbit,arbitrum;eth,arbitrum;eth,5,sushiswap;uniswap_v2;uniswap_v3_arbitrum,0x2e81ec0b8b4022fac83a21b2f2b4b8f5ed744d70;0x74d0ae8b8e1fca6039707564704a25ad2ee036b0;0x7b504a15ef05f4eed1c07208c5815c49022a0c19;0xbec22ca49e499c752542ca242b708c97739e4baf;0xf782cd5748bfc21d30b03174bb3e30fdd111a897,-0.014513788098693747,0.05117820324005895,0.06516936671575846,-0.06148748159057438
2026-05-10,GRT,0.02855,10673787.346077926,63405.04526735381,10737192.391345281,0.005905179208529548,168.34287084049572,12,binance;bitget;bybit;coinbase;crypto_com;gate;htx;kraken;kucoin;mexc;okx;upbit,arbitrum;eth,arbitrum;eth,5,sushiswap;uniswap_v2;uniswap_v3_arbitrum,0x2e81ec0b8b4022fac83a21b2f2b4b8f5ed744d70;0x74d0ae8b8e1fca6039707564704a25ad2ee036b0;0x7b504a15ef05f4eed1c07208c5815c49022a0c19;0xbec22ca49e499c752542ca242b708c97739e4baf;0xf782cd5748bfc21d30b03174bb3e30fdd111a897,0.05117820324005895,-0.004553415061295918,-0.038528896672504365,-0.13590192644483357
2026-05-11,GRT,0.02842,6546853.372387055,27153.537397951273,6574006.909785006,0.004130439436796894,241.10499035315428,12,binance;bitget;bybit;coinbase;crypto_com;gate;htx;kraken;kucoin;mexc;okx;upbit,arbitrum;eth,arbitrum;eth,5,sushiswap;uniswap_v2;uniswap_v3_arbitrum,0x2e81ec0b8b4022fac83a21b2f2b4b8f5ed744d70;0x74d0ae8b8e1fca6039707564704a25ad2ee036b0;0x7b504a15ef05f4eed1c07208c5815c49022a0c19;0xbec22ca49e499c752542ca242b708c97739e4baf;0xf782cd5748bfc21d30b03174bb3e30fdd111a897,-0.004553415061295918,0.017945109078113974,-0.01653764954257575,-0.10978184377199163
2026-05-12,GRT,0.02893,9589203.32882111,60990.79952959504,9650194.128350705,0.006320162964433427,157.22376822045211,12,binance;bitget;bybit;coinbase;crypto_com;gate;htx;kraken;kucoin;mexc;okx;upbit,arbitrum;eth,arbitrum;eth,5,sushiswap;uniswap_v2;uniswap_v3_arbitrum,0x2e81ec0b8b4022fac83a21b2f2b4b8f5ed744d70;0x74d0ae8b8e1fca6039707564704a25ad2ee036b0;0x7b504a15ef05f4eed1c07208c5815c49022a0c19;0xbec22ca49e499c752542ca242b708c97739e4baf;0xf782cd5748bfc21d30b03174bb3e30fdd111a897,0.017945109078113974,-0.05115796750777746,-0.06740407881092292,-0.14690632561355
2026-05-13,GRT,0.02745,7128201.987172094,35649.254518462716,7163851.2416905565,0.00497626951143252,199.95374611495467,12,binance;bitget;bybit;coinbase;crypto_com;gate;htx;kraken;kucoin;mexc;okx;upbit,arbitrum;eth,arbitrum;eth,5,sushiswap;uniswap_v2;uniswap_v3_arbitrum,0x2e81ec0b8b4022fac83a21b2f2b4b8f5ed744d70;0x74d0ae8b8e1fca6039707564704a25ad2ee036b0;0x7b504a15ef05f4eed1c07208c5815c49022a0c19;0xbec22ca49e499c752542ca242b708c97739e4baf;0xf782cd5748bfc21d30b03174bb3e30fdd111a897,-0.05115796750777746,0.01821493624772308,-0.07140255009107466,-0.0877959927140255
2026-05-14,GRT,0.02795,7565542.479502,46234.22217111102,7611776.701673111,0.006074038162594612,163.63511970639905,12,binance;bitget;bybit;coinbase;crypto_com;gate;htx;kraken;kucoin;mexc;okx;upbit,arbitrum;eth,arbitrum;eth,5,sushiswap;uniswap_v2;uniswap_v3_arbitrum,0x2e81ec0b8b4022fac83a21b2f2b4b8f5ed744d70;0x74d0ae8b8e1fca6039707564704a25ad2ee036b0;0x7b504a15ef05f4eed1c07208c5815c49022a0c19;0xbec22ca49e499c752542ca242b708c97739e4baf;0xf782cd5748bfc21d30b03174bb3e30fdd111a897,0.01821493624772308,-0.0347048300536672,-0.11735241502683358,-0.09123434704830058
2026-05-15,GRT,0.02698,5432174.361148728,21821.240589928235,5453995.601738656,0.004000964097398967,248.9397584322493,12,binance;bitget;bybit;coinbase;crypto_com;gate;htx;kraken;kucoin;mexc;okx;upbit,arbitrum;eth,arbitrum;eth,5,sushiswap;uniswap_v2;uniswap_v3_arbitrum,0x2e81ec0b8b4022fac83a21b2f2b4b8f5ed744d70;0x74d0ae8b8e1fca6039707564704a25ad2ee036b0;0x7b504a15ef05f4eed1c07208c5815c49022a0c19;0xbec22ca49e499c752542ca242b708c97739e4baf;0xf782cd5748bfc21d30b03174bb3e30fdd111a897,-0.0347048300536672,-0.05522609340252049,-0.06226834692364713,-0.040400296515937795
2026-05-16,GRT,0.02549,3818315.2075448614,25287.011436721485,3843602.2189815827,0.006578987625681421,150.99906990194782,12,binance;bitget;bybit;coinbase;crypto_com;gate;htx;kraken;kucoin;mexc;okx;upbit,arbitrum;eth,arbitrum;eth,5,sushiswap;uniswap_v2;uniswap_v3_arbitrum,0x2e81ec0b8b4022fac83a21b2f2b4b8f5ed744d70;0x74d0ae8b8e1fca6039707564704a25ad2ee036b0;0x7b504a15ef05f4eed1c07208c5815c49022a0c19;0xbec22ca49e499c752542ca242b708c97739e4baf;0xf782cd5748bfc21d30b03174bb3e30fdd111a897,-0.05522609340252049,-0.03216947822675553,-0.031777167516673144,0.0506080816006278
2026-05-17,GRT,0.02467,5638362.792753677,25567.216993058773,5663930.009746736,0.004514041831212886,220.53095549212227,12,binance;bitget;bybit;coinbase;crypto_com;gate;htx;kraken;kucoin;mexc;okx;upbit,arbitrum;eth,arbitrum;eth,5,sushiswap;uniswap_v2;uniswap_v3_arbitrum,0x2e81ec0b8b4022fac83a21b2f2b4b8f5ed744d70;0x74d0ae8b8e1fca6039707564704a25ad2ee036b0;0x7b504a15ef05f4eed1c07208c5815c49022a0c19;0xbec22ca49e499c752542ca242b708c97739e4baf;0xf782cd5748bfc21d30b03174bb3e30fdd111a897,-0.03216947822675553,0.025537089582488903,0.014997973246858587,0.04742602351033631
2026-05-18,GRT,0.0253,4007757.7721883627,29204.670874786145,4036962.4430631488,0.007234318200053987,137.23002698340494,12,binance;bitget;bybit;coinbase;crypto_com;gate;htx;kraken;kucoin;mexc;okx;upbit,arbitrum;eth,arbitrum;eth,5,sushiswap;uniswap_v2;uniswap_v3_arbitrum,0x2e81ec0b8b4022fac83a21b2f2b4b8f5ed744d70;0x74d0ae8b8e1fca6039707564704a25ad2ee036b0;0x7b504a15ef05f4eed1c07208c5815c49022a0c19;0xbec22ca49e499c752542ca242b708c97739e4baf;0xf782cd5748bfc21d30b03174bb3e30fdd111a897,0.025537089582488903,-0.02450592885375491,0.0039525691699604515,0.09367588932806337
2026-05-19,GRT,0.02468,2851152.5813954184,8618.63213093271,2859771.213526351,0.0030137488237407545,330.81265542852054,12,binance;bitget;bybit;coinbase;crypto_com;gate;htx;kraken;kucoin;mexc;okx;upbit,arbitrum;eth,arbitrum;eth,5,sushiswap;uniswap_v2;uniswap_v3_arbitrum,0x2e81ec0b8b4022fac83a21b2f2b4b8f5ed744d70;0x74d0ae8b8e1fca6039707564704a25ad2ee036b0;0x7b504a15ef05f4eed1c07208c5815c49022a0c19;0xbec22ca49e499c752542ca242b708c97739e4baf;0xf782cd5748bfc21d30b03174bb3e30fdd111a897,-0.02450592885375491,0.014586709886547755,0.04902755267423009,0.13897893030794162
2026-05-20,GRT,0.02504,3995256.9487814074,12922.555460116266,4008179.504241524,0.0032240460903613217,309.1692630851717,12,binance;bitget;bybit;coinbase;crypto_com;gate;htx;kraken;kucoin;mexc;okx;upbit,arbitrum;eth,arbitrum;eth,5,sushiswap;uniswap_v2;uniswap_v3_arbitrum,0x2e81ec0b8b4022fac83a21b2f2b4b8f5ed744d70;0x74d0ae8b8e1fca6039707564704a25ad2ee036b0;0x7b504a15ef05f4eed1c07208c5815c49022a0c19;0xbec22ca49e499c752542ca242b708c97739e4baf;0xf782cd5748bfc21d30b03174bb3e30fdd111a897,0.014586709886547755,0.01437699680511173,0.06948881789137396,0.09065495207667729
2026-05-21,GRT,0.0254,7102307.756721385,26295.79028536999,7128603.547006755,0.003688771596284294,270.0929570720241,12,binance;bitget;bybit;coinbase;crypto_com;gate;htx;kraken;kucoin;mexc;okx;upbit,arbitrum;eth,arbitrum;eth,5,sushiswap;uniswap_v2;uniswap_v3_arbitrum,0x2e81ec0b8b4022fac83a21b2f2b4b8f5ed744d70;0x74d0ae8b8e1fca6039707564704a25ad2ee036b0;0x7b504a15ef05f4eed1c07208c5815c49022a0c19;0xbec22ca49e499c752542ca242b708c97739e4baf;0xf782cd5748bfc21d30b03174bb3e30fdd111a897,0.01437699680511173,0.019291338582677175,0.017322834645669305,0.049212598425196985
2026-05-22,GRT,0.02589,9821315.884492302,79828.92401340732,9901144.80850571,0.008062595341988051,123.02954105760972,12,binance;bitget;bybit;coinbase;crypto_com;gate;htx;kraken;kucoin;mexc;okx;upbit,arbitrum;eth,arbitrum;eth,5,sushiswap;uniswap_v2;uniswap_v3_arbitrum,0x2e81ec0b8b4022fac83a21b2f2b4b8f5ed744d70;0x74d0ae8b8e1fca6039707564704a25ad2ee036b0;0x7b504a15ef05f4eed1c07208c5815c49022a0c19;0xbec22ca49e499c752542ca242b708c97739e4baf;0xf782cd5748bfc21d30b03174bb3e30fdd111a897,0.019291338582677175,0.03437620702974131,0.0687524140594824,0.0030899961375048246
2026-05-23,GRT,0.02678,7543622.581907289,54212.97749660175,7597835.559403891,0.007135318614457507,139.147911261287,12,binance;bitget;bybit;coinbase;crypto_com;gate;htx;kraken;kucoin;mexc;okx;upbit,arbitrum;eth,arbitrum;eth,5,sushiswap;uniswap_v2;uniswap_v3_arbitrum,0x2e81ec0b8b4022fac83a21b2f2b4b8f5ed744d70;0x74d0ae8b8e1fca6039707564704a25ad2ee036b0;0x7b504a15ef05f4eed1c07208c5815c49022a0c19;0xbec22ca49e499c752542ca242b708c97739e4baf;0xf782cd5748bfc21d30b03174bb3e30fdd111a897,0.03437620702974131,-0.03510082150858862,0.049663928304704896,-0.011575802837938798
2026-05-24,GRT,0.02584,4467007.778891457,37603.258881406226,4504611.037772863,0.008347726044732544,118.79310229412773,12,binance;bitget;bybit;coinbase;crypto_com;gate;htx;kraken;kucoin;mexc;okx;upbit,arbitrum;eth,arbitrum;eth,5,sushiswap;uniswap_v2;uniswap_v3_arbitrum,0x2e81ec0b8b4022fac83a21b2f2b4b8f5ed744d70;0x74d0ae8b8e1fca6039707564704a25ad2ee036b0;0x7b504a15ef05f4eed1c07208c5815c49022a0c19;0xbec22ca49e499c752542ca242b708c97739e4baf;0xf782cd5748bfc21d30b03174bb3e30fdd111a897,-0.03510082150858862,0.07082043343653255,0.05688854489164097,0.006191950464396356
2026-05-25,GRT,0.02767,10974860.394859955,32870.507807523056,11007730.902667478,0.002986129302957217,333.88168077975797,12,binance;bitget;bybit;coinbase;crypto_com;gate;htx;kraken;kucoin;mexc;okx;upbit,arbitrum;eth,arbitrum;eth,5,sushiswap;uniswap_v2;uniswap_v3_arbitrum,0x2e81ec0b8b4022fac83a21b2f2b4b8f5ed744d70;0x74d0ae8b8e1fca6039707564704a25ad2ee036b0;0x7b504a15ef05f4eed1c07208c5815c49022a0c19;0xbec22ca49e499c752542ca242b708c97739e4baf;0xf782cd5748bfc21d30b03174bb3e30fdd111a897,0.07082043343653255,0.015901698590531144,-0.036863028550777055,-0.09071196241416701
2026-05-26,GRT,0.02811,13080304.12830161,87553.35524487302,13167857.483546482,0.006649020568021244,149.3980909323012,12,binance;bitget;bybit;coinbase;crypto_com;gate;htx;kraken;kucoin;mexc;okx;upbit,arbitrum;eth,arbitrum;eth,5,sushiswap;uniswap_v2;uniswap_v3_arbitrum,0x2e81ec0b8b4022fac83a21b2f2b4b8f5ed744d70;0x74d0ae8b8e1fca6039707564704a25ad2ee036b0;0x7b504a15ef05f4eed1c07208c5815c49022a0c19;0xbec22ca49e499c752542ca242b708c97739e4baf;0xf782cd5748bfc21d30b03174bb3e30fdd111a897,0.015901698590531144,-0.028459622909996374,-0.07612949128424051,-0.17965136961935246
2026-05-27,GRT,0.02731,9072570.396985715,81936.56216541254,9154506.959151128,0.008950406890401259,110.72676418459099,12,binance;bitget;bybit;coinbase;crypto_com;gate;htx;kraken;kucoin;mexc;okx;upbit,arbitrum;eth,arbitrum;eth,5,sushiswap;uniswap_v2;uniswap_v3_arbitrum,0x2e81ec0b8b4022fac83a21b2f2b4b8f5ed744d70;0x74d0ae8b8e1fca6039707564704a25ad2ee036b0;0x7b504a15ef05f4eed1c07208c5815c49022a0c19;0xbec22ca49e499c752542ca242b708c97739e4baf;0xf782cd5748bfc21d30b03174bb3e30fdd111a897,-0.028459622909996374,-0.024166971805199555,-0.030757964115708525,-0.15269132186012446
2026-05-28,GRT,0.02665,7055773.900409354,53745.96868482696,7109519.869094181,0.007559718472476075,131.28005826418885,12,binance;bitget;bybit;coinbase;crypto_com;gate;htx;kraken;kucoin;mexc;okx;upbit,arbitrum;eth,arbitrum;eth,5,sushiswap;uniswap_v2;uniswap_v3_arbitrum,0x2e81ec0b8b4022fac83a21b2f2b4b8f5ed744d70;0x74d0ae8b8e1fca6039707564704a25ad2ee036b0;0x7b504a15ef05f4eed1c07208c5815c49022a0c19;0xbec22ca49e499c752542ca242b708c97739e4baf;0xf782cd5748bfc21d30b03174bb3e30fdd111a897,-0.024166971805199555,-0.02551594746716701,-0.024390243902439046,-0.18273921200750465
2026-05-29,GRT,0.02597,6211321.846407948,60912.52049014256,6272234.366898091,0.009711454790594282,101.97118419050025,12,binance;bitget;bybit;coinbase;crypto_com;gate;htx;kraken;kucoin;mexc;okx;upbit,arbitrum;eth,arbitrum;eth,5,sushiswap;uniswap_v2;uniswap_v3_arbitrum,0x2e81ec0b8b4022fac83a21b2f2b4b8f5ed744d70;0x74d0ae8b8e1fca6039707564704a25ad2ee036b0;0x7b504a15ef05f4eed1c07208c5815c49022a0c19;0xbec22ca49e499c752542ca242b708c97739e4baf;0xf782cd5748bfc21d30b03174bb3e30fdd111a897,-0.02551594746716701,0.01925298421255306,-0.03118983442433587,-0.2264150943396226
2026-05-30,GRT,0.02647,4763213.413117466,61153.037257175354,4824366.4503746405,0.012675869025750824,77.8900546359793,12,binance;bitget;bybit;coinbase;crypto_com;gate;htx;kraken;kucoin;mexc;okx;upbit,arbitrum;eth,arbitrum;eth,5,sushiswap;uniswap_v2;uniswap_v3_arbitrum,0x2e81ec0b8b4022fac83a21b2f2b4b8f5ed744d70;0x74d0ae8b8e1fca6039707564704a25ad2ee036b0;0x7b504a15ef05f4eed1c07208c5815c49022a0c19;0xbec22ca49e499c752542ca242b708c97739e4baf;0xf782cd5748bfc21d30b03174bb3e30fdd111a897,0.01925298421255306,-0.017755950132225196,-0.12882508500188894,-0.25425009444654323
2026-05-31,GRT,0.026,4343103.489654826,24929.41753423054,4368032.907189056,0.005707241237400218,174.2160033900238,12,binance;bitget;bybit;coinbase;crypto_com;gate;htx;kraken;kucoin;mexc;okx;upbit,arbitrum;eth,arbitrum;eth,5,sushiswap;uniswap_v2;uniswap_v3_arbitrum,0x2e81ec0b8b4022fac83a21b2f2b4b8f5ed744d70;0x74d0ae8b8e1fca6039707564704a25ad2ee036b0;0x7b504a15ef05f4eed1c07208c5815c49022a0c19;0xbec22ca49e499c752542ca242b708c97739e4baf;0xf782cd5748bfc21d30b03174bb3e30fdd111a897,-0.017755950132225196,-0.03230769230769237,-0.10999999999999988,-0.22653846153846158
2026-06-01,GRT,0.02516,6141896.978888238,39462.34864860878,6181359.3275368465,0.0063840890906974295,155.63941805842737,12,binance;bitget;bybit;coinbase;crypto_com;gate;htx;kraken;kucoin;mexc;okx;upbit,arbitrum;eth,arbitrum;eth,5,sushiswap;uniswap_v2;uniswap_v3_arbitrum,0x2e81ec0b8b4022fac83a21b2f2b4b8f5ed744d70;0x74d0ae8b8e1fca6039707564704a25ad2ee036b0;0x7b504a15ef05f4eed1c07208c5815c49022a0c19;0xbec22ca49e499c752542ca242b708c97739e4baf;0xf782cd5748bfc21d30b03174bb3e30fdd111a897,-0.03230769230769237,-0.0834658187599363,-0.1343402225755166,-0.2058823529411764
2026-06-02,GRT,0.02306,8029571.282836394,43908.45392932958,8073479.736765724,0.005438603348364819,182.87073591249526,12,binance;bitget;bybit;coinbase;crypto_com;gate;htx;kraken;kucoin;mexc;okx;upbit,arbitrum;eth,arbitrum;eth,5,sushiswap;uniswap_v2;uniswap_v3_arbitrum,0x2e81ec0b8b4022fac83a21b2f2b4b8f5ed744d70;0x74d0ae8b8e1fca6039707564704a25ad2ee036b0;0x7b504a15ef05f4eed1c07208c5815c49022a0c19;0xbec22ca49e499c752542ca242b708c97739e4baf;0xf782cd5748bfc21d30b03174bb3e30fdd111a897,-0.0834658187599363,0.003469210754553309,-0.1287944492627927,-0.15134431916738944
2026-06-03,GRT,0.02314,8285726.780376261,68061.29477422239,8353788.075150483,0.008147357122534659,121.73918829875693,12,binance;bitget;bybit;coinbase;crypto_com;gate;htx;kraken;kucoin;mexc;okx;upbit,arbitrum;eth,arbitrum;eth,5,sushiswap;uniswap_v2;uniswap_v3_arbitrum,0x2e81ec0b8b4022fac83a21b2f2b4b8f5ed744d70;0x74d0ae8b8e1fca6039707564704a25ad2ee036b0;0x7b504a15ef05f4eed1c07208c5815c49022a0c19;0xbec22ca49e499c752542ca242b708c97739e4baf;0xf782cd5748bfc21d30b03174bb3e30fdd111a897,0.003469210754553309,-0.05877268798617108,-0.14693171996542786,-0.19014693171996544
2026-06-04,GRT,0.02178,8548752.598308465,66533.7411014324,8615286.339409897,0.00772275447155824,128.48747803427543,12,binance;bitget;bybit;coinbase;crypto_com;gate;htx;kraken;kucoin;mexc;okx;upbit,arbitrum;eth,arbitrum;eth,5,sushiswap;uniswap_v2;uniswap_v3_arbitrum,0x2e81ec0b8b4022fac83a21b2f2b4b8f5ed744d70;0x74d0ae8b8e1fca6039707564704a25ad2ee036b0;0x7b504a15ef05f4eed1c07208c5815c49022a0c19;0xbec22ca49e499c752542ca242b708c97739e4baf;0xf782cd5748bfc21d30b03174bb3e30fdd111a897,-0.05877268798617108,-0.07759412304866853,-0.07667584940312222,-0.09274563820018367
2026-06-05,GRT,0.02009,8967488.059714148,66918.06294320292,9034406.122657351,0.007407023996339879,134.0069880284095,12,binance;bitget;bybit;coinbase;crypto_com;gate;htx;kraken;kucoin;mexc;okx;upbit,arbitrum;eth,arbitrum;eth,5,sushiswap;uniswap_v2;uniswap_v3_arbitrum,0x2e81ec0b8b4022fac83a21b2f2b4b8f5ed744d70;0x74d0ae8b8e1fca6039707564704a25ad2ee036b0;0x7b504a15ef05f4eed1c07208c5815c49022a0c19;0xbec22ca49e499c752542ca242b708c97739e4baf;0xf782cd5748bfc21d30b03174bb3e30fdd111a897,-0.07759412304866853,-0.017421602787456414,-0.005475360876057711,-0.006470881035341103
2026-06-06,GRT,0.01974,5036982.050339145,22803.404151221825,5059785.454490366,0.004506792700268481,220.88728581645822,12,binance;bitget;bybit;coinbase;crypto_com;gate;htx;kraken;kucoin;mexc;okx;upbit,arbitrum;eth,arbitrum;eth,5,sushiswap;uniswap_v2;uniswap_v3_arbitrum,0x2e81ec0b8b4022fac83a21b2f2b4b8f5ed744d70;0x74d0ae8b8e1fca6039707564704a25ad2ee036b0;0x7b504a15ef05f4eed1c07208c5815c49022a0c19;0xbec22ca49e499c752542ca242b708c97739e4baf;0xf782cd5748bfc21d30b03174bb3e30fdd111a897,-0.017421602787456414,0.018743667679837817,-0.00861195542046611,0.013677811550151908
2026-06-07,GRT,0.02011,4835318.808492042,25791.601954886737,4861110.410446929,0.005305701738322678,187.47648234296256,12,binance;bitget;bybit;coinbase;crypto_com;gate;htx;kraken;kucoin;mexc;okx;upbit,arbitrum;eth,arbitrum;eth,5,sushiswap;uniswap_v2;uniswap_v3_arbitrum,0x2e81ec0b8b4022fac83a21b2f2b4b8f5ed744d70;0x74d0ae8b8e1fca6039707564704a25ad2ee036b0;0x7b504a15ef05f4eed1c07208c5815c49022a0c19;0xbec22ca49e499c752542ca242b708c97739e4baf;0xf782cd5748bfc21d30b03174bb3e30fdd111a897,0.018743667679837817,-0.006464445549477782,-0.06812531079065143,0.001491795126802753
2026-06-08,GRT,0.01998,3445442.322818588,51213.91572686208,3496656.23854545,0.014646540075145105,67.27551045294176,12,binance;bitget;bybit;coinbase;crypto_com;gate;htx;kraken;kucoin;mexc;okx;upbit,arbitrum;eth,arbitrum;eth,5,sushiswap;uniswap_v2;uniswap_v3_arbitrum,0x2e81ec0b8b4022fac83a21b2f2b4b8f5ed744d70;0x74d0ae8b8e1fca6039707564704a25ad2ee036b0;0x7b504a15ef05f4eed1c07208c5815c49022a0c19;0xbec22ca49e499c752542ca242b708c97739e4baf;0xf782cd5748bfc21d30b03174bb3e30fdd111a897,-0.006464445549477782,-0.020520520520520558,-0.011011011011011096,0.01851851851851838
2026-06-09,GRT,0.01957,5448859.236295848,75447.44535270432,5524306.681648552,0.013657360045440027,72.22059290176537,12,binance;bitget;bybit;coinbase;crypto_com;gate;htx;kraken;kucoin;mexc;okx;upbit,arbitrum;eth,arbitrum;eth,5,sushiswap;uniswap_v2;uniswap_v3_arbitrum,0x2e81ec0b8b4022fac83a21b2f2b4b8f5ed744d70;0x74d0ae8b8e1fca6039707564704a25ad2ee036b0;0x7b504a15ef05f4eed1c07208c5815c49022a0c19;0xbec22ca49e499c752542ca242b708c97739e4baf;0xf782cd5748bfc21d30b03174bb3e30fdd111a897,-0.020520520520520558,-0.042411854879918276,0.01992846193152764,0.01941747572815533
2026-06-10,GRT,0.01874,5356043.214997502,22214.491197835472,5378257.706195338,0.004130425206707014,241.10582445027515,12,binance;bitget;bybit;coinbase;crypto_com;gate;htx;kraken;kucoin;mexc;okx;upbit,arbitrum;eth,arbitrum;eth,5,sushiswap;uniswap_v2;uniswap_v3_arbitrum,0x2e81ec0b8b4022fac83a21b2f2b4b8f5ed744d70;0x74d0ae8b8e1fca6039707564704a25ad2ee036b0;0x7b504a15ef05f4eed1c07208c5815c49022a0c19;0xbec22ca49e499c752542ca242b708c97739e4baf;0xf782cd5748bfc21d30b03174bb3e30fdd111a897,-0.042411854879918276,0.05442902881536815,0.06776947705442904,0.041088580576307265
2026-06-11,GRT,0.01976,4157186.652246127,22490.041527530695,4179676.6937736575,0.00538080889391121,184.8456636755071,12,binance;bitget;bybit;coinbase;crypto_com;gate;htx;kraken;kucoin;mexc;okx;upbit,arbitrum;eth,arbitrum;eth,4,sushiswap;uniswap_v2;uniswap_v3_arbitrum,0x2e81ec0b8b4022fac83a21b2f2b4b8f5ed744d70;0x74d0ae8b8e1fca6039707564704a25ad2ee036b0;0x7b504a15ef05f4eed1c07208c5815c49022a0c19;0xf782cd5748bfc21d30b03174bb3e30fdd111a897,0.05442902881536815,0.010121457489878471,0.019230769230769384,-0.009615384615384581
2026-06-12,GRT,0.01996,5677806.588598137,30264.24385896467,5708070.832457102,0.005302009163389638,187.60774645675792,12,binance;bitget;bybit;coinbase;crypto_com;gate;htx;kraken;kucoin;mexc;okx;upbit,arbitrum;eth,arbitrum;eth,4,sushiswap;uniswap_v2;uniswap_v3_arbitrum,0x2e81ec0b8b4022fac83a21b2f2b4b8f5ed744d70;0x74d0ae8b8e1fca6039707564704a25ad2ee036b0;0x7b504a15ef05f4eed1c07208c5815c49022a0c19;0xf782cd5748bfc21d30b03174bb3e30fdd111a897,0.010121457489878471,0.0025050100200401104,0.019539078156312728,-0.026553106212424793
2026-06-13,GRT,0.02001,3201905.9142819764,17361.19663009358,3219267.11091207,0.005392903425517515,184.4288721856794,12,binance;bitget;bybit;coinbase;crypto_com;gate;htx;kraken;kucoin;mexc;okx;upbit,arbitrum;eth,arbitrum;eth,4,sushiswap;uniswap_v2;uniswap_v3_arbitrum,0x2e81ec0b8b4022fac83a21b2f2b4b8f5ed744d70;0x74d0ae8b8e1fca6039707564704a25ad2ee036b0;0x7b504a15ef05f4eed1c07208c5815c49022a0c19;0xf782cd5748bfc21d30b03174bb3e30fdd111a897,0.0025050100200401104,0.006496751624188057,-0.002998500749625266,-0.007996001999000524
2026-06-14,GRT,0.02014,5624186.45552255,12435.344852804632,5636621.8003753545,0.0022061698111405198,452.27426517681874,12,binance;bitget;bybit;coinbase;crypto_com;gate;htx;kraken;kucoin;mexc;okx;upbit,arbitrum;eth,arbitrum;eth,4,sushiswap;uniswap_v2;uniswap_v3_arbitrum,0x2e81ec0b8b4022fac83a21b2f2b4b8f5ed744d70;0x74d0ae8b8e1fca6039707564704a25ad2ee036b0;0x7b504a15ef05f4eed1c07208c5815c49022a0c19;0xf782cd5748bfc21d30b03174bb3e30fdd111a897,0.006496751624188057,0.010427010923535152,-0.0312810327706059,-0.03376365441906648
2026-06-15,GRT,0.02035,5769384.24021462,49234.18461107056,5818618.424825691,0.00846149051482878,117.18248785453318,12,binance;bitget;bybit;coinbase;crypto_com;gate;htx;kraken;kucoin;mexc;okx;upbit,arbitrum;eth,arbitrum;eth,5,sushiswap;uniswap_v2;uniswap_v3_arbitrum,0x2e81ec0b8b4022fac83a21b2f2b4b8f5ed744d70;0x74d0ae8b8e1fca6039707564704a25ad2ee036b0;0x7b504a15ef05f4eed1c07208c5815c49022a0c19;0xbec22ca49e499c752542ca242b708c97739e4baf;0xf782cd5748bfc21d30b03174bb3e30fdd111a897,0.010427010923535152,-0.019656019656019708,-0.03832923832923829,-0.04422604422604426
2026-06-16,GRT,0.01995,4107328.192724321,32354.161198285867,4139682.353922607,0.007815614443854197,126.94899328565899,12,binance;bitget;bybit;coinbase;crypto_com;gate;htx;kraken;kucoin;mexc;okx;upbit,arbitrum;eth,arbitrum;eth,4,sushiswap;uniswap_v2;uniswap_v3_arbitrum,0x2e81ec0b8b4022fac83a21b2f2b4b8f5ed744d70;0x74d0ae8b8e1fca6039707564704a25ad2ee036b0;0x7b504a15ef05f4eed1c07208c5815c49022a0c19;0xf782cd5748bfc21d30b03174bb3e30fdd111a897,-0.019656019656019708,-0.02205513784461155,-0.026065162907268125,-0.046616541353383445
2026-06-17,GRT,0.01951,3935356.403271624,19570.29823175749,3954926.7015033816,0.004948333991706662,201.08821831266562,12,binance;bitget;bybit;coinbase;crypto_com;gate;htx;kraken;kucoin;mexc;okx;upbit,arbitrum;eth,arbitrum;eth,4,sushiswap;uniswap_v2;uniswap_v3_arbitrum,0x2e81ec0b8b4022fac83a21b2f2b4b8f5ed744d70;0x74d0ae8b8e1fca6039707564704a25ad2ee036b0;0x7b504a15ef05f4eed1c07208c5815c49022a0c19;0xf782cd5748bfc21d30b03174bb3e30fdd111a897,-0.02205513784461155,0.003075345976422339,0.01742696053305992,-0.0543311122501281
2026-06-18,GRT,0.01957,4972340.692001398,15192.509410566721,4987533.201411964,0.0030460968974132824,327.2889657414348,12,binance;bitget;bybit;coinbase;crypto_com;gate;htx;kraken;kucoin;mexc;okx;upbit,arbitrum;eth,arbitrum;eth,4,sushiswap;uniswap_v2;uniswap_v3_arbitrum,0x2e81ec0b8b4022fac83a21b2f2b4b8f5ed744d70;0x74d0ae8b8e1fca6039707564704a25ad2ee036b0;0x7b504a15ef05f4eed1c07208c5815c49022a0c19;0xf782cd5748bfc21d30b03174bb3e30fdd111a897,0.003075345976422339,-0.007153806847215227,-0.00562084823709752,-0.08022483392948399
2026-06-19,GRT,0.01943,3318842.892311032,68100.21525112232,3386943.107562154,0.020106690041256505,48.734690192573744,12,binance;bitget;bybit;coinbase;crypto_com;gate;htx;kraken;kucoin;mexc;okx;upbit,arbitrum;eth,arbitrum;eth,4,sushiswap;uniswap_v2;uniswap_v3_arbitrum,0x2e81ec0b8b4022fac83a21b2f2b4b8f5ed744d70;0x74d0ae8b8e1fca6039707564704a25ad2ee036b0;0x7b504a15ef05f4eed1c07208c5815c49022a0c19;0xf782cd5748bfc21d30b03174bb3e30fdd111a897,-0.007153806847215227,0.021616057642820374,0.0010293360782294148,-0.07308286155429733
2026-06-20,GRT,0.01985,3765242.503392934,26027.26083620546,3791269.7642291393,0.00686505114507394,144.66533866503764,12,binance;bitget;bybit;coinbase;crypto_com;gate;htx;kraken;kucoin;mexc;okx;upbit,arbitrum;eth,arbitrum;eth,4,sushiswap;uniswap_v2;uniswap_v3_arbitrum,0x2e81ec0b8b4022fac83a21b2f2b4b8f5ed744d70;0x74d0ae8b8e1fca6039707564704a25ad2ee036b0;0x7b504a15ef05f4eed1c07208c5815c49022a0c19;0xf782cd5748bfc21d30b03174bb3e30fdd111a897,0.021616057642820374,-0.019647355163727842,-0.041813602015113416,-0.10931989924433239
2026-06-21,GRT,0.01946,3269138.5990430964,100178.86340243851,3369317.4624455348,0.029732687560324513,32.63301746507458,12,binance;bitget;bybit;coinbase;crypto_com;gate;htx;kraken;kucoin;mexc;okx;upbit,arbitrum;eth,arbitrum;eth,5,sushiswap;uniswap_v2;uniswap_v3_arbitrum,0x2e81ec0b8b4022fac83a21b2f2b4b8f5ed744d70;0x74d0ae8b8e1fca6039707564704a25ad2ee036b0;0x7b504a15ef05f4eed1c07208c5815c49022a0c19;0xbec22ca49e499c752542ca242b708c97739e4baf;0xf782cd5748bfc21d30b03174bb3e30fdd111a897,-0.019647355163727842,-0.0005138746145941786,-0.05190133607399794,-0.09455292908530322
2026-06-22,GRT,0.01945,4105801.6620497014,25270.38487184904,4131072.0469215503,0.006117149394835749,162.47483696314907,12,binance;bitget;bybit;coinbase;crypto_com;gate;htx;kraken;kucoin;mexc;okx;upbit,arbitrum;eth,arbitrum;eth,4,sushiswap;uniswap_v2;uniswap_v3_arbitrum,0x2e81ec0b8b4022fac83a21b2f2b4b8f5ed744d70;0x74d0ae8b8e1fca6039707564704a25ad2ee036b0;0x7b504a15ef05f4eed1c07208c5815c49022a0c19;0xf782cd5748bfc21d30b03174bb3e30fdd111a897,-0.0005138746145941786,-0.022107969151670903,-0.07455012853470433,-0.07969151670951158
2026-06-23,GRT,0.01902,3948337.5412211213,27583.504105506407,3975921.045326628,0.006937638798921467,143.141260302491,12,binance;bitget;bybit;coinbase;crypto_com;gate;htx;kraken;kucoin;mexc;okx;upbit,arbitrum;eth,arbitrum;eth,4,sushiswap;uniswap_v2;uniswap_v3_arbitrum,0x2e81ec0b8b4022fac83a21b2f2b4b8f5ed744d70;0x74d0ae8b8e1fca6039707564704a25ad2ee036b0;0x7b504a15ef05f4eed1c07208c5815c49022a0c19;0xf782cd5748bfc21d30b03174bb3e30fdd111a897,-0.022107969151670903,-0.029968454258675004,-0.05310199789695047,-0.06992639327024175
2026-06-24,GRT,0.01845,4982591.765052159,35119.699497928435,5017711.464550088,0.006999146871247495,141.87455577021842,12,binance;bitget;bybit;coinbase;crypto_com;gate;htx;kraken;kucoin;mexc;okx;upbit,arbitrum;eth,arbitrum;eth,4,sushiswap;uniswap_v2;uniswap_v3_arbitrum,0x2e81ec0b8b4022fac83a21b2f2b4b8f5ed744d70;0x74d0ae8b8e1fca6039707564704a25ad2ee036b0;0x7b504a15ef05f4eed1c07208c5815c49022a0c19;0xf782cd5748bfc21d30b03174bb3e30fdd111a897,-0.029968454258675004,-0.024390243902439157,-0.04173441734417338,-0.03794037940379413
2026-06-25,GRT,0.018,3648558.9643607684,18924.4835825493,3667483.4479433177,0.00516007334488774,192.79569497606732,12,binance;bitget;bybit;coinbase;crypto_com;gate;htx;kraken;kucoin;mexc;okx;upbit,arbitrum;eth,arbitrum;eth,4,sushiswap;uniswap_v2;uniswap_v3_arbitrum,0x2e81ec0b8b4022fac83a21b2f2b4b8f5ed744d70;0x74d0ae8b8e1fca6039707564704a25ad2ee036b0;0x7b504a15ef05f4eed1c07208c5815c49022a0c19;0xf782cd5748bfc21d30b03174bb3e30fdd111a897,-0.024390243902439157,0.0005555555555556424,-0.02111111111111097,0.007222222222222241
2026-06-26,GRT,0.01801,3798935.812036018,15347.534431042392,3814283.3464670605,0.004023700663260343,247.5274337454604,12,binance;bitget;bybit;coinbase;crypto_com;gate;htx;kraken;kucoin;mexc;okx;upbit,arbitrum;eth,arbitrum;eth,5,sushiswap;uniswap_v2;uniswap_v3_arbitrum,0x2e81ec0b8b4022fac83a21b2f2b4b8f5ed744d70;0x74d0ae8b8e1fca6039707564704a25ad2ee036b0;0x7b504a15ef05f4eed1c07208c5815c49022a0c19;0xbec22ca49e499c752542ca242b708c97739e4baf;0xf782cd5748bfc21d30b03174bb3e30fdd111a897,0.0005555555555556424,-0.018323153803442516,-0.00610771793448095,0.07384786229872287
2026-06-27,GRT,0.01768,4327341.329451422,64017.285202973246,4391358.614654396,0.014578013508015781,67.5964517353579,12,binance;bitget;bybit;coinbase;crypto_com;gate;htx;kraken;kucoin;mexc;okx;upbit,arbitrum;eth,arbitrum;eth,4,sushiswap;uniswap_v2;uniswap_v3_arbitrum,0x2e81ec0b8b4022fac83a21b2f2b4b8f5ed744d70;0x74d0ae8b8e1fca6039707564704a25ad2ee036b0;0x7b504a15ef05f4eed1c07208c5815c49022a0c19;0xf782cd5748bfc21d30b03174bb3e30fdd111a897,-0.018323153803442516,-0.0033936651583711397,0.0005656108597285048,0.06447963800904977
2026-06-28,GRT,0.01762,4060073.1545240562,44719.86359564752,4104793.018119704,0.010894547763612329,90.78903261501034,12,binance;bitget;bybit;coinbase;crypto_com;gate;htx;kraken;kucoin;mexc;okx;upbit,arbitrum;eth,arbitrum;eth,4,sushiswap;uniswap_v2;uniswap_v3_arbitrum,0x2e81ec0b8b4022fac83a21b2f2b4b8f5ed744d70;0x74d0ae8b8e1fca6039707564704a25ad2ee036b0;0x7b504a15ef05f4eed1c07208c5815c49022a0c19;0xf782cd5748bfc21d30b03174bb3e30fdd111a897,-0.0033936651583711397,0.015891032917139558,0.007377979568671922,0.059591373439273454
2026-06-29,GRT,0.0179,4152519.4988783402,67143.12165680774,4219662.620535148,0.015911964461341813,61.84579144388516,12,binance;bitget;bybit;coinbase;crypto_com;gate;htx;kraken;kucoin;mexc;okx;upbit,arbitrum;eth,arbitrum;eth,5,sushiswap;uniswap_v2;uniswap_v3_arbitrum,0x2e81ec0b8b4022fac83a21b2f2b4b8f5ed744d70;0x74d0ae8b8e1fca6039707564704a25ad2ee036b0;0x7b504a15ef05f4eed1c07208c5815c49022a0c19;0xbec22ca49e499c752542ca242b708c97739e4baf;0xf782cd5748bfc21d30b03174bb3e30fdd111a897,0.015891032917139558,-0.011731843575418899,0.012849162011173254,0.027932960893854775
2026-06-30,GRT,0.01769,6034434.060220635,48490.013877168734,6082924.074097803,0.007971497471692608,124.4469443854277,12,binance;bitget;bybit;coinbase;crypto_com;gate;htx;kraken;kucoin;mexc;okx;upbit,arbitrum;eth,arbitrum;eth,4,sushiswap;uniswap_v2;uniswap_v3_arbitrum,0x2e81ec0b8b4022fac83a21b2f2b4b8f5ed744d70;0x74d0ae8b8e1fca6039707564704a25ad2ee036b0;0x7b504a15ef05f4eed1c07208c5815c49022a0c19;0xf782cd5748bfc21d30b03174bb3e30fdd111a897,-0.011731843575418899,0.0033917467495758746,0.09327303561334088,0.007348784624081395
2026-07-01,GRT,0.01775,3372025.507796875,48366.37129205728,3420391.8790889326,0.014140593534837978,69.71838940397475,12,binance;bitget;bybit;coinbase;crypto_com;gate;htx;kraken;kucoin;mexc;okx;upbit,arbitrum;eth,arbitrum;eth,4,sushiswap;uniswap_v2;uniswap_v3_arbitrum,0x2e81ec0b8b4022fac83a21b2f2b4b8f5ed744d70;0x74d0ae8b8e1fca6039707564704a25ad2ee036b0;0x7b504a15ef05f4eed1c07208c5815c49022a0c19;0xf782cd5748bfc21d30b03174bb3e30fdd111a897,0.0033917467495758746,0.021408450704225368,0.06028169014084517,
2026-07-02,GRT,0.01813,3962050.160753932,21477.800116838138,3983527.96087077,0.00539165290863008,184.4718797642487,12,binance;bitget;bybit;coinbase;crypto_com;gate;htx;kraken;kucoin;mexc;okx;upbit,arbitrum;eth,arbitrum;eth,4,sushiswap;uniswap_v2;uniswap_v3_arbitrum,0x2e81ec0b8b4022fac83a21b2f2b4b8f5ed744d70;0x74d0ae8b8e1fca6039707564704a25ad2ee036b0;0x7b504a15ef05f4eed1c07208c5815c49022a0c19;0xf782cd5748bfc21d30b03174bb3e30fdd111a897,0.021408450704225368,0.06674020959735238,0.029784886927743948,
2026-07-03,GRT,0.01934,4161200.6856082506,35302.501531600945,4196503.187139851,0.008412361425051496,117.87268621413024,12,binance;bitget;bybit;coinbase;crypto_com;gate;htx;kraken;kucoin;mexc;okx;upbit,arbitrum;eth,arbitrum;eth,5,sushiswap;uniswap_v2;uniswap_v3_arbitrum,0x2e81ec0b8b4022fac83a21b2f2b4b8f5ed744d70;0x74d0ae8b8e1fca6039707564704a25ad2ee036b0;0x7b504a15ef05f4eed1c07208c5815c49022a0c19;0xbec22ca49e499c752542ca242b708c97739e4baf;0xf782cd5748bfc21d30b03174bb3e30fdd111a897,0.06674020959735238,-0.026887280248190315,-0.04860392967942084,
2026-07-04,GRT,0.01882,2564215.8052337943,19928.596718338842,2584144.401952133,0.007711874268049509,128.6701638592612,12,binance;bitget;bybit;coinbase;crypto_com;gate;htx;kraken;kucoin;mexc;okx;upbit,arbitrum;eth,arbitrum;eth,4,sushiswap;uniswap_v2;uniswap_v3_arbitrum,0x2e81ec0b8b4022fac83a21b2f2b4b8f5ed744d70;0x74d0ae8b8e1fca6039707564704a25ad2ee036b0;0x7b504a15ef05f4eed1c07208c5815c49022a0c19;0xf782cd5748bfc21d30b03174bb3e30fdd111a897,-0.026887280248190315,-0.007970244420828942,-0.0531349628055261,
2026-07-05,GRT,0.01867,3367335.3909923066,5499.452705469723,3372834.8436977766,0.0016305134880071532,612.3037275405924,12,binance;bitget;bybit;coinbase;crypto_com;gate;htx;kraken;kucoin;mexc;okx;upbit,arbitrum;eth,arbitrum;eth,4,sushiswap;uniswap_v2;uniswap_v3_arbitrum,0x2e81ec0b8b4022fac83a21b2f2b4b8f5ed744d70;0x74d0ae8b8e1fca6039707564704a25ad2ee036b0;0x7b504a15ef05f4eed1c07208c5815c49022a0c19;0xf782cd5748bfc21d30b03174bb3e30fdd111a897,-0.007970244420828942,-0.014461703267273696,,
2026-07-06,GRT,0.0184,5529201.923577262,18307.771738186744,5547509.695315449,0.003300178412242632,302.01392078995246,12,binance;bitget;bybit;coinbase;crypto_com;gate;htx;kraken;kucoin;mexc;okx;upbit,arbitrum;eth,arbitrum;eth,5,sushiswap;uniswap_v2;uniswap_v3_arbitrum,0x2e81ec0b8b4022fac83a21b2f2b4b8f5ed744d70;0x74d0ae8b8e1fca6039707564704a25ad2ee036b0;0x7b504a15ef05f4eed1c07208c5815c49022a0c19;0xbec22ca49e499c752542ca242b708c97739e4baf;0xf782cd5748bfc21d30b03174bb3e30fdd111a897,-0.014461703267273696,-0.03152173913043477,,
2026-07-07,GRT,0.01782,3368572.151075339,23294.056599228505,3391866.2076745676,0.0068676224747669795,144.61079961430613,12,binance;bitget;bybit;coinbase;crypto_com;gate;htx;kraken;kucoin;mexc;okx;upbit,arbitrum;eth,arbitrum;eth,4,sushiswap;uniswap_v2;uniswap_v3_arbitrum,0x2e81ec0b8b4022fac83a21b2f2b4b8f5ed744d70;0x74d0ae8b8e1fca6039707564704a25ad2ee036b0;0x7b504a15ef05f4eed1c07208c5815c49022a0c19;0xf782cd5748bfc21d30b03174bb3e30fdd111a897,-0.03152173913043477,,,
2026-01-17,JTO,0.401,5829284.426242069,439037.8430785339,6268322.269320603,0.07004072608508677,13.27740767257583,11,binance;bitget;bybit;coinbase;gate;htx;kraken;kucoin;mexc;okx;upbit,solana,solana,5,meteora;orca;raydium-clmm,2UhFnySoJi6c89aydGAGS7ZRemo2dbkFRhvSJqDX4gHJ;AwBhvNXf5X5hNbC1jAqrJ7Stx5xLuG97xDjJ9PNy1h65;Eqv1tJGkLFeH4giGy8vqKxF4NJBHtGR5cGmKG6cpVy4Z;G2FiE1yn9N9ZJx5e1E2LxxMnHvb1H3hCuHLPfKJ98smA;JVoPtWWDsRcLvQosu5fWc2CaNF6jEtJzbxdPtcEuvZo,,-0.06234413965087282,-0.15960099750623435,-0.1745635910224439
2026-01-18,JTO,0.376,5714517.578761863,362363.9902751395,6076881.5690370025,0.05962992468397948,15.770103354979847,11,binance;bitget;bybit;coinbase;gate;htx;kraken;kucoin;mexc;okx;upbit,solana,solana,5,meteora;orca;raydium-clmm,2UhFnySoJi6c89aydGAGS7ZRemo2dbkFRhvSJqDX4gHJ;AwBhvNXf5X5hNbC1jAqrJ7Stx5xLuG97xDjJ9PNy1h65;Eqv1tJGkLFeH4giGy8vqKxF4NJBHtGR5cGmKG6cpVy4Z;G2FiE1yn9N9ZJx5e1E2LxxMnHvb1H3hCuHLPfKJ98smA;JVoPtWWDsRcLvQosu5fWc2CaNF6jEtJzbxdPtcEuvZo,-0.06234413965087282,-0.039893617021276584,-0.09840425531914887,-0.17819148936170215
2026-01-19,JTO,0.361,9129768.74214333,344587.29652771656,9474356.038671046,0.03637052429961787,26.494791984907035,11,binance;bitget;bybit;coinbase;gate;htx;kraken;kucoin;mexc;okx;upbit,solana,solana,5,meteora;orca;raydium-clmm,2UhFnySoJi6c89aydGAGS7ZRemo2dbkFRhvSJqDX4gHJ;AwBhvNXf5X5hNbC1jAqrJ7Stx5xLuG97xDjJ9PNy1h65;Eqv1tJGkLFeH4giGy8vqKxF4NJBHtGR5cGmKG6cpVy4Z;G2FiE1yn9N9ZJx5e1E2LxxMnHvb1H3hCuHLPfKJ98smA;JVoPtWWDsRcLvQosu5fWc2CaNF6jEtJzbxdPtcEuvZo,-0.039893617021276584,-0.06648199445983372,-0.09418282548476442,-0.03878116343490312
2026-01-20,JTO,0.337,9583507.570076646,243452.0112536884,9826959.581330335,0.024773889547302974,39.36507864825229,11,binance;bitget;bybit;coinbase;gate;htx;kraken;kucoin;mexc;okx;upbit,solana,solana,5,meteora;orca;raydium-clmm,2UhFnySoJi6c89aydGAGS7ZRemo2dbkFRhvSJqDX4gHJ;AwBhvNXf5X5hNbC1jAqrJ7Stx5xLuG97xDjJ9PNy1h65;Eqv1tJGkLFeH4giGy8vqKxF4NJBHtGR5cGmKG6cpVy4Z;G2FiE1yn9N9ZJx5e1E2LxxMnHvb1H3hCuHLPfKJ98smA;JVoPtWWDsRcLvQosu5fWc2CaNF6jEtJzbxdPtcEuvZo,-0.06648199445983372,0.005934718100890191,-0.023738872403560873,0.09792284866468837
2026-01-21,JTO,0.339,9552106.186783047,254579.8312072358,9806686.017990284,0.02595982279234914,37.52106418441035,11,binance;bitget;bybit;coinbase;gate;htx;kraken;kucoin;mexc;okx;upbit,solana,solana,5,meteora;orca;raydium-clmm,2UhFnySoJi6c89aydGAGS7ZRemo2dbkFRhvSJqDX4gHJ;AwBhvNXf5X5hNbC1jAqrJ7Stx5xLuG97xDjJ9PNy1h65;Eqv1tJGkLFeH4giGy8vqKxF4NJBHtGR5cGmKG6cpVy4Z;G2FiE1yn9N9ZJx5e1E2LxxMnHvb1H3hCuHLPfKJ98smA;JVoPtWWDsRcLvQosu5fWc2CaNF6jEtJzbxdPtcEuvZo,0.005934718100890191,-0.03539823008849563,-0.02359882005899705,0.2566371681415929
2026-01-22,JTO,0.327,6595305.305660864,159403.53430456962,6754708.839965434,0.02359887570007908,41.37490008884826,11,binance;bitget;bybit;coinbase;gate;htx;kraken;kucoin;mexc;okx;upbit,solana,solana,5,meteora;orca;raydium-clmm,2UhFnySoJi6c89aydGAGS7ZRemo2dbkFRhvSJqDX4gHJ;AwBhvNXf5X5hNbC1jAqrJ7Stx5xLuG97xDjJ9PNy1h65;Eqv1tJGkLFeH4giGy8vqKxF4NJBHtGR5cGmKG6cpVy4Z;G2FiE1yn9N9ZJx5e1E2LxxMnHvb1H3hCuHLPfKJ98smA;JVoPtWWDsRcLvQosu5fWc2CaNF6jEtJzbxdPtcEuvZo,-0.03539823008849563,0.006116207951070374,-0.05504587155963303,0.13975535168195696
2026-01-23,JTO,0.329,7582333.336371675,227008.04074204018,7809341.377113716,0.02906878183188618,33.40116637096496,11,binance;bitget;bybit;coinbase;gate;htx;kraken;kucoin;mexc;okx;upbit,solana,solana,5,meteora;orca;raydium-clmm,2UhFnySoJi6c89aydGAGS7ZRemo2dbkFRhvSJqDX4gHJ;AwBhvNXf5X5hNbC1jAqrJ7Stx5xLuG97xDjJ9PNy1h65;Eqv1tJGkLFeH4giGy8vqKxF4NJBHtGR5cGmKG6cpVy4Z;G2FiE1yn9N9ZJx5e1E2LxxMnHvb1H3hCuHLPfKJ98smA;JVoPtWWDsRcLvQosu5fWc2CaNF6jEtJzbxdPtcEuvZo,0.006116207951070374,0.006079027355623046,0.054711246200607855,0.04042553191489362
2026-01-24,JTO,0.331,6850367.0175712835,138690.25976165262,6989057.277332936,0.019843915174576676,49.39328132591317,11,binance;bitget;bybit;coinbase;gate;htx;kraken;kucoin;mexc;okx;upbit,solana,solana,5,meteora;orca;raydium-clmm,2UhFnySoJi6c89aydGAGS7ZRemo2dbkFRhvSJqDX4gHJ;AwBhvNXf5X5hNbC1jAqrJ7Stx5xLuG97xDjJ9PNy1h65;Eqv1tJGkLFeH4giGy8vqKxF4NJBHtGR5cGmKG6cpVy4Z;G2FiE1yn9N9ZJx5e1E2LxxMnHvb1H3hCuHLPfKJ98smA;JVoPtWWDsRcLvQosu5fWc2CaNF6jEtJzbxdPtcEuvZo,0.006079027355623046,-0.06646525679758308,0.1178247734138973,-0.06676737160120849
2026-01-25,JTO,0.309,40377225.22192356,904045.947314435,41281271.16923799,0.021899663496508622,44.66280208640768,11,binance;bitget;bybit;coinbase;gate;htx;kraken;kucoin;mexc;okx;upbit,solana,solana,5,meteora;orca;raydium-clmm,2UhFnySoJi6c89aydGAGS7ZRemo2dbkFRhvSJqDX4gHJ;AwBhvNXf5X5hNbC1jAqrJ7Stx5xLuG97xDjJ9PNy1h65;Eqv1tJGkLFeH4giGy8vqKxF4NJBHtGR5cGmKG6cpVy4Z;G2FiE1yn9N9ZJx5e1E2LxxMnHvb1H3hCuHLPfKJ98smA;JVoPtWWDsRcLvQosu5fWc2CaNF6jEtJzbxdPtcEuvZo,-0.06646525679758308,0.12297734627831702,0.3786407766990292,-0.08317152103559866
2026-01-26,JTO,0.347,38113447.375972904,870814.5315967274,38984261.90756963,0.022337591863644854,43.76758309957001,11,binance;bitget;bybit;coinbase;gate;htx;kraken;kucoin;mexc;okx;upbit,solana,solana,5,meteora;orca;raydium-clmm,2UhFnySoJi6c89aydGAGS7ZRemo2dbkFRhvSJqDX4gHJ;AwBhvNXf5X5hNbC1jAqrJ7Stx5xLuG97xDjJ9PNy1h65;Eqv1tJGkLFeH4giGy8vqKxF4NJBHtGR5cGmKG6cpVy4Z;G2FiE1yn9N9ZJx5e1E2LxxMnHvb1H3hCuHLPfKJ98smA;JVoPtWWDsRcLvQosu5fWc2CaNF6jEtJzbxdPtcEuvZo,0.12297734627831702,0.06628242074927959,0.07406340057636895,-0.12737752161383276
2026-01-27,JTO,0.37,26170561.302408177,432346.65864240506,26602907.96105058,0.016251857100562293,60.53142953523763,11,binance;bitget;bybit;coinbase;gate;htx;kraken;kucoin;mexc;okx;upbit,solana,solana,5,meteora;orca;raydium-clmm,2UhFnySoJi6c89aydGAGS7ZRemo2dbkFRhvSJqDX4gHJ;AwBhvNXf5X5hNbC1jAqrJ7Stx5xLuG97xDjJ9PNy1h65;Eqv1tJGkLFeH4giGy8vqKxF4NJBHtGR5cGmKG6cpVy4Z;G2FiE1yn9N9ZJx5e1E2LxxMnHvb1H3hCuHLPfKJ98smA;JVoPtWWDsRcLvQosu5fWc2CaNF6jEtJzbxdPtcEuvZo,0.06628242074927959,0.15135135135135136,-0.07486486486486488,-0.20756756756756756
2026-01-28,JTO,0.426,196881134.7360953,2632378.209083723,199513512.94517905,0.013193984558865593,74.79211537943311,11,binance;bitget;bybit;coinbase;gate;htx;kraken;kucoin;mexc;okx;upbit,solana,solana,5,meteora;orca;raydium-clmm,2UhFnySoJi6c89aydGAGS7ZRemo2dbkFRhvSJqDX4gHJ;AwBhvNXf5X5hNbC1jAqrJ7Stx5xLuG97xDjJ9PNy1h65;Eqv1tJGkLFeH4giGy8vqKxF4NJBHtGR5cGmKG6cpVy4Z;G2FiE1yn9N9ZJx5e1E2LxxMnHvb1H3hCuHLPfKJ98smA;JVoPtWWDsRcLvQosu5fWc2CaNF6jEtJzbxdPtcEuvZo,0.15135135135135136,-0.1251173708920188,-0.2748826291079812,-0.32816901408450705
2026-01-29,JTO,0.3727,66199217.379408814,912624.242074618,67111841.62148343,0.013598557572326765,72.53721118444302,11,binance;bitget;bybit;coinbase;gate;htx;kraken;kucoin;mexc;okx;upbit,solana,solana,5,meteora;orca;raydium-clmm,2UhFnySoJi6c89aydGAGS7ZRemo2dbkFRhvSJqDX4gHJ;AwBhvNXf5X5hNbC1jAqrJ7Stx5xLuG97xDjJ9PNy1h65;Eqv1tJGkLFeH4giGy8vqKxF4NJBHtGR5cGmKG6cpVy4Z;G2FiE1yn9N9ZJx5e1E2LxxMnHvb1H3hCuHLPfKJ98smA;JVoPtWWDsRcLvQosu5fWc2CaNF6jEtJzbxdPtcEuvZo,-0.1251173708920188,-0.08156694392272601,-0.23987121008854306,-0.3622216259726321
2026-01-30,JTO,0.3423,17043702.588264365,316720.53706066206,17360423.125325028,0.018243825900685372,53.81306418093107,11,binance;bitget;bybit;coinbase;gate;htx;kraken;kucoin;mexc;okx;upbit,solana,solana,5,meteora;orca;raydium-clmm,2UhFnySoJi6c89aydGAGS7ZRemo2dbkFRhvSJqDX4gHJ;AwBhvNXf5X5hNbC1jAqrJ7Stx5xLuG97xDjJ9PNy1h65;Eqv1tJGkLFeH4giGy8vqKxF4NJBHtGR5cGmKG6cpVy4Z;G2FiE1yn9N9ZJx5e1E2LxxMnHvb1H3hCuHLPfKJ98smA;JVoPtWWDsRcLvQosu5fWc2CaNF6jEtJzbxdPtcEuvZo,-0.08156694392272601,-0.09757522640958216,-0.11539585159217058,-0.24101665205959688
2026-01-31,JTO,0.3089,14162702.828567002,452325.3715619385,14615028.20012894,0.030949332794167846,31.310874248909236,11,binance;bitget;bybit;coinbase;gate;htx;kraken;kucoin;mexc;okx;upbit,solana,solana,5,meteora;orca;raydium-clmm,2UhFnySoJi6c89aydGAGS7ZRemo2dbkFRhvSJqDX4gHJ;AwBhvNXf5X5hNbC1jAqrJ7Stx5xLuG97xDjJ9PNy1h65;Eqv1tJGkLFeH4giGy8vqKxF4NJBHtGR5cGmKG6cpVy4Z;G2FiE1yn9N9ZJx5e1E2LxxMnHvb1H3hCuHLPfKJ98smA;JVoPtWWDsRcLvQosu5fWc2CaNF6jEtJzbxdPtcEuvZo,-0.09757522640958216,-0.08287471673680802,-0.05082550987374557,-0.1608934930398188
2026-02-01,JTO,0.2833,10464466.49730463,319758.08237456164,10784224.579679191,0.029650540009810683,32.72619856734896,11,binance;bitget;bybit;coinbase;gate;htx;kraken;kucoin;mexc;okx;upbit,solana,solana,5,meteora;orca;raydium-clmm,2UhFnySoJi6c89aydGAGS7ZRemo2dbkFRhvSJqDX4gHJ;AwBhvNXf5X5hNbC1jAqrJ7Stx5xLuG97xDjJ9PNy1h65;Eqv1tJGkLFeH4giGy8vqKxF4NJBHtGR5cGmKG6cpVy4Z;G2FiE1yn9N9ZJx5e1E2LxxMnHvb1H3hCuHLPfKJ98smA;JVoPtWWDsRcLvQosu5fWc2CaNF6jEtJzbxdPtcEuvZo,-0.08287471673680802,0.0688316272502647,0.010236498411577921,-0.10412989763501579
2026-02-02,JTO,0.3028,14816127.967771934,534012.0180679482,15350139.985839883,0.0347887392923166,27.74493357167613,11,binance;bitget;bybit;coinbase;gate;htx;kraken;kucoin;mexc;okx;upbit,solana,solana,5,meteora;orca;raydium-clmm,2UhFnySoJi6c89aydGAGS7ZRemo2dbkFRhvSJqDX4gHJ;AwBhvNXf5X5hNbC1jAqrJ7Stx5xLuG97xDjJ9PNy1h65;Eqv1tJGkLFeH4giGy8vqKxF4NJBHtGR5cGmKG6cpVy4Z;G2FiE1yn9N9ZJx5e1E2LxxMnHvb1H3hCuHLPfKJ98smA;JVoPtWWDsRcLvQosu5fWc2CaNF6jEtJzbxdPtcEuvZo,0.0688316272502647,-0.031704095112285335,-0.214993394980185,-0.17767503302509913
2026-02-03,JTO,0.2932,7747006.380062735,231553.30650765827,7978559.686570393,0.029021943258431916,33.456686483578736,11,binance;bitget;bybit;coinbase;gate;htx;kraken;kucoin;mexc;okx;upbit,solana,solana,5,meteora;orca;raydium-clmm,2UhFnySoJi6c89aydGAGS7ZRemo2dbkFRhvSJqDX4gHJ;AwBhvNXf5X5hNbC1jAqrJ7Stx5xLuG97xDjJ9PNy1h65;Eqv1tJGkLFeH4giGy8vqKxF4NJBHtGR5cGmKG6cpVy4Z;G2FiE1yn9N9ZJx5e1E2LxxMnHvb1H3hCuHLPfKJ98smA;JVoPtWWDsRcLvQosu5fWc2CaNF6jEtJzbxdPtcEuvZo,-0.031704095112285335,-0.023874488403819893,-0.11391541609822664,-0.17189631650750348
2026-02-04,JTO,0.2862,5547583.971289528,236199.44378868342,5783783.415078211,0.04083822419299382,23.48686297607327,11,binance;bitget;bybit;coinbase;gate;htx;kraken;kucoin;mexc;okx;upbit,solana,solana,5,meteora;orca;raydium-clmm,2UhFnySoJi6c89aydGAGS7ZRemo2dbkFRhvSJqDX4gHJ;AwBhvNXf5X5hNbC1jAqrJ7Stx5xLuG97xDjJ9PNy1h65;Eqv1tJGkLFeH4giGy8vqKxF4NJBHtGR5cGmKG6cpVy4Z;G2FiE1yn9N9ZJx5e1E2LxxMnHvb1H3hCuHLPfKJ98smA;JVoPtWWDsRcLvQosu5fWc2CaNF6jEtJzbxdPtcEuvZo,-0.023874488403819893,-0.16946191474493366,-0.09433962264150952,-0.15234102026554852
2026-02-05,JTO,0.2377,9096734.019851696,325277.5366834619,9422011.556535158,0.03452315195451524,27.96606895330747,11,binance;bitget;bybit;coinbase;gate;htx;kraken;kucoin;mexc;okx;upbit,solana,solana,5,meteora;orca;raydium-clmm,2UhFnySoJi6c89aydGAGS7ZRemo2dbkFRhvSJqDX4gHJ;AwBhvNXf5X5hNbC1jAqrJ7Stx5xLuG97xDjJ9PNy1h65;Eqv1tJGkLFeH4giGy8vqKxF4NJBHtGR5cGmKG6cpVy4Z;G2FiE1yn9N9ZJx5e1E2LxxMnHvb1H3hCuHLPfKJ98smA;JVoPtWWDsRcLvQosu5fWc2CaNF6jEtJzbxdPtcEuvZo,-0.16946191474493366,0.09297433740008398,0.0677324358435003,0.09549852755574273
2026-02-06,JTO,0.2598,8624699.213371797,288011.09294141753,8912710.306313215,0.032314647626032256,29.945718844676897,11,binance;bitget;bybit;coinbase;gate;htx;kraken;kucoin;mexc;okx;upbit,solana,solana,4,orca;raydium-clmm,2UhFnySoJi6c89aydGAGS7ZRemo2dbkFRhvSJqDX4gHJ;AwBhvNXf5X5hNbC1jAqrJ7Stx5xLuG97xDjJ9PNy1h65;G2FiE1yn9N9ZJx5e1E2LxxMnHvb1H3hCuHLPfKJ98smA;JVoPtWWDsRcLvQosu5fWc2CaNF6jEtJzbxdPtcEuvZo,0.09297433740008398,-0.002309468822170868,-0.04157043879907607,0.031562740569669234
2026-02-07,JTO,0.2592,13246499.811871108,267532.7479980228,13514032.559869131,0.019796662973306733,49.51356389449939,11,binance;bitget;bybit;coinbase;gate;htx;kraken;kucoin;mexc;okx;upbit,solana,solana,5,meteora;orca;raydium-clmm,2UhFnySoJi6c89aydGAGS7ZRemo2dbkFRhvSJqDX4gHJ;AwBhvNXf5X5hNbC1jAqrJ7Stx5xLuG97xDjJ9PNy1h65;Eqv1tJGkLFeH4giGy8vqKxF4NJBHtGR5cGmKG6cpVy4Z;G2FiE1yn9N9ZJx5e1E2LxxMnHvb1H3hCuHLPfKJ98smA;JVoPtWWDsRcLvQosu5fWc2CaNF6jEtJzbxdPtcEuvZo,-0.002309468822170868,-0.02083333333333315,-0.06327160493827155,0.10763888888888906
2026-02-08,JTO,0.2538,5111798.899333149,106050.65433551578,5217849.553668665,0.02032459028278262,48.20148382263433,11,binance;bitget;bybit;coinbase;gate;htx;kraken;kucoin;mexc;okx;upbit,solana,solana,5,meteora;orca;raydium-clmm,2UhFnySoJi6c89aydGAGS7ZRemo2dbkFRhvSJqDX4gHJ;AwBhvNXf5X5hNbC1jAqrJ7Stx5xLuG97xDjJ9PNy1h65;Eqv1tJGkLFeH4giGy8vqKxF4NJBHtGR5cGmKG6cpVy4Z;G2FiE1yn9N9ZJx5e1E2LxxMnHvb1H3hCuHLPfKJ98smA;JVoPtWWDsRcLvQosu5fWc2CaNF6jEtJzbxdPtcEuvZo,-0.02083333333333315,-0.01891252955082756,-0.044129235618597384,0.06225374310480691
2026-02-09,JTO,0.249,2522340.8488285164,60239.48811681029,2582580.3369453265,0.023325310448255598,41.87188383701817,11,binance;bitget;bybit;coinbase;gate;htx;kraken;kucoin;mexc;okx;upbit,solana,solana,5,meteora;orca;raydium-clmm,2UhFnySoJi6c89aydGAGS7ZRemo2dbkFRhvSJqDX4gHJ;AwBhvNXf5X5hNbC1jAqrJ7Stx5xLuG97xDjJ9PNy1h65;Eqv1tJGkLFeH4giGy8vqKxF4NJBHtGR5cGmKG6cpVy4Z;G2FiE1yn9N9ZJx5e1E2LxxMnHvb1H3hCuHLPfKJ98smA;JVoPtWWDsRcLvQosu5fWc2CaNF6jEtJzbxdPtcEuvZo,-0.01891252955082756,-0.024899598393574363,0.04578313253012056,0.09036144578313254
2026-02-10,JTO,0.2428,1879436.3425092986,40448.3451026753,1919884.6876119738,0.021068111727578026,46.46509857791414,11,binance;bitget;bybit;coinbase;gate;htx;kraken;kucoin;mexc;okx;upbit,solana,solana,5,meteora;orca;raydium-clmm,2UhFnySoJi6c89aydGAGS7ZRemo2dbkFRhvSJqDX4gHJ;AwBhvNXf5X5hNbC1jAqrJ7Stx5xLuG97xDjJ9PNy1h65;Eqv1tJGkLFeH4giGy8vqKxF4NJBHtGR5cGmKG6cpVy4Z;G2FiE1yn9N9ZJx5e1E2LxxMnHvb1H3hCuHLPfKJ98smA;JVoPtWWDsRcLvQosu5fWc2CaNF6jEtJzbxdPtcEuvZo,-0.024899598393574363,-0.0008237232289949326,0.10378912685337749,0.37314662273476107
2026-02-11,JTO,0.2426,3061086.5102661606,180501.57304801283,3241588.0833141734,0.05568306904172398,16.958780239837143,11,binance;bitget;bybit;coinbase;gate;htx;kraken;kucoin;mexc;okx;upbit,solana,solana,5,meteora;orca;raydium-clmm,2UhFnySoJi6c89aydGAGS7ZRemo2dbkFRhvSJqDX4gHJ;AwBhvNXf5X5hNbC1jAqrJ7Stx5xLuG97xDjJ9PNy1h65;Eqv1tJGkLFeH4giGy8vqKxF4NJBHtGR5cGmKG6cpVy4Z;G2FiE1yn9N9ZJx5e1E2LxxMnHvb1H3hCuHLPfKJ98smA;JVoPtWWDsRcLvQosu5fWc2CaNF6jEtJzbxdPtcEuvZo,-0.0008237232289949326,0.07337180544105526,0.18342951360263804,0.24361088211046988
2026-02-12,JTO,0.2604,8799097.139332432,206592.15927181166,9005689.298604244,0.022940182857944094,42.59163160086599,11,binance;bitget;bybit;coinbase;gate;htx;kraken;kucoin;mexc;okx;upbit,solana,solana,5,meteora;orca;raydium-clmm,2UhFnySoJi6c89aydGAGS7ZRemo2dbkFRhvSJqDX4gHJ;AwBhvNXf5X5hNbC1jAqrJ7Stx5xLuG97xDjJ9PNy1h65;Eqv1tJGkLFeH4giGy8vqKxF4NJBHtGR5cGmKG6cpVy4Z;G2FiE1yn9N9ZJx5e1E2LxxMnHvb1H3hCuHLPfKJ98smA;JVoPtWWDsRcLvQosu5fWc2CaNF6jEtJzbxdPtcEuvZo,0.07337180544105526,0.029185867895545226,0.03533026113671278,0.08870967741935476
2026-02-13,JTO,0.268,3054879.5917399693,94893.89469557603,3149773.486435545,0.030127212354867816,32.19258311127563,11,binance;bitget;bybit;coinbase;gate;htx;kraken;kucoin;mexc;okx;upbit,solana,solana,5,meteora;orca;raydium-clmm,2UhFnySoJi6c89aydGAGS7ZRemo2dbkFRhvSJqDX4gHJ;AwBhvNXf5X5hNbC1jAqrJ7Stx5xLuG97xDjJ9PNy1h65;Eqv1tJGkLFeH4giGy8vqKxF4NJBHtGR5cGmKG6cpVy4Z;G2FiE1yn9N9ZJx5e1E2LxxMnHvb1H3hCuHLPfKJ98smA;JVoPtWWDsRcLvQosu5fWc2CaNF6jEtJzbxdPtcEuvZo,0.029185867895545226,0.07126865671641802,0.013059701492537323,0.1757462686567164
2026-02-14,JTO,0.2871,4114547.618459589,86101.7479895747,4200649.366449163,0.02049724708690863,47.78703934045315,11,binance;bitget;bybit;coinbase;gate;htx;kraken;kucoin;mexc;okx;upbit,solana,solana,5,meteora;orca;raydium-clmm,2UhFnySoJi6c89aydGAGS7ZRemo2dbkFRhvSJqDX4gHJ;AwBhvNXf5X5hNbC1jAqrJ7Stx5xLuG97xDjJ9PNy1h65;Eqv1tJGkLFeH4giGy8vqKxF4NJBHtGR5cGmKG6cpVy4Z;G2FiE1yn9N9ZJx5e1E2LxxMnHvb1H3hCuHLPfKJ98smA;JVoPtWWDsRcLvQosu5fWc2CaNF6jEtJzbxdPtcEuvZo,0.07126865671641802,-0.060954371299198895,0.1612678509230232,0.07244862417276199
2026-02-15,JTO,0.2696,2894946.833776167,81526.39327190036,2976473.2270480674,0.027390265946640006,35.50932057206517,11,binance;bitget;bybit;coinbase;gate;htx;kraken;kucoin;mexc;okx;upbit,solana,solana,5,meteora;orca;raydium-clmm,2UhFnySoJi6c89aydGAGS7ZRemo2dbkFRhvSJqDX4gHJ;AwBhvNXf5X5hNbC1jAqrJ7Stx5xLuG97xDjJ9PNy1h65;Eqv1tJGkLFeH4giGy8vqKxF4NJBHtGR5cGmKG6cpVy4Z;G2FiE1yn9N9ZJx5e1E2LxxMnHvb1H3hCuHLPfKJ98smA;JVoPtWWDsRcLvQosu5fWc2CaNF6jEtJzbxdPtcEuvZo,-0.060954371299198895,0.0070474777448070736,0.11906528189910981,0.12017804154302669
2026-02-16,JTO,0.2715,3488895.413791343,37328.095518687594,3526223.509310031,0.010585856347487033,93.46566882965392,11,binance;bitget;bybit;coinbase;gate;htx;kraken;kucoin;mexc;okx;upbit,solana,solana,5,meteora;orca;raydium-clmm,2UhFnySoJi6c89aydGAGS7ZRemo2dbkFRhvSJqDX4gHJ;AwBhvNXf5X5hNbC1jAqrJ7Stx5xLuG97xDjJ9PNy1h65;Eqv1tJGkLFeH4giGy8vqKxF4NJBHtGR5cGmKG6cpVy4Z;G2FiE1yn9N9ZJx5e1E2LxxMnHvb1H3hCuHLPfKJ98smA;JVoPtWWDsRcLvQosu5fWc2CaNF6jEtJzbxdPtcEuvZo,0.0070474777448070736,0.22799263351749532,0.044198895027624197,0.022467771639042233
2026-02-17,JTO,0.3334,109230411.1536476,1352327.8886303199,110582739.04227792,0.012229104653605105,80.77213527281434,11,binance;bitget;bybit;coinbase;gate;htx;kraken;kucoin;mexc;okx;upbit,solana,solana,5,meteora;orca;raydium-clmm,2UhFnySoJi6c89aydGAGS7ZRemo2dbkFRhvSJqDX4gHJ;AwBhvNXf5X5hNbC1jAqrJ7Stx5xLuG97xDjJ9PNy1h65;Eqv1tJGkLFeH4giGy8vqKxF4NJBHtGR5cGmKG6cpVy4Z;G2FiE1yn9N9ZJx5e1E2LxxMnHvb1H3hCuHLPfKJ98smA;JVoPtWWDsRcLvQosu5fWc2CaNF6jEtJzbxdPtcEuvZo,0.22799263351749532,-0.09508098380323926,-0.0548890221955608,-0.16376724655068986
2026-02-18,JTO,0.3017,47472167.59962057,530255.7645473963,48002423.364167966,0.011046437395975568,89.52692412526771,11,binance;bitget;bybit;coinbase;gate;htx;kraken;kucoin;mexc;okx;upbit,solana,solana,5,meteora;orca;raydium-clmm,2UhFnySoJi6c89aydGAGS7ZRemo2dbkFRhvSJqDX4gHJ;AwBhvNXf5X5hNbC1jAqrJ7Stx5xLuG97xDjJ9PNy1h65;Eqv1tJGkLFeH4giGy8vqKxF4NJBHtGR5cGmKG6cpVy4Z;G2FiE1yn9N9ZJx5e1E2LxxMnHvb1H3hCuHLPfKJ98smA;JVoPtWWDsRcLvQosu5fWc2CaNF6jEtJzbxdPtcEuvZo,-0.09508098380323926,-0.06032482598607902,0.02055021544580704,-0.023533311236327625
2026-02-19,JTO,0.2835,14028075.750581957,157586.45042856017,14185662.201010518,0.011108854010166298,89.01828623230148,11,binance;bitget;bybit;coinbase;gate;htx;kraken;kucoin;mexc;okx;upbit,solana,solana,5,meteora;orca;raydium-clmm,2UhFnySoJi6c89aydGAGS7ZRemo2dbkFRhvSJqDX4gHJ;AwBhvNXf5X5hNbC1jAqrJ7Stx5xLuG97xDjJ9PNy1h65;Eqv1tJGkLFeH4giGy8vqKxF4NJBHtGR5cGmKG6cpVy4Z;G2FiE1yn9N9ZJx5e1E2LxxMnHvb1H3hCuHLPfKJ98smA;JVoPtWWDsRcLvQosu5fWc2CaNF6jEtJzbxdPtcEuvZo,-0.06032482598607902,0.1114638447971783,0.06525573192239875,-0.012345679012345512
2026-02-20,JTO,0.3151,38395572.895376354,617652.4408089402,39013225.33618529,0.015831873306718355,62.16371920280866,11,binance;bitget;bybit;coinbase;gate;htx;kraken;kucoin;mexc;okx;upbit,solana,solana,5,meteora;orca;raydium-clmm,2UhFnySoJi6c89aydGAGS7ZRemo2dbkFRhvSJqDX4gHJ;AwBhvNXf5X5hNbC1jAqrJ7Stx5xLuG97xDjJ9PNy1h65;Eqv1tJGkLFeH4giGy8vqKxF4NJBHtGR5cGmKG6cpVy4Z;G2FiE1yn9N9ZJx5e1E2LxxMnHvb1H3hCuHLPfKJ98smA;JVoPtWWDsRcLvQosu5fWc2CaNF6jEtJzbxdPtcEuvZo,0.1114638447971783,-0.022849888924150963,-0.11900983814662003,-0.11996191685179314
2026-02-21,JTO,0.3079,8398538.043223241,217257.3899956063,8615795.433218848,0.025216173211118045,38.65708799775736,11,binance;bitget;bybit;coinbase;gate;htx;kraken;kucoin;mexc;okx;upbit,solana,solana,5,meteora;orca;raydium-clmm,2UhFnySoJi6c89aydGAGS7ZRemo2dbkFRhvSJqDX4gHJ;AwBhvNXf5X5hNbC1jAqrJ7Stx5xLuG97xDjJ9PNy1h65;Eqv1tJGkLFeH4giGy8vqKxF4NJBHtGR5cGmKG6cpVy4Z;G2FiE1yn9N9ZJx5e1E2LxxMnHvb1H3hCuHLPfKJ98smA;JVoPtWWDsRcLvQosu5fWc2CaNF6jEtJzbxdPtcEuvZo,-0.022849888924150963,-0.019162065605716205,-0.09451120493666776,-0.11822020136407918
2026-02-22,JTO,0.302,18209959.64051501,344833.78362709633,18554793.424142107,0.018584619927830857,52.80793386592099,11,binance;bitget;bybit;coinbase;gate;htx;kraken;kucoin;mexc;okx;upbit,solana,solana,5,meteora;orca;raydium-clmm,2UhFnySoJi6c89aydGAGS7ZRemo2dbkFRhvSJqDX4gHJ;AwBhvNXf5X5hNbC1jAqrJ7Stx5xLuG97xDjJ9PNy1h65;Eqv1tJGkLFeH4giGy8vqKxF4NJBHtGR5cGmKG6cpVy4Z;G2FiE1yn9N9ZJx5e1E2LxxMnHvb1H3hCuHLPfKJ98smA;JVoPtWWDsRcLvQosu5fWc2CaNF6jEtJzbxdPtcEuvZo,-0.019162065605716205,-0.08079470198675487,-0.024503311258278204,-0.12549668874172182
2026-02-23,JTO,0.2776,13881629.0305302,226999.9549746539,14108628.985504853,0.01608944109366493,61.15256292487009,11,binance;bitget;bybit;coinbase;gate;htx;kraken;kucoin;mexc;okx;upbit,solana,solana,5,meteora;orca;raydium-clmm,2UhFnySoJi6c89aydGAGS7ZRemo2dbkFRhvSJqDX4gHJ;AwBhvNXf5X5hNbC1jAqrJ7Stx5xLuG97xDjJ9PNy1h65;Eqv1tJGkLFeH4giGy8vqKxF4NJBHtGR5cGmKG6cpVy4Z;G2FiE1yn9N9ZJx5e1E2LxxMnHvb1H3hCuHLPfKJ98smA;JVoPtWWDsRcLvQosu5fWc2CaNF6jEtJzbxdPtcEuvZo,-0.08079470198675487,0.004322766570605152,0.008645533141210526,-0.006123919308357428
2026-02-24,JTO,0.2788,6975377.627114257,151106.81051167802,7126484.437625935,0.02120355581131622,46.16190099899685,11,binance;bitget;bybit;coinbase;gate;htx;kraken;kucoin;mexc;okx;upbit,solana,solana,5,meteora;orca;raydium-clmm,2UhFnySoJi6c89aydGAGS7ZRemo2dbkFRhvSJqDX4gHJ;AwBhvNXf5X5hNbC1jAqrJ7Stx5xLuG97xDjJ9PNy1h65;Eqv1tJGkLFeH4giGy8vqKxF4NJBHtGR5cGmKG6cpVy4Z;G2FiE1yn9N9ZJx5e1E2LxxMnHvb1H3hCuHLPfKJ98smA;JVoPtWWDsRcLvQosu5fWc2CaNF6jEtJzbxdPtcEuvZo,0.004322766570605152,0.05667144906743182,-0.0053802008608321295,-0.015423242467718645
2026-02-25,JTO,0.2946,5276262.97683006,145939.0061084339,5422201.982938494,0.02691508109945844,36.153891392886095,11,binance;bitget;bybit;coinbase;gate;htx;kraken;kucoin;mexc;okx;upbit,solana,solana,5,meteora;orca;raydium-clmm,2UhFnySoJi6c89aydGAGS7ZRemo2dbkFRhvSJqDX4gHJ;AwBhvNXf5X5hNbC1jAqrJ7Stx5xLuG97xDjJ9PNy1h65;Eqv1tJGkLFeH4giGy8vqKxF4NJBHtGR5cGmKG6cpVy4Z;G2FiE1yn9N9ZJx5e1E2LxxMnHvb1H3hCuHLPfKJ98smA;JVoPtWWDsRcLvQosu5fWc2CaNF6jEtJzbxdPtcEuvZo,0.05667144906743182,-0.04955872369314307,-0.07841140529531554,-0.060420909708078674
2026-02-26,JTO,0.28,3899580.25516034,87653.51974662498,3987233.774906965,0.02198354164690788,44.488575774625296,11,binance;bitget;bybit;coinbase;gate;htx;kraken;kucoin;mexc;okx;upbit,solana,solana,5,meteora;orca;raydium-clmm,2UhFnySoJi6c89aydGAGS7ZRemo2dbkFRhvSJqDX4gHJ;AwBhvNXf5X5hNbC1jAqrJ7Stx5xLuG97xDjJ9PNy1h65;Eqv1tJGkLFeH4giGy8vqKxF4NJBHtGR5cGmKG6cpVy4Z;G2FiE1yn9N9ZJx5e1E2LxxMnHvb1H3hCuHLPfKJ98smA;JVoPtWWDsRcLvQosu5fWc2CaNF6jEtJzbxdPtcEuvZo,-0.04955872369314307,-0.009642857142857286,-0.05678571428571433,-0.03107142857142875
2026-02-27,JTO,0.2773,3846484.542138116,102567.19348649317,3949051.735624609,0.025972613263389024,37.50209410423861,11,binance;bitget;bybit;coinbase;gate;htx;kraken;kucoin;mexc;okx;upbit,solana,solana,5,meteora;orca;raydium-clmm,2UhFnySoJi6c89aydGAGS7ZRemo2dbkFRhvSJqDX4gHJ;AwBhvNXf5X5hNbC1jAqrJ7Stx5xLuG97xDjJ9PNy1h65;Eqv1tJGkLFeH4giGy8vqKxF4NJBHtGR5cGmKG6cpVy4Z;G2FiE1yn9N9ZJx5e1E2LxxMnHvb1H3hCuHLPfKJ98smA;JVoPtWWDsRcLvQosu5fWc2CaNF6jEtJzbxdPtcEuvZo,-0.009642857142857286,-0.020915975477821758,-0.005048683736025961,-0.057699242697439646
2026-02-28,JTO,0.2715,3638477.069573417,100190.23742306496,3738667.306996482,0.026798382738033564,36.315684673043776,11,binance;bitget;bybit;coinbase;gate;htx;kraken;kucoin;mexc;okx;upbit,solana,solana,5,meteora;orca;raydium-clmm,2UhFnySoJi6c89aydGAGS7ZRemo2dbkFRhvSJqDX4gHJ;AwBhvNXf5X5hNbC1jAqrJ7Stx5xLuG97xDjJ9PNy1h65;Eqv1tJGkLFeH4giGy8vqKxF4NJBHtGR5cGmKG6cpVy4Z;G2FiE1yn9N9ZJx5e1E2LxxMnHvb1H3hCuHLPfKJ98smA;JVoPtWWDsRcLvQosu5fWc2CaNF6jEtJzbxdPtcEuvZo,-0.020915975477821758,-0.0272559852670351,0.011049723756906049,-0.057826887661141746
2026-03-01,JTO,0.2641,2610989.607299747,68211.28068996864,2679200.8879897157,0.025459561840153612,38.27797368542484,11,binance;bitget;bybit;coinbase;gate;htx;kraken;kucoin;mexc;okx;upbit,solana,solana,5,meteora;orca;raydium-clmm,2UhFnySoJi6c89aydGAGS7ZRemo2dbkFRhvSJqDX4gHJ;AwBhvNXf5X5hNbC1jAqrJ7Stx5xLuG97xDjJ9PNy1h65;Eqv1tJGkLFeH4giGy8vqKxF4NJBHtGR5cGmKG6cpVy4Z;G2FiE1yn9N9ZJx5e1E2LxxMnHvb1H3hCuHLPfKJ98smA;JVoPtWWDsRcLvQosu5fWc2CaNF6jEtJzbxdPtcEuvZo,-0.0272559852670351,0.04468004543733417,0.04808784551306311,-0.039757667550170406
2026-03-02,JTO,0.2759,3388207.7258670586,117985.92735411497,3506193.6532211737,0.03365071613934392,28.717049582514374,11,binance;bitget;bybit;coinbase;gate;htx;kraken;kucoin;mexc;okx;upbit,solana,solana,5,meteora;orca;raydium-clmm,2UhFnySoJi6c89aydGAGS7ZRemo2dbkFRhvSJqDX4gHJ;AwBhvNXf5X5hNbC1jAqrJ7Stx5xLuG97xDjJ9PNy1h65;Eqv1tJGkLFeH4giGy8vqKxF4NJBHtGR5cGmKG6cpVy4Z;G2FiE1yn9N9ZJx5e1E2LxxMnHvb1H3hCuHLPfKJ98smA;JVoPtWWDsRcLvQosu5fWc2CaNF6jEtJzbxdPtcEuvZo,0.04468004543733417,-0.005074302283435861,-0.01667270750271832,-0.06161652772743731
2026-03-03,JTO,0.2745,2361458.0908364225,246621.6523060721,2608079.7431424945,0.0945606256689513,9.575226135885721,11,binance;bitget;bybit;coinbase;gate;htx;kraken;kucoin;mexc;okx;upbit,solana,solana,5,meteora;orca;raydium-clmm,2UhFnySoJi6c89aydGAGS7ZRemo2dbkFRhvSJqDX4gHJ;AwBhvNXf5X5hNbC1jAqrJ7Stx5xLuG97xDjJ9PNy1h65;Eqv1tJGkLFeH4giGy8vqKxF4NJBHtGR5cGmKG6cpVy4Z;G2FiE1yn9N9ZJx5e1E2LxxMnHvb1H3hCuHLPfKJ98smA;JVoPtWWDsRcLvQosu5fWc2CaNF6jEtJzbxdPtcEuvZo,-0.005074302283435861,0.008378870673952488,-0.04808743169398921,-0.05610200364298734
2026-03-04,JTO,0.2768,3041324.912786335,84237.34272843796,3125562.255514773,0.026951100583521813,36.104236129466656,11,binance;bitget;bybit;coinbase;gate;htx;kraken;kucoin;mexc;okx;upbit,solana,solana,5,meteora;orca;raydium-clmm,2UhFnySoJi6c89aydGAGS7ZRemo2dbkFRhvSJqDX4gHJ;AwBhvNXf5X5hNbC1jAqrJ7Stx5xLuG97xDjJ9PNy1h65;Eqv1tJGkLFeH4giGy8vqKxF4NJBHtGR5cGmKG6cpVy4Z;G2FiE1yn9N9ZJx5e1E2LxxMnHvb1H3hCuHLPfKJ98smA;JVoPtWWDsRcLvQosu5fWc2CaNF6jEtJzbxdPtcEuvZo,0.008378870673952488,-0.01986994219653182,-0.07586705202312127,-0.010838150289017356
2026-03-05,JTO,0.2713,2230018.7915940355,72009.77265224201,2302028.5642462773,0.03128100744302416,30.9682798522848,11,binance;bitget;bybit;coinbase;gate;htx;kraken;kucoin;mexc;okx;upbit,solana,solana,5,meteora;orca;raydium-clmm,2UhFnySoJi6c89aydGAGS7ZRemo2dbkFRhvSJqDX4gHJ;AwBhvNXf5X5hNbC1jAqrJ7Stx5xLuG97xDjJ9PNy1h65;Eqv1tJGkLFeH4giGy8vqKxF4NJBHtGR5cGmKG6cpVy4Z;G2FiE1yn9N9ZJx5e1E2LxxMnHvb1H3hCuHLPfKJ98smA;JVoPtWWDsRcLvQosu5fWc2CaNF6jEtJzbxdPtcEuvZo,-0.01986994219653182,-0.03685956505713239,-0.06524143015112416,0.053077773682270735
2026-03-06,JTO,0.2613,1580305.7695809647,69706.17456066736,1650011.944141632,0.04224586058795463,22.670958197621037,11,binance;bitget;bybit;coinbase;gate;htx;kraken;kucoin;mexc;okx;upbit,solana,solana,5,meteora;orca;raydium-clmm,2UhFnySoJi6c89aydGAGS7ZRemo2dbkFRhvSJqDX4gHJ;AwBhvNXf5X5hNbC1jAqrJ7Stx5xLuG97xDjJ9PNy1h65;Eqv1tJGkLFeH4giGy8vqKxF4NJBHtGR5cGmKG6cpVy4Z;G2FiE1yn9N9ZJx5e1E2LxxMnHvb1H3hCuHLPfKJ98smA;JVoPtWWDsRcLvQosu5fWc2CaNF6jEtJzbxdPtcEuvZo,-0.03685956505713239,-0.021048603138155153,-0.00918484500574035,0.08228090317642556
2026-03-07,JTO,0.2558,1008572.3738771849,49347.22796097751,1057919.6018381624,0.04664553702874532,20.438278208347132,11,binance;bitget;bybit;coinbase;gate;htx;kraken;kucoin;mexc;okx;upbit,solana,solana,5,meteora;orca;raydium-clmm,2UhFnySoJi6c89aydGAGS7ZRemo2dbkFRhvSJqDX4gHJ;AwBhvNXf5X5hNbC1jAqrJ7Stx5xLuG97xDjJ9PNy1h65;Eqv1tJGkLFeH4giGy8vqKxF4NJBHtGR5cGmKG6cpVy4Z;G2FiE1yn9N9ZJx5e1E2LxxMnHvb1H3hCuHLPfKJ98smA;JVoPtWWDsRcLvQosu5fWc2CaNF6jEtJzbxdPtcEuvZo,-0.021048603138155153,-0.008600469116497367,0.012900703674745717,0.09147771696637985
2026-03-08,JTO,0.2536,1160754.8652041059,53672.271134393326,1214427.1363384991,0.04419554663132393,21.626714142534045,11,binance;bitget;bybit;coinbase;gate;htx;kraken;kucoin;mexc;okx;upbit,solana,solana,5,meteora;orca;raydium-clmm,2UhFnySoJi6c89aydGAGS7ZRemo2dbkFRhvSJqDX4gHJ;AwBhvNXf5X5hNbC1jAqrJ7Stx5xLuG97xDjJ9PNy1h65;Eqv1tJGkLFeH4giGy8vqKxF4NJBHtGR5cGmKG6cpVy4Z;G2FiE1yn9N9ZJx5e1E2LxxMnHvb1H3hCuHLPfKJ98smA;JVoPtWWDsRcLvQosu5fWc2CaNF6jEtJzbxdPtcEuvZo,-0.008600469116497367,0.020899053627760455,0.07965299684542582,0.13367507886435326
2026-03-09,JTO,0.2589,1669324.379039259,44628.77166257655,1713953.1507018355,0.02603850148663737,37.40466781520385,11,binance;bitget;bybit;coinbase;gate;htx;kraken;kucoin;mexc;okx;upbit,solana,solana,5,meteora;orca;raydium-clmm,2UhFnySoJi6c89aydGAGS7ZRemo2dbkFRhvSJqDX4gHJ;AwBhvNXf5X5hNbC1jAqrJ7Stx5xLuG97xDjJ9PNy1h65;Eqv1tJGkLFeH4giGy8vqKxF4NJBHtGR5cGmKG6cpVy4Z;G2FiE1yn9N9ZJx5e1E2LxxMnHvb1H3hCuHLPfKJ98smA;JVoPtWWDsRcLvQosu5fWc2CaNF6jEtJzbxdPtcEuvZo,0.020899053627760455,0.0007724990343760396,0.10351487060641174,0.14561606797991478
2026-03-10,JTO,0.2591,1961036.8851284506,60356.01887728976,2021392.9040057403,0.02985862805676415,32.49115699820176,11,binance;bitget;bybit;coinbase;gate;htx;kraken;kucoin;mexc;okx;upbit,solana,solana,5,meteora;orca;raydium-clmm,2UhFnySoJi6c89aydGAGS7ZRemo2dbkFRhvSJqDX4gHJ;AwBhvNXf5X5hNbC1jAqrJ7Stx5xLuG97xDjJ9PNy1h65;Eqv1tJGkLFeH4giGy8vqKxF4NJBHtGR5cGmKG6cpVy4Z;G2FiE1yn9N9ZJx5e1E2LxxMnHvb1H3hCuHLPfKJ98smA;JVoPtWWDsRcLvQosu5fWc2CaNF6jEtJzbxdPtcEuvZo,0.0007724990343760396,0.056734851408722475,0.09147047472018532,0.14781937475878038
2026-03-11,JTO,0.2738,2032051.7471168349,81887.19824691638,2113938.945363751,0.03873678491354244,24.815255505378776,11,binance;bitget;bybit;coinbase;gate;htx;kraken;kucoin;mexc;okx;upbit,solana,solana,5,meteora;orca;raydium-clmm,2UhFnySoJi6c89aydGAGS7ZRemo2dbkFRhvSJqDX4gHJ;AwBhvNXf5X5hNbC1jAqrJ7Stx5xLuG97xDjJ9PNy1h65;Eqv1tJGkLFeH4giGy8vqKxF4NJBHtGR5cGmKG6cpVy4Z;G2FiE1yn9N9ZJx5e1E2LxxMnHvb1H3hCuHLPfKJ98smA;JVoPtWWDsRcLvQosu5fWc2CaNF6jEtJzbxdPtcEuvZo,0.056734851408722475,0.04346238130021929,0.019722425127830512,0.0887509130752373
2026-03-12,JTO,0.2857,2897747.4807364107,101145.86516244597,2998893.345898857,0.033727730031069034,28.649193677689784,11,binance;bitget;bybit;coinbase;gate;htx;kraken;kucoin;mexc;okx;upbit,solana,solana,5,meteora;orca;raydium-clmm,2UhFnySoJi6c89aydGAGS7ZRemo2dbkFRhvSJqDX4gHJ;AwBhvNXf5X5hNbC1jAqrJ7Stx5xLuG97xDjJ9PNy1h65;Eqv1tJGkLFeH4giGy8vqKxF4NJBHtGR5cGmKG6cpVy4Z;G2FiE1yn9N9ZJx5e1E2LxxMnHvb1H3hCuHLPfKJ98smA;JVoPtWWDsRcLvQosu5fWc2CaNF6jEtJzbxdPtcEuvZo,0.04346238130021929,-0.010150507525376273,0.006300315015750568,0.031851592579628996
2026-03-13,JTO,0.2828,2839485.120675992,74125.58519752722,2913610.7058735196,0.025441142513685226,38.30641084464201,11,binance;bitget;bybit;coinbase;gate;htx;kraken;kucoin;mexc;okx;upbit,solana,solana,5,meteora;orca;raydium-clmm,2UhFnySoJi6c89aydGAGS7ZRemo2dbkFRhvSJqDX4gHJ;AwBhvNXf5X5hNbC1jAqrJ7Stx5xLuG97xDjJ9PNy1h65;Eqv1tJGkLFeH4giGy8vqKxF4NJBHtGR5cGmKG6cpVy4Z;G2FiE1yn9N9ZJx5e1E2LxxMnHvb1H3hCuHLPfKJ98smA;JVoPtWWDsRcLvQosu5fWc2CaNF6jEtJzbxdPtcEuvZo,-0.010150507525376273,-0.012729844413012725,0.04879773691654865,0.07708628005657703
2026-03-14,JTO,0.2792,914018.282553156,30613.70508521117,944631.9876383672,0.032408075828288585,29.856506424460814,11,binance;bitget;bybit;coinbase;gate;htx;kraken;kucoin;mexc;okx;upbit,solana,solana,5,meteora;orca;raydium-clmm,2UhFnySoJi6c89aydGAGS7ZRemo2dbkFRhvSJqDX4gHJ;AwBhvNXf5X5hNbC1jAqrJ7Stx5xLuG97xDjJ9PNy1h65;Eqv1tJGkLFeH4giGy8vqKxF4NJBHtGR5cGmKG6cpVy4Z;G2FiE1yn9N9ZJx5e1E2LxxMnHvb1H3hCuHLPfKJ98smA;JVoPtWWDsRcLvQosu5fWc2CaNF6jEtJzbxdPtcEuvZo,-0.012729844413012725,0.029727793696274984,0.06518624641833815,0.04656160458452718
2026-03-15,JTO,0.2875,986974.8583271678,48709.35693841686,1035684.2152655846,0.04703108941940003,20.262531069235795,11,binance;bitget;bybit;coinbase;gate;htx;kraken;kucoin;mexc;okx;upbit,solana,solana,5,meteora;orca;raydium-clmm,2UhFnySoJi6c89aydGAGS7ZRemo2dbkFRhvSJqDX4gHJ;AwBhvNXf5X5hNbC1jAqrJ7Stx5xLuG97xDjJ9PNy1h65;Eqv1tJGkLFeH4giGy8vqKxF4NJBHtGR5cGmKG6cpVy4Z;G2FiE1yn9N9ZJx5e1E2LxxMnHvb1H3hCuHLPfKJ98smA;JVoPtWWDsRcLvQosu5fWc2CaNF6jEtJzbxdPtcEuvZo,0.029727793696274984,0.031652173913043535,0.036869565217391376,-0.02921739130434775
2026-03-16,JTO,0.2966,2074746.7015096284,82261.52957919975,2157008.2310888283,0.03813686401079483,25.221348449545957,11,binance;bitget;bybit;coinbase;gate;htx;kraken;kucoin;mexc;okx;upbit,solana,solana,5,meteora;orca;raydium-clmm,2UhFnySoJi6c89aydGAGS7ZRemo2dbkFRhvSJqDX4gHJ;AwBhvNXf5X5hNbC1jAqrJ7Stx5xLuG97xDjJ9PNy1h65;Eqv1tJGkLFeH4giGy8vqKxF4NJBHtGR5cGmKG6cpVy4Z;G2FiE1yn9N9ZJx5e1E2LxxMnHvb1H3hCuHLPfKJ98smA;JVoPtWWDsRcLvQosu5fWc2CaNF6jEtJzbxdPtcEuvZo,0.031652173913043535,0.0026972353337828547,-0.006068779501011368,0.10721510451786931
2026-03-17,JTO,0.2974,1640400.1275259864,96345.21561047087,1736745.3431364573,0.05547457834922259,17.026274912894653,11,binance;bitget;bybit;coinbase;gate;htx;kraken;kucoin;mexc;okx;upbit,solana,solana,5,meteora;orca;raydium-clmm,2UhFnySoJi6c89aydGAGS7ZRemo2dbkFRhvSJqDX4gHJ;AwBhvNXf5X5hNbC1jAqrJ7Stx5xLuG97xDjJ9PNy1h65;Eqv1tJGkLFeH4giGy8vqKxF4NJBHtGR5cGmKG6cpVy4Z;G2FiE1yn9N9ZJx5e1E2LxxMnHvb1H3hCuHLPfKJ98smA;JVoPtWWDsRcLvQosu5fWc2CaNF6jEtJzbxdPtcEuvZo,0.0026972353337828547,0.002353732347007309,0.024209818426361718,0.08170813718897096
2026-03-18,JTO,0.2981,2793461.7961762873,90753.11122959832,2884214.907405886,0.031465446973652625,30.78089288982111,11,binance;bitget;bybit;coinbase;gate;htx;kraken;kucoin;mexc;okx;upbit,solana,solana,5,meteora;orca;raydium-clmm,2UhFnySoJi6c89aydGAGS7ZRemo2dbkFRhvSJqDX4gHJ;AwBhvNXf5X5hNbC1jAqrJ7Stx5xLuG97xDjJ9PNy1h65;Eqv1tJGkLFeH4giGy8vqKxF4NJBHtGR5cGmKG6cpVy4Z;G2FiE1yn9N9ZJx5e1E2LxxMnHvb1H3hCuHLPfKJ98smA;JVoPtWWDsRcLvQosu5fWc2CaNF6jEtJzbxdPtcEuvZo,0.002353732347007309,-0.011070110701106861,-0.019792016101979115,0.12110030191211019
2026-03-19,JTO,0.2948,3937990.244425908,193034.82684824808,4131025.071274156,0.046728069551199604,20.400413276313657,11,binance;bitget;bybit;coinbase;gate;htx;kraken;kucoin;mexc;okx;upbit,solana,solana,5,meteora;orca;raydium-clmm,2UhFnySoJi6c89aydGAGS7ZRemo2dbkFRhvSJqDX4gHJ;AwBhvNXf5X5hNbC1jAqrJ7Stx5xLuG97xDjJ9PNy1h65;Eqv1tJGkLFeH4giGy8vqKxF4NJBHtGR5cGmKG6cpVy4Z;G2FiE1yn9N9ZJx5e1E2LxxMnHvb1H3hCuHLPfKJ98smA;JVoPtWWDsRcLvQosu5fWc2CaNF6jEtJzbxdPtcEuvZo,-0.011070110701106861,0.03324287652645852,-0.05325644504748983,0.06343283582089554
2026-03-20,JTO,0.3046,3809171.390560902,132115.32939472527,3941286.7199556273,0.0335208622924578,28.832168136826247,11,binance;bitget;bybit;coinbase;gate;htx;kraken;kucoin;mexc;okx;upbit,solana,solana,5,meteora;orca;raydium-clmm,2UhFnySoJi6c89aydGAGS7ZRemo2dbkFRhvSJqDX4gHJ;AwBhvNXf5X5hNbC1jAqrJ7Stx5xLuG97xDjJ9PNy1h65;Eqv1tJGkLFeH4giGy8vqKxF4NJBHtGR5cGmKG6cpVy4Z;G2FiE1yn9N9ZJx5e1E2LxxMnHvb1H3hCuHLPfKJ98smA;JVoPtWWDsRcLvQosu5fWc2CaNF6jEtJzbxdPtcEuvZo,0.03324287652645852,-0.04070912672357174,0.0781352593565332,0.007550886408404622
2026-03-21,JTO,0.2922,2130310.167058355,57097.90180051494,2187408.0688588703,0.02610299496165882,37.30978021751305,11,binance;bitget;bybit;coinbase;gate;htx;kraken;kucoin;mexc;okx;upbit,solana,solana,5,meteora;orca;raydium-clmm,2UhFnySoJi6c89aydGAGS7ZRemo2dbkFRhvSJqDX4gHJ;AwBhvNXf5X5hNbC1jAqrJ7Stx5xLuG97xDjJ9PNy1h65;Eqv1tJGkLFeH4giGy8vqKxF4NJBHtGR5cGmKG6cpVy4Z;G2FiE1yn9N9ZJx5e1E2LxxMnHvb1H3hCuHLPfKJ98smA;JVoPtWWDsRcLvQosu5fWc2CaNF6jEtJzbxdPtcEuvZo,-0.04070912672357174,-0.044832306639288166,0.10095824777549622,0.018480492813141458
2026-03-22,JTO,0.2791,1996314.920272225,53815.31649276116,2050130.2367649863,0.026249706251676632,37.0956644014303,11,binance;bitget;bybit;coinbase;gate;htx;kraken;kucoin;mexc;okx;upbit,solana,solana,5,meteora;orca;raydium-clmm,2UhFnySoJi6c89aydGAGS7ZRemo2dbkFRhvSJqDX4gHJ;AwBhvNXf5X5hNbC1jAqrJ7Stx5xLuG97xDjJ9PNy1h65;Eqv1tJGkLFeH4giGy8vqKxF4NJBHtGR5cGmKG6cpVy4Z;G2FiE1yn9N9ZJx5e1E2LxxMnHvb1H3hCuHLPfKJ98smA;JVoPtWWDsRcLvQosu5fWc2CaNF6jEtJzbxdPtcEuvZo,-0.044832306639288166,0.17663919742027945,0.19742027946972396,0.002149767108563294
2026-03-23,JTO,0.3284,33645067.146491095,748003.5878400434,34393070.73433114,0.02174867122560786,44.97982054290081,11,binance;bitget;bybit;coinbase;gate;htx;kraken;kucoin;mexc;okx;upbit,solana,solana,5,meteora;orca;raydium-clmm,2UhFnySoJi6c89aydGAGS7ZRemo2dbkFRhvSJqDX4gHJ;AwBhvNXf5X5hNbC1jAqrJ7Stx5xLuG97xDjJ9PNy1h65;Eqv1tJGkLFeH4giGy8vqKxF4NJBHtGR5cGmKG6cpVy4Z;G2FiE1yn9N9ZJx5e1E2LxxMnHvb1H3hCuHLPfKJ98smA;JVoPtWWDsRcLvQosu5fWc2CaNF6jEtJzbxdPtcEuvZo,0.17663919742027945,-0.020401948842874607,-0.04537149817295982,-0.16717417783191235
2026-03-24,JTO,0.3217,29812121.682637982,507729.0186971083,30319850.70133509,0.0167457624939674,58.71659996731987,11,binance;bitget;bybit;coinbase;gate;htx;kraken;kucoin;mexc;okx;upbit,solana,solana,5,meteora;orca;raydium-clmm,2UhFnySoJi6c89aydGAGS7ZRemo2dbkFRhvSJqDX4gHJ;AwBhvNXf5X5hNbC1jAqrJ7Stx5xLuG97xDjJ9PNy1h65;Eqv1tJGkLFeH4giGy8vqKxF4NJBHtGR5cGmKG6cpVy4Z;G2FiE1yn9N9ZJx5e1E2LxxMnHvb1H3hCuHLPfKJ98smA;JVoPtWWDsRcLvQosu5fWc2CaNF6jEtJzbxdPtcEuvZo,-0.020401948842874607,0.03885607709045691,-0.04600559527510095,-0.1342866024246191
2026-03-25,JTO,0.3342,57982218.668525785,758455.9202798016,58740674.588805586,0.012911937521812921,76.44771056323958,11,binance;bitget;bybit;coinbase;gate;htx;kraken;kucoin;mexc;okx;upbit,solana,solana,5,meteora;orca;raydium-clmm,2UhFnySoJi6c89aydGAGS7ZRemo2dbkFRhvSJqDX4gHJ;AwBhvNXf5X5hNbC1jAqrJ7Stx5xLuG97xDjJ9PNy1h65;Eqv1tJGkLFeH4giGy8vqKxF4NJBHtGR5cGmKG6cpVy4Z;G2FiE1yn9N9ZJx5e1E2LxxMnHvb1H3hCuHLPfKJ98smA;JVoPtWWDsRcLvQosu5fWc2CaNF6jEtJzbxdPtcEuvZo,0.03885607709045691,-0.06193895870736088,-0.10951526032315984,-0.17893476959904253
2026-03-26,JTO,0.3135,13271009.347739823,275232.4239487728,13546241.771688595,0.020317991409543837,48.21746347083682,11,binance;bitget;bybit;coinbase;gate;htx;kraken;kucoin;mexc;okx;upbit,solana,solana,5,meteora;orca;raydium-clmm,2UhFnySoJi6c89aydGAGS7ZRemo2dbkFRhvSJqDX4gHJ;AwBhvNXf5X5hNbC1jAqrJ7Stx5xLuG97xDjJ9PNy1h65;Eqv1tJGkLFeH4giGy8vqKxF4NJBHtGR5cGmKG6cpVy4Z;G2FiE1yn9N9ZJx5e1E2LxxMnHvb1H3hCuHLPfKJ98smA;JVoPtWWDsRcLvQosu5fWc2CaNF6jEtJzbxdPtcEuvZo,-0.06193895870736088,-0.021052631578947323,-0.10781499202551836,-0.16523125996810206
2026-03-27,JTO,0.3069,5606718.469500182,149637.1921620833,5756355.661662266,0.025995126249525814,37.468749503312814,11,binance;bitget;bybit;coinbase;gate;htx;kraken;kucoin;mexc;okx;upbit,solana,solana,5,meteora;orca;raydium-clmm,2UhFnySoJi6c89aydGAGS7ZRemo2dbkFRhvSJqDX4gHJ;AwBhvNXf5X5hNbC1jAqrJ7Stx5xLuG97xDjJ9PNy1h65;Eqv1tJGkLFeH4giGy8vqKxF4NJBHtGR5cGmKG6cpVy4Z;G2FiE1yn9N9ZJx5e1E2LxxMnHvb1H3hCuHLPfKJ98smA;JVoPtWWDsRcLvQosu5fWc2CaNF6jEtJzbxdPtcEuvZo,-0.021052631578947323,-0.030303030303030387,-0.1088302378624959,-0.1606386445096123
2026-03-28,JTO,0.2976,3616410.630275079,102979.64130476251,3719390.2715798416,0.027687237365661296,35.11772409045894,11,binance;bitget;bybit;coinbase;gate;htx;kraken;kucoin;mexc;okx;upbit,solana,solana,5,meteora;orca;raydium-clmm,2UhFnySoJi6c89aydGAGS7ZRemo2dbkFRhvSJqDX4gHJ;AwBhvNXf5X5hNbC1jAqrJ7Stx5xLuG97xDjJ9PNy1h65;Eqv1tJGkLFeH4giGy8vqKxF4NJBHtGR5cGmKG6cpVy4Z;G2FiE1yn9N9ZJx5e1E2LxxMnHvb1H3hCuHLPfKJ98smA;JVoPtWWDsRcLvQosu5fWc2CaNF6jEtJzbxdPtcEuvZo,-0.030303030303030387,-0.06014784946236551,-0.06418010752688152,-0.06821236559139776
2026-03-29,JTO,0.2797,2685204.980227131,59262.97738014246,2744467.9576072735,0.02159361242162582,45.30999114342298,11,binance;bitget;bybit;coinbase;gate;htx;kraken;kucoin;mexc;okx;upbit,solana,solana,5,meteora;orca;raydium-clmm,2UhFnySoJi6c89aydGAGS7ZRemo2dbkFRhvSJqDX4gHJ;AwBhvNXf5X5hNbC1jAqrJ7Stx5xLuG97xDjJ9PNy1h65;Eqv1tJGkLFeH4giGy8vqKxF4NJBHtGR5cGmKG6cpVy4Z;G2FiE1yn9N9ZJx5e1E2LxxMnHvb1H3hCuHLPfKJ98smA;JVoPtWWDsRcLvQosu5fWc2CaNF6jEtJzbxdPtcEuvZo,-0.06014784946236551,-0.02216660707901319,-0.018948873793350085,-0.017161244190203928
2026-03-30,JTO,0.2735,3081120.138692788,129974.71111337373,3211094.8498061616,0.04047675861123183,23.70553557918819,11,binance;bitget;bybit;coinbase;gate;htx;kraken;kucoin;mexc;okx;upbit,solana,solana,5,meteora;orca;raydium-clmm,2UhFnySoJi6c89aydGAGS7ZRemo2dbkFRhvSJqDX4gHJ;AwBhvNXf5X5hNbC1jAqrJ7Stx5xLuG97xDjJ9PNy1h65;Eqv1tJGkLFeH4giGy8vqKxF4NJBHtGR5cGmKG6cpVy4Z;G2FiE1yn9N9ZJx5e1E2LxxMnHvb1H3hCuHLPfKJ98smA;JVoPtWWDsRcLvQosu5fWc2CaNF6jEtJzbxdPtcEuvZo,-0.02216660707901319,0.018281535648994485,-0.043144424131627224,-0.01389396709323587
2026-03-31,JTO,0.2785,2695748.8420965006,104797.90002521087,2800546.7421217114,0.03742051451918112,25.72330973662634,11,binance;bitget;bybit;coinbase;gate;htx;kraken;kucoin;mexc;okx;upbit,solana,solana,5,meteora;orca;raydium-clmm,2UhFnySoJi6c89aydGAGS7ZRemo2dbkFRhvSJqDX4gHJ;AwBhvNXf5X5hNbC1jAqrJ7Stx5xLuG97xDjJ9PNy1h65;Eqv1tJGkLFeH4giGy8vqKxF4NJBHtGR5cGmKG6cpVy4Z;G2FiE1yn9N9ZJx5e1E2LxxMnHvb1H3hCuHLPfKJ98smA;JVoPtWWDsRcLvQosu5fWc2CaNF6jEtJzbxdPtcEuvZo,0.018281535648994485,-0.014721723518851149,-0.07504488330341119,0.017594254937163267
2026-04-01,JTO,0.2744,2455046.1222729073,147136.29125588966,2602182.4135287968,0.05654341928180178,16.685524022100395,11,binance;bitget;bybit;coinbase;gate;htx;kraken;kucoin;mexc;okx;upbit,solana,solana,5,meteora;orca;raydium-clmm,2UhFnySoJi6c89aydGAGS7ZRemo2dbkFRhvSJqDX4gHJ;AwBhvNXf5X5hNbC1jAqrJ7Stx5xLuG97xDjJ9PNy1h65;Eqv1tJGkLFeH4giGy8vqKxF4NJBHtGR5cGmKG6cpVy4Z;G2FiE1yn9N9ZJx5e1E2LxxMnHvb1H3hCuHLPfKJ98smA;JVoPtWWDsRcLvQosu5fWc2CaNF6jEtJzbxdPtcEuvZo,-0.014721723518851149,-0.04628279883381925,0.010568513119533662,0.0007288629737609575
2026-04-02,JTO,0.2617,2097443.6055408353,70983.10261516517,2168426.7081560004,0.03273484058657819,29.548491517933837,11,binance;bitget;bybit;coinbase;gate;htx;kraken;kucoin;mexc;okx;upbit,solana,solana,5,meteora;orca;raydium-clmm,2UhFnySoJi6c89aydGAGS7ZRemo2dbkFRhvSJqDX4gHJ;AwBhvNXf5X5hNbC1jAqrJ7Stx5xLuG97xDjJ9PNy1h65;Eqv1tJGkLFeH4giGy8vqKxF4NJBHtGR5cGmKG6cpVy4Z;G2FiE1yn9N9ZJx5e1E2LxxMnHvb1H3hCuHLPfKJ98smA;JVoPtWWDsRcLvQosu5fWc2CaNF6jEtJzbxdPtcEuvZo,-0.04628279883381925,-0.015666794038975862,0.050439434466946764,0.11043179212839149
2026-04-03,JTO,0.2576,2185910.7762141707,198359.48759209577,2384270.2638062667,0.08319505158590253,11.019945669093747,11,binance;bitget;bybit;coinbase;gate;htx;kraken;kucoin;mexc;okx;upbit,solana,solana,5,meteora;orca;raydium-clmm,2UhFnySoJi6c89aydGAGS7ZRemo2dbkFRhvSJqDX4gHJ;AwBhvNXf5X5hNbC1jAqrJ7Stx5xLuG97xDjJ9PNy1h65;Eqv1tJGkLFeH4giGy8vqKxF4NJBHtGR5cGmKG6cpVy4Z;G2FiE1yn9N9ZJx5e1E2LxxMnHvb1H3hCuHLPfKJ98smA;JVoPtWWDsRcLvQosu5fWc2CaNF6jEtJzbxdPtcEuvZo,-0.015666794038975862,0.0764751552795031,0.04697204968944102,0.18167701863354035
2026-04-04,JTO,0.2773,20284255.099069178,522766.8659444521,20807021.96501363,0.025124540495197658,38.8017229485706,11,binance;bitget;bybit;coinbase;gate;htx;kraken;kucoin;mexc;okx;upbit,solana,solana,5,meteora;orca;raydium-clmm,2UhFnySoJi6c89aydGAGS7ZRemo2dbkFRhvSJqDX4gHJ;AwBhvNXf5X5hNbC1jAqrJ7Stx5xLuG97xDjJ9PNy1h65;Eqv1tJGkLFeH4giGy8vqKxF4NJBHtGR5cGmKG6cpVy4Z;G2FiE1yn9N9ZJx5e1E2LxxMnHvb1H3hCuHLPfKJ98smA;JVoPtWWDsRcLvQosu5fWc2CaNF6jEtJzbxdPtcEuvZo,0.0764751552795031,-0.00865488640461598,0.021997836278398797,0.09484313018391632
2026-04-05,JTO,0.2749,5238256.75397874,144475.6249425044,5382732.378921245,0.026840573666316807,36.257027827796975,11,binance;bitget;bybit;coinbase;gate;htx;kraken;kucoin;mexc;okx;upbit,solana,solana,5,meteora;orca;raydium-clmm,2UhFnySoJi6c89aydGAGS7ZRemo2dbkFRhvSJqDX4gHJ;AwBhvNXf5X5hNbC1jAqrJ7Stx5xLuG97xDjJ9PNy1h65;Eqv1tJGkLFeH4giGy8vqKxF4NJBHtGR5cGmKG6cpVy4Z;G2FiE1yn9N9ZJx5e1E2LxxMnHvb1H3hCuHLPfKJ98smA;JVoPtWWDsRcLvQosu5fWc2CaNF6jEtJzbxdPtcEuvZo,-0.00865488640461598,-0.018915969443433878,-0.001091305929428743,0.10876682429974549
2026-04-06,JTO,0.2697,2735904.913512735,73507.15134945621,2809412.064862191,0.026164603003177436,37.21957473914509,11,binance;bitget;bybit;coinbase;gate;htx;kraken;kucoin;mexc;okx;upbit,solana,solana,5,meteora;orca;raydium-clmm,2UhFnySoJi6c89aydGAGS7ZRemo2dbkFRhvSJqDX4gHJ;AwBhvNXf5X5hNbC1jAqrJ7Stx5xLuG97xDjJ9PNy1h65;Eqv1tJGkLFeH4giGy8vqKxF4NJBHtGR5cGmKG6cpVy4Z;G2FiE1yn9N9ZJx5e1E2LxxMnHvb1H3hCuHLPfKJ98smA;JVoPtWWDsRcLvQosu5fWc2CaNF6jEtJzbxdPtcEuvZo,-0.018915969443433878,0.05079718205413419,0.07749351130886173,0.21023359288097887
2026-04-07,JTO,0.2834,2460387.7881615525,75643.91647305666,2536031.704634609,0.029827669872903032,32.52591752091405,11,binance;bitget;bybit;coinbase;gate;htx;kraken;kucoin;mexc;okx;upbit,solana,solana,5,meteora;orca;raydium-clmm,2UhFnySoJi6c89aydGAGS7ZRemo2dbkFRhvSJqDX4gHJ;AwBhvNXf5X5hNbC1jAqrJ7Stx5xLuG97xDjJ9PNy1h65;Eqv1tJGkLFeH4giGy8vqKxF4NJBHtGR5cGmKG6cpVy4Z;G2FiE1yn9N9ZJx5e1E2LxxMnHvb1H3hCuHLPfKJ98smA;JVoPtWWDsRcLvQosu5fWc2CaNF6jEtJzbxdPtcEuvZo,0.05079718205413419,-0.03105151729004929,0.07410021171489078,0.0913902611150319
2026-04-08,JTO,0.2746,1890254.9667453463,55151.20572234019,1945406.1724676865,0.028349455503362892,34.2740460881648,11,binance;bitget;bybit;coinbase;gate;htx;kraken;kucoin;mexc;okx;upbit,solana,solana,5,meteora;orca;raydium-clmm,2UhFnySoJi6c89aydGAGS7ZRemo2dbkFRhvSJqDX4gHJ;AwBhvNXf5X5hNbC1jAqrJ7Stx5xLuG97xDjJ9PNy1h65;Eqv1tJGkLFeH4giGy8vqKxF4NJBHtGR5cGmKG6cpVy4Z;G2FiE1yn9N9ZJx5e1E2LxxMnHvb1H3hCuHLPfKJ98smA;JVoPtWWDsRcLvQosu5fWc2CaNF6jEtJzbxdPtcEuvZo,-0.03105151729004929,0.05826656955571741,0.1056081573197376,0.1467589220684633
2026-04-09,JTO,0.2906,2592331.248128464,134377.48289745094,2726708.731025915,0.049281935165437295,19.29141097327132,11,binance;bitget;bybit;coinbase;gate;htx;kraken;kucoin;mexc;okx;upbit,solana,solana,5,meteora;orca;raydium-clmm,2UhFnySoJi6c89aydGAGS7ZRemo2dbkFRhvSJqDX4gHJ;AwBhvNXf5X5hNbC1jAqrJ7Stx5xLuG97xDjJ9PNy1h65;Eqv1tJGkLFeH4giGy8vqKxF4NJBHtGR5cGmKG6cpVy4Z;G2FiE1yn9N9ZJx5e1E2LxxMnHvb1H3hCuHLPfKJ98smA;JVoPtWWDsRcLvQosu5fWc2CaNF6jEtJzbxdPtcEuvZo,0.05826656955571741,0.04748795595320021,0.048864418444597435,0.16620784583620085
2026-04-10,JTO,0.3044,5888628.480681356,270888.1509872456,6159516.631668601,0.04397880015365143,21.73822833970547,11,binance;bitget;bybit;coinbase;gate;htx;kraken;kucoin;mexc;okx;upbit,solana,solana,5,meteora;orca;raydium-clmm,2UhFnySoJi6c89aydGAGS7ZRemo2dbkFRhvSJqDX4gHJ;AwBhvNXf5X5hNbC1jAqrJ7Stx5xLuG97xDjJ9PNy1h65;Eqv1tJGkLFeH4giGy8vqKxF4NJBHtGR5cGmKG6cpVy4Z;G2FiE1yn9N9ZJx5e1E2LxxMnHvb1H3hCuHLPfKJ98smA;JVoPtWWDsRcLvQosu5fWc2CaNF6jEtJzbxdPtcEuvZo,0.04748795595320021,-0.0026281208935611255,0.07227332457293034,0.0995400788436267
2026-04-11,JTO,0.3036,2235358.785967349,113555.19696313802,2348913.982930487,0.04834370172272866,19.685217812558463,11,binance;bitget;bybit;coinbase;gate;htx;kraken;kucoin;mexc;okx;upbit,solana,solana,5,meteora;orca;raydium-clmm,2UhFnySoJi6c89aydGAGS7ZRemo2dbkFRhvSJqDX4gHJ;AwBhvNXf5X5hNbC1jAqrJ7Stx5xLuG97xDjJ9PNy1h65;Eqv1tJGkLFeH4giGy8vqKxF4NJBHtGR5cGmKG6cpVy4Z;G2FiE1yn9N9ZJx5e1E2LxxMnHvb1H3hCuHLPfKJ98smA;JVoPtWWDsRcLvQosu5fWc2CaNF6jEtJzbxdPtcEuvZo,-0.0026281208935611255,0.0039525691699606735,0.018774703557312478,0.052371541501976315
2026-04-12,JTO,0.3048,3757560.383432527,172935.69051025805,3930496.073942785,0.043998438684809994,21.728079220348327,11,binance;bitget;bybit;coinbase;gate;htx;kraken;kucoin;mexc;okx;upbit,solana,solana,5,meteora;orca;raydium-clmm,2UhFnySoJi6c89aydGAGS7ZRemo2dbkFRhvSJqDX4gHJ;AwBhvNXf5X5hNbC1jAqrJ7Stx5xLuG97xDjJ9PNy1h65;Eqv1tJGkLFeH4giGy8vqKxF4NJBHtGR5cGmKG6cpVy4Z;G2FiE1yn9N9ZJx5e1E2LxxMnHvb1H3hCuHLPfKJ98smA;JVoPtWWDsRcLvQosu5fWc2CaNF6jEtJzbxdPtcEuvZo,0.0039525691699606735,0.07086614173228356,0.03313648293963256,0.005249343832020914
2026-04-13,JTO,0.3264,23209255.53473953,754467.6073674283,23963723.14210696,0.031483739104035284,30.762428112353067,11,binance;bitget;bybit;coinbase;gate;htx;kraken;kucoin;mexc;okx;upbit,solana,solana,5,meteora;orca;raydium-clmm,2UhFnySoJi6c89aydGAGS7ZRemo2dbkFRhvSJqDX4gHJ;AwBhvNXf5X5hNbC1jAqrJ7Stx5xLuG97xDjJ9PNy1h65;Eqv1tJGkLFeH4giGy8vqKxF4NJBHtGR5cGmKG6cpVy4Z;G2FiE1yn9N9ZJx5e1E2LxxMnHvb1H3hCuHLPfKJ98smA;JVoPtWWDsRcLvQosu5fWc2CaNF6jEtJzbxdPtcEuvZo,0.07086614173228356,-0.05238970588235292,0.03829656862745079,0.034313725490195957
2026-04-14,JTO,0.3093,6487888.429201543,143868.95850923107,6631757.387710774,0.02169394175604687,45.09581841996347,11,binance;bitget;bybit;coinbase;gate;htx;kraken;kucoin;mexc;okx;upbit,solana,solana,5,meteora;orca;raydium-clmm,2UhFnySoJi6c89aydGAGS7ZRemo2dbkFRhvSJqDX4gHJ;AwBhvNXf5X5hNbC1jAqrJ7Stx5xLuG97xDjJ9PNy1h65;Eqv1tJGkLFeH4giGy8vqKxF4NJBHtGR5cGmKG6cpVy4Z;G2FiE1yn9N9ZJx5e1E2LxxMnHvb1H3hCuHLPfKJ98smA;JVoPtWWDsRcLvQosu5fWc2CaNF6jEtJzbxdPtcEuvZo,-0.05238970588235292,0.01810539928871635,0.08212091820239253,0.10248949240219862
2026-04-15,JTO,0.3149,3169462.7087733303,161925.77800147128,3331388.4867748017,0.048606092818143695,19.573552450336425,11,binance;bitget;bybit;coinbase;gate;htx;kraken;kucoin;mexc;okx;upbit,solana,solana,5,meteora;orca;raydium-clmm,2UhFnySoJi6c89aydGAGS7ZRemo2dbkFRhvSJqDX4gHJ;AwBhvNXf5X5hNbC1jAqrJ7Stx5xLuG97xDjJ9PNy1h65;Eqv1tJGkLFeH4giGy8vqKxF4NJBHtGR5cGmKG6cpVy4Z;G2FiE1yn9N9ZJx5e1E2LxxMnHvb1H3hCuHLPfKJ98smA;JVoPtWWDsRcLvQosu5fWc2CaNF6jEtJzbxdPtcEuvZo,0.01810539928871635,0.07621467132422977,0.014607812003810672,0.07367418228008882
2026-04-16,JTO,0.3389,3847659.668566222,134386.13457465614,3982045.8031408777,0.033748013262092,28.631373919224636,11,binance;bitget;bybit;coinbase;gate;htx;kraken;kucoin;mexc;okx;upbit,solana,solana,5,meteora;orca;raydium-clmm,2UhFnySoJi6c89aydGAGS7ZRemo2dbkFRhvSJqDX4gHJ;AwBhvNXf5X5hNbC1jAqrJ7Stx5xLuG97xDjJ9PNy1h65;Eqv1tJGkLFeH4giGy8vqKxF4NJBHtGR5cGmKG6cpVy4Z;G2FiE1yn9N9ZJx5e1E2LxxMnHvb1H3hCuHLPfKJ98smA;JVoPtWWDsRcLvQosu5fWc2CaNF6jEtJzbxdPtcEuvZo,0.07621467132422977,-0.01239303629389199,-0.0958984951313071,0.023310711124225447
2026-04-17,JTO,0.3347,3040295.496797133,186820.03788151496,3227115.5346786478,0.057890718777788744,16.273926133798074,11,binance;bitget;bybit;coinbase;gate;htx;kraken;kucoin;mexc;okx;upbit,solana,solana,5,meteora;orca;raydium-clmm,2UhFnySoJi6c89aydGAGS7ZRemo2dbkFRhvSJqDX4gHJ;AwBhvNXf5X5hNbC1jAqrJ7Stx5xLuG97xDjJ9PNy1h65;Eqv1tJGkLFeH4giGy8vqKxF4NJBHtGR5cGmKG6cpVy4Z;G2FiE1yn9N9ZJx5e1E2LxxMnHvb1H3hCuHLPfKJ98smA;JVoPtWWDsRcLvQosu5fWc2CaNF6jEtJzbxdPtcEuvZo,-0.01239303629389199,-0.04541380340603518,0.008664475649835746,0.032267702420077704
2026-04-18,JTO,0.3195,2118317.534575663,70053.22874727317,2188370.7633229364,0.03201159050438998,30.238685246297358,11,binance;bitget;bybit;coinbase;gate;htx;kraken;kucoin;mexc;okx;upbit,solana,solana,5,meteora;orca;raydium-clmm,2UhFnySoJi6c89aydGAGS7ZRemo2dbkFRhvSJqDX4gHJ;AwBhvNXf5X5hNbC1jAqrJ7Stx5xLuG97xDjJ9PNy1h65;Eqv1tJGkLFeH4giGy8vqKxF4NJBHtGR5cGmKG6cpVy4Z;G2FiE1yn9N9ZJx5e1E2LxxMnHvb1H3hCuHLPfKJ98smA;JVoPtWWDsRcLvQosu5fWc2CaNF6jEtJzbxdPtcEuvZo,-0.04541380340603518,-0.04100156494522689,0.06729264475743357,0.08356807511737085
2026-04-19,JTO,0.3064,2183892.319231011,65895.86371572802,2249788.182946739,0.029289807909568893,33.14156907711583,11,binance;bitget;bybit;coinbase;gate;htx;kraken;kucoin;mexc;okx;upbit,solana,solana,5,meteora;orca;raydium-clmm,2UhFnySoJi6c89aydGAGS7ZRemo2dbkFRhvSJqDX4gHJ;AwBhvNXf5X5hNbC1jAqrJ7Stx5xLuG97xDjJ9PNy1h65;Eqv1tJGkLFeH4giGy8vqKxF4NJBHtGR5cGmKG6cpVy4Z;G2FiE1yn9N9ZJx5e1E2LxxMnHvb1H3hCuHLPfKJ98smA;JVoPtWWDsRcLvQosu5fWc2CaNF6jEtJzbxdPtcEuvZo,-0.04100156494522689,0.10182767624020883,0.10345953002610964,0.15567885117493474
2026-04-20,JTO,0.3376,10881653.96168508,311939.5363796586,11193593.498064738,0.027867684889002795,34.883856301052916,11,binance;bitget;bybit;coinbase;gate;htx;kraken;kucoin;mexc;okx;upbit,solana,solana,5,meteora;orca;raydium-clmm,2UhFnySoJi6c89aydGAGS7ZRemo2dbkFRhvSJqDX4gHJ;AwBhvNXf5X5hNbC1jAqrJ7Stx5xLuG97xDjJ9PNy1h65;Eqv1tJGkLFeH4giGy8vqKxF4NJBHtGR5cGmKG6cpVy4Z;G2FiE1yn9N9ZJx5e1E2LxxMnHvb1H3hCuHLPfKJ98smA;JVoPtWWDsRcLvQosu5fWc2CaNF6jEtJzbxdPtcEuvZo,0.10182767624020883,0.010071090047393483,0.027251184834123254,0.016587677725118377
2026-04-21,JTO,0.341,3916282.987770537,123031.93353448351,4039314.9213050203,0.03045861388166645,31.831434939392196,11,binance;bitget;bybit;coinbase;gate;htx;kraken;kucoin;mexc;okx;upbit,solana,solana,5,meteora;orca;raydium-clmm,2UhFnySoJi6c89aydGAGS7ZRemo2dbkFRhvSJqDX4gHJ;AwBhvNXf5X5hNbC1jAqrJ7Stx5xLuG97xDjJ9PNy1h65;Eqv1tJGkLFeH4giGy8vqKxF4NJBHtGR5cGmKG6cpVy4Z;G2FiE1yn9N9ZJx5e1E2LxxMnHvb1H3hCuHLPfKJ98smA;JVoPtWWDsRcLvQosu5fWc2CaNF6jEtJzbxdPtcEuvZo,0.010071090047393483,-0.008504398826979509,0.013196480938416189,-0.006744868035190699
2026-04-22,JTO,0.3381,12465496.302251399,343963.071188849,12809459.373440247,0.026852270744699706,36.240798348399906,11,binance;bitget;bybit;coinbase;gate;htx;kraken;kucoin;mexc;okx;upbit,solana,solana,5,meteora;orca;raydium-clmm,2UhFnySoJi6c89aydGAGS7ZRemo2dbkFRhvSJqDX4gHJ;AwBhvNXf5X5hNbC1jAqrJ7Stx5xLuG97xDjJ9PNy1h65;Eqv1tJGkLFeH4giGy8vqKxF4NJBHtGR5cGmKG6cpVy4Z;G2FiE1yn9N9ZJx5e1E2LxxMnHvb1H3hCuHLPfKJ98smA;JVoPtWWDsRcLvQosu5fWc2CaNF6jEtJzbxdPtcEuvZo,-0.008504398826979509,0.02573203194321194,0.02395740905057675,0.006802721088435382
2026-04-23,JTO,0.3468,3019480.272445466,80505.6214559654,3099985.8939014315,0.025969673479593322,37.506452566135984,11,binance;bitget;bybit;coinbase;gate;htx;kraken;kucoin;mexc;okx;upbit,solana,solana,5,meteora;orca;raydium-clmm,2UhFnySoJi6c89aydGAGS7ZRemo2dbkFRhvSJqDX4gHJ;AwBhvNXf5X5hNbC1jAqrJ7Stx5xLuG97xDjJ9PNy1h65;Eqv1tJGkLFeH4giGy8vqKxF4NJBHtGR5cGmKG6cpVy4Z;G2FiE1yn9N9ZJx5e1E2LxxMnHvb1H3hCuHLPfKJ98smA;JVoPtWWDsRcLvQosu5fWc2CaNF6jEtJzbxdPtcEuvZo,0.02573203194321194,-0.003748558246828182,0.021049596309111962,0.02595155709342567
2026-04-24,JTO,0.3455,3272724.444122771,135549.18101927196,3408273.6251420425,0.03977062757501544,24.144184564696594,11,binance;bitget;bybit;coinbase;gate;htx;kraken;kucoin;mexc;okx;upbit,solana,solana,5,meteora;orca;raydium-clmm,2UhFnySoJi6c89aydGAGS7ZRemo2dbkFRhvSJqDX4gHJ;AwBhvNXf5X5hNbC1jAqrJ7Stx5xLuG97xDjJ9PNy1h65;Eqv1tJGkLFeH4giGy8vqKxF4NJBHtGR5cGmKG6cpVy4Z;G2FiE1yn9N9ZJx5e1E2LxxMnHvb1H3hCuHLPfKJ98smA;JVoPtWWDsRcLvQosu5fWc2CaNF6jEtJzbxdPtcEuvZo,-0.003748558246828182,0.0020260492040522493,-0.006657018813313931,0.0393632416787264
2026-04-25,JTO,0.3462,2281383.4688898064,67022.70434469676,2348406.1732345033,0.028539656005240843,34.03896472390439,11,binance;bitget;bybit;coinbase;gate;htx;kraken;kucoin;mexc;okx;upbit,solana,solana,5,meteora;orca;raydium-clmm,2UhFnySoJi6c89aydGAGS7ZRemo2dbkFRhvSJqDX4gHJ;AwBhvNXf5X5hNbC1jAqrJ7Stx5xLuG97xDjJ9PNy1h65;Eqv1tJGkLFeH4giGy8vqKxF4NJBHtGR5cGmKG6cpVy4Z;G2FiE1yn9N9ZJx5e1E2LxxMnHvb1H3hCuHLPfKJ98smA;JVoPtWWDsRcLvQosu5fWc2CaNF6jEtJzbxdPtcEuvZo,0.0020260492040522493,0.02281917966493352,-0.02166377816291165,0.09647602541883304
2026-04-26,JTO,0.3541,13804278.495689562,329981.3560485492,14134259.85173811,0.02334620698288428,41.833510417050896,11,binance;bitget;bybit;coinbase;gate;htx;kraken;kucoin;mexc;okx;upbit,solana,solana,5,meteora;orca;raydium-clmm,2UhFnySoJi6c89aydGAGS7ZRemo2dbkFRhvSJqDX4gHJ;AwBhvNXf5X5hNbC1jAqrJ7Stx5xLuG97xDjJ9PNy1h65;Eqv1tJGkLFeH4giGy8vqKxF4NJBHtGR5cGmKG6cpVy4Z;G2FiE1yn9N9ZJx5e1E2LxxMnHvb1H3hCuHLPfKJ98smA;JVoPtWWDsRcLvQosu5fWc2CaNF6jEtJzbxdPtcEuvZo,0.02281917966493352,-0.030782264896921818,-0.03868963569613115,0.10759672408924015
2026-04-27,JTO,0.3432,4192293.457171513,139477.08997874876,4331770.547150262,0.032198632974802056,30.057219130469857,11,binance;bitget;bybit;coinbase;gate;htx;kraken;kucoin;mexc;okx;upbit,solana,solana,5,meteora;orca;raydium-clmm,2UhFnySoJi6c89aydGAGS7ZRemo2dbkFRhvSJqDX4gHJ;AwBhvNXf5X5hNbC1jAqrJ7Stx5xLuG97xDjJ9PNy1h65;Eqv1tJGkLFeH4giGy8vqKxF4NJBHtGR5cGmKG6cpVy4Z;G2FiE1yn9N9ZJx5e1E2LxxMnHvb1H3hCuHLPfKJ98smA;JVoPtWWDsRcLvQosu5fWc2CaNF6jEtJzbxdPtcEuvZo,-0.030782264896921818,-0.013111888111888126,0.036713286713286664,0.13490675990675993
2026-04-28,JTO,0.3387,1770393.6663336079,51537.03231667772,1821930.6986502856,0.02828704316517481,34.35187450172013,11,binance;bitget;bybit;coinbase;gate;htx;kraken;kucoin;mexc;okx;upbit,solana,solana,5,meteora;orca;raydium-clmm,2UhFnySoJi6c89aydGAGS7ZRemo2dbkFRhvSJqDX4gHJ;AwBhvNXf5X5hNbC1jAqrJ7Stx5xLuG97xDjJ9PNy1h65;Eqv1tJGkLFeH4giGy8vqKxF4NJBHtGR5cGmKG6cpVy4Z;G2FiE1yn9N9ZJx5e1E2LxxMnHvb1H3hCuHLPfKJ98smA;JVoPtWWDsRcLvQosu5fWc2CaNF6jEtJzbxdPtcEuvZo,-0.013111888111888126,0.005019191024505432,0.0602302922940654,0.10540301151461473
2026-04-29,JTO,0.3404,2568983.147666311,91728.97152441669,2660712.1191907274,0.0344753462288572,28.006235161837516,11,binance;bitget;bybit;coinbase;gate;htx;kraken;kucoin;mexc;okx;upbit,solana,solana,5,meteora;orca;raydium-clmm,2UhFnySoJi6c89aydGAGS7ZRemo2dbkFRhvSJqDX4gHJ;AwBhvNXf5X5hNbC1jAqrJ7Stx5xLuG97xDjJ9PNy1h65;Eqv1tJGkLFeH4giGy8vqKxF4NJBHtGR5cGmKG6cpVy4Z;G2FiE1yn9N9ZJx5e1E2LxxMnHvb1H3hCuHLPfKJ98smA;JVoPtWWDsRcLvQosu5fWc2CaNF6jEtJzbxdPtcEuvZo,0.005019191024505432,0.04524089306698009,0.11515863689776729,0.236780258519389
2026-04-30,JTO,0.3558,2505128.381693512,111104.04712520147,2616232.428818714,0.0424671928615178,22.54758891789532,11,binance;bitget;bybit;coinbase;gate;htx;kraken;kucoin;mexc;okx;upbit,solana,solana,5,meteora;orca;raydium-clmm,2UhFnySoJi6c89aydGAGS7ZRemo2dbkFRhvSJqDX4gHJ;AwBhvNXf5X5hNbC1jAqrJ7Stx5xLuG97xDjJ9PNy1h65;Eqv1tJGkLFeH4giGy8vqKxF4NJBHtGR5cGmKG6cpVy4Z;G2FiE1yn9N9ZJx5e1E2LxxMnHvb1H3hCuHLPfKJ98smA;JVoPtWWDsRcLvQosu5fWc2CaNF6jEtJzbxdPtcEuvZo,0.04524089306698009,0.009274873524451888,0.10230466554243955,0.6658234963462619
2026-05-01,JTO,0.3591,2325189.201990366,83201.21656735659,2408390.4185577226,0.0345463990913824,27.946576960301776,11,binance;bitget;bybit;coinbase;gate;htx;kraken;kucoin;mexc;okx;upbit,solana,solana,5,meteora;orca;raydium-clmm,2UhFnySoJi6c89aydGAGS7ZRemo2dbkFRhvSJqDX4gHJ;AwBhvNXf5X5hNbC1jAqrJ7Stx5xLuG97xDjJ9PNy1h65;Eqv1tJGkLFeH4giGy8vqKxF4NJBHtGR5cGmKG6cpVy4Z;G2FiE1yn9N9ZJx5e1E2LxxMnHvb1H3hCuHLPfKJ98smA;JVoPtWWDsRcLvQosu5fWc2CaNF6jEtJzbxdPtcEuvZo,0.009274873524451888,0.05708716235032041,0.08465608465608487,0.553884711779449
2026-05-02,JTO,0.3796,2608702.015898193,84233.5229552928,2692935.538853486,0.03127944272708255,30.969879026462774,11,binance;bitget;bybit;coinbase;gate;htx;kraken;kucoin;mexc;okx;upbit,solana,solana,5,meteora;orca;raydium-clmm,2UhFnySoJi6c89aydGAGS7ZRemo2dbkFRhvSJqDX4gHJ;AwBhvNXf5X5hNbC1jAqrJ7Stx5xLuG97xDjJ9PNy1h65;Eqv1tJGkLFeH4giGy8vqKxF4NJBHtGR5cGmKG6cpVy4Z;G2FiE1yn9N9ZJx5e1E2LxxMnHvb1H3hCuHLPfKJ98smA;JVoPtWWDsRcLvQosu5fWc2CaNF6jEtJzbxdPtcEuvZo,0.05708716235032041,0.033192834562697504,-0.013698630136986245,0.3959430979978926
2026-05-03,JTO,0.3922,4877335.6062137075,298008.81483609823,5175344.421049805,0.05758241202730386,16.366413889119997,11,binance;bitget;bybit;coinbase;gate;htx;kraken;kucoin;mexc;okx;upbit,solana,solana,5,meteora;orca;raydium-clmm,2UhFnySoJi6c89aydGAGS7ZRemo2dbkFRhvSJqDX4gHJ;AwBhvNXf5X5hNbC1jAqrJ7Stx5xLuG97xDjJ9PNy1h65;Eqv1tJGkLFeH4giGy8vqKxF4NJBHtGR5cGmKG6cpVy4Z;G2FiE1yn9N9ZJx5e1E2LxxMnHvb1H3hCuHLPfKJ98smA;JVoPtWWDsRcLvQosu5fWc2CaNF6jEtJzbxdPtcEuvZo,0.033192834562697504,-0.0068842427332992395,0.07343192248852626,0.3011218765935746
2026-05-04,JTO,0.3895,3918440.391460409,120085.35318748697,4038525.744647896,0.02973494804301582,32.630460646958525,11,binance;bitget;bybit;coinbase;gate;htx;kraken;kucoin;mexc;okx;upbit,solana,solana,5,meteora;orca;raydium-clmm,2UhFnySoJi6c89aydGAGS7ZRemo2dbkFRhvSJqDX4gHJ;AwBhvNXf5X5hNbC1jAqrJ7Stx5xLuG97xDjJ9PNy1h65;Eqv1tJGkLFeH4giGy8vqKxF4NJBHtGR5cGmKG6cpVy4Z;G2FiE1yn9N9ZJx5e1E2LxxMnHvb1H3hCuHLPfKJ98smA;JVoPtWWDsRcLvQosu5fWc2CaNF6jEtJzbxdPtcEuvZo,-0.0068842427332992395,-0.038767650834403033,0.5216944801026957,0.33299101412066756
2026-05-05,JTO,0.3744,7396400.104493206,216839.47899894143,7613239.583492148,0.028481893498940494,34.11002525296288,11,binance;bitget;bybit;coinbase;gate;htx;kraken;kucoin;mexc;okx;upbit,solana,solana,5,meteora;orca;raydium-clmm,2UhFnySoJi6c89aydGAGS7ZRemo2dbkFRhvSJqDX4gHJ;AwBhvNXf5X5hNbC1jAqrJ7Stx5xLuG97xDjJ9PNy1h65;Eqv1tJGkLFeH4giGy8vqKxF4NJBHtGR5cGmKG6cpVy4Z;G2FiE1yn9N9ZJx5e1E2LxxMnHvb1H3hCuHLPfKJ98smA;JVoPtWWDsRcLvQosu5fWc2CaNF6jEtJzbxdPtcEuvZo,-0.038767650834403033,0.12446581196581197,0.4903846153846154,0.28392094017094016
2026-05-06,JTO,0.421,66230502.896575846,1252824.28597265,67483327.1825485,0.018564945421017064,52.86495771045558,11,binance;bitget;bybit;coinbase;gate;htx;kraken;kucoin;mexc;okx;upbit,solana,solana,5,meteora;orca;raydium-clmm,2UhFnySoJi6c89aydGAGS7ZRemo2dbkFRhvSJqDX4gHJ;AwBhvNXf5X5hNbC1jAqrJ7Stx5xLuG97xDjJ9PNy1h65;Eqv1tJGkLFeH4giGy8vqKxF4NJBHtGR5cGmKG6cpVy4Z;G2FiE1yn9N9ZJx5e1E2LxxMnHvb1H3hCuHLPfKJ98smA;JVoPtWWDsRcLvQosu5fWc2CaNF6jEtJzbxdPtcEuvZo,0.12446581196581197,0.40783847980997634,0.25866983372921637,0.1926365795724465
2026-05-07,JTO,0.5927,180913183.75558123,3344136.2751084585,184257320.0306897,0.01814927230327383,54.09862782871005,11,binance;bitget;bybit;coinbase;gate;htx;kraken;kucoin;mexc;okx;upbit,solana,solana,5,meteora;orca;raydium-clmm,2UhFnySoJi6c89aydGAGS7ZRemo2dbkFRhvSJqDX4gHJ;AwBhvNXf5X5hNbC1jAqrJ7Stx5xLuG97xDjJ9PNy1h65;Eqv1tJGkLFeH4giGy8vqKxF4NJBHtGR5cGmKG6cpVy4Z;G2FiE1yn9N9ZJx5e1E2LxxMnHvb1H3hCuHLPfKJ98smA;JVoPtWWDsRcLvQosu5fWc2CaNF6jEtJzbxdPtcEuvZo,0.40783847980997634,-0.0585456386030031,-0.13902480175468201,-0.13092626961363252
2026-05-08,JTO,0.558,94453752.84450248,1745063.2817732214,96198816.1262757,0.018140174193854507,54.126262257105445,11,binance;bitget;bybit;coinbase;gate;htx;kraken;kucoin;mexc;okx;upbit,solana,solana,5,meteora;orca;raydium-clmm,2UhFnySoJi6c89aydGAGS7ZRemo2dbkFRhvSJqDX4gHJ;AwBhvNXf5X5hNbC1jAqrJ7Stx5xLuG97xDjJ9PNy1h65;Eqv1tJGkLFeH4giGy8vqKxF4NJBHtGR5cGmKG6cpVy4Z;G2FiE1yn9N9ZJx5e1E2LxxMnHvb1H3hCuHLPfKJ98smA;JVoPtWWDsRcLvQosu5fWc2CaNF6jEtJzbxdPtcEuvZo,-0.0585456386030031,-0.050358422939068115,-0.06953405017921155,-0.19175627240143378
2026-05-09,JTO,0.5299,39715331.669579774,534656.948305113,40249988.61788489,0.013283406198717302,74.28189570055939,11,binance;bitget;bybit;coinbase;gate;htx;kraken;kucoin;mexc;okx;upbit,solana,solana,5,meteora;orca;raydium-clmm,2UhFnySoJi6c89aydGAGS7ZRemo2dbkFRhvSJqDX4gHJ;AwBhvNXf5X5hNbC1jAqrJ7Stx5xLuG97xDjJ9PNy1h65;Eqv1tJGkLFeH4giGy8vqKxF4NJBHtGR5cGmKG6cpVy4Z;G2FiE1yn9N9ZJx5e1E2LxxMnHvb1H3hCuHLPfKJ98smA;JVoPtWWDsRcLvQosu5fWc2CaNF6jEtJzbxdPtcEuvZo,-0.050358422939068115,-0.036988110964332965,-0.09284770711454993,-0.16927722211738072
2026-05-10,JTO,0.5103,29928401.21896361,419383.05424242147,30347784.27320603,0.013819231429448823,71.36292445822978,11,binance;bitget;bybit;coinbase;gate;htx;kraken;kucoin;mexc;okx;upbit,solana,solana,5,meteora;orca;raydium-clmm,2UhFnySoJi6c89aydGAGS7ZRemo2dbkFRhvSJqDX4gHJ;AwBhvNXf5X5hNbC1jAqrJ7Stx5xLuG97xDjJ9PNy1h65;Eqv1tJGkLFeH4giGy8vqKxF4NJBHtGR5cGmKG6cpVy4Z;G2FiE1yn9N9ZJx5e1E2LxxMnHvb1H3hCuHLPfKJ98smA;JVoPtWWDsRcLvQosu5fWc2CaNF6jEtJzbxdPtcEuvZo,-0.036988110964332965,0.017440721144424964,-0.016068979031941932,-0.1561826376641191
2026-05-11,JTO,0.5192,13121016.95240157,460580.3115566131,13581597.263958182,0.033912087260816244,28.48801093571881,11,binance;bitget;bybit;coinbase;gate;htx;kraken;kucoin;mexc;okx;upbit,solana,solana,5,meteora;orca;raydium-clmm,2UhFnySoJi6c89aydGAGS7ZRemo2dbkFRhvSJqDX4gHJ;AwBhvNXf5X5hNbC1jAqrJ7Stx5xLuG97xDjJ9PNy1h65;Eqv1tJGkLFeH4giGy8vqKxF4NJBHtGR5cGmKG6cpVy4Z;G2FiE1yn9N9ZJx5e1E2LxxMnHvb1H3hCuHLPfKJ98smA;JVoPtWWDsRcLvQosu5fWc2CaNF6jEtJzbxdPtcEuvZo,0.017440721144424964,-0.07415254237288127,-0.007896764252696475,-0.19183359013867496
2026-05-12,JTO,0.4807,9889082.454159413,340810.855778953,10229893.309938366,0.033315191610830824,29.01633644138785,11,binance;bitget;bybit;coinbase;gate;htx;kraken;kucoin;mexc;okx;upbit,solana,solana,5,meteora;orca;raydium-clmm,2UhFnySoJi6c89aydGAGS7ZRemo2dbkFRhvSJqDX4gHJ;AwBhvNXf5X5hNbC1jAqrJ7Stx5xLuG97xDjJ9PNy1h65;Eqv1tJGkLFeH4giGy8vqKxF4NJBHtGR5cGmKG6cpVy4Z;G2FiE1yn9N9ZJx5e1E2LxxMnHvb1H3hCuHLPfKJ98smA;JVoPtWWDsRcLvQosu5fWc2CaNF6jEtJzbxdPtcEuvZo,-0.07415254237288127,0.0445184106511336,-0.06178489702517165,-0.1485333888079884
2026-05-13,JTO,0.5021,20766632.654532693,412980.36739347246,21179613.021926165,0.019498957179526138,50.284793888875136,11,binance;bitget;bybit;coinbase;gate;htx;kraken;kucoin;mexc;okx;upbit,solana,solana,5,meteora;orca;raydium-clmm,2UhFnySoJi6c89aydGAGS7ZRemo2dbkFRhvSJqDX4gHJ;AwBhvNXf5X5hNbC1jAqrJ7Stx5xLuG97xDjJ9PNy1h65;Eqv1tJGkLFeH4giGy8vqKxF4NJBHtGR5cGmKG6cpVy4Z;G2FiE1yn9N9ZJx5e1E2LxxMnHvb1H3hCuHLPfKJ98smA;JVoPtWWDsRcLvQosu5fWc2CaNF6jEtJzbxdPtcEuvZo,0.0445184106511336,0.02589125672176862,-0.12328221469826728,0.05178251344353724
2026-05-14,JTO,0.5151,18876302.514775604,616948.5139037598,19493251.028679363,0.031649339199299124,30.596236297475212,11,binance;bitget;bybit;coinbase;gate;htx;kraken;kucoin;mexc;okx;upbit,solana,solana,5,meteora;orca;raydium-clmm,2UhFnySoJi6c89aydGAGS7ZRemo2dbkFRhvSJqDX4gHJ;AwBhvNXf5X5hNbC1jAqrJ7Stx5xLuG97xDjJ9PNy1h65;Eqv1tJGkLFeH4giGy8vqKxF4NJBHtGR5cGmKG6cpVy4Z;G2FiE1yn9N9ZJx5e1E2LxxMnHvb1H3hCuHLPfKJ98smA;JVoPtWWDsRcLvQosu5fWc2CaNF6jEtJzbxdPtcEuvZo,0.02589125672176862,-0.12444185595030088,-0.16404581634634052,0.026596777324791487
2026-05-15,JTO,0.451,10381932.286959533,401906.80897601857,10783839.095935551,0.03726936255266438,25.8316904692675,11,binance;bitget;bybit;coinbase;gate;htx;kraken;kucoin;mexc;okx;upbit,solana,solana,5,meteora;orca;raydium-clmm,2UhFnySoJi6c89aydGAGS7ZRemo2dbkFRhvSJqDX4gHJ;AwBhvNXf5X5hNbC1jAqrJ7Stx5xLuG97xDjJ9PNy1h65;Eqv1tJGkLFeH4giGy8vqKxF4NJBHtGR5cGmKG6cpVy4Z;G2FiE1yn9N9ZJx5e1E2LxxMnHvb1H3hCuHLPfKJ98smA;JVoPtWWDsRcLvQosu5fWc2CaNF6jEtJzbxdPtcEuvZo,-0.12444185595030088,-0.02394678492239477,-0.06962305986696238,0.09534368070953425
2026-05-16,JTO,0.4402,5992137.753022501,143174.24203673666,6135311.995059238,0.023336098009691237,41.852065481757506,11,binance;bitget;bybit;coinbase;gate;htx;kraken;kucoin;mexc;okx;upbit,solana,solana,5,meteora;orca;raydium-clmm,2UhFnySoJi6c89aydGAGS7ZRemo2dbkFRhvSJqDX4gHJ;AwBhvNXf5X5hNbC1jAqrJ7Stx5xLuG97xDjJ9PNy1h65;Eqv1tJGkLFeH4giGy8vqKxF4NJBHtGR5cGmKG6cpVy4Z;G2FiE1yn9N9ZJx5e1E2LxxMnHvb1H3hCuHLPfKJ98smA;JVoPtWWDsRcLvQosu5fWc2CaNF6jEtJzbxdPtcEuvZo,-0.02394678492239477,-0.021808268968650624,-0.07019536574284413,0.12630622444343498
2026-05-17,JTO,0.4306,4277440.8784633605,99685.32116192316,4377126.1996252835,0.022774148291739224,42.90943569831439,11,binance;bitget;bybit;coinbase;gate;htx;kraken;kucoin;mexc;okx;upbit,solana,solana,5,meteora;orca;raydium-clmm,2UhFnySoJi6c89aydGAGS7ZRemo2dbkFRhvSJqDX4gHJ;AwBhvNXf5X5hNbC1jAqrJ7Stx5xLuG97xDjJ9PNy1h65;Eqv1tJGkLFeH4giGy8vqKxF4NJBHtGR5cGmKG6cpVy4Z;G2FiE1yn9N9ZJx5e1E2LxxMnHvb1H3hCuHLPfKJ98smA;JVoPtWWDsRcLvQosu5fWc2CaNF6jEtJzbxdPtcEuvZo,-0.021808268968650624,-0.02554575011611704,0.226428239665583,0.1681374825824431
2026-05-18,JTO,0.4196,3046507.4198407866,76726.66575291129,3123234.085593698,0.024566415340695237,39.70597953065869,11,binance;bitget;bybit;coinbase;gate;htx;kraken;kucoin;mexc;okx;upbit,solana,solana,5,meteora;orca;raydium-clmm,2UhFnySoJi6c89aydGAGS7ZRemo2dbkFRhvSJqDX4gHJ;AwBhvNXf5X5hNbC1jAqrJ7Stx5xLuG97xDjJ9PNy1h65;Eqv1tJGkLFeH4giGy8vqKxF4NJBHtGR5cGmKG6cpVy4Z;G2FiE1yn9N9ZJx5e1E2LxxMnHvb1H3hCuHLPfKJ98smA;JVoPtWWDsRcLvQosu5fWc2CaNF6jEtJzbxdPtcEuvZo,-0.02554575011611704,-0.02454718779790266,0.2602478551000955,0.21401334604385136
2026-05-19,JTO,0.4093,5747649.599512647,150988.71091786242,5898638.310430509,0.025597214640346814,38.06675058401788,11,binance;bitget;bybit;coinbase;gate;htx;kraken;kucoin;mexc;okx;upbit,solana,solana,5,meteora;orca;raydium-clmm,2UhFnySoJi6c89aydGAGS7ZRemo2dbkFRhvSJqDX4gHJ;AwBhvNXf5X5hNbC1jAqrJ7Stx5xLuG97xDjJ9PNy1h65;Eqv1tJGkLFeH4giGy8vqKxF4NJBHtGR5cGmKG6cpVy4Z;G2FiE1yn9N9ZJx5e1E2LxxMnHvb1H3hCuHLPfKJ98smA;JVoPtWWDsRcLvQosu5fWc2CaNF6jEtJzbxdPtcEuvZo,-0.02454718779790266,0.29025164915709745,0.20693867578793057,0.2631321768873687
2026-05-20,JTO,0.5281,42059733.97446189,873133.921095567,42932867.895557456,0.020337190686157632,48.170999841224045,11,binance;bitget;bybit;coinbase;gate;htx;kraken;kucoin;mexc;okx;upbit,solana,solana,5,meteora;orca;raydium-clmm,2UhFnySoJi6c89aydGAGS7ZRemo2dbkFRhvSJqDX4gHJ;AwBhvNXf5X5hNbC1jAqrJ7Stx5xLuG97xDjJ9PNy1h65;Eqv1tJGkLFeH4giGy8vqKxF4NJBHtGR5cGmKG6cpVy4Z;G2FiE1yn9N9ZJx5e1E2LxxMnHvb1H3hCuHLPfKJ98smA;JVoPtWWDsRcLvQosu5fWc2CaNF6jEtJzbxdPtcEuvZo,0.29025164915709745,0.001325506532853682,-0.061162658587388785,0.02991857602726755
2026-05-21,JTO,0.5288,40714772.690054975,1085247.4375328477,41800020.127587825,0.02596284485558392,37.516580350204826,11,binance;bitget;bybit;coinbase;gate;htx;kraken;kucoin;mexc;okx;upbit,solana,solana,5,meteora;orca;raydium-clmm,2UhFnySoJi6c89aydGAGS7ZRemo2dbkFRhvSJqDX4gHJ;AwBhvNXf5X5hNbC1jAqrJ7Stx5xLuG97xDjJ9PNy1h65;Eqv1tJGkLFeH4giGy8vqKxF4NJBHtGR5cGmKG6cpVy4Z;G2FiE1yn9N9ZJx5e1E2LxxMnHvb1H3hCuHLPfKJ98smA;JVoPtWWDsRcLvQosu5fWc2CaNF6jEtJzbxdPtcEuvZo,0.001325506532853682,-0.06580937972768541,-0.048789712556732256,-0.0934190620272316
2026-05-22,JTO,0.494,20959343.58364959,632804.2595979644,21592147.843247555,0.0293071474033955,33.121369310891744,11,binance;bitget;bybit;coinbase;gate;htx;kraken;kucoin;mexc;okx;upbit,solana,solana,5,meteora;orca;raydium-clmm,2UhFnySoJi6c89aydGAGS7ZRemo2dbkFRhvSJqDX4gHJ;AwBhvNXf5X5hNbC1jAqrJ7Stx5xLuG97xDjJ9PNy1h65;Eqv1tJGkLFeH4giGy8vqKxF4NJBHtGR5cGmKG6cpVy4Z;G2FiE1yn9N9ZJx5e1E2LxxMnHvb1H3hCuHLPfKJ98smA;JVoPtWWDsRcLvQosu5fWc2CaNF6jEtJzbxdPtcEuvZo,-0.06580937972768541,0.003643724696356321,0.031174089068825905,0.054655870445344146
2026-05-23,JTO,0.4958,9914635.424469555,475420.86388622056,10390056.288355775,0.04575729434873503,20.854439040442198,11,binance;bitget;bybit;coinbase;gate;htx;kraken;kucoin;mexc;okx;upbit,solana,solana,5,meteora;orca;raydium-clmm,2UhFnySoJi6c89aydGAGS7ZRemo2dbkFRhvSJqDX4gHJ;AwBhvNXf5X5hNbC1jAqrJ7Stx5xLuG97xDjJ9PNy1h65;Eqv1tJGkLFeH4giGy8vqKxF4NJBHtGR5cGmKG6cpVy4Z;G2FiE1yn9N9ZJx5e1E2LxxMnHvb1H3hCuHLPfKJ98smA;JVoPtWWDsRcLvQosu5fWc2CaNF6jEtJzbxdPtcEuvZo,0.003643724696356321,0.01452198467123833,0.042759177087535294,0.04719645018152474
2026-05-24,JTO,0.503,16910244.355742916,383223.15399890713,17293467.509741824,0.02215999502604254,44.126363919522305,11,binance;bitget;bybit;coinbase;gate;htx;kraken;kucoin;mexc;okx;upbit,solana,solana,5,meteora;orca;raydium-clmm,2UhFnySoJi6c89aydGAGS7ZRemo2dbkFRhvSJqDX4gHJ;AwBhvNXf5X5hNbC1jAqrJ7Stx5xLuG97xDjJ9PNy1h65;Eqv1tJGkLFeH4giGy8vqKxF4NJBHtGR5cGmKG6cpVy4Z;G2FiE1yn9N9ZJx5e1E2LxxMnHvb1H3hCuHLPfKJ98smA;JVoPtWWDsRcLvQosu5fWc2CaNF6jEtJzbxdPtcEuvZo,0.01452198467123833,0.012723658051689846,0.08131212723658066,0.03618290258449308
2026-05-25,JTO,0.5094,12553246.90564819,451673.6265607152,13004920.532208906,0.034730979358318134,27.79273831247428,11,binance;bitget;bybit;coinbase;gate;htx;kraken;kucoin;mexc;okx;upbit,solana,solana,5,meteora;orca;raydium-clmm,2UhFnySoJi6c89aydGAGS7ZRemo2dbkFRhvSJqDX4gHJ;AwBhvNXf5X5hNbC1jAqrJ7Stx5xLuG97xDjJ9PNy1h65;Eqv1tJGkLFeH4giGy8vqKxF4NJBHtGR5cGmKG6cpVy4Z;G2FiE1yn9N9ZJx5e1E2LxxMnHvb1H3hCuHLPfKJ98smA;JVoPtWWDsRcLvQosu5fWc2CaNF6jEtJzbxdPtcEuvZo,0.012723658051689846,0.01491951315272888,-0.058892815076560634,0.14330585001963114
2026-05-26,JTO,0.517,16251263.230183097,505966.97471479385,16757230.20489789,0.03019395022495467,32.11921734485476,11,binance;bitget;bybit;coinbase;gate;htx;kraken;kucoin;mexc;okx;upbit,solana,solana,5,meteora;orca;raydium-clmm,2UhFnySoJi6c89aydGAGS7ZRemo2dbkFRhvSJqDX4gHJ;AwBhvNXf5X5hNbC1jAqrJ7Stx5xLuG97xDjJ9PNy1h65;Eqv1tJGkLFeH4giGy8vqKxF4NJBHtGR5cGmKG6cpVy4Z;G2FiE1yn9N9ZJx5e1E2LxxMnHvb1H3hCuHLPfKJ98smA;JVoPtWWDsRcLvQosu5fWc2CaNF6jEtJzbxdPtcEuvZo,0.01491951315272888,0.052030947775628666,0.007736943907156624,0.07756286266924572
2026-05-27,JTO,0.5439,24595534.34507373,717800.0784240633,25313334.423497792,0.028356599190573085,34.26515973510821,11,binance;bitget;bybit;coinbase;gate;htx;kraken;kucoin;mexc;okx;upbit,solana,solana,5,meteora;orca;raydium-clmm,2UhFnySoJi6c89aydGAGS7ZRemo2dbkFRhvSJqDX4gHJ;AwBhvNXf5X5hNbC1jAqrJ7Stx5xLuG97xDjJ9PNy1h65;Eqv1tJGkLFeH4giGy8vqKxF4NJBHtGR5cGmKG6cpVy4Z;G2FiE1yn9N9ZJx5e1E2LxxMnHvb1H3hCuHLPfKJ98smA;JVoPtWWDsRcLvQosu5fWc2CaNF6jEtJzbxdPtcEuvZo,0.052030947775628666,-0.11858797573083302,-0.04541275969847414,0.17668689097260515
2026-05-28,JTO,0.4794,26944864.375919685,881245.5259547335,27826109.90187442,0.031669734974178736,30.57588785682385,11,binance;bitget;bybit;coinbase;gate;htx;kraken;kucoin;mexc;okx;upbit,solana,solana,5,meteora;orca;raydium-clmm,2UhFnySoJi6c89aydGAGS7ZRemo2dbkFRhvSJqDX4gHJ;AwBhvNXf5X5hNbC1jAqrJ7Stx5xLuG97xDjJ9PNy1h65;Eqv1tJGkLFeH4giGy8vqKxF4NJBHtGR5cGmKG6cpVy4Z;G2FiE1yn9N9ZJx5e1E2LxxMnHvb1H3hCuHLPfKJ98smA;JVoPtWWDsRcLvQosu5fWc2CaNF6jEtJzbxdPtcEuvZo,-0.11858797573083302,0.08677513558614947,0.0871923237380059,0.15269086357947437
2026-05-29,JTO,0.521,30301849.843548406,695155.6823544797,30997005.525902886,0.022426543163131273,43.59001963548164,11,binance;bitget;bybit;coinbase;gate;htx;kraken;kucoin;mexc;okx;upbit,solana,solana,5,meteora;orca;raydium-clmm,2UhFnySoJi6c89aydGAGS7ZRemo2dbkFRhvSJqDX4gHJ;AwBhvNXf5X5hNbC1jAqrJ7Stx5xLuG97xDjJ9PNy1h65;Eqv1tJGkLFeH4giGy8vqKxF4NJBHtGR5cGmKG6cpVy4Z;G2FiE1yn9N9ZJx5e1E2LxxMnHvb1H3hCuHLPfKJ98smA;JVoPtWWDsRcLvQosu5fWc2CaNF6jEtJzbxdPtcEuvZo,0.08677513558614947,-0.0034548944337812193,0.11785028790786956,-0.009596928982725572
2026-05-30,JTO,0.5192,21706008.646925762,499933.2333224238,22205941.880248185,0.02251348922817393,43.41781502036458,11,binance;bitget;bybit;coinbase;gate;htx;kraken;kucoin;mexc;okx;upbit,solana,solana,5,meteora;orca;raydium-clmm,2UhFnySoJi6c89aydGAGS7ZRemo2dbkFRhvSJqDX4gHJ;AwBhvNXf5X5hNbC1jAqrJ7Stx5xLuG97xDjJ9PNy1h65;Eqv1tJGkLFeH4giGy8vqKxF4NJBHtGR5cGmKG6cpVy4Z;G2FiE1yn9N9ZJx5e1E2LxxMnHvb1H3hCuHLPfKJ98smA;JVoPtWWDsRcLvQosu5fWc2CaNF6jEtJzbxdPtcEuvZo,-0.0034548944337812193,0.0038520801232666546,0.07299691833590138,-0.03524653312788906
2026-05-31,JTO,0.5212,12357964.961323012,337437.62108927884,12695402.582412291,0.026579513244956214,36.62296136817938,11,binance;bitget;bybit;coinbase;gate;htx;kraken;kucoin;mexc;okx;upbit,solana,solana,5,meteora;orca;raydium-clmm,2UhFnySoJi6c89aydGAGS7ZRemo2dbkFRhvSJqDX4gHJ;AwBhvNXf5X5hNbC1jAqrJ7Stx5xLuG97xDjJ9PNy1h65;Eqv1tJGkLFeH4giGy8vqKxF4NJBHtGR5cGmKG6cpVy4Z;G2FiE1yn9N9ZJx5e1E2LxxMnHvb1H3hCuHLPfKJ98smA;JVoPtWWDsRcLvQosu5fWc2CaNF6jEtJzbxdPtcEuvZo,0.0038520801232666546,0.11742133537989252,0.22793553338449746,0.18553338449731394
2026-06-01,JTO,0.5824,45235841.67126364,1082731.2543035464,46318572.92556719,0.02337574726327318,41.77938107121609,11,binance;bitget;bybit;coinbase;gate;htx;kraken;kucoin;mexc;okx;upbit,solana,solana,5,meteora;orca;raydium-clmm,2UhFnySoJi6c89aydGAGS7ZRemo2dbkFRhvSJqDX4gHJ;AwBhvNXf5X5hNbC1jAqrJ7Stx5xLuG97xDjJ9PNy1h65;Eqv1tJGkLFeH4giGy8vqKxF4NJBHtGR5cGmKG6cpVy4Z;G2FiE1yn9N9ZJx5e1E2LxxMnHvb1H3hCuHLPfKJ98smA;JVoPtWWDsRcLvQosu5fWc2CaNF6jEtJzbxdPtcEuvZo,0.11742133537989252,-0.04344093406593408,-0.05116758241758246,0.029017857142857206
2026-06-02,JTO,0.5571,75360180.58111918,2228572.214331344,77588752.79545052,0.028722877144405107,33.81545372256653,11,binance;bitget;bybit;coinbase;gate;htx;kraken;kucoin;mexc;okx;upbit,solana,solana,5,meteora;orca;raydium-clmm,2UhFnySoJi6c89aydGAGS7ZRemo2dbkFRhvSJqDX4gHJ;AwBhvNXf5X5hNbC1jAqrJ7Stx5xLuG97xDjJ9PNy1h65;Eqv1tJGkLFeH4giGy8vqKxF4NJBHtGR5cGmKG6cpVy4Z;G2FiE1yn9N9ZJx5e1E2LxxMnHvb1H3hCuHLPfKJ98smA;JVoPtWWDsRcLvQosu5fWc2CaNF6jEtJzbxdPtcEuvZo,-0.04344093406593408,0.14880631843475123,-0.07377490576198176,0.07736492550709007
2026-06-03,JTO,0.64,47328573.96689871,1101079.0106131,48429652.97751181,0.022735637009920002,42.983812706179314,11,binance;bitget;bybit;coinbase;gate;htx;kraken;kucoin;mexc;okx;upbit,solana,solana,5,meteora;orca;raydium-clmm,2UhFnySoJi6c89aydGAGS7ZRemo2dbkFRhvSJqDX4gHJ;AwBhvNXf5X5hNbC1jAqrJ7Stx5xLuG97xDjJ9PNy1h65;Eqv1tJGkLFeH4giGy8vqKxF4NJBHtGR5cGmKG6cpVy4Z;G2FiE1yn9N9ZJx5e1E2LxxMnHvb1H3hCuHLPfKJ98smA;JVoPtWWDsRcLvQosu5fWc2CaNF6jEtJzbxdPtcEuvZo,0.14880631843475123,-0.13656250000000003,-0.21734374999999995,-0.10718749999999999
2026-06-04,JTO,0.5526,27290888.787070997,1026707.8336908837,28317596.620761883,0.03625688463046057,26.58096869580096,11,binance;bitget;bybit;coinbase;gate;htx;kraken;kucoin;mexc;okx;upbit,solana,solana,5,meteora;orca;raydium-clmm,2UhFnySoJi6c89aydGAGS7ZRemo2dbkFRhvSJqDX4gHJ;AwBhvNXf5X5hNbC1jAqrJ7Stx5xLuG97xDjJ9PNy1h65;Eqv1tJGkLFeH4giGy8vqKxF4NJBHtGR5cGmKG6cpVy4Z;G2FiE1yn9N9ZJx5e1E2LxxMnHvb1H3hCuHLPfKJ98smA;JVoPtWWDsRcLvQosu5fWc2CaNF6jEtJzbxdPtcEuvZo,-0.13656250000000003,-0.06623235613463618,0.11816865725660519,-0.03275425262395948
2026-06-05,JTO,0.516,24127745.623138636,859815.0475005695,24987560.670639206,0.03440972325525422,28.061553113401,11,binance;bitget;bybit;coinbase;gate;htx;kraken;kucoin;mexc;okx;upbit,solana,solana,5,meteora;orca;raydium-clmm,2UhFnySoJi6c89aydGAGS7ZRemo2dbkFRhvSJqDX4gHJ;AwBhvNXf5X5hNbC1jAqrJ7Stx5xLuG97xDjJ9PNy1h65;Eqv1tJGkLFeH4giGy8vqKxF4NJBHtGR5cGmKG6cpVy4Z;G2FiE1yn9N9ZJx5e1E2LxxMnHvb1H3hCuHLPfKJ98smA;JVoPtWWDsRcLvQosu5fWc2CaNF6jEtJzbxdPtcEuvZo,-0.06623235613463618,-0.02926356589147283,0.1614341085271318,0.055813953488371926
2026-06-06,JTO,0.5009,9841203.17605164,830428.6268274668,10671631.802879108,0.0778164616402362,11.850751356740366,11,binance;bitget;bybit;coinbase;gate;htx;kraken;kucoin;mexc;okx;upbit,solana,solana,5,meteora;orca;raydium-clmm,2UhFnySoJi6c89aydGAGS7ZRemo2dbkFRhvSJqDX4gHJ;AwBhvNXf5X5hNbC1jAqrJ7Stx5xLuG97xDjJ9PNy1h65;Eqv1tJGkLFeH4giGy8vqKxF4NJBHtGR5cGmKG6cpVy4Z;G2FiE1yn9N9ZJx5e1E2LxxMnHvb1H3hCuHLPfKJ98smA;JVoPtWWDsRcLvQosu5fWc2CaNF6jEtJzbxdPtcEuvZo,-0.02926356589147283,0.2335795567977641,0.19824316230784578,0.08764224396087039
2026-06-07,JTO,0.6179,64406204.025782794,1251466.5770580235,65657670.60284082,0.01906047786294563,51.46458180065055,11,binance;bitget;bybit;coinbase;gate;htx;kraken;kucoin;mexc;okx;upbit,solana,solana,5,meteora;orca;raydium-clmm,2UhFnySoJi6c89aydGAGS7ZRemo2dbkFRhvSJqDX4gHJ;AwBhvNXf5X5hNbC1jAqrJ7Stx5xLuG97xDjJ9PNy1h65;Eqv1tJGkLFeH4giGy8vqKxF4NJBHtGR5cGmKG6cpVy4Z;G2FiE1yn9N9ZJx5e1E2LxxMnHvb1H3hCuHLPfKJ98smA;JVoPtWWDsRcLvQosu5fWc2CaNF6jEtJzbxdPtcEuvZo,0.2335795567977641,-0.030101958245670746,-0.07525489561417698,-0.09483735232238222
2026-06-08,JTO,0.5993,35185960.078906395,1213662.9269431657,36399623.00584956,0.03334273343292938,28.991542295461503,11,binance;bitget;bybit;coinbase;gate;htx;kraken;kucoin;mexc;okx;upbit,solana,solana,5,meteora;orca;raydium-clmm,2UhFnySoJi6c89aydGAGS7ZRemo2dbkFRhvSJqDX4gHJ;AwBhvNXf5X5hNbC1jAqrJ7Stx5xLuG97xDjJ9PNy1h65;Eqv1tJGkLFeH4giGy8vqKxF4NJBHtGR5cGmKG6cpVy4Z;G2FiE1yn9N9ZJx5e1E2LxxMnHvb1H3hCuHLPfKJ98smA;JVoPtWWDsRcLvQosu5fWc2CaNF6jEtJzbxdPtcEuvZo,-0.030101958245670746,0.00150175204405123,-0.10812614717170044,0.21758718504922392
2026-06-09,JTO,0.6002,33451011.67659343,797876.6812598482,34248888.35785328,0.023296425651050213,41.92503987430018,11,binance;bitget;bybit;coinbase;gate;htx;kraken;kucoin;mexc;okx;upbit,solana,solana,5,meteora;orca;raydium-clmm,2UhFnySoJi6c89aydGAGS7ZRemo2dbkFRhvSJqDX4gHJ;AwBhvNXf5X5hNbC1jAqrJ7Stx5xLuG97xDjJ9PNy1h65;Eqv1tJGkLFeH4giGy8vqKxF4NJBHtGR5cGmKG6cpVy4Z;G2FiE1yn9N9ZJx5e1E2LxxMnHvb1H3hCuHLPfKJ98smA;JVoPtWWDsRcLvQosu5fWc2CaNF6jEtJzbxdPtcEuvZo,0.00150175204405123,-0.047984005331556,-0.09230256581139618,0.32572475841386206
2026-06-10,JTO,0.5714,21653325.943359543,602662.6123659544,22255988.555725496,0.027078671920457813,35.92943298465478,11,binance;bitget;bybit;coinbase;gate;htx;kraken;kucoin;mexc;okx;upbit,solana,solana,5,meteora;orca;raydium-clmm,2UhFnySoJi6c89aydGAGS7ZRemo2dbkFRhvSJqDX4gHJ;AwBhvNXf5X5hNbC1jAqrJ7Stx5xLuG97xDjJ9PNy1h65;Eqv1tJGkLFeH4giGy8vqKxF4NJBHtGR5cGmKG6cpVy4Z;G2FiE1yn9N9ZJx5e1E2LxxMnHvb1H3hCuHLPfKJ98smA;JVoPtWWDsRcLvQosu5fWc2CaNF6jEtJzbxdPtcEuvZo,-0.047984005331556,-0.0645782289114456,-0.04655232761638095,0.2241862093104654
2026-06-11,JTO,0.5345,13648254.583232712,328127.2454725203,13976381.828705233,0.02347726682728429,41.59439598981948,11,binance;bitget;bybit;coinbase;gate;htx;kraken;kucoin;mexc;okx;upbit,solana,solana,5,meteora;orca;raydium-clmm,2UhFnySoJi6c89aydGAGS7ZRemo2dbkFRhvSJqDX4gHJ;AwBhvNXf5X5hNbC1jAqrJ7Stx5xLuG97xDjJ9PNy1h65;Eqv1tJGkLFeH4giGy8vqKxF4NJBHtGR5cGmKG6cpVy4Z;G2FiE1yn9N9ZJx5e1E2LxxMnHvb1H3hCuHLPfKJ98smA;JVoPtWWDsRcLvQosu5fWc2CaNF6jEtJzbxdPtcEuvZo,-0.0645782289114456,0.019270346117867154,0.04639850327408812,0.3966323666978486
2026-06-12,JTO,0.5448,14682691.115610598,443942.6599342502,15126633.775544848,0.029348410659083318,33.07339537449536,11,binance;bitget;bybit;coinbase;gate;htx;kraken;kucoin;mexc;okx;upbit,solana,solana,5,meteora;orca;raydium-clmm,2UhFnySoJi6c89aydGAGS7ZRemo2dbkFRhvSJqDX4gHJ;AwBhvNXf5X5hNbC1jAqrJ7Stx5xLuG97xDjJ9PNy1h65;Eqv1tJGkLFeH4giGy8vqKxF4NJBHtGR5cGmKG6cpVy4Z;G2FiE1yn9N9ZJx5e1E2LxxMnHvb1H3hCuHLPfKJ98smA;JVoPtWWDsRcLvQosu5fWc2CaNF6jEtJzbxdPtcEuvZo,0.019270346117867154,0.0,0.3393906020558004,0.37701908957415564
2026-06-13,JTO,0.5448,14655561.054434028,346642.174265344,15002203.228699371,0.023106084418468207,42.278643922927984,11,binance;bitget;bybit;coinbase;gate;htx;kraken;kucoin;mexc;okx;upbit,solana,solana,5,meteora;orca;raydium-clmm,2UhFnySoJi6c89aydGAGS7ZRemo2dbkFRhvSJqDX4gHJ;AwBhvNXf5X5hNbC1jAqrJ7Stx5xLuG97xDjJ9PNy1h65;Eqv1tJGkLFeH4giGy8vqKxF4NJBHtGR5cGmKG6cpVy4Z;G2FiE1yn9N9ZJx5e1E2LxxMnHvb1H3hCuHLPfKJ98smA;JVoPtWWDsRcLvQosu5fWc2CaNF6jEtJzbxdPtcEuvZo,0.0,0.026615271659324646,0.46053597650513955,0.22742290748898686
2026-06-14,JTO,0.5593,20263192.913687278,393989.93541836616,20657182.849105645,0.019072781525745364,51.43073741762057,11,binance;bitget;bybit;coinbase;gate;htx;kraken;kucoin;mexc;okx;upbit,solana,solana,5,meteora;orca;raydium-clmm,2UhFnySoJi6c89aydGAGS7ZRemo2dbkFRhvSJqDX4gHJ;AwBhvNXf5X5hNbC1jAqrJ7Stx5xLuG97xDjJ9PNy1h65;Eqv1tJGkLFeH4giGy8vqKxF4NJBHtGR5cGmKG6cpVy4Z;G2FiE1yn9N9ZJx5e1E2LxxMnHvb1H3hCuHLPfKJ98smA;JVoPtWWDsRcLvQosu5fWc2CaNF6jEtJzbxdPtcEuvZo,0.026615271659324646,0.30466654747005184,0.25067048095834066,0.1485785803683175
2026-06-15,JTO,0.7297,128142592.68726406,2478444.5315081757,130621037.21877223,0.018974313665547783,51.702828551618666,11,binance;bitget;bybit;coinbase;gate;htx;kraken;kucoin;mexc;okx;upbit,solana,solana,5,meteora;orca;raydium-clmm,2UhFnySoJi6c89aydGAGS7ZRemo2dbkFRhvSJqDX4gHJ;AwBhvNXf5X5hNbC1jAqrJ7Stx5xLuG97xDjJ9PNy1h65;Eqv1tJGkLFeH4giGy8vqKxF4NJBHtGR5cGmKG6cpVy4Z;G2FiE1yn9N9ZJx5e1E2LxxMnHvb1H3hCuHLPfKJ98smA;JVoPtWWDsRcLvQosu5fWc2CaNF6jEtJzbxdPtcEuvZo,0.30466654747005184,0.09044812936823354,0.023023160202823023,-0.10045224064684122
2026-06-16,JTO,0.7957,144698139.15426093,2784140.7997919843,147482279.95405293,0.018877798747479115,51.972277826276596,11,binance;bitget;bybit;coinbase;gate;htx;kraken;kucoin;mexc;okx;upbit,solana,solana,5,meteora;orca;raydium-clmm,2UhFnySoJi6c89aydGAGS7ZRemo2dbkFRhvSJqDX4gHJ;AwBhvNXf5X5hNbC1jAqrJ7Stx5xLuG97xDjJ9PNy1h65;Eqv1tJGkLFeH4giGy8vqKxF4NJBHtGR5cGmKG6cpVy4Z;G2FiE1yn9N9ZJx5e1E2LxxMnHvb1H3hCuHLPfKJ98smA;JVoPtWWDsRcLvQosu5fWc2CaNF6jEtJzbxdPtcEuvZo,0.09044812936823354,-0.12089983662184234,-0.057182355158979514,-0.15546060072891787
2026-06-17,JTO,0.6995,54566320.04905354,1218006.5310995544,55784326.5801531,0.021834206949679226,44.799694136117516,11,binance;bitget;bybit;coinbase;gate;htx;kraken;kucoin;mexc;okx;upbit,solana,solana,5,meteora;orca;raydium-clmm,2UhFnySoJi6c89aydGAGS7ZRemo2dbkFRhvSJqDX4gHJ;AwBhvNXf5X5hNbC1jAqrJ7Stx5xLuG97xDjJ9PNy1h65;Eqv1tJGkLFeH4giGy8vqKxF4NJBHtGR5cGmKG6cpVy4Z;G2FiE1yn9N9ZJx5e1E2LxxMnHvb1H3hCuHLPfKJ98smA;JVoPtWWDsRcLvQosu5fWc2CaNF6jEtJzbxdPtcEuvZo,-0.12089983662184234,0.0671908506075769,-0.04403145103645467,-0.02273052180128665
2026-06-18,JTO,0.7465,41531079.38619682,888105.7479954781,42419185.1341923,0.020936416981749462,46.76366466486183,11,binance;bitget;bybit;coinbase;gate;htx;kraken;kucoin;mexc;okx;upbit,solana,solana,5,meteora;orca;raydium-clmm,2UhFnySoJi6c89aydGAGS7ZRemo2dbkFRhvSJqDX4gHJ;AwBhvNXf5X5hNbC1jAqrJ7Stx5xLuG97xDjJ9PNy1h65;Eqv1tJGkLFeH4giGy8vqKxF4NJBHtGR5cGmKG6cpVy4Z;G2FiE1yn9N9ZJx5e1E2LxxMnHvb1H3hCuHLPfKJ98smA;JVoPtWWDsRcLvQosu5fWc2CaNF6jEtJzbxdPtcEuvZo,0.0671908506075769,0.004956463496315955,-0.1394507702612191,-0.06430006697923651
2026-06-19,JTO,0.7502,53768897.634021245,1027796.6164054284,54796694.25042667,0.01875654417597327,52.31472528297502,11,binance;bitget;bybit;coinbase;gate;htx;kraken;kucoin;mexc;okx;upbit,solana,solana,5,meteora;orca;raydium-clmm,2UhFnySoJi6c89aydGAGS7ZRemo2dbkFRhvSJqDX4gHJ;AwBhvNXf5X5hNbC1jAqrJ7Stx5xLuG97xDjJ9PNy1h65;Eqv1tJGkLFeH4giGy8vqKxF4NJBHtGR5cGmKG6cpVy4Z;G2FiE1yn9N9ZJx5e1E2LxxMnHvb1H3hCuHLPfKJ98smA;JVoPtWWDsRcLvQosu5fWc2CaNF6jEtJzbxdPtcEuvZo,0.004956463496315955,-0.10863769661423628,-0.12503332444681414,0.06904825379898694
2026-06-20,JTO,0.6687,33018940.41473021,708950.491067988,33727890.9057982,0.021019710157628373,46.57439529379452,11,binance;bitget;bybit;coinbase;gate;htx;kraken;kucoin;mexc;okx;upbit,solana,solana,5,meteora;orca;raydium-clmm,2UhFnySoJi6c89aydGAGS7ZRemo2dbkFRhvSJqDX4gHJ;AwBhvNXf5X5hNbC1jAqrJ7Stx5xLuG97xDjJ9PNy1h65;Eqv1tJGkLFeH4giGy8vqKxF4NJBHtGR5cGmKG6cpVy4Z;G2FiE1yn9N9ZJx5e1E2LxxMnHvb1H3hCuHLPfKJ98smA;JVoPtWWDsRcLvQosu5fWc2CaNF6jEtJzbxdPtcEuvZo,-0.10863769661423628,-0.039330043367728384,0.004934948407357753,0.21833408105278895
2026-06-21,JTO,0.6424,36058153.28006256,1008246.8740832495,37066400.154145814,0.027201100454598063,35.76321852011544,11,binance;bitget;bybit;coinbase;gate;htx;kraken;kucoin;mexc;okx;upbit,solana,solana,5,meteora;orca;raydium-clmm,2UhFnySoJi6c89aydGAGS7ZRemo2dbkFRhvSJqDX4gHJ;AwBhvNXf5X5hNbC1jAqrJ7Stx5xLuG97xDjJ9PNy1h65;Eqv1tJGkLFeH4giGy8vqKxF4NJBHtGR5cGmKG6cpVy4Z;G2FiE1yn9N9ZJx5e1E2LxxMnHvb1H3hCuHLPfKJ98smA;JVoPtWWDsRcLvQosu5fWc2CaNF6jEtJzbxdPtcEuvZo,-0.039330043367728384,0.02179327521793284,0.06413449564134499,0.2795765877957659
2026-06-22,JTO,0.6564,27170765.264776126,758577.7221843163,27929342.98696044,0.02716060032412787,35.818037453747266,11,binance;bitget;bybit;coinbase;gate;htx;kraken;kucoin;mexc;okx;upbit,solana,solana,5,meteora;orca;raydium-clmm,2UhFnySoJi6c89aydGAGS7ZRemo2dbkFRhvSJqDX4gHJ;AwBhvNXf5X5hNbC1jAqrJ7Stx5xLuG97xDjJ9PNy1h65;Eqv1tJGkLFeH4giGy8vqKxF4NJBHtGR5cGmKG6cpVy4Z;G2FiE1yn9N9ZJx5e1E2LxxMnHvb1H3hCuHLPfKJ98smA;JVoPtWWDsRcLvQosu5fWc2CaNF6jEtJzbxdPtcEuvZo,0.02179327521793284,0.02376599634369292,0.06413772090188918,0.1281230956733701
2026-06-23,JTO,0.672,21598988.556677893,725743.6917756688,22324732.24845356,0.03250850597887646,29.76117987857655,11,binance;bitget;bybit;coinbase;gate;htx;kraken;kucoin;mexc;okx;upbit,solana,solana,5,meteora;orca;raydium-clmm,2UhFnySoJi6c89aydGAGS7ZRemo2dbkFRhvSJqDX4gHJ;AwBhvNXf5X5hNbC1jAqrJ7Stx5xLuG97xDjJ9PNy1h65;Eqv1tJGkLFeH4giGy8vqKxF4NJBHtGR5cGmKG6cpVy4Z;G2FiE1yn9N9ZJx5e1E2LxxMnHvb1H3hCuHLPfKJ98smA;JVoPtWWDsRcLvQosu5fWc2CaNF6jEtJzbxdPtcEuvZo,0.02376599634369292,0.0172619047619047,0.19345238095238093,0.061011904761904656
2026-06-24,JTO,0.6836,24167642.585565414,779748.7409425798,24947391.326507993,0.03125572252173931,30.994141210604536,11,binance;bitget;bybit;coinbase;gate;htx;kraken;kucoin;mexc;okx;upbit,solana,solana,5,meteora;orca;raydium-clmm,2UhFnySoJi6c89aydGAGS7ZRemo2dbkFRhvSJqDX4gHJ;AwBhvNXf5X5hNbC1jAqrJ7Stx5xLuG97xDjJ9PNy1h65;Eqv1tJGkLFeH4giGy8vqKxF4NJBHtGR5cGmKG6cpVy4Z;G2FiE1yn9N9ZJx5e1E2LxxMnHvb1H3hCuHLPfKJ98smA;JVoPtWWDsRcLvQosu5fWc2CaNF6jEtJzbxdPtcEuvZo,0.0172619047619047,0.02179637214745478,0.1917788180222353,0.12419543592744287
2026-06-25,JTO,0.6985,22128159.169214472,714904.2422495827,22843063.411464054,0.03129633838387892,30.952619751680302,11,binance;bitget;bybit;coinbase;gate;htx;kraken;kucoin;mexc;okx;upbit,solana,solana,5,meteora;orca;raydium-clmm,2UhFnySoJi6c89aydGAGS7ZRemo2dbkFRhvSJqDX4gHJ;AwBhvNXf5X5hNbC1jAqrJ7Stx5xLuG97xDjJ9PNy1h65;Eqv1tJGkLFeH4giGy8vqKxF4NJBHtGR5cGmKG6cpVy4Z;G2FiE1yn9N9ZJx5e1E2LxxMnHvb1H3hCuHLPfKJ98smA;JVoPtWWDsRcLvQosu5fWc2CaNF6jEtJzbxdPtcEuvZo,0.02179637214745478,0.1481746599856837,0.17680744452397978,0.057408732999284284
2026-06-26,JTO,0.802,73298587.25812624,2233171.243780899,75531758.50190714,0.029565990360525134,32.82264513402346,11,binance;bitget;bybit;coinbase;gate;htx;kraken;kucoin;mexc;okx;upbit,solana,solana,5,meteora;orca;raydium-clmm,2UhFnySoJi6c89aydGAGS7ZRemo2dbkFRhvSJqDX4gHJ;AwBhvNXf5X5hNbC1jAqrJ7Stx5xLuG97xDjJ9PNy1h65;Eqv1tJGkLFeH4giGy8vqKxF4NJBHtGR5cGmKG6cpVy4Z;G2FiE1yn9N9ZJx5e1E2LxxMnHvb1H3hCuHLPfKJ98smA;JVoPtWWDsRcLvQosu5fWc2CaNF6jEtJzbxdPtcEuvZo,0.1481746599856837,0.015835411471321503,-0.07668329177057354,-0.05012468827930172
2026-06-27,JTO,0.8147,33114110.61836616,1436275.254072519,34550385.87243868,0.041570454795361804,23.055546298992486,11,binance;bitget;bybit;coinbase;gate;htx;kraken;kucoin;mexc;okx;upbit,solana,solana,5,meteora;orca;raydium-clmm,2UhFnySoJi6c89aydGAGS7ZRemo2dbkFRhvSJqDX4gHJ;AwBhvNXf5X5hNbC1jAqrJ7Stx5xLuG97xDjJ9PNy1h65;Eqv1tJGkLFeH4giGy8vqKxF4NJBHtGR5cGmKG6cpVy4Z;G2FiE1yn9N9ZJx5e1E2LxxMnHvb1H3hCuHLPfKJ98smA;JVoPtWWDsRcLvQosu5fWc2CaNF6jEtJzbxdPtcEuvZo,0.015835411471321503,0.008960353504357421,-0.12483122621823983,-0.1048238615441267
2026-06-28,JTO,0.822,25475044.696741126,1349737.6178611855,26824782.31460231,0.05031681532514967,18.874071789678105,11,binance;bitget;bybit;coinbase;gate;htx;kraken;kucoin;mexc;okx;upbit,solana,solana,5,meteora;orca;raydium-clmm,2UhFnySoJi6c89aydGAGS7ZRemo2dbkFRhvSJqDX4gHJ;AwBhvNXf5X5hNbC1jAqrJ7Stx5xLuG97xDjJ9PNy1h65;Eqv1tJGkLFeH4giGy8vqKxF4NJBHtGR5cGmKG6cpVy4Z;G2FiE1yn9N9ZJx5e1E2LxxMnHvb1H3hCuHLPfKJ98smA;JVoPtWWDsRcLvQosu5fWc2CaNF6jEtJzbxdPtcEuvZo,0.008960353504357421,-0.09914841849148404,-0.06508515815085159,-0.12055961070559607
2026-06-29,JTO,0.7405,25863535.058136623,1123261.357968068,26986796.416104693,0.04162262688200176,23.02539375602011,11,binance;bitget;bybit;coinbase;gate;htx;kraken;kucoin;mexc;okx;upbit,solana,solana,5,meteora;orca;raydium-clmm,2UhFnySoJi6c89aydGAGS7ZRemo2dbkFRhvSJqDX4gHJ;AwBhvNXf5X5hNbC1jAqrJ7Stx5xLuG97xDjJ9PNy1h65;Eqv1tJGkLFeH4giGy8vqKxF4NJBHtGR5cGmKG6cpVy4Z;G2FiE1yn9N9ZJx5e1E2LxxMnHvb1H3hCuHLPfKJ98smA;JVoPtWWDsRcLvQosu5fWc2CaNF6jEtJzbxdPtcEuvZo,-0.09914841849148404,-0.0371370695476031,-0.0025658338960161675,0.06954760297096563
2026-06-30,JTO,0.713,22638646.990955386,1108408.9240527223,23747055.91500811,0.046675635414334005,20.424453917405092,11,binance;bitget;bybit;coinbase;gate;htx;kraken;kucoin;mexc;okx;upbit,solana,solana,5,meteora;orca;raydium-clmm,2UhFnySoJi6c89aydGAGS7ZRemo2dbkFRhvSJqDX4gHJ;AwBhvNXf5X5hNbC1jAqrJ7Stx5xLuG97xDjJ9PNy1h65;Eqv1tJGkLFeH4giGy8vqKxF4NJBHtGR5cGmKG6cpVy4Z;G2FiE1yn9N9ZJx5e1E2LxxMnHvb1H3hCuHLPfKJ98smA;JVoPtWWDsRcLvQosu5fWc2CaNF6jEtJzbxdPtcEuvZo,-0.0371370695476031,0.07784011220196363,0.06844319775596075,0.03632538569424959
2026-07-01,JTO,0.7685,26317557.89625684,1198660.390550359,27516218.2868072,0.04356195964345373,21.955808420576297,11,binance;bitget;bybit;coinbase;gate;htx;kraken;kucoin;mexc;okx;upbit,solana,solana,5,meteora;orca;raydium-clmm,2UhFnySoJi6c89aydGAGS7ZRemo2dbkFRhvSJqDX4gHJ;AwBhvNXf5X5hNbC1jAqrJ7Stx5xLuG97xDjJ9PNy1h65;Eqv1tJGkLFeH4giGy8vqKxF4NJBHtGR5cGmKG6cpVy4Z;G2FiE1yn9N9ZJx5e1E2LxxMnHvb1H3hCuHLPfKJ98smA;JVoPtWWDsRcLvQosu5fWc2CaNF6jEtJzbxdPtcEuvZo,0.07784011220196363,-0.0389069616135328,-0.05100845803513343,
2026-07-02,JTO,0.7386,21507618.142590344,1070453.1484953098,22578071.291085653,0.04741118648686124,20.092068646649956,11,binance;bitget;bybit;coinbase;gate;htx;kraken;kucoin;mexc;okx;upbit,solana,solana,5,meteora;orca;raydium-clmm,2UhFnySoJi6c89aydGAGS7ZRemo2dbkFRhvSJqDX4gHJ;AwBhvNXf5X5hNbC1jAqrJ7Stx5xLuG97xDjJ9PNy1h65;Eqv1tJGkLFeH4giGy8vqKxF4NJBHtGR5cGmKG6cpVy4Z;G2FiE1yn9N9ZJx5e1E2LxxMnHvb1H3hCuHLPfKJ98smA;JVoPtWWDsRcLvQosu5fWc2CaNF6jEtJzbxdPtcEuvZo,-0.0389069616135328,0.03141077714595175,-0.02125643108583819,
2026-07-03,JTO,0.7618,16939556.57173049,673582.8705909011,17613139.442321394,0.03824320319479192,25.14843727672328,11,binance;bitget;bybit;coinbase;gate;htx;kraken;kucoin;mexc;okx;upbit,solana,solana,5,meteora;orca;raydium-clmm,2UhFnySoJi6c89aydGAGS7ZRemo2dbkFRhvSJqDX4gHJ;AwBhvNXf5X5hNbC1jAqrJ7Stx5xLuG97xDjJ9PNy1h65;Eqv1tJGkLFeH4giGy8vqKxF4NJBHtGR5cGmKG6cpVy4Z;G2FiE1yn9N9ZJx5e1E2LxxMnHvb1H3hCuHLPfKJ98smA;JVoPtWWDsRcLvQosu5fWc2CaNF6jEtJzbxdPtcEuvZo,0.03141077714595175,-0.04266211604095571,0.03964295090574965,
2026-07-04,JTO,0.7293,17218971.3416589,514490.4110823244,17733461.752741225,0.0290124070672662,33.46801217429039,11,binance;bitget;bybit;coinbase;gate;htx;kraken;kucoin;mexc;okx;upbit,solana,solana,5,meteora;orca;raydium-clmm,2UhFnySoJi6c89aydGAGS7ZRemo2dbkFRhvSJqDX4gHJ;AwBhvNXf5X5hNbC1jAqrJ7Stx5xLuG97xDjJ9PNy1h65;Eqv1tJGkLFeH4giGy8vqKxF4NJBHtGR5cGmKG6cpVy4Z;G2FiE1yn9N9ZJx5e1E2LxxMnHvb1H3hCuHLPfKJ98smA;JVoPtWWDsRcLvQosu5fWc2CaNF6jEtJzbxdPtcEuvZo,-0.04266211604095571,-0.008775538187302812,0.013163307280954495,
2026-07-05,JTO,0.7229,11183191.327986399,338141.4320315552,11521332.760017954,0.02934915943101606,33.07252607525122,11,binance;bitget;bybit;coinbase;gate;htx;kraken;kucoin;mexc;okx;upbit,solana,solana,5,meteora;orca;raydium-clmm,2UhFnySoJi6c89aydGAGS7ZRemo2dbkFRhvSJqDX4gHJ;AwBhvNXf5X5hNbC1jAqrJ7Stx5xLuG97xDjJ9PNy1h65;Eqv1tJGkLFeH4giGy8vqKxF4NJBHtGR5cGmKG6cpVy4Z;G2FiE1yn9N9ZJx5e1E2LxxMnHvb1H3hCuHLPfKJ98smA;JVoPtWWDsRcLvQosu5fWc2CaNF6jEtJzbxdPtcEuvZo,-0.008775538187302812,0.09558721814912174,,
2026-07-06,JTO,0.792,19207472.714802153,862375.8313497629,20069848.546151917,0.042968726413987315,22.272740047386574,11,binance;bitget;bybit;coinbase;gate;htx;kraken;kucoin;mexc;okx;upbit,solana,solana,5,meteora;orca;raydium-clmm,2UhFnySoJi6c89aydGAGS7ZRemo2dbkFRhvSJqDX4gHJ;AwBhvNXf5X5hNbC1jAqrJ7Stx5xLuG97xDjJ9PNy1h65;Eqv1tJGkLFeH4giGy8vqKxF4NJBHtGR5cGmKG6cpVy4Z;G2FiE1yn9N9ZJx5e1E2LxxMnHvb1H3hCuHLPfKJ98smA;JVoPtWWDsRcLvQosu5fWc2CaNF6jEtJzbxdPtcEuvZo,0.09558721814912174,-0.06704545454545463,,
2026-07-07,JTO,0.7389,22625041.541566655,1150869.56425062,23775911.105817273,0.048404856458646325,19.659084091166125,11,binance;bitget;bybit;coinbase;gate;htx;kraken;kucoin;mexc;okx;upbit,solana,solana,5,meteora;orca;raydium-clmm,2UhFnySoJi6c89aydGAGS7ZRemo2dbkFRhvSJqDX4gHJ;AwBhvNXf5X5hNbC1jAqrJ7Stx5xLuG97xDjJ9PNy1h65;Eqv1tJGkLFeH4giGy8vqKxF4NJBHtGR5cGmKG6cpVy4Z;G2FiE1yn9N9ZJx5e1E2LxxMnHvb1H3hCuHLPfKJ98smA;JVoPtWWDsRcLvQosu5fWc2CaNF6jEtJzbxdPtcEuvZo,-0.06704545454545463,,,
2026-01-17,JUP,0.2216,3285604.4014169183,1106801.7560448495,4392406.157461768,0.251980740479709,2.9685572718623154,11,binance;bitget;bybit;crypto_com;gate;htx;kraken;kucoin;mexc;okx;upbit,solana,solana,4,meteora;orca,C1MgLojNLWBKADvu9BHdtgzz1oZX4dZ5zGdGcgvvW8Wz;C8Gr6AUuq9hEdSYJzoEpNcdjpojPZwqG5MtQbeouNNwg;Eio6hAieGTAmKgfvbEfbnXke6o5kfEd74tqHm2Z9SFjf;HfgjZDmexhFVD28Vkb1NbQwWeXP3uDcVTLPjSGHmRHhL,,-0.05911552346570392,-0.14485559566786999,-0.10424187725631762
2026-01-18,JUP,0.2085,5599394.655400885,1821818.1396124812,7421212.795013366,0.24548792629105576,3.073520091633258,11,binance;bitget;bybit;crypto_com;gate;htx;kraken;kucoin;mexc;okx;upbit,solana,solana,4,meteora;orca,C1MgLojNLWBKADvu9BHdtgzz1oZX4dZ5zGdGcgvvW8Wz;C8Gr6AUuq9hEdSYJzoEpNcdjpojPZwqG5MtQbeouNNwg;Eio6hAieGTAmKgfvbEfbnXke6o5kfEd74tqHm2Z9SFjf;HfgjZDmexhFVD28Vkb1NbQwWeXP3uDcVTLPjSGHmRHhL,-0.05911552346570392,-0.030215827338129553,-0.07146282973621099,-0.10743405275779383
2026-01-19,JUP,0.2022,7980211.367300549,2862464.2283454663,10842675.595646014,0.26399980365500536,2.7878816050439146,11,binance;bitget;bybit;crypto_com;gate;htx;kraken;kucoin;mexc;okx;upbit,solana,solana,4,meteora;orca,C1MgLojNLWBKADvu9BHdtgzz1oZX4dZ5zGdGcgvvW8Wz;C8Gr6AUuq9hEdSYJzoEpNcdjpojPZwqG5MtQbeouNNwg;Eio6hAieGTAmKgfvbEfbnXke6o5kfEd74tqHm2Z9SFjf;HfgjZDmexhFVD28Vkb1NbQwWeXP3uDcVTLPjSGHmRHhL,-0.030215827338129553,-0.06280909990108796,-0.04203758654797218,-0.05687438180019777
2026-01-20,JUP,0.1895,4873796.271593479,1734644.9907749307,6608441.26236841,0.2624892802865359,2.809679385414864,11,binance;bitget;bybit;crypto_com;gate;htx;kraken;kucoin;mexc;okx;upbit,solana,solana,4,meteora;orca,C1MgLojNLWBKADvu9BHdtgzz1oZX4dZ5zGdGcgvvW8Wz;C8Gr6AUuq9hEdSYJzoEpNcdjpojPZwqG5MtQbeouNNwg;Eio6hAieGTAmKgfvbEfbnXke6o5kfEd74tqHm2Z9SFjf;HfgjZDmexhFVD28Vkb1NbQwWeXP3uDcVTLPjSGHmRHhL,-0.06280909990108796,0.021635883905013253,0.02585751978891815,0.09182058047493413
2026-01-21,JUP,0.1936,7049803.721365471,3140848.817418274,10190652.538783746,0.3082088026713483,2.2445536640506925,11,binance;bitget;bybit;crypto_com;gate;htx;kraken;kucoin;mexc;okx;upbit,solana,solana,4,meteora;orca,C1MgLojNLWBKADvu9BHdtgzz1oZX4dZ5zGdGcgvvW8Wz;C8Gr6AUuq9hEdSYJzoEpNcdjpojPZwqG5MtQbeouNNwg;Eio6hAieGTAmKgfvbEfbnXke6o5kfEd74tqHm2Z9SFjf;HfgjZDmexhFVD28Vkb1NbQwWeXP3uDcVTLPjSGHmRHhL,0.021635883905013253,0.0005165289256199301,0.025309917355371914,0.11776859504132231
2026-01-22,JUP,0.1937,3732760.4643214447,1426048.3563831158,5158808.820704561,0.2764297739935155,2.617555321748583,11,binance;bitget;bybit;crypto_com;gate;htx;kraken;kucoin;mexc;okx;upbit,solana,solana,4,meteora;orca,C1MgLojNLWBKADvu9BHdtgzz1oZX4dZ5zGdGcgvvW8Wz;C8Gr6AUuq9hEdSYJzoEpNcdjpojPZwqG5MtQbeouNNwg;Eio6hAieGTAmKgfvbEfbnXke6o5kfEd74tqHm2Z9SFjf;HfgjZDmexhFVD28Vkb1NbQwWeXP3uDcVTLPjSGHmRHhL,0.0005165289256199301,0.0036138358286008643,-0.03923593185338159,0.030459473412493443
2026-01-23,JUP,0.1944,3646822.3895750567,1383387.4184412237,5030209.808016281,0.27501584849137295,2.6361540816123883,11,binance;bitget;bybit;crypto_com;gate;htx;kraken;kucoin;mexc;okx;upbit,solana,solana,4,meteora;orca,C1MgLojNLWBKADvu9BHdtgzz1oZX4dZ5zGdGcgvvW8Wz;C8Gr6AUuq9hEdSYJzoEpNcdjpojPZwqG5MtQbeouNNwg;Eio6hAieGTAmKgfvbEfbnXke6o5kfEd74tqHm2Z9SFjf;HfgjZDmexhFVD28Vkb1NbQwWeXP3uDcVTLPjSGHmRHhL,0.0036138358286008643,0.021090534979423925,-0.019032921810699488,0.05195473251028804
2026-01-24,JUP,0.1985,2652870.3845625967,1039920.4668227654,3692790.851385362,0.2816082764158268,2.5510319963870156,11,binance;bitget;bybit;crypto_com;gate;htx;kraken;kucoin;mexc;okx;upbit,solana,solana,4,meteora;orca,C1MgLojNLWBKADvu9BHdtgzz1oZX4dZ5zGdGcgvvW8Wz;C8Gr6AUuq9hEdSYJzoEpNcdjpojPZwqG5MtQbeouNNwg;Eio6hAieGTAmKgfvbEfbnXke6o5kfEd74tqHm2Z9SFjf;HfgjZDmexhFVD28Vkb1NbQwWeXP3uDcVTLPjSGHmRHhL,0.021090534979423925,-0.062468513853904395,0.04231738035264487,-0.0916876574307306
2026-01-25,JUP,0.1861,5565532.359888915,2183320.3808116717,7748852.740700587,0.2817604687909289,2.5491139132864555,11,binance;bitget;bybit;crypto_com;gate;htx;kraken;kucoin;mexc;okx;upbit,solana,solana,4,meteora;orca,C1MgLojNLWBKADvu9BHdtgzz1oZX4dZ5zGdGcgvvW8Wz;C8Gr6AUuq9hEdSYJzoEpNcdjpojPZwqG5MtQbeouNNwg;Eio6hAieGTAmKgfvbEfbnXke6o5kfEd74tqHm2Z9SFjf;HfgjZDmexhFVD28Vkb1NbQwWeXP3uDcVTLPjSGHmRHhL,-0.062468513853904395,0.024717893605588515,0.1628156904889846,-0.06394411606663086
2026-01-26,JUP,0.1907,5543348.634119307,2084209.0102351971,7627557.644354504,0.27324723160601916,2.659689410657406,11,binance;bitget;bybit;crypto_com;gate;htx;kraken;kucoin;mexc;okx;upbit,solana,solana,5,humidifi;meteora;orca,C1MgLojNLWBKADvu9BHdtgzz1oZX4dZ5zGdGcgvvW8Wz;C8Gr6AUuq9hEdSYJzoEpNcdjpojPZwqG5MtQbeouNNwg;Eio6hAieGTAmKgfvbEfbnXke6o5kfEd74tqHm2Z9SFjf;HfgjZDmexhFVD28Vkb1NbQwWeXP3uDcVTLPjSGHmRHhL;hKgG7iEDRFNsJSwLYqz8ETHuZwzh6qMMLow8VXa8pLm,0.024717893605588515,0.08495018353434713,0.046670162558993145,-0.0068169900367068825
2026-01-27,JUP,0.2069,9130698.09445982,4044387.177960852,13175085.272420673,0.30697237204429667,2.2576221545295883,11,binance;bitget;bybit;crypto_com;gate;htx;kraken;kucoin;mexc;okx;upbit,solana,solana,5,humidifi;meteora;orca,C1MgLojNLWBKADvu9BHdtgzz1oZX4dZ5zGdGcgvvW8Wz;C8Gr6AUuq9hEdSYJzoEpNcdjpojPZwqG5MtQbeouNNwg;Eio6hAieGTAmKgfvbEfbnXke6o5kfEd74tqHm2Z9SFjf;HfgjZDmexhFVD28Vkb1NbQwWeXP3uDcVTLPjSGHmRHhL;hKgG7iEDRFNsJSwLYqz8ETHuZwzh6qMMLow8VXa8pLm,0.08495018353434713,0.045915901401643255,-0.011599806669888912,-0.055582406959884034
2026-01-28,JUP,0.2164,24983048.87010561,7328346.316249741,32311395.186355352,0.2268037722909718,3.4090977407424994,11,binance;bitget;bybit;crypto_com;gate;htx;kraken;kucoin;mexc;okx;upbit,solana,solana,5,humidifi;meteora;orca,C1MgLojNLWBKADvu9BHdtgzz1oZX4dZ5zGdGcgvvW8Wz;C8Gr6AUuq9hEdSYJzoEpNcdjpojPZwqG5MtQbeouNNwg;Eio6hAieGTAmKgfvbEfbnXke6o5kfEd74tqHm2Z9SFjf;HfgjZDmexhFVD28Vkb1NbQwWeXP3uDcVTLPjSGHmRHhL;hKgG7iEDRFNsJSwLYqz8ETHuZwzh6qMMLow8VXa8pLm,0.045915901401643255,-0.07763401109057311,-0.16682070240295754,-0.13308687615526815
2026-01-29,JUP,0.1996,19720966.061815284,5387600.606749302,25108566.668564588,0.21457220867547439,3.660435786036162,11,binance;bitget;bybit;crypto_com;gate;htx;kraken;kucoin;mexc;okx;upbit,solana,solana,5,humidifi;meteora;orca,C1MgLojNLWBKADvu9BHdtgzz1oZX4dZ5zGdGcgvvW8Wz;C8Gr6AUuq9hEdSYJzoEpNcdjpojPZwqG5MtQbeouNNwg;Eio6hAieGTAmKgfvbEfbnXke6o5kfEd74tqHm2Z9SFjf;HfgjZDmexhFVD28Vkb1NbQwWeXP3uDcVTLPjSGHmRHhL;hKgG7iEDRFNsJSwLYqz8ETHuZwzh6qMMLow8VXa8pLm,-0.07763401109057311,0.024549098196392727,-0.12725450901803614,-0.218436873747495
2026-01-30,JUP,0.2045,15474132.758773811,6556479.6491126055,22030612.407886416,0.2976076891428378,2.360128237547138,11,binance;bitget;bybit;crypto_com;gate;htx;kraken;kucoin;mexc;okx;upbit,solana,solana,5,humidifi;meteora;orca,C1MgLojNLWBKADvu9BHdtgzz1oZX4dZ5zGdGcgvvW8Wz;C8Gr6AUuq9hEdSYJzoEpNcdjpojPZwqG5MtQbeouNNwg;Eio6hAieGTAmKgfvbEfbnXke6o5kfEd74tqHm2Z9SFjf;HfgjZDmexhFVD28Vkb1NbQwWeXP3uDcVTLPjSGHmRHhL;hKgG7iEDRFNsJSwLYqz8ETHuZwzh6qMMLow8VXa8pLm,0.024549098196392727,-0.11833740831295847,-0.07383863080684583,-0.1775061124694377
2026-01-31,JUP,0.1803,24423881.123936355,9897027.670084044,34320908.7940204,0.28836729614247175,2.467799620057943,11,binance;bitget;bybit;crypto_com;gate;htx;kraken;kucoin;mexc;okx;upbit,solana,solana,5,humidifi;meteora;orca,C1MgLojNLWBKADvu9BHdtgzz1oZX4dZ5zGdGcgvvW8Wz;C8Gr6AUuq9hEdSYJzoEpNcdjpojPZwqG5MtQbeouNNwg;Eio6hAieGTAmKgfvbEfbnXke6o5kfEd74tqHm2Z9SFjf;HfgjZDmexhFVD28Vkb1NbQwWeXP3uDcVTLPjSGHmRHhL;hKgG7iEDRFNsJSwLYqz8ETHuZwzh6qMMLow8VXa8pLm,-0.11833740831295847,-0.033832501386577896,0.08374930671103709,-0.07376594564614525
2026-02-01,JUP,0.1742,13769594.055022135,4983103.99872669,18752698.053748824,0.2657273094487076,2.7632564077612303,11,binance;bitget;bybit;crypto_com;gate;htx;kraken;kucoin;mexc;okx;upbit,solana,solana,5,humidifi;meteora;orca,C1MgLojNLWBKADvu9BHdtgzz1oZX4dZ5zGdGcgvvW8Wz;C8Gr6AUuq9hEdSYJzoEpNcdjpojPZwqG5MtQbeouNNwg;Eio6hAieGTAmKgfvbEfbnXke6o5kfEd74tqHm2Z9SFjf;HfgjZDmexhFVD28Vkb1NbQwWeXP3uDcVTLPjSGHmRHhL;hKgG7iEDRFNsJSwLYqz8ETHuZwzh6qMMLow8VXa8pLm,-0.033832501386577896,0.0872560275545351,0.07692307692307687,-0.0878300803673937
2026-02-02,JUP,0.1894,33542415.30130467,9068692.228926463,42611107.53023113,0.21282460735132344,3.6987047806423754,11,binance;bitget;bybit;crypto_com;gate;htx;kraken;kucoin;mexc;okx;upbit,solana,solana,5,humidifi;meteora;orca,C1MgLojNLWBKADvu9BHdtgzz1oZX4dZ5zGdGcgvvW8Wz;C8Gr6AUuq9hEdSYJzoEpNcdjpojPZwqG5MtQbeouNNwg;Eio6hAieGTAmKgfvbEfbnXke6o5kfEd74tqHm2Z9SFjf;HfgjZDmexhFVD28Vkb1NbQwWeXP3uDcVTLPjSGHmRHhL;hKgG7iEDRFNsJSwLYqz8ETHuZwzh6qMMLow8VXa8pLm,0.0872560275545351,0.03167898627243915,-0.17634635691657874,-0.19799366420274556
2026-02-03,JUP,0.1954,28982388.755808234,7078772.578722437,36061161.334530674,0.1962990740385307,4.094267534872397,11,binance;bitget;bybit;crypto_com;gate;htx;kraken;kucoin;mexc;okx;upbit,solana,solana,5,humidifi;meteora;orca,C1MgLojNLWBKADvu9BHdtgzz1oZX4dZ5zGdGcgvvW8Wz;C8Gr6AUuq9hEdSYJzoEpNcdjpojPZwqG5MtQbeouNNwg;Eio6hAieGTAmKgfvbEfbnXke6o5kfEd74tqHm2Z9SFjf;HfgjZDmexhFVD28Vkb1NbQwWeXP3uDcVTLPjSGHmRHhL;hKgG7iEDRFNsJSwLYqz8ETHuZwzh6qMMLow8VXa8pLm,0.03167898627243915,-0.03991811668372569,-0.13920163766632554,-0.27021494370522003
2026-02-04,JUP,0.1876,18418209.934116725,4047963.7480859547,22466173.68220268,0.18018038164160918,4.5499937944912725,11,binance;bitget;bybit;crypto_com;gate;htx;kraken;kucoin;mexc;okx;upbit,solana,solana,5,humidifi;meteora;orca,C1MgLojNLWBKADvu9BHdtgzz1oZX4dZ5zGdGcgvvW8Wz;C8Gr6AUuq9hEdSYJzoEpNcdjpojPZwqG5MtQbeouNNwg;Eio6hAieGTAmKgfvbEfbnXke6o5kfEd74tqHm2Z9SFjf;HfgjZDmexhFVD28Vkb1NbQwWeXP3uDcVTLPjSGHmRHhL;hKgG7iEDRFNsJSwLYqz8ETHuZwzh6qMMLow8VXa8pLm,-0.03991811668372569,-0.16844349680170567,-0.10980810234541571,-0.26705756929637514
2026-02-05,JUP,0.156,29172470.489611816,6123596.628239779,35296067.11785159,0.1734923216174038,4.7639438487961625,11,binance;bitget;bybit;crypto_com;gate;htx;kraken;kucoin;mexc;okx;upbit,solana,solana,5,humidifi;meteora;orca,C1MgLojNLWBKADvu9BHdtgzz1oZX4dZ5zGdGcgvvW8Wz;C8Gr6AUuq9hEdSYJzoEpNcdjpojPZwqG5MtQbeouNNwg;Eio6hAieGTAmKgfvbEfbnXke6o5kfEd74tqHm2Z9SFjf;HfgjZDmexhFVD28Vkb1NbQwWeXP3uDcVTLPjSGHmRHhL;hKgG7iEDRFNsJSwLYqz8ETHuZwzh6qMMLow8VXa8pLm,-0.16844349680170567,0.07820512820512815,0.018589743589743746,-0.11217948717948711
2026-02-06,JUP,0.1682,20528000.26442677,6010330.67185009,26538330.93627686,0.22647734276439377,3.4154527238528587,11,binance;bitget;bybit;crypto_com;gate;htx;kraken;kucoin;mexc;okx;upbit,solana,solana,5,humidifi;meteora;orca,C1MgLojNLWBKADvu9BHdtgzz1oZX4dZ5zGdGcgvvW8Wz;C8Gr6AUuq9hEdSYJzoEpNcdjpojPZwqG5MtQbeouNNwg;Eio6hAieGTAmKgfvbEfbnXke6o5kfEd74tqHm2Z9SFjf;HfgjZDmexhFVD28Vkb1NbQwWeXP3uDcVTLPjSGHmRHhL;hKgG7iEDRFNsJSwLYqz8ETHuZwzh6qMMLow8VXa8pLm,0.07820512820512815,-0.007134363852556391,-0.09690844233055873,-0.08917954815695595
2026-02-07,JUP,0.167,11343190.004147902,3316677.29211497,14659867.296262871,0.22624197239223748,3.420046331041935,11,binance;bitget;bybit;crypto_com;gate;htx;kraken;kucoin;mexc;okx;upbit,solana,solana,5,humidifi;meteora;orca,C1MgLojNLWBKADvu9BHdtgzz1oZX4dZ5zGdGcgvvW8Wz;C8Gr6AUuq9hEdSYJzoEpNcdjpojPZwqG5MtQbeouNNwg;Eio6hAieGTAmKgfvbEfbnXke6o5kfEd74tqHm2Z9SFjf;HfgjZDmexhFVD28Vkb1NbQwWeXP3uDcVTLPjSGHmRHhL;hKgG7iEDRFNsJSwLYqz8ETHuZwzh6qMMLow8VXa8pLm,-0.007134363852556391,-0.048502994011976,-0.1461077844311377,-0.005389221556886259
2026-02-08,JUP,0.1589,6725068.684425295,2341829.90984037,9066898.594265666,0.258283456629972,2.871715258297178,11,binance;bitget;bybit;crypto_com;gate;htx;kraken;kucoin;mexc;okx;upbit,solana,solana,5,humidifi;meteora;orca,C1MgLojNLWBKADvu9BHdtgzz1oZX4dZ5zGdGcgvvW8Wz;C8Gr6AUuq9hEdSYJzoEpNcdjpojPZwqG5MtQbeouNNwg;Eio6hAieGTAmKgfvbEfbnXke6o5kfEd74tqHm2Z9SFjf;HfgjZDmexhFVD28Vkb1NbQwWeXP3uDcVTLPjSGHmRHhL;hKgG7iEDRFNsJSwLYqz8ETHuZwzh6qMMLow8VXa8pLm,-0.048502994011976,-0.04405286343612336,-0.13467589679043424,0.024543738200125675
2026-02-09,JUP,0.1519,7615827.881841643,2794834.9721911135,10410662.854032757,0.2684588879091867,2.7249651437812568,11,binance;bitget;bybit;crypto_com;gate;htx;kraken;kucoin;mexc;okx;upbit,solana,solana,5,humidifi;meteora;orca,C1MgLojNLWBKADvu9BHdtgzz1oZX4dZ5zGdGcgvvW8Wz;C8Gr6AUuq9hEdSYJzoEpNcdjpojPZwqG5MtQbeouNNwg;Eio6hAieGTAmKgfvbEfbnXke6o5kfEd74tqHm2Z9SFjf;HfgjZDmexhFVD28Vkb1NbQwWeXP3uDcVTLPjSGHmRHhL;hKgG7iEDRFNsJSwLYqz8ETHuZwzh6qMMLow8VXa8pLm,-0.04405286343612336,-0.061224489795918435,-0.08821593153390384,0.07439104674127717
2026-02-10,JUP,0.1426,7834906.133398045,2302931.182694688,10137837.316092733,0.22716197852563988,3.4021451410590244,11,binance;bitget;bybit;crypto_com;gate;htx;kraken;kucoin;mexc;okx;upbit,solana,solana,5,humidifi;meteora;orca,C1MgLojNLWBKADvu9BHdtgzz1oZX4dZ5zGdGcgvvW8Wz;C8Gr6AUuq9hEdSYJzoEpNcdjpojPZwqG5MtQbeouNNwg;Eio6hAieGTAmKgfvbEfbnXke6o5kfEd74tqHm2Z9SFjf;HfgjZDmexhFVD28Vkb1NbQwWeXP3uDcVTLPjSGHmRHhL;hKgG7iEDRFNsJSwLYqz8ETHuZwzh6qMMLow8VXa8pLm,-0.061224489795918435,-0.03576437587657777,0.07433380084151464,0.15287517531556793
2026-02-11,JUP,0.1375,8992552.209937852,3235807.4921060842,12228359.702043936,0.2646150073231186,2.779075155699354,11,binance;bitget;bybit;crypto_com;gate;htx;kraken;kucoin;mexc;okx;upbit,solana,solana,5,humidifi;meteora;orca,C1MgLojNLWBKADvu9BHdtgzz1oZX4dZ5zGdGcgvvW8Wz;C8Gr6AUuq9hEdSYJzoEpNcdjpojPZwqG5MtQbeouNNwg;Eio6hAieGTAmKgfvbEfbnXke6o5kfEd74tqHm2Z9SFjf;HfgjZDmexhFVD28Vkb1NbQwWeXP3uDcVTLPjSGHmRHhL;hKgG7iEDRFNsJSwLYqz8ETHuZwzh6qMMLow8VXa8pLm,-0.03576437587657777,0.0072727272727273196,0.20799999999999996,0.10545454545454525
2026-02-12,JUP,0.1385,10787708.348632174,3015079.4895592467,13802787.83819142,0.21843989235397193,3.577918388549402,11,binance;bitget;bybit;crypto_com;gate;htx;kraken;kucoin;mexc;okx;upbit,solana,solana,5,humidifi;meteora;orca,C1MgLojNLWBKADvu9BHdtgzz1oZX4dZ5zGdGcgvvW8Wz;C8Gr6AUuq9hEdSYJzoEpNcdjpojPZwqG5MtQbeouNNwg;Eio6hAieGTAmKgfvbEfbnXke6o5kfEd74tqHm2Z9SFjf;HfgjZDmexhFVD28Vkb1NbQwWeXP3uDcVTLPjSGHmRHhL;hKgG7iEDRFNsJSwLYqz8ETHuZwzh6qMMLow8VXa8pLm,0.0072727272727273196,0.10613718411552342,0.17545126353790597,0.08880866425992773
2026-02-13,JUP,0.1532,18160135.142237093,4905991.081613082,23066126.223850176,0.2126924579360157,3.7016241652575665,11,binance;bitget;bybit;crypto_com;gate;htx;kraken;kucoin;mexc;okx;upbit,solana,solana,5,humidifi;meteora;orca,C1MgLojNLWBKADvu9BHdtgzz1oZX4dZ5zGdGcgvvW8Wz;C8Gr6AUuq9hEdSYJzoEpNcdjpojPZwqG5MtQbeouNNwg;Eio6hAieGTAmKgfvbEfbnXke6o5kfEd74tqHm2Z9SFjf;HfgjZDmexhFVD28Vkb1NbQwWeXP3uDcVTLPjSGHmRHhL;hKgG7iEDRFNsJSwLYqz8ETHuZwzh6qMMLow8VXa8pLm,0.10613718411552342,0.08420365535248031,0.06527415143603132,0.04308093994778073
2026-02-14,JUP,0.1661,8583655.826704012,3449311.1150572887,12032966.9417613,0.28665508114097776,2.488513079969433,11,binance;bitget;bybit;crypto_com;gate;htx;kraken;kucoin;mexc;okx;upbit,solana,solana,5,humidifi;meteora;orca,C1MgLojNLWBKADvu9BHdtgzz1oZX4dZ5zGdGcgvvW8Wz;C8Gr6AUuq9hEdSYJzoEpNcdjpojPZwqG5MtQbeouNNwg;Eio6hAieGTAmKgfvbEfbnXke6o5kfEd74tqHm2Z9SFjf;HfgjZDmexhFVD28Vkb1NbQwWeXP3uDcVTLPjSGHmRHhL;hKgG7iEDRFNsJSwLYqz8ETHuZwzh6qMMLow8VXa8pLm,0.08420365535248031,-0.019867549668874163,-0.010234798314268545,-0.04996989765201687
2026-02-15,JUP,0.1628,11745420.5904634,5215393.603009249,16960814.19347265,0.3074966533750713,2.252067913663576,11,binance;bitget;bybit;crypto_com;gate;htx;kraken;kucoin;mexc;okx;upbit,solana,solana,5,humidifi;meteora;orca,C1MgLojNLWBKADvu9BHdtgzz1oZX4dZ5zGdGcgvvW8Wz;C8Gr6AUuq9hEdSYJzoEpNcdjpojPZwqG5MtQbeouNNwg;Eio6hAieGTAmKgfvbEfbnXke6o5kfEd74tqHm2Z9SFjf;HfgjZDmexhFVD28Vkb1NbQwWeXP3uDcVTLPjSGHmRHhL;hKgG7iEDRFNsJSwLYqz8ETHuZwzh6qMMLow8VXa8pLm,-0.019867549668874163,0.002457002457002533,-0.06633906633906639,-0.07555282555282561
2026-02-16,JUP,0.1632,6321724.4914305275,2691805.9963611,9013530.487791628,0.29864058262264886,2.3485067274448856,11,binance;bitget;bybit;crypto_com;gate;htx;kraken;kucoin;mexc;okx;upbit,solana,solana,5,humidifi;meteora;orca,C1MgLojNLWBKADvu9BHdtgzz1oZX4dZ5zGdGcgvvW8Wz;C8Gr6AUuq9hEdSYJzoEpNcdjpojPZwqG5MtQbeouNNwg;Eio6hAieGTAmKgfvbEfbnXke6o5kfEd74tqHm2Z9SFjf;HfgjZDmexhFVD28Vkb1NbQwWeXP3uDcVTLPjSGHmRHhL;hKgG7iEDRFNsJSwLYqz8ETHuZwzh6qMMLow8VXa8pLm,0.002457002457002533,0.007352941176470562,-0.07598039215686292,-0.10845588235294135
2026-02-17,JUP,0.1644,10014045.044080459,5740780.2574901385,15754825.301570598,0.36438234938205505,1.7443700324559341,11,binance;bitget;bybit;crypto_com;gate;htx;kraken;kucoin;mexc;okx;upbit,solana,solana,5,humidifi;meteora;orca,C1MgLojNLWBKADvu9BHdtgzz1oZX4dZ5zGdGcgvvW8Wz;C8Gr6AUuq9hEdSYJzoEpNcdjpojPZwqG5MtQbeouNNwg;Eio6hAieGTAmKgfvbEfbnXke6o5kfEd74tqHm2Z9SFjf;HfgjZDmexhFVD28Vkb1NbQwWeXP3uDcVTLPjSGHmRHhL;hKgG7iEDRFNsJSwLYqz8ETHuZwzh6qMMLow8VXa8pLm,0.007352941176470562,-0.07542579075425793,-0.027980535279805263,-0.11922141119221397
2026-02-18,JUP,0.152,6331683.243036549,2503304.0208528214,8834987.26388937,0.28333985619700913,2.529330512911285,11,binance;bitget;bybit;crypto_com;gate;htx;kraken;kucoin;mexc;okx;upbit,solana,solana,5,humidifi;meteora;orca,C1MgLojNLWBKADvu9BHdtgzz1oZX4dZ5zGdGcgvvW8Wz;C8Gr6AUuq9hEdSYJzoEpNcdjpojPZwqG5MtQbeouNNwg;Eio6hAieGTAmKgfvbEfbnXke6o5kfEd74tqHm2Z9SFjf;HfgjZDmexhFVD28Vkb1NbQwWeXP3uDcVTLPjSGHmRHhL;hKgG7iEDRFNsJSwLYqz8ETHuZwzh6qMMLow8VXa8pLm,-0.07542579075425793,-0.007894736842105288,0.03815789473684217,0.05789473684210522
2026-02-19,JUP,0.1508,7970750.40040767,4154320.118161101,12125070.518568771,0.34262234696276817,1.9186654310924653,11,binance;bitget;bybit;crypto_com;gate;htx;kraken;kucoin;mexc;okx;upbit,solana,solana,5,humidifi;meteora;orca,C1MgLojNLWBKADvu9BHdtgzz1oZX4dZ5zGdGcgvvW8Wz;C8Gr6AUuq9hEdSYJzoEpNcdjpojPZwqG5MtQbeouNNwg;Eio6hAieGTAmKgfvbEfbnXke6o5kfEd74tqHm2Z9SFjf;HfgjZDmexhFVD28Vkb1NbQwWeXP3uDcVTLPjSGHmRHhL;hKgG7iEDRFNsJSwLYqz8ETHuZwzh6qMMLow8VXa8pLm,-0.007894736842105288,0.05968169761273212,-0.0019893899204244114,0.023872679045092937
2026-02-20,JUP,0.1598,9338857.525878046,4638492.333347125,13977349.85922517,0.33185778277458516,2.013339002144938,11,binance;bitget;bybit;crypto_com;gate;htx;kraken;kucoin;mexc;okx;upbit,solana,solana,5,humidifi;meteora;orca,C1MgLojNLWBKADvu9BHdtgzz1oZX4dZ5zGdGcgvvW8Wz;C8Gr6AUuq9hEdSYJzoEpNcdjpojPZwqG5MtQbeouNNwg;Eio6hAieGTAmKgfvbEfbnXke6o5kfEd74tqHm2Z9SFjf;HfgjZDmexhFVD28Vkb1NbQwWeXP3uDcVTLPjSGHmRHhL;hKgG7iEDRFNsJSwLYqz8ETHuZwzh6qMMLow8VXa8pLm,0.05968169761273212,-0.01251564455569465,-0.08948685857321659,-0.04443053817271592
2026-02-21,JUP,0.1578,3181818.70196788,1733983.1397688154,4915801.841736696,0.35273658206617603,1.8349767243942745,11,binance;bitget;bybit;crypto_com;gate;htx;kraken;kucoin;mexc;okx;upbit,solana,solana,5,humidifi;meteora;orca,C1MgLojNLWBKADvu9BHdtgzz1oZX4dZ5zGdGcgvvW8Wz;C8Gr6AUuq9hEdSYJzoEpNcdjpojPZwqG5MtQbeouNNwg;Eio6hAieGTAmKgfvbEfbnXke6o5kfEd74tqHm2Z9SFjf;HfgjZDmexhFVD28Vkb1NbQwWeXP3uDcVTLPjSGHmRHhL;hKgG7iEDRFNsJSwLYqz8ETHuZwzh6qMMLow8VXa8pLm,-0.01251564455569465,-0.0462610899873257,-0.0823827629911279,0.025982256020278705
2026-02-22,JUP,0.1505,3103756.1647966807,1812535.3223687306,4916291.487165411,0.3686793850813319,1.712383823086275,11,binance;bitget;bybit;crypto_com;gate;htx;kraken;kucoin;mexc;okx;upbit,solana,solana,5,humidifi;meteora;orca,C1MgLojNLWBKADvu9BHdtgzz1oZX4dZ5zGdGcgvvW8Wz;C8Gr6AUuq9hEdSYJzoEpNcdjpojPZwqG5MtQbeouNNwg;Eio6hAieGTAmKgfvbEfbnXke6o5kfEd74tqHm2Z9SFjf;HfgjZDmexhFVD28Vkb1NbQwWeXP3uDcVTLPjSGHmRHhL;hKgG7iEDRFNsJSwLYqz8ETHuZwzh6qMMLow8VXa8pLm,-0.0462610899873257,-0.03322259136212624,0.06843853820598,0.0970099667774087
2026-02-23,JUP,0.1455,5725235.34103897,2913659.975985589,8638895.317024559,0.33727228645121754,1.964963443993606,11,binance;bitget;bybit;crypto_com;gate;htx;kraken;kucoin;mexc;okx;upbit,solana,solana,5,humidifi;meteora;orca,C1MgLojNLWBKADvu9BHdtgzz1oZX4dZ5zGdGcgvvW8Wz;C8Gr6AUuq9hEdSYJzoEpNcdjpojPZwqG5MtQbeouNNwg;Eio6hAieGTAmKgfvbEfbnXke6o5kfEd74tqHm2Z9SFjf;HfgjZDmexhFVD28Vkb1NbQwWeXP3uDcVTLPjSGHmRHhL;hKgG7iEDRFNsJSwLYqz8ETHuZwzh6qMMLow8VXa8pLm,-0.03322259136212624,-0.004810996563573755,0.06116838487972531,0.21305841924398616
2026-02-24,JUP,0.1448,4263805.740820707,2400769.5910332026,6664575.331853909,0.3602284423973,1.7760162227753487,11,binance;bitget;bybit;crypto_com;gate;htx;kraken;kucoin;mexc;okx;upbit,solana,solana,5,humidifi;meteora;orca,C1MgLojNLWBKADvu9BHdtgzz1oZX4dZ5zGdGcgvvW8Wz;C8Gr6AUuq9hEdSYJzoEpNcdjpojPZwqG5MtQbeouNNwg;Eio6hAieGTAmKgfvbEfbnXke6o5kfEd74tqHm2Z9SFjf;HfgjZDmexhFVD28Vkb1NbQwWeXP3uDcVTLPjSGHmRHhL;hKgG7iEDRFNsJSwLYqz8ETHuZwzh6qMMLow8VXa8pLm,-0.004810996563573755,0.11049723756906071,0.05455801104972369,0.2479281767955801
2026-02-25,JUP,0.1608,6675623.995487978,4366682.021182853,11042306.01667083,0.39545019080166494,1.5287634783353599,11,binance;bitget;bybit;crypto_com;gate;htx;kraken;kucoin;mexc;okx;upbit,solana,solana,5,humidifi;meteora;orca,C1MgLojNLWBKADvu9BHdtgzz1oZX4dZ5zGdGcgvvW8Wz;C8Gr6AUuq9hEdSYJzoEpNcdjpojPZwqG5MtQbeouNNwg;Eio6hAieGTAmKgfvbEfbnXke6o5kfEd74tqHm2Z9SFjf;HfgjZDmexhFVD28Vkb1NbQwWeXP3uDcVTLPjSGHmRHhL;hKgG7iEDRFNsJSwLYqz8ETHuZwzh6qMMLow8VXa8pLm,0.11049723756906071,-0.03980099502487555,0.006840796019900397,0.18159203980099514
2026-02-26,JUP,0.1544,6658628.758587054,4102153.8161513675,10760782.57473842,0.381213335336913,1.6232030920854563,11,binance;bitget;bybit;crypto_com;gate;htx;kraken;kucoin;mexc;okx;upbit,solana,solana,5,humidifi;meteora;orca,C1MgLojNLWBKADvu9BHdtgzz1oZX4dZ5zGdGcgvvW8Wz;C8Gr6AUuq9hEdSYJzoEpNcdjpojPZwqG5MtQbeouNNwg;Eio6hAieGTAmKgfvbEfbnXke6o5kfEd74tqHm2Z9SFjf;HfgjZDmexhFVD28Vkb1NbQwWeXP3uDcVTLPjSGHmRHhL;hKgG7iEDRFNsJSwLYqz8ETHuZwzh6qMMLow8VXa8pLm,-0.03980099502487555,-0.011010362694300557,0.06930051813471505,0.2091968911917097
2026-02-27,JUP,0.1527,7099143.024597663,3053216.084284105,10152359.108881768,0.3007395671822725,2.3251361281434546,11,binance;bitget;bybit;crypto_com;gate;htx;kraken;kucoin;mexc;okx;upbit,solana,solana,5,humidifi;meteora;orca,C1MgLojNLWBKADvu9BHdtgzz1oZX4dZ5zGdGcgvvW8Wz;C8Gr6AUuq9hEdSYJzoEpNcdjpojPZwqG5MtQbeouNNwg;Eio6hAieGTAmKgfvbEfbnXke6o5kfEd74tqHm2Z9SFjf;HfgjZDmexhFVD28Vkb1NbQwWeXP3uDcVTLPjSGHmRHhL;hKgG7iEDRFNsJSwLYqz8ETHuZwzh6qMMLow8VXa8pLm,-0.011010362694300557,0.06024885396201696,0.15586116568434827,0.1565160445317617
2026-02-28,JUP,0.1619,10205945.720552256,4808583.904375537,15014529.624927793,0.3202620411359482,2.1224430983236933,11,binance;bitget;bybit;crypto_com;gate;htx;kraken;kucoin;mexc;okx;upbit,solana,solana,5,humidifi;meteora;orca,C1MgLojNLWBKADvu9BHdtgzz1oZX4dZ5zGdGcgvvW8Wz;C8Gr6AUuq9hEdSYJzoEpNcdjpojPZwqG5MtQbeouNNwg;Eio6hAieGTAmKgfvbEfbnXke6o5kfEd74tqHm2Z9SFjf;HfgjZDmexhFVD28Vkb1NbQwWeXP3uDcVTLPjSGHmRHhL;hKgG7iEDRFNsJSwLYqz8ETHuZwzh6qMMLow8VXa8pLm,0.06024885396201696,0.019765287214329907,0.11612106238418796,0.05373687461395926
2026-03-01,JUP,0.1651,13854023.963057566,5799565.466354957,19653589.42941252,0.29508937729591694,2.388803789426807,11,binance;bitget;bybit;crypto_com;gate;htx;kraken;kucoin;mexc;okx;upbit,solana,solana,5,humidifi;meteora;orca,C1MgLojNLWBKADvu9BHdtgzz1oZX4dZ5zGdGcgvvW8Wz;C8Gr6AUuq9hEdSYJzoEpNcdjpojPZwqG5MtQbeouNNwg;Eio6hAieGTAmKgfvbEfbnXke6o5kfEd74tqHm2Z9SFjf;HfgjZDmexhFVD28Vkb1NbQwWeXP3uDcVTLPjSGHmRHhL;hKgG7iEDRFNsJSwLYqz8ETHuZwzh6qMMLow8VXa8pLm,0.019765287214329907,0.06904906117504539,0.1508176862507571,-0.0048455481526347155
2026-03-02,JUP,0.1765,12017772.923816456,5871646.3159369165,17889419.239753373,0.3282189453578854,2.0467467345908803,11,binance;bitget;bybit;crypto_com;gate;htx;kraken;kucoin;mexc;okx;upbit,solana,solana,5,humidifi;meteora;orca,C1MgLojNLWBKADvu9BHdtgzz1oZX4dZ5zGdGcgvvW8Wz;C8Gr6AUuq9hEdSYJzoEpNcdjpojPZwqG5MtQbeouNNwg;Eio6hAieGTAmKgfvbEfbnXke6o5kfEd74tqHm2Z9SFjf;HfgjZDmexhFVD28Vkb1NbQwWeXP3uDcVTLPjSGHmRHhL;hKgG7iEDRFNsJSwLYqz8ETHuZwzh6qMMLow8VXa8pLm,0.06904906117504539,0.023796033994334387,0.05779036827195472,-0.09235127478753535
2026-03-03,JUP,0.1807,7656266.26504444,4476679.145171735,12132945.410216175,0.36896886896089426,1.7102557535985143,11,binance;bitget;bybit;crypto_com;gate;htx;kraken;kucoin;mexc;okx;upbit,solana,solana,5,humidifi;meteora;orca,C1MgLojNLWBKADvu9BHdtgzz1oZX4dZ5zGdGcgvvW8Wz;C8Gr6AUuq9hEdSYJzoEpNcdjpojPZwqG5MtQbeouNNwg;Eio6hAieGTAmKgfvbEfbnXke6o5kfEd74tqHm2Z9SFjf;HfgjZDmexhFVD28Vkb1NbQwWeXP3uDcVTLPjSGHmRHhL;hKgG7iEDRFNsJSwLYqz8ETHuZwzh6qMMLow8VXa8pLm,0.023796033994334387,0.051466519092418395,-0.022689540675152164,-0.07360265633646934
2026-03-04,JUP,0.19,10811750.09243498,5346897.66107164,16158647.75350662,0.3309000692778453,2.0220604129288793,11,binance;bitget;bybit;crypto_com;gate;htx;kraken;kucoin;mexc;okx;upbit,solana,solana,5,humidifi;meteora;orca,C1MgLojNLWBKADvu9BHdtgzz1oZX4dZ5zGdGcgvvW8Wz;C8Gr6AUuq9hEdSYJzoEpNcdjpojPZwqG5MtQbeouNNwg;Eio6hAieGTAmKgfvbEfbnXke6o5kfEd74tqHm2Z9SFjf;HfgjZDmexhFVD28Vkb1NbQwWeXP3uDcVTLPjSGHmRHhL;hKgG7iEDRFNsJSwLYqz8ETHuZwzh6qMMLow8VXa8pLm,0.051466519092418395,-0.01736842105263159,-0.1021052631578947,-0.13105263157894742
2026-03-05,JUP,0.1867,9341990.77372042,4114828.7872409117,13456819.560961332,0.3057801859198709,2.2703230818953326,11,binance;bitget;bybit;crypto_com;gate;htx;kraken;kucoin;mexc;okx;upbit,solana,solana,5,humidifi;meteora;orca,C1MgLojNLWBKADvu9BHdtgzz1oZX4dZ5zGdGcgvvW8Wz;C8Gr6AUuq9hEdSYJzoEpNcdjpojPZwqG5MtQbeouNNwg;Eio6hAieGTAmKgfvbEfbnXke6o5kfEd74tqHm2Z9SFjf;HfgjZDmexhFVD28Vkb1NbQwWeXP3uDcVTLPjSGHmRHhL;hKgG7iEDRFNsJSwLYqz8ETHuZwzh6qMMLow8VXa8pLm,-0.01736842105263159,-0.05409748259239422,-0.1199785752544189,-0.12854847348687726
2026-03-06,JUP,0.1766,5687085.248212072,3294867.4652622594,8981952.713474331,0.3668319763384463,1.7260437052995092,11,binance;bitget;bybit;crypto_com;gate;htx;kraken;kucoin;mexc;okx;upbit,solana,solana,5,humidifi;meteora;orca,C1MgLojNLWBKADvu9BHdtgzz1oZX4dZ5zGdGcgvvW8Wz;C8Gr6AUuq9hEdSYJzoEpNcdjpojPZwqG5MtQbeouNNwg;Eio6hAieGTAmKgfvbEfbnXke6o5kfEd74tqHm2Z9SFjf;HfgjZDmexhFVD28Vkb1NbQwWeXP3uDcVTLPjSGHmRHhL;hKgG7iEDRFNsJSwLYqz8ETHuZwzh6qMMLow8VXa8pLm,-0.05409748259239422,-0.033975084937712396,-0.0928652321630804,-0.06398640996602489
2026-03-07,JUP,0.1706,2422058.4739670176,1313386.1799952316,3735444.653962249,0.3516010278996105,1.8441327545991166,11,binance;bitget;bybit;crypto_com;gate;htx;kraken;kucoin;mexc;okx;upbit,solana,solana,5,humidifi;meteora;orca,C1MgLojNLWBKADvu9BHdtgzz1oZX4dZ5zGdGcgvvW8Wz;C8Gr6AUuq9hEdSYJzoEpNcdjpojPZwqG5MtQbeouNNwg;Eio6hAieGTAmKgfvbEfbnXke6o5kfEd74tqHm2Z9SFjf;HfgjZDmexhFVD28Vkb1NbQwWeXP3uDcVTLPjSGHmRHhL;hKgG7iEDRFNsJSwLYqz8ETHuZwzh6qMMLow8VXa8pLm,-0.033975084937712396,-0.03692848769050405,-0.018757327080891062,-0.05861664712778436
2026-03-08,JUP,0.1643,4539755.607583459,1992582.7121004069,6532338.319683866,0.3050336058216958,2.278327308580352,11,binance;bitget;bybit;crypto_com;gate;htx;kraken;kucoin;mexc;okx;upbit,solana,solana,5,humidifi;meteora;orca,C1MgLojNLWBKADvu9BHdtgzz1oZX4dZ5zGdGcgvvW8Wz;C8Gr6AUuq9hEdSYJzoEpNcdjpojPZwqG5MtQbeouNNwg;Eio6hAieGTAmKgfvbEfbnXke6o5kfEd74tqHm2Z9SFjf;HfgjZDmexhFVD28Vkb1NbQwWeXP3uDcVTLPjSGHmRHhL;hKgG7iEDRFNsJSwLYqz8ETHuZwzh6qMMLow8VXa8pLm,-0.03692848769050405,-0.024954351795495988,0.004869141813755196,-0.005477784540474762
2026-03-09,JUP,0.1602,6436052.18315382,2882122.566427666,9318174.749581486,0.30930119297849756,2.2330945457087825,11,binance;bitget;bybit;crypto_com;gate;htx;kraken;kucoin;mexc;okx;upbit,solana,solana,5,humidifi;meteora;orca,C1MgLojNLWBKADvu9BHdtgzz1oZX4dZ5zGdGcgvvW8Wz;C8Gr6AUuq9hEdSYJzoEpNcdjpojPZwqG5MtQbeouNNwg;Eio6hAieGTAmKgfvbEfbnXke6o5kfEd74tqHm2Z9SFjf;HfgjZDmexhFVD28Vkb1NbQwWeXP3uDcVTLPjSGHmRHhL;hKgG7iEDRFNsJSwLYqz8ETHuZwzh6qMMLow8VXa8pLm,-0.024954351795495988,0.04494382022471899,0.015605493133582948,0.05617977528089879
2026-03-10,JUP,0.1674,13936226.869840281,6339749.139442674,20275976.009282954,0.3126729453881848,2.198230018777275,11,binance;bitget;bybit;crypto_com;gate;htx;kraken;kucoin;mexc;okx;upbit,solana,solana,5,humidifi;meteora;orca,C1MgLojNLWBKADvu9BHdtgzz1oZX4dZ5zGdGcgvvW8Wz;C8Gr6AUuq9hEdSYJzoEpNcdjpojPZwqG5MtQbeouNNwg;Eio6hAieGTAmKgfvbEfbnXke6o5kfEd74tqHm2Z9SFjf;HfgjZDmexhFVD28Vkb1NbQwWeXP3uDcVTLPjSGHmRHhL;hKgG7iEDRFNsJSwLYqz8ETHuZwzh6qMMLow8VXa8pLm,0.04494382022471899,-0.013739545997610514,-0.012544802867383464,0.028076463560334552
2026-03-11,JUP,0.1651,6119868.9599249745,2295894.570315727,8415763.530240702,0.2728088262064157,2.6655705532172504,11,binance;bitget;bybit;crypto_com;gate;htx;kraken;kucoin;mexc;okx;upbit,solana,solana,5,humidifi;meteora;orca,C1MgLojNLWBKADvu9BHdtgzz1oZX4dZ5zGdGcgvvW8Wz;C8Gr6AUuq9hEdSYJzoEpNcdjpojPZwqG5MtQbeouNNwg;Eio6hAieGTAmKgfvbEfbnXke6o5kfEd74tqHm2Z9SFjf;HfgjZDmexhFVD28Vkb1NbQwWeXP3uDcVTLPjSGHmRHhL;hKgG7iEDRFNsJSwLYqz8ETHuZwzh6qMMLow8VXa8pLm,-0.013739545997610514,-0.014536644457904258,-0.027256208358570566,-0.008479709267110724
2026-03-12,JUP,0.1627,5229237.818129545,1834493.9021966963,7063731.720326241,0.2597060555000763,2.8505070591228714,11,binance;bitget;bybit;crypto_com;gate;htx;kraken;kucoin;mexc;okx;upbit,solana,solana,5,humidifi;meteora;orca,C1MgLojNLWBKADvu9BHdtgzz1oZX4dZ5zGdGcgvvW8Wz;C8Gr6AUuq9hEdSYJzoEpNcdjpojPZwqG5MtQbeouNNwg;Eio6hAieGTAmKgfvbEfbnXke6o5kfEd74tqHm2Z9SFjf;HfgjZDmexhFVD28Vkb1NbQwWeXP3uDcVTLPjSGHmRHhL;hKgG7iEDRFNsJSwLYqz8ETHuZwzh6qMMLow8VXa8pLm,-0.014536644457904258,0.015980331899200895,0.004302397049784856,-0.018438844499078066
2026-03-13,JUP,0.1653,8737364.765566397,4107809.612355678,12845174.377922075,0.31979399356509053,2.1270130775500666,11,binance;bitget;bybit;crypto_com;gate;htx;kraken;kucoin;mexc;okx;upbit,solana,solana,5,humidifi;meteora;orca,C1MgLojNLWBKADvu9BHdtgzz1oZX4dZ5zGdGcgvvW8Wz;C8Gr6AUuq9hEdSYJzoEpNcdjpojPZwqG5MtQbeouNNwg;Eio6hAieGTAmKgfvbEfbnXke6o5kfEd74tqHm2Z9SFjf;HfgjZDmexhFVD28Vkb1NbQwWeXP3uDcVTLPjSGHmRHhL;hKgG7iEDRFNsJSwLYqz8ETHuZwzh6qMMLow8VXa8pLm,0.015980331899200895,-0.028433151845130178,0.023593466424682408,-0.034482758620689724
2026-03-14,JUP,0.1606,3411379.632257418,1714549.0653651925,5125928.69762261,0.33448554720638135,1.9896657967795204,11,binance;bitget;bybit;crypto_com;gate;htx;kraken;kucoin;mexc;okx;upbit,solana,solana,5,humidifi;meteora;orca,C1MgLojNLWBKADvu9BHdtgzz1oZX4dZ5zGdGcgvvW8Wz;C8Gr6AUuq9hEdSYJzoEpNcdjpojPZwqG5MtQbeouNNwg;Eio6hAieGTAmKgfvbEfbnXke6o5kfEd74tqHm2Z9SFjf;HfgjZDmexhFVD28Vkb1NbQwWeXP3uDcVTLPjSGHmRHhL;hKgG7iEDRFNsJSwLYqz8ETHuZwzh6qMMLow8VXa8pLm,-0.028433151845130178,0.01743462017434627,0.07160647571606482,-0.03486924034869232
2026-03-15,JUP,0.1634,4183209.9557366604,1718814.5955881048,5902024.551324765,0.2912245756758671,2.433776142275162,11,binance;bitget;bybit;crypto_com;gate;htx;kraken;kucoin;mexc;okx;upbit,solana,solana,5,humidifi;meteora;orca,C1MgLojNLWBKADvu9BHdtgzz1oZX4dZ5zGdGcgvvW8Wz;C8Gr6AUuq9hEdSYJzoEpNcdjpojPZwqG5MtQbeouNNwg;Eio6hAieGTAmKgfvbEfbnXke6o5kfEd74tqHm2Z9SFjf;HfgjZDmexhFVD28Vkb1NbQwWeXP3uDcVTLPjSGHmRHhL;hKgG7iEDRFNsJSwLYqz8ETHuZwzh6qMMLow8VXa8pLm,0.01743462017434627,0.03549571603427171,0.001835985312117705,-0.06670746634026925
2026-03-16,JUP,0.1692,10079865.974990383,3578462.5142855416,13658328.489275925,0.26199856864588034,2.8168147450897303,11,binance;bitget;bybit;crypto_com;gate;htx;kraken;kucoin;mexc;okx;upbit,solana,solana,5,humidifi;meteora;orca,C1MgLojNLWBKADvu9BHdtgzz1oZX4dZ5zGdGcgvvW8Wz;C8Gr6AUuq9hEdSYJzoEpNcdjpojPZwqG5MtQbeouNNwg;Eio6hAieGTAmKgfvbEfbnXke6o5kfEd74tqHm2Z9SFjf;HfgjZDmexhFVD28Vkb1NbQwWeXP3uDcVTLPjSGHmRHhL;hKgG7iEDRFNsJSwLYqz8ETHuZwzh6qMMLow8VXa8pLm,0.03549571603427171,0.017139479905437405,-0.056146572104018855,-0.09278959810874698
2026-03-17,JUP,0.1721,8173046.732140588,4136861.156120953,12309907.888261542,0.3360594728792222,1.975663775915622,11,binance;bitget;bybit;crypto_com;gate;htx;kraken;kucoin;mexc;okx;upbit,solana,solana,5,humidifi;meteora;orca,C1MgLojNLWBKADvu9BHdtgzz1oZX4dZ5zGdGcgvvW8Wz;C8Gr6AUuq9hEdSYJzoEpNcdjpojPZwqG5MtQbeouNNwg;Eio6hAieGTAmKgfvbEfbnXke6o5kfEd74tqHm2Z9SFjf;HfgjZDmexhFVD28Vkb1NbQwWeXP3uDcVTLPjSGHmRHhL;hKgG7iEDRFNsJSwLYqz8ETHuZwzh6qMMLow8VXa8pLm,0.017139479905437405,-0.04880883207437536,-0.0726321905868682,-0.09413131900058103
2026-03-18,JUP,0.1637,5330494.989680211,3022196.694669339,8352691.68434955,0.3618230875601494,1.763781622513959,11,binance;bitget;bybit;crypto_com;gate;htx;kraken;kucoin;mexc;okx;upbit,solana,solana,5,humidifi;meteora;orca,C1MgLojNLWBKADvu9BHdtgzz1oZX4dZ5zGdGcgvvW8Wz;C8Gr6AUuq9hEdSYJzoEpNcdjpojPZwqG5MtQbeouNNwg;Eio6hAieGTAmKgfvbEfbnXke6o5kfEd74tqHm2Z9SFjf;HfgjZDmexhFVD28Vkb1NbQwWeXP3uDcVTLPjSGHmRHhL;hKgG7iEDRFNsJSwLYqz8ETHuZwzh6qMMLow8VXa8pLm,-0.04880883207437536,-0.024434941967012902,-0.05314599877825299,-0.05314599877825299
2026-03-19,JUP,0.1597,3141274.50797122,2402448.658295682,5543723.166266902,0.43336374963930085,1.3075303387335102,11,binance;bitget;bybit;crypto_com;gate;htx;kraken;kucoin;mexc;okx;upbit,solana,solana,5,humidifi;meteora;orca,C1MgLojNLWBKADvu9BHdtgzz1oZX4dZ5zGdGcgvvW8Wz;C8Gr6AUuq9hEdSYJzoEpNcdjpojPZwqG5MtQbeouNNwg;Eio6hAieGTAmKgfvbEfbnXke6o5kfEd74tqHm2Z9SFjf;HfgjZDmexhFVD28Vkb1NbQwWeXP3uDcVTLPjSGHmRHhL;hKgG7iEDRFNsJSwLYqz8ETHuZwzh6qMMLow8VXa8pLm,-0.024434941967012902,-0.0006261740763933155,-0.04508453350031316,-0.06637445209768311
2026-03-20,JUP,0.1596,3113529.502058757,1890353.6291202644,5003883.131179022,0.37777733403514896,1.6470619328023488,11,binance;bitget;bybit;crypto_com;gate;htx;kraken;kucoin;mexc;okx;upbit,solana,solana,5,humidifi;meteora;orca,C1MgLojNLWBKADvu9BHdtgzz1oZX4dZ5zGdGcgvvW8Wz;C8Gr6AUuq9hEdSYJzoEpNcdjpojPZwqG5MtQbeouNNwg;Eio6hAieGTAmKgfvbEfbnXke6o5kfEd74tqHm2Z9SFjf;HfgjZDmexhFVD28Vkb1NbQwWeXP3uDcVTLPjSGHmRHhL;hKgG7iEDRFNsJSwLYqz8ETHuZwzh6qMMLow8VXa8pLm,-0.0006261740763933155,-0.028822055137844527,-0.038220551378446044,-0.10588972431077692
2026-03-21,JUP,0.155,2554488.9847225007,1351311.6310470516,3905800.615769552,0.3459755793962374,1.8903774126055424,11,binance;bitget;bybit;crypto_com;gate;htx;kraken;kucoin;mexc;okx;upbit,solana,solana,5,humidifi;meteora;orca,C1MgLojNLWBKADvu9BHdtgzz1oZX4dZ5zGdGcgvvW8Wz;C8Gr6AUuq9hEdSYJzoEpNcdjpojPZwqG5MtQbeouNNwg;Eio6hAieGTAmKgfvbEfbnXke6o5kfEd74tqHm2Z9SFjf;HfgjZDmexhFVD28Vkb1NbQwWeXP3uDcVTLPjSGHmRHhL;hKgG7iEDRFNsJSwLYqz8ETHuZwzh6qMMLow8VXa8pLm,-0.028822055137844527,-0.016129032258064502,0.005806451612903274,-0.06709677419354831
2026-03-22,JUP,0.1525,3017224.2878041393,2579638.648415564,5596862.936219703,0.46090795465467177,1.169630595222065,11,binance;bitget;bybit;crypto_com;gate;htx;kraken;kucoin;mexc;okx;upbit,solana,solana,5,humidifi;meteora;orca,C1MgLojNLWBKADvu9BHdtgzz1oZX4dZ5zGdGcgvvW8Wz;C8Gr6AUuq9hEdSYJzoEpNcdjpojPZwqG5MtQbeouNNwg;Eio6hAieGTAmKgfvbEfbnXke6o5kfEd74tqHm2Z9SFjf;HfgjZDmexhFVD28Vkb1NbQwWeXP3uDcVTLPjSGHmRHhL;hKgG7iEDRFNsJSwLYqz8ETHuZwzh6qMMLow8VXa8pLm,-0.016129032258064502,0.006557377049180246,0.016393442622950838,-0.06885245901639347
2026-03-23,JUP,0.1535,5261357.725065221,2628305.4521962074,7889663.177261429,0.3331327831295981,2.001806038437747,11,binance;bitget;bybit;crypto_com;gate;htx;kraken;kucoin;mexc;okx;upbit,solana,solana,5,humidifi;meteora;orca,C1MgLojNLWBKADvu9BHdtgzz1oZX4dZ5zGdGcgvvW8Wz;C8Gr6AUuq9hEdSYJzoEpNcdjpojPZwqG5MtQbeouNNwg;Eio6hAieGTAmKgfvbEfbnXke6o5kfEd74tqHm2Z9SFjf;HfgjZDmexhFVD28Vkb1NbQwWeXP3uDcVTLPjSGHmRHhL;hKgG7iEDRFNsJSwLYqz8ETHuZwzh6qMMLow8VXa8pLm,0.006557377049180246,0.015635179153094647,-0.028664495114006483,-0.015635179153094314
2026-03-24,JUP,0.1559,4507586.556731001,2533868.63182063,7041455.188551631,0.3598501394910994,1.778934590422006,11,binance;bitget;bybit;crypto_com;gate;htx;kraken;kucoin;mexc;okx;upbit,solana,solana,5,humidifi;meteora;orca,C1MgLojNLWBKADvu9BHdtgzz1oZX4dZ5zGdGcgvvW8Wz;C8Gr6AUuq9hEdSYJzoEpNcdjpojPZwqG5MtQbeouNNwg;Eio6hAieGTAmKgfvbEfbnXke6o5kfEd74tqHm2Z9SFjf;HfgjZDmexhFVD28Vkb1NbQwWeXP3uDcVTLPjSGHmRHhL;hKgG7iEDRFNsJSwLYqz8ETHuZwzh6qMMLow8VXa8pLm,0.015635179153094647,-0.0057729313662604476,-0.0846696600384863,0.01860166773572791
2026-03-25,JUP,0.155,5966386.149325435,3604641.255557496,9571027.40488293,0.3766200955310698,1.6551955455003164,11,binance;bitget;bybit;crypto_com;gate;htx;kraken;kucoin;mexc;okx;upbit,solana,solana,5,humidifi;meteora;orca,C1MgLojNLWBKADvu9BHdtgzz1oZX4dZ5zGdGcgvvW8Wz;C8Gr6AUuq9hEdSYJzoEpNcdjpojPZwqG5MtQbeouNNwg;Eio6hAieGTAmKgfvbEfbnXke6o5kfEd74tqHm2Z9SFjf;HfgjZDmexhFVD28Vkb1NbQwWeXP3uDcVTLPjSGHmRHhL;hKgG7iEDRFNsJSwLYqz8ETHuZwzh6qMMLow8VXa8pLm,-0.0057729313662604476,-0.038064516129032167,-0.06709677419354831,0.001935483870967758
2026-03-26,JUP,0.1491,6646218.729958177,3432268.4263739423,10078487.156332118,0.3405539316699446,1.9363924682836207,11,binance;bitget;bybit;crypto_com;gate;htx;kraken;kucoin;mexc;okx;upbit,solana,solana,5,humidifi;meteora;orca,C1MgLojNLWBKADvu9BHdtgzz1oZX4dZ5zGdGcgvvW8Wz;C8Gr6AUuq9hEdSYJzoEpNcdjpojPZwqG5MtQbeouNNwg;Eio6hAieGTAmKgfvbEfbnXke6o5kfEd74tqHm2Z9SFjf;HfgjZDmexhFVD28Vkb1NbQwWeXP3uDcVTLPjSGHmRHhL;hKgG7iEDRFNsJSwLYqz8ETHuZwzh6qMMLow8VXa8pLm,-0.038064516129032167,-0.04292421193829654,-0.04761904761904778,0.03890006706908111
2026-03-27,JUP,0.1427,4451021.084901937,3254604.5173706547,7705625.6022725925,0.42236733074739397,1.3676073578665862,11,binance;bitget;bybit;crypto_com;gate;htx;kraken;kucoin;mexc;okx;upbit,solana,solana,5,humidifi;meteora;orca,C1MgLojNLWBKADvu9BHdtgzz1oZX4dZ5zGdGcgvvW8Wz;C8Gr6AUuq9hEdSYJzoEpNcdjpojPZwqG5MtQbeouNNwg;Eio6hAieGTAmKgfvbEfbnXke6o5kfEd74tqHm2Z9SFjf;HfgjZDmexhFVD28Vkb1NbQwWeXP3uDcVTLPjSGHmRHhL;hKgG7iEDRFNsJSwLYqz8ETHuZwzh6qMMLow8VXa8pLm,-0.04292421193829654,0.013314646110721862,0.058864751226349155,0.14716187806587255
2026-03-28,JUP,0.1446,2108247.8711544257,1976907.4022114277,4085155.2733658534,0.48392466624227193,1.0664373398552085,11,binance;bitget;bybit;crypto_com;gate;htx;kraken;kucoin;mexc;okx;upbit,solana,solana,5,humidifi;meteora;orca,C1MgLojNLWBKADvu9BHdtgzz1oZX4dZ5zGdGcgvvW8Wz;C8Gr6AUuq9hEdSYJzoEpNcdjpojPZwqG5MtQbeouNNwg;Eio6hAieGTAmKgfvbEfbnXke6o5kfEd74tqHm2Z9SFjf;HfgjZDmexhFVD28Vkb1NbQwWeXP3uDcVTLPjSGHmRHhL;hKgG7iEDRFNsJSwLYqz8ETHuZwzh6qMMLow8VXa8pLm,0.013314646110721862,-0.017980636237897807,0.09820193637621011,0.12793914246196403
2026-03-29,JUP,0.142,4253688.732520852,2306237.2661372903,6559925.998658143,0.3515645247536389,1.8444280625320666,11,binance;bitget;bybit;crypto_com;gate;htx;kraken;kucoin;mexc;okx;upbit,solana,solana,5,humidifi;meteora;orca,C1MgLojNLWBKADvu9BHdtgzz1oZX4dZ5zGdGcgvvW8Wz;C8Gr6AUuq9hEdSYJzoEpNcdjpojPZwqG5MtQbeouNNwg;Eio6hAieGTAmKgfvbEfbnXke6o5kfEd74tqHm2Z9SFjf;HfgjZDmexhFVD28Vkb1NbQwWeXP3uDcVTLPjSGHmRHhL;hKgG7iEDRFNsJSwLYqz8ETHuZwzh6qMMLow8VXa8pLm,-0.017980636237897807,0.06408450704225377,0.0936619718309859,0.14788732394366222
2026-03-30,JUP,0.1511,5303826.661395496,4027428.351511921,9331255.012907416,0.43160628939419177,1.316926385395387,11,binance;bitget;bybit;crypto_com;gate;htx;kraken;kucoin;mexc;okx;upbit,solana,solana,5,humidifi;meteora;orca,C1MgLojNLWBKADvu9BHdtgzz1oZX4dZ5zGdGcgvvW8Wz;C8Gr6AUuq9hEdSYJzoEpNcdjpojPZwqG5MtQbeouNNwg;Eio6hAieGTAmKgfvbEfbnXke6o5kfEd74tqHm2Z9SFjf;HfgjZDmexhFVD28Vkb1NbQwWeXP3uDcVTLPjSGHmRHhL;hKgG7iEDRFNsJSwLYqz8ETHuZwzh6qMMLow8VXa8pLm,0.06408450704225377,0.05095962938451337,0.025148908007941673,0.05757776307081386
2026-03-31,JUP,0.1588,5886248.416832756,2552020.564837711,8438268.981670467,0.3024341331594415,2.3065050877468445,11,binance;bitget;bybit;crypto_com;gate;htx;kraken;kucoin;mexc;okx;upbit,solana,solana,5,humidifi;meteora;orca,C1MgLojNLWBKADvu9BHdtgzz1oZX4dZ5zGdGcgvvW8Wz;C8Gr6AUuq9hEdSYJzoEpNcdjpojPZwqG5MtQbeouNNwg;Eio6hAieGTAmKgfvbEfbnXke6o5kfEd74tqHm2Z9SFjf;HfgjZDmexhFVD28Vkb1NbQwWeXP3uDcVTLPjSGHmRHhL;hKgG7iEDRFNsJSwLYqz8ETHuZwzh6qMMLow8VXa8pLm,0.05095962938451337,-0.022040302267002487,0.03085642317380355,0.07808564231738035
2026-04-01,JUP,0.1553,10277966.62415318,8349885.4747270495,18627852.09888023,0.4482473572585957,1.2309110891714545,11,binance;bitget;bybit;crypto_com;gate;htx;kraken;kucoin;mexc;okx;upbit,solana,solana,5,humidifi;meteora;orca,C1MgLojNLWBKADvu9BHdtgzz1oZX4dZ5zGdGcgvvW8Wz;C8Gr6AUuq9hEdSYJzoEpNcdjpojPZwqG5MtQbeouNNwg;Eio6hAieGTAmKgfvbEfbnXke6o5kfEd74tqHm2Z9SFjf;HfgjZDmexhFVD28Vkb1NbQwWeXP3uDcVTLPjSGHmRHhL;hKgG7iEDRFNsJSwLYqz8ETHuZwzh6qMMLow8VXa8pLm,-0.022040302267002487,-0.0025756600128782337,0.05022537025112683,0.030907920154539692
2026-04-02,JUP,0.1549,5667626.961764016,3129812.59550642,8797439.557270436,0.35576403510722165,1.810851860555876,11,binance;bitget;bybit;crypto_com;gate;htx;kraken;kucoin;mexc;okx;upbit,solana,solana,5,humidifi;meteora;orca,C1MgLojNLWBKADvu9BHdtgzz1oZX4dZ5zGdGcgvvW8Wz;C8Gr6AUuq9hEdSYJzoEpNcdjpojPZwqG5MtQbeouNNwg;Eio6hAieGTAmKgfvbEfbnXke6o5kfEd74tqHm2Z9SFjf;HfgjZDmexhFVD28Vkb1NbQwWeXP3uDcVTLPjSGHmRHhL;hKgG7iEDRFNsJSwLYqz8ETHuZwzh6qMMLow8VXa8pLm,-0.0025756600128782337,0.05681084570690764,0.05229180116203991,0.04196255648805658
2026-04-03,JUP,0.1637,6363579.33892561,3239403.2471302636,9602982.586055875,0.3373330335758473,1.964429511689539,11,binance;bitget;bybit;crypto_com;gate;htx;kraken;kucoin;mexc;okx;upbit,solana,solana,5,humidifi;meteora;orca,C1MgLojNLWBKADvu9BHdtgzz1oZX4dZ5zGdGcgvvW8Wz;C8Gr6AUuq9hEdSYJzoEpNcdjpojPZwqG5MtQbeouNNwg;Eio6hAieGTAmKgfvbEfbnXke6o5kfEd74tqHm2Z9SFjf;HfgjZDmexhFVD28Vkb1NbQwWeXP3uDcVTLPjSGHmRHhL;hKgG7iEDRFNsJSwLYqz8ETHuZwzh6qMMLow8VXa8pLm,0.05681084570690764,-0.0036652412950520796,-0.023824068417837574,0.01588271227855831
2026-04-04,JUP,0.1631,1978036.2894739148,1719538.5225854162,3697574.8120593308,0.46504495784028094,1.1503297329447633,11,binance;bitget;bybit;crypto_com;gate;htx;kraken;kucoin;mexc;okx;upbit,solana,solana,5,humidifi;meteora;orca,C1MgLojNLWBKADvu9BHdtgzz1oZX4dZ5zGdGcgvvW8Wz;C8Gr6AUuq9hEdSYJzoEpNcdjpojPZwqG5MtQbeouNNwg;Eio6hAieGTAmKgfvbEfbnXke6o5kfEd74tqHm2Z9SFjf;HfgjZDmexhFVD28Vkb1NbQwWeXP3uDcVTLPjSGHmRHhL;hKgG7iEDRFNsJSwLYqz8ETHuZwzh6qMMLow8VXa8pLm,-0.0036652412950520796,-0.0006131207847945852,0.049662783568362956,0.01594114040465966
2026-04-05,JUP,0.163,2151317.3325406387,1970333.441758484,4121650.774299123,0.4780447324757966,1.091854448057599,11,binance;bitget;bybit;crypto_com;gate;htx;kraken;kucoin;mexc;okx;upbit,solana,solana,5,humidifi;meteora;orca,C1MgLojNLWBKADvu9BHdtgzz1oZX4dZ5zGdGcgvvW8Wz;C8Gr6AUuq9hEdSYJzoEpNcdjpojPZwqG5MtQbeouNNwg;Eio6hAieGTAmKgfvbEfbnXke6o5kfEd74tqHm2Z9SFjf;HfgjZDmexhFVD28Vkb1NbQwWeXP3uDcVTLPjSGHmRHhL;hKgG7iEDRFNsJSwLYqz8ETHuZwzh6qMMLow8VXa8pLm,-0.0006131207847945852,-0.019631901840490795,-0.017791411042944905,-0.016564417177914126
2026-04-06,JUP,0.1598,3116492.335152464,2419025.6298178714,5535517.964970335,0.43700077303079166,1.2883254715193344,11,binance;bitget;bybit;crypto_com;gate;htx;kraken;kucoin;mexc;okx;upbit,solana,solana,5,humidifi;meteora;orca,C1MgLojNLWBKADvu9BHdtgzz1oZX4dZ5zGdGcgvvW8Wz;C8Gr6AUuq9hEdSYJzoEpNcdjpojPZwqG5MtQbeouNNwg;Eio6hAieGTAmKgfvbEfbnXke6o5kfEd74tqHm2Z9SFjf;HfgjZDmexhFVD28Vkb1NbQwWeXP3uDcVTLPjSGHmRHhL;hKgG7iEDRFNsJSwLYqz8ETHuZwzh6qMMLow8VXa8pLm,-0.019631901840490795,0.07133917396745937,0.01001251564455563,0.07133917396745937
2026-04-07,JUP,0.1712,5940424.185755587,4874100.483638953,10814524.669394542,0.4506994650844727,1.2187734343384993,11,binance;bitget;bybit;crypto_com;gate;htx;kraken;kucoin;mexc;okx;upbit,solana,solana,5,humidifi;meteora;orca,C1MgLojNLWBKADvu9BHdtgzz1oZX4dZ5zGdGcgvvW8Wz;C8Gr6AUuq9hEdSYJzoEpNcdjpojPZwqG5MtQbeouNNwg;Eio6hAieGTAmKgfvbEfbnXke6o5kfEd74tqHm2Z9SFjf;HfgjZDmexhFVD28Vkb1NbQwWeXP3uDcVTLPjSGHmRHhL;hKgG7iEDRFNsJSwLYqz8ETHuZwzh6qMMLow8VXa8pLm,0.07133917396745937,-0.06483644859813087,-0.028621495327102786,-0.03621495327102797
2026-04-08,JUP,0.1601,4802058.547881185,3876702.913912085,8678761.46179327,0.4466884970832061,1.238696555944056,11,binance;bitget;bybit;crypto_com;gate;htx;kraken;kucoin;mexc;okx;upbit,solana,solana,5,humidifi;meteora;orca,C1MgLojNLWBKADvu9BHdtgzz1oZX4dZ5zGdGcgvvW8Wz;C8Gr6AUuq9hEdSYJzoEpNcdjpojPZwqG5MtQbeouNNwg;Eio6hAieGTAmKgfvbEfbnXke6o5kfEd74tqHm2Z9SFjf;HfgjZDmexhFVD28Vkb1NbQwWeXP3uDcVTLPjSGHmRHhL;hKgG7iEDRFNsJSwLYqz8ETHuZwzh6qMMLow8VXa8pLm,-0.06483644859813087,0.008119925046845777,0.034978138663335434,0.057464084946908356
2026-04-09,JUP,0.1614,4120173.0237757275,2703923.03429485,6824096.058070578,0.39623167834764456,1.5237759993602102,11,binance;bitget;bybit;crypto_com;gate;htx;kraken;kucoin;mexc;okx;upbit,solana,solana,5,humidifi;meteora;orca,C1MgLojNLWBKADvu9BHdtgzz1oZX4dZ5zGdGcgvvW8Wz;C8Gr6AUuq9hEdSYJzoEpNcdjpojPZwqG5MtQbeouNNwg;Eio6hAieGTAmKgfvbEfbnXke6o5kfEd74tqHm2Z9SFjf;HfgjZDmexhFVD28Vkb1NbQwWeXP3uDcVTLPjSGHmRHhL;hKgG7iEDRFNsJSwLYqz8ETHuZwzh6qMMLow8VXa8pLm,0.008119925046845777,0.030359355638166052,-0.006815365551424923,0.1177199504337052
2026-04-10,JUP,0.1663,4725243.934658315,4107542.776084837,8832786.710743152,0.4650336196943271,1.1503821608797093,11,binance;bitget;bybit;crypto_com;gate;htx;kraken;kucoin;mexc;okx;upbit,solana,solana,5,humidifi;meteora;orca,C1MgLojNLWBKADvu9BHdtgzz1oZX4dZ5zGdGcgvvW8Wz;C8Gr6AUuq9hEdSYJzoEpNcdjpojPZwqG5MtQbeouNNwg;Eio6hAieGTAmKgfvbEfbnXke6o5kfEd74tqHm2Z9SFjf;HfgjZDmexhFVD28Vkb1NbQwWeXP3uDcVTLPjSGHmRHhL;hKgG7iEDRFNsJSwLYqz8ETHuZwzh6qMMLow8VXa8pLm,0.030359355638166052,-0.0036079374624173877,0.02946482260974137,0.1118460613349368
2026-04-11,JUP,0.1657,4047476.941427511,3040574.0898948917,7088051.031322403,0.42897181135667106,1.3311555060864926,11,binance;bitget;bybit;crypto_com;gate;htx;kraken;kucoin;mexc;okx;upbit,solana,solana,5,humidifi;meteora;orca,C1MgLojNLWBKADvu9BHdtgzz1oZX4dZ5zGdGcgvvW8Wz;C8Gr6AUuq9hEdSYJzoEpNcdjpojPZwqG5MtQbeouNNwg;Eio6hAieGTAmKgfvbEfbnXke6o5kfEd74tqHm2Z9SFjf;HfgjZDmexhFVD28Vkb1NbQwWeXP3uDcVTLPjSGHmRHhL;hKgG7iEDRFNsJSwLYqz8ETHuZwzh6qMMLow8VXa8pLm,-0.0036079374624173877,-0.032589016294508055,-0.004224502112250894,0.0802655401327701
2026-04-12,JUP,0.1603,3581575.6714143814,2534793.749309065,6116369.420723446,0.4144278369976627,1.412965324058673,11,binance;bitget;bybit;crypto_com;gate;htx;kraken;kucoin;mexc;okx;upbit,solana,solana,5,humidifi;meteora;orca,C1MgLojNLWBKADvu9BHdtgzz1oZX4dZ5zGdGcgvvW8Wz;C8Gr6AUuq9hEdSYJzoEpNcdjpojPZwqG5MtQbeouNNwg;Eio6hAieGTAmKgfvbEfbnXke6o5kfEd74tqHm2Z9SFjf;HfgjZDmexhFVD28Vkb1NbQwWeXP3uDcVTLPjSGHmRHhL;hKgG7iEDRFNsJSwLYqz8ETHuZwzh6qMMLow8VXa8pLm,-0.032589016294508055,0.06799750467872734,0.0561447286338117,0.05240174672489073
2026-04-13,JUP,0.1712,4619743.421393265,3487296.4088967433,8107039.830290008,0.4301565653923763,1.324734946420797,11,binance;bitget;bybit;crypto_com;gate;htx;kraken;kucoin;mexc;okx;upbit,solana,solana,5,humidifi;meteora;orca,C1MgLojNLWBKADvu9BHdtgzz1oZX4dZ5zGdGcgvvW8Wz;C8Gr6AUuq9hEdSYJzoEpNcdjpojPZwqG5MtQbeouNNwg;Eio6hAieGTAmKgfvbEfbnXke6o5kfEd74tqHm2Z9SFjf;HfgjZDmexhFVD28Vkb1NbQwWeXP3uDcVTLPjSGHmRHhL;hKgG7iEDRFNsJSwLYqz8ETHuZwzh6qMMLow8VXa8pLm,0.06799750467872734,-0.03621495327102797,0.053738317757009435,-0.012850467289719503
2026-04-14,JUP,0.165,5212201.912661525,3584800.7769235075,8797002.689585034,0.40750252141762244,1.4539725460377357,11,binance;bitget;bybit;crypto_com;gate;htx;kraken;kucoin;mexc;okx;upbit,solana,solana,5,humidifi;meteora;orca,C1MgLojNLWBKADvu9BHdtgzz1oZX4dZ5zGdGcgvvW8Wz;C8Gr6AUuq9hEdSYJzoEpNcdjpojPZwqG5MtQbeouNNwg;Eio6hAieGTAmKgfvbEfbnXke6o5kfEd74tqHm2Z9SFjf;HfgjZDmexhFVD28Vkb1NbQwWeXP3uDcVTLPjSGHmRHhL;hKgG7iEDRFNsJSwLYqz8ETHuZwzh6qMMLow8VXa8pLm,-0.03621495327102797,0.026060606060606117,0.1206060606060606,0.04363636363636347
2026-04-15,JUP,0.1693,3826396.152138488,2295565.3004639163,6121961.452602404,0.3749721912228126,1.6668644326367899,11,binance;bitget;bybit;crypto_com;gate;htx;kraken;kucoin;mexc;okx;upbit,solana,solana,5,humidifi;meteora;orca,C1MgLojNLWBKADvu9BHdtgzz1oZX4dZ5zGdGcgvvW8Wz;C8Gr6AUuq9hEdSYJzoEpNcdjpojPZwqG5MtQbeouNNwg;Eio6hAieGTAmKgfvbEfbnXke6o5kfEd74tqHm2Z9SFjf;HfgjZDmexhFVD28Vkb1NbQwWeXP3uDcVTLPjSGHmRHhL;hKgG7iEDRFNsJSwLYqz8ETHuZwzh6qMMLow8VXa8pLm,0.026060606060606117,0.06556408741878328,0.057294743059657316,0.015357353809805074
2026-04-16,JUP,0.1804,7012582.7631637,4333566.326449703,11346149.089613404,0.3819415990590831,1.6182013230910428,11,binance;bitget;bybit;crypto_com;gate;htx;kraken;kucoin;mexc;okx;upbit,solana,solana,5,humidifi;meteora;orca,C1MgLojNLWBKADvu9BHdtgzz1oZX4dZ5zGdGcgvvW8Wz;C8Gr6AUuq9hEdSYJzoEpNcdjpojPZwqG5MtQbeouNNwg;Eio6hAieGTAmKgfvbEfbnXke6o5kfEd74tqHm2Z9SFjf;HfgjZDmexhFVD28Vkb1NbQwWeXP3uDcVTLPjSGHmRHhL;hKgG7iEDRFNsJSwLYqz8ETHuZwzh6qMMLow8VXa8pLm,0.06556408741878328,0.02494456762749442,-0.06485587583148567,-0.03991130820399125
2026-04-17,JUP,0.1849,10992874.832705343,4303690.23665953,15296565.069364872,0.28135010815458994,2.5542904410420286,11,binance;bitget;bybit;crypto_com;gate;htx;kraken;kucoin;mexc;okx;upbit,solana,solana,5,humidifi;meteora;orca,C1MgLojNLWBKADvu9BHdtgzz1oZX4dZ5zGdGcgvvW8Wz;C8Gr6AUuq9hEdSYJzoEpNcdjpojPZwqG5MtQbeouNNwg;Eio6hAieGTAmKgfvbEfbnXke6o5kfEd74tqHm2Z9SFjf;HfgjZDmexhFVD28Vkb1NbQwWeXP3uDcVTLPjSGHmRHhL;hKgG7iEDRFNsJSwLYqz8ETHuZwzh6qMMLow8VXa8pLm,0.02494456762749442,-0.03190914007571666,-0.08599242833964305,-0.06165494862087628
2026-04-18,JUP,0.179,5506494.311421965,2177912.4217577484,7684406.733179714,0.2834197222218812,2.5283359681551323,11,binance;bitget;bybit;crypto_com;gate;htx;kraken;kucoin;mexc;okx;upbit,solana,solana,5,humidifi;meteora;orca,C1MgLojNLWBKADvu9BHdtgzz1oZX4dZ5zGdGcgvvW8Wz;C8Gr6AUuq9hEdSYJzoEpNcdjpojPZwqG5MtQbeouNNwg;Eio6hAieGTAmKgfvbEfbnXke6o5kfEd74tqHm2Z9SFjf;HfgjZDmexhFVD28Vkb1NbQwWeXP3uDcVTLPjSGHmRHhL;hKgG7iEDRFNsJSwLYqz8ETHuZwzh6qMMLow8VXa8pLm,-0.03190914007571666,-0.057541899441340805,-0.03798882681564242,-0.033519553072625774
2026-04-19,JUP,0.1687,5573902.694272771,2057688.7320590762,7631591.426331847,0.26962773779519694,2.708817231406574,11,binance;bitget;bybit;crypto_com;gate;htx;kraken;kucoin;mexc;okx;upbit,solana,solana,5,humidifi;meteora;orca,C1MgLojNLWBKADvu9BHdtgzz1oZX4dZ5zGdGcgvvW8Wz;C8Gr6AUuq9hEdSYJzoEpNcdjpojPZwqG5MtQbeouNNwg;Eio6hAieGTAmKgfvbEfbnXke6o5kfEd74tqHm2Z9SFjf;HfgjZDmexhFVD28Vkb1NbQwWeXP3uDcVTLPjSGHmRHhL;hKgG7iEDRFNsJSwLYqz8ETHuZwzh6qMMLow8VXa8pLm,-0.057541899441340805,0.001778304682869214,0.018968583283936136,0.08358032009484284
2026-04-20,JUP,0.169,4169044.6828324394,2758217.9624169595,6927262.645249398,0.39816852682906423,1.511499359238168,11,binance;bitget;bybit;crypto_com;gate;htx;kraken;kucoin;mexc;okx;upbit,solana,solana,5,humidifi;meteora;orca,C1MgLojNLWBKADvu9BHdtgzz1oZX4dZ5zGdGcgvvW8Wz;C8Gr6AUuq9hEdSYJzoEpNcdjpojPZwqG5MtQbeouNNwg;Eio6hAieGTAmKgfvbEfbnXke6o5kfEd74tqHm2Z9SFjf;HfgjZDmexhFVD28Vkb1NbQwWeXP3uDcVTLPjSGHmRHhL;hKgG7iEDRFNsJSwLYqz8ETHuZwzh6qMMLow8VXa8pLm,0.001778304682869214,0.01893491124260338,0.02485207100591702,0.1532544378698224
2026-04-21,JUP,0.1722,4689254.907778363,3110096.956662401,7799351.864440763,0.39876351403532995,1.5077520003783529,11,binance;bitget;bybit;crypto_com;gate;htx;kraken;kucoin;mexc;okx;upbit,solana,solana,5,humidifi;meteora;orca,C1MgLojNLWBKADvu9BHdtgzz1oZX4dZ5zGdGcgvvW8Wz;C8Gr6AUuq9hEdSYJzoEpNcdjpojPZwqG5MtQbeouNNwg;Eio6hAieGTAmKgfvbEfbnXke6o5kfEd74tqHm2Z9SFjf;HfgjZDmexhFVD28Vkb1NbQwWeXP3uDcVTLPjSGHmRHhL;hKgG7iEDRFNsJSwLYqz8ETHuZwzh6qMMLow8VXa8pLm,0.01893491124260338,-0.0017421602787456303,0.007549361207897842,0.09639953542392576
2026-04-22,JUP,0.1719,4104187.245942751,3236028.3301052274,7340215.576047978,0.44086284613557997,1.2682791456925513,11,binance;bitget;bybit;crypto_com;gate;htx;kraken;kucoin;mexc;okx;upbit,solana,solana,5,humidifi;meteora;orca,C1MgLojNLWBKADvu9BHdtgzz1oZX4dZ5zGdGcgvvW8Wz;C8Gr6AUuq9hEdSYJzoEpNcdjpojPZwqG5MtQbeouNNwg;Eio6hAieGTAmKgfvbEfbnXke6o5kfEd74tqHm2Z9SFjf;HfgjZDmexhFVD28Vkb1NbQwWeXP3uDcVTLPjSGHmRHhL;hKgG7iEDRFNsJSwLYqz8ETHuZwzh6qMMLow8VXa8pLm,-0.0017421602787456303,0.0075625363583478045,0.006399069226294296,0.06050029086678288
2026-04-23,JUP,0.1732,4586924.535096456,2260291.6127453726,6847216.147841829,0.3301037332460715,2.029350774577769,11,binance;bitget;bybit;crypto_com;gate;htx;kraken;kucoin;mexc;okx;upbit,solana,solana,5,humidifi;meteora;orca,C1MgLojNLWBKADvu9BHdtgzz1oZX4dZ5zGdGcgvvW8Wz;C8Gr6AUuq9hEdSYJzoEpNcdjpojPZwqG5MtQbeouNNwg;Eio6hAieGTAmKgfvbEfbnXke6o5kfEd74tqHm2Z9SFjf;HfgjZDmexhFVD28Vkb1NbQwWeXP3uDcVTLPjSGHmRHhL;hKgG7iEDRFNsJSwLYqz8ETHuZwzh6qMMLow8VXa8pLm,0.0075625363583478045,0.0017321016166280678,0.0554272517321015,0.039838337182448225
2026-04-24,JUP,0.1735,3846786.989728549,1680904.8189274655,5527691.8086560145,0.3040880130645625,2.2885216024206936,11,binance;bitget;bybit;crypto_com;gate;htx;kraken;kucoin;mexc;okx;upbit,solana,solana,5,humidifi;meteora;orca,C1MgLojNLWBKADvu9BHdtgzz1oZX4dZ5zGdGcgvvW8Wz;C8Gr6AUuq9hEdSYJzoEpNcdjpojPZwqG5MtQbeouNNwg;Eio6hAieGTAmKgfvbEfbnXke6o5kfEd74tqHm2Z9SFjf;HfgjZDmexhFVD28Vkb1NbQwWeXP3uDcVTLPjSGHmRHhL;hKgG7iEDRFNsJSwLYqz8ETHuZwzh6qMMLow8VXa8pLm,0.0017321016166280678,-0.0028818443804035088,0.12334293948126795,0.03112391930835745
2026-04-25,JUP,0.173,2959515.4328312473,1579090.0123509844,4538605.445182232,0.347924055400586,1.874190457594659,11,binance;bitget;bybit;crypto_com;gate;htx;kraken;kucoin;mexc;okx;upbit,solana,solana,5,humidifi;meteora;orca,C1MgLojNLWBKADvu9BHdtgzz1oZX4dZ5zGdGcgvvW8Wz;C8Gr6AUuq9hEdSYJzoEpNcdjpojPZwqG5MtQbeouNNwg;Eio6hAieGTAmKgfvbEfbnXke6o5kfEd74tqHm2Z9SFjf;HfgjZDmexhFVD28Vkb1NbQwWeXP3uDcVTLPjSGHmRHhL;hKgG7iEDRFNsJSwLYqz8ETHuZwzh6qMMLow8VXa8pLm,-0.0028818443804035088,0.05664739884393066,0.09132947976878625,0.043352601156069426
2026-04-26,JUP,0.1828,9685319.998747684,2952486.471169753,12637806.469917437,0.23362333314707276,3.2803943704136374,11,binance;bitget;bybit;crypto_com;gate;htx;kraken;kucoin;mexc;okx;upbit,solana,solana,5,humidifi;meteora;orca,C1MgLojNLWBKADvu9BHdtgzz1oZX4dZ5zGdGcgvvW8Wz;C8Gr6AUuq9hEdSYJzoEpNcdjpojPZwqG5MtQbeouNNwg;Eio6hAieGTAmKgfvbEfbnXke6o5kfEd74tqHm2Z9SFjf;HfgjZDmexhFVD28Vkb1NbQwWeXP3uDcVTLPjSGHmRHhL;hKgG7iEDRFNsJSwLYqz8ETHuZwzh6qMMLow8VXa8pLm,0.05664739884393066,0.06619256017505482,-0.00273522975929974,-0.030087527352297472
2026-04-27,JUP,0.1949,21430518.82751257,5668132.390937243,27098651.218449812,0.2091665871206962,3.780878312189347,11,binance;bitget;bybit;crypto_com;gate;htx;kraken;kucoin;mexc;okx;upbit,solana,solana,5,humidifi;meteora;orca,C1MgLojNLWBKADvu9BHdtgzz1oZX4dZ5zGdGcgvvW8Wz;C8Gr6AUuq9hEdSYJzoEpNcdjpojPZwqG5MtQbeouNNwg;Eio6hAieGTAmKgfvbEfbnXke6o5kfEd74tqHm2Z9SFjf;HfgjZDmexhFVD28Vkb1NbQwWeXP3uDcVTLPjSGHmRHhL;hKgG7iEDRFNsJSwLYqz8ETHuZwzh6qMMLow8VXa8pLm,0.06619256017505482,-0.031298101590559235,-0.07593637762955352,-0.08619805028219596
2026-04-28,JUP,0.1888,9566718.686413506,5037258.219991255,14603976.90640476,0.34492373223228673,1.89919163731696,11,binance;bitget;bybit;crypto_com;gate;htx;kraken;kucoin;mexc;okx;upbit,solana,solana,5,humidifi;meteora;orca,C1MgLojNLWBKADvu9BHdtgzz1oZX4dZ5zGdGcgvvW8Wz;C8Gr6AUuq9hEdSYJzoEpNcdjpojPZwqG5MtQbeouNNwg;Eio6hAieGTAmKgfvbEfbnXke6o5kfEd74tqHm2Z9SFjf;HfgjZDmexhFVD28Vkb1NbQwWeXP3uDcVTLPjSGHmRHhL;hKgG7iEDRFNsJSwLYqz8ETHuZwzh6qMMLow8VXa8pLm,-0.031298101590559235,-0.03442796610169496,-0.052436440677966045,0.014830508474576343
2026-04-29,JUP,0.1823,7921385.992521831,3114527.611477722,11035913.603999553,0.2822174695485998,2.543366757555712,11,binance;bitget;bybit;crypto_com;gate;htx;kraken;kucoin;mexc;okx;upbit,solana,solana,5,humidifi;meteora;orca,C1MgLojNLWBKADvu9BHdtgzz1oZX4dZ5zGdGcgvvW8Wz;C8Gr6AUuq9hEdSYJzoEpNcdjpojPZwqG5MtQbeouNNwg;Eio6hAieGTAmKgfvbEfbnXke6o5kfEd74tqHm2Z9SFjf;HfgjZDmexhFVD28Vkb1NbQwWeXP3uDcVTLPjSGHmRHhL;hKgG7iEDRFNsJSwLYqz8ETHuZwzh6qMMLow8VXa8pLm,-0.03442796610169496,-0.012068019747668579,-0.009873834339001575,0.09051014810751523
2026-04-30,JUP,0.1801,5119431.512834297,1611474.8259498172,6730906.3387841135,0.23941424005031062,3.1768609911835632,11,binance;bitget;bybit;crypto_com;gate;htx;kraken;kucoin;mexc;okx;upbit,solana,solana,5,humidifi;meteora;orca,C1MgLojNLWBKADvu9BHdtgzz1oZX4dZ5zGdGcgvvW8Wz;C8Gr6AUuq9hEdSYJzoEpNcdjpojPZwqG5MtQbeouNNwg;Eio6hAieGTAmKgfvbEfbnXke6o5kfEd74tqHm2Z9SFjf;HfgjZDmexhFVD28Vkb1NbQwWeXP3uDcVTLPjSGHmRHhL;hKgG7iEDRFNsJSwLYqz8ETHuZwzh6qMMLow8VXa8pLm,-0.012068019747668579,-0.006662965019433642,-0.015546918378678498,0.1438089950027761
2026-05-01,JUP,0.1789,4987994.221889678,2800814.1858875076,7788808.4077771865,0.35959469526697724,1.7809086539988044,11,binance;bitget;bybit;crypto_com;gate;htx;kraken;kucoin;mexc;okx;upbit,solana,solana,5,humidifi;meteora;orca,C1MgLojNLWBKADvu9BHdtgzz1oZX4dZ5zGdGcgvvW8Wz;C8Gr6AUuq9hEdSYJzoEpNcdjpojPZwqG5MtQbeouNNwg;Eio6hAieGTAmKgfvbEfbnXke6o5kfEd74tqHm2Z9SFjf;HfgjZDmexhFVD28Vkb1NbQwWeXP3uDcVTLPjSGHmRHhL;hKgG7iEDRFNsJSwLYqz8ETHuZwzh6qMMLow8VXa8pLm,-0.006662965019433642,0.008943543879261995,-0.004471771939630997,0.3655673560648407
2026-05-02,JUP,0.1805,3458282.894729642,2602140.465050527,6060423.359780169,0.4293661202482255,1.329014686631258,11,binance;bitget;bybit;crypto_com;gate;htx;kraken;kucoin;mexc;okx;upbit,solana,solana,5,humidifi;meteora;orca,C1MgLojNLWBKADvu9BHdtgzz1oZX4dZ5zGdGcgvvW8Wz;C8Gr6AUuq9hEdSYJzoEpNcdjpojPZwqG5MtQbeouNNwg;Eio6hAieGTAmKgfvbEfbnXke6o5kfEd74tqHm2Z9SFjf;HfgjZDmexhFVD28Vkb1NbQwWeXP3uDcVTLPjSGHmRHhL;hKgG7iEDRFNsJSwLYqz8ETHuZwzh6qMMLow8VXa8pLm,0.008943543879261995,-0.017728531855955576,0.061495844875346206,0.38116343490304705
2026-05-03,JUP,0.1773,3851262.076560392,2123155.4888254665,5974417.5653858585,0.3553744721705508,1.8139331277573634,11,binance;bitget;bybit;crypto_com;gate;htx;kraken;kucoin;mexc;okx;upbit,solana,solana,5,humidifi;meteora;orca,C1MgLojNLWBKADvu9BHdtgzz1oZX4dZ5zGdGcgvvW8Wz;C8Gr6AUuq9hEdSYJzoEpNcdjpojPZwqG5MtQbeouNNwg;Eio6hAieGTAmKgfvbEfbnXke6o5kfEd74tqHm2Z9SFjf;HfgjZDmexhFVD28Vkb1NbQwWeXP3uDcVTLPjSGHmRHhL;hKgG7iEDRFNsJSwLYqz8ETHuZwzh6qMMLow8VXa8pLm,-0.017728531855955576,0.00451212633953757,0.12126339537507036,0.494077834179357
2026-05-04,JUP,0.1781,5866215.145085838,1955433.3853323206,7821648.5304181585,0.2500027171673207,2.9999565257953753,11,binance;bitget;bybit;crypto_com;gate;htx;kraken;kucoin;mexc;okx;upbit,solana,solana,5,humidifi;meteora;orca,C1MgLojNLWBKADvu9BHdtgzz1oZX4dZ5zGdGcgvvW8Wz;C8Gr6AUuq9hEdSYJzoEpNcdjpojPZwqG5MtQbeouNNwg;Eio6hAieGTAmKgfvbEfbnXke6o5kfEd74tqHm2Z9SFjf;HfgjZDmexhFVD28Vkb1NbQwWeXP3uDcVTLPjSGHmRHhL;hKgG7iEDRFNsJSwLYqz8ETHuZwzh6qMMLow8VXa8pLm,0.00451212633953757,0.07580011229646266,0.1566535654126895,0.40707467714766965
2026-05-05,JUP,0.1916,17905799.09900492,6016420.724781279,23922219.8237862,0.2514992659167469,2.976154746833445,11,binance;bitget;bybit;crypto_com;gate;htx;kraken;kucoin;mexc;okx;upbit,solana,solana,5,humidifi;meteora;orca,C1MgLojNLWBKADvu9BHdtgzz1oZX4dZ5zGdGcgvvW8Wz;C8Gr6AUuq9hEdSYJzoEpNcdjpojPZwqG5MtQbeouNNwg;Eio6hAieGTAmKgfvbEfbnXke6o5kfEd74tqHm2Z9SFjf;HfgjZDmexhFVD28Vkb1NbQwWeXP3uDcVTLPjSGHmRHhL;hKgG7iEDRFNsJSwLYqz8ETHuZwzh6qMMLow8VXa8pLm,0.07580011229646266,0.03757828810020891,0.27505219206680587,0.21085594989561596
2026-05-06,JUP,0.1988,25365561.952992216,7120299.872006058,32485861.824998274,0.21918149841193066,3.562428887681914,11,binance;bitget;bybit;crypto_com;gate;htx;kraken;kucoin;mexc;okx;upbit,solana,solana,5,humidifi;meteora;orca,C1MgLojNLWBKADvu9BHdtgzz1oZX4dZ5zGdGcgvvW8Wz;C8Gr6AUuq9hEdSYJzoEpNcdjpojPZwqG5MtQbeouNNwg;Eio6hAieGTAmKgfvbEfbnXke6o5kfEd74tqHm2Z9SFjf;HfgjZDmexhFVD28Vkb1NbQwWeXP3uDcVTLPjSGHmRHhL;hKgG7iEDRFNsJSwLYqz8ETHuZwzh6qMMLow8VXa8pLm,0.03757828810020891,0.03621730382293764,0.2540241448692153,0.11971830985915477
2026-05-07,JUP,0.206,23335913.501639947,6741779.0181788625,30077692.51981881,0.224145486351274,3.4613880755681623,11,binance;bitget;bybit;crypto_com;gate;htx;kraken;kucoin;mexc;okx;upbit,solana,solana,5,humidifi;meteora;orca,C1MgLojNLWBKADvu9BHdtgzz1oZX4dZ5zGdGcgvvW8Wz;C8Gr6AUuq9hEdSYJzoEpNcdjpojPZwqG5MtQbeouNNwg;Eio6hAieGTAmKgfvbEfbnXke6o5kfEd74tqHm2Z9SFjf;HfgjZDmexhFVD28Vkb1NbQwWeXP3uDcVTLPjSGHmRHhL;hKgG7iEDRFNsJSwLYqz8ETHuZwzh6qMMLow8VXa8pLm,0.03621730382293764,0.18592233009708736,0.2859223300970877,0.09174757281553392
2026-05-08,JUP,0.2443,38924926.68344012,7179067.48505543,46103994.16849555,0.15571465367660345,5.422003173040179,11,binance;bitget;bybit;crypto_com;gate;htx;kraken;kucoin;mexc;okx;upbit,solana,solana,5,humidifi;meteora;orca,C1MgLojNLWBKADvu9BHdtgzz1oZX4dZ5zGdGcgvvW8Wz;C8Gr6AUuq9hEdSYJzoEpNcdjpojPZwqG5MtQbeouNNwg;Eio6hAieGTAmKgfvbEfbnXke6o5kfEd74tqHm2Z9SFjf;HfgjZDmexhFVD28Vkb1NbQwWeXP3uDcVTLPjSGHmRHhL;hKgG7iEDRFNsJSwLYqz8ETHuZwzh6qMMLow8VXa8pLm,0.18592233009708736,0.020466639377814122,0.025787965616045794,-0.1383544821940237
2026-05-09,JUP,0.2493,44969213.26026341,8470411.512039484,53439624.772302896,0.1585043223662303,5.308976216367538,11,binance;bitget;bybit;crypto_com;gate;htx;kraken;kucoin;mexc;okx;upbit,solana,solana,5,humidifi;meteora;orca,C1MgLojNLWBKADvu9BHdtgzz1oZX4dZ5zGdGcgvvW8Wz;C8Gr6AUuq9hEdSYJzoEpNcdjpojPZwqG5MtQbeouNNwg;Eio6hAieGTAmKgfvbEfbnXke6o5kfEd74tqHm2Z9SFjf;HfgjZDmexhFVD28Vkb1NbQwWeXP3uDcVTLPjSGHmRHhL;hKgG7iEDRFNsJSwLYqz8ETHuZwzh6qMMLow8VXa8pLm,0.020466639377814122,0.0625752105896511,-0.06939430405134372,-0.20296831127156045
2026-05-10,JUP,0.2649,28283827.456862263,7393986.721280368,35677814.17814263,0.2072432656429429,3.8252472614617488,11,binance;bitget;bybit;crypto_com;gate;htx;kraken;kucoin;mexc;okx;upbit,solana,solana,5,humidifi;meteora;orca,C1MgLojNLWBKADvu9BHdtgzz1oZX4dZ5zGdGcgvvW8Wz;C8Gr6AUuq9hEdSYJzoEpNcdjpojPZwqG5MtQbeouNNwg;Eio6hAieGTAmKgfvbEfbnXke6o5kfEd74tqHm2Z9SFjf;HfgjZDmexhFVD28Vkb1NbQwWeXP3uDcVTLPjSGHmRHhL;hKgG7iEDRFNsJSwLYqz8ETHuZwzh6qMMLow8VXa8pLm,0.0625752105896511,-0.053982634956587505,-0.1596828992072481,-0.26613816534541346
2026-05-11,JUP,0.2506,26061103.525787897,8662625.292610567,34723728.81839846,0.24947278381061,3.008453285866891,11,binance;bitget;bybit;crypto_com;gate;htx;kraken;kucoin;mexc;okx;upbit,solana,solana,5,humidifi;meteora;orca,C1MgLojNLWBKADvu9BHdtgzz1oZX4dZ5zGdGcgvvW8Wz;C8Gr6AUuq9hEdSYJzoEpNcdjpojPZwqG5MtQbeouNNwg;Eio6hAieGTAmKgfvbEfbnXke6o5kfEd74tqHm2Z9SFjf;HfgjZDmexhFVD28Vkb1NbQwWeXP3uDcVTLPjSGHmRHhL;hKgG7iEDRFNsJSwLYqz8ETHuZwzh6qMMLow8VXa8pLm,-0.053982634956587505,-0.07422186751795679,-0.10255387071029531,-0.20191540303272137
2026-05-12,JUP,0.232,17404207.204634916,3421023.7413061974,20825230.945941113,0.16427302776072997,5.087426606981024,11,binance;bitget;bybit;crypto_com;gate;htx;kraken;kucoin;mexc;okx;upbit,solana,solana,5,humidifi;meteora;orca,C1MgLojNLWBKADvu9BHdtgzz1oZX4dZ5zGdGcgvvW8Wz;C8Gr6AUuq9hEdSYJzoEpNcdjpojPZwqG5MtQbeouNNwg;Eio6hAieGTAmKgfvbEfbnXke6o5kfEd74tqHm2Z9SFjf;HfgjZDmexhFVD28Vkb1NbQwWeXP3uDcVTLPjSGHmRHhL;hKgG7iEDRFNsJSwLYqz8ETHuZwzh6qMMLow8VXa8pLm,-0.07422186751795679,-0.040517241379310454,-0.09267241379310354,-0.15948275862068972
2026-05-13,JUP,0.2226,14301808.71061382,3092425.3237861954,17394234.034400016,0.17778450707690868,4.624787088828866,11,binance;bitget;bybit;crypto_com;gate;htx;kraken;kucoin;mexc;okx;upbit,solana,solana,5,humidifi;meteora;orca,C1MgLojNLWBKADvu9BHdtgzz1oZX4dZ5zGdGcgvvW8Wz;C8Gr6AUuq9hEdSYJzoEpNcdjpojPZwqG5MtQbeouNNwg;Eio6hAieGTAmKgfvbEfbnXke6o5kfEd74tqHm2Z9SFjf;HfgjZDmexhFVD28Vkb1NbQwWeXP3uDcVTLPjSGHmRHhL;hKgG7iEDRFNsJSwLYqz8ETHuZwzh6qMMLow8VXa8pLm,-0.040517241379310454,0.010332434860736761,-0.10736747529200363,-0.0449236298292901
2026-05-14,JUP,0.2249,8215452.813327505,2357461.8155096527,10572914.628837157,0.22297180089582677,3.484872059974991,11,binance;bitget;bybit;crypto_com;gate;htx;kraken;kucoin;mexc;okx;upbit,solana,solana,5,humidifi;meteora;orca,C1MgLojNLWBKADvu9BHdtgzz1oZX4dZ5zGdGcgvvW8Wz;C8Gr6AUuq9hEdSYJzoEpNcdjpojPZwqG5MtQbeouNNwg;Eio6hAieGTAmKgfvbEfbnXke6o5kfEd74tqHm2Z9SFjf;HfgjZDmexhFVD28Vkb1NbQwWeXP3uDcVTLPjSGHmRHhL;hKgG7iEDRFNsJSwLYqz8ETHuZwzh6qMMLow8VXa8pLm,0.010332434860736761,-0.06402845709204086,-0.13561582925744775,-0.05024455313472642
2026-05-15,JUP,0.2105,7724473.218069927,2057032.6049335666,9781505.823003493,0.21029815267256444,3.755153515575605,11,binance;bitget;bybit;crypto_com;gate;htx;kraken;kucoin;mexc;okx;upbit,solana,solana,5,humidifi;meteora;orca,C1MgLojNLWBKADvu9BHdtgzz1oZX4dZ5zGdGcgvvW8Wz;C8Gr6AUuq9hEdSYJzoEpNcdjpojPZwqG5MtQbeouNNwg;Eio6hAieGTAmKgfvbEfbnXke6o5kfEd74tqHm2Z9SFjf;HfgjZDmexhFVD28Vkb1NbQwWeXP3uDcVTLPjSGHmRHhL;hKgG7iEDRFNsJSwLYqz8ETHuZwzh6qMMLow8VXa8pLm,-0.06402845709204086,-0.05605700712589079,-0.04988123515439424,-0.0532066508313539
2026-05-16,JUP,0.1987,3395514.6162251257,1445869.7968962071,4841384.413121333,0.29864800509902645,2.3484235050169424,11,binance;bitget;bybit;crypto_com;gate;htx;kraken;kucoin;mexc;okx;upbit,solana,solana,5,humidifi;meteora;orca,C1MgLojNLWBKADvu9BHdtgzz1oZX4dZ5zGdGcgvvW8Wz;C8Gr6AUuq9hEdSYJzoEpNcdjpojPZwqG5MtQbeouNNwg;Eio6hAieGTAmKgfvbEfbnXke6o5kfEd74tqHm2Z9SFjf;HfgjZDmexhFVD28Vkb1NbQwWeXP3uDcVTLPjSGHmRHhL;hKgG7iEDRFNsJSwLYqz8ETHuZwzh6qMMLow8VXa8pLm,-0.05605700712589079,-0.021640664318067437,-0.01862103673880211,0.07448414695520889
2026-05-17,JUP,0.1944,3254310.905681721,1190257.411650502,4444568.317332223,0.26780045364786603,2.73412362219114,11,binance;bitget;bybit;crypto_com;gate;htx;kraken;kucoin;mexc;okx;upbit,solana,solana,5,humidifi;meteora;orca,C1MgLojNLWBKADvu9BHdtgzz1oZX4dZ5zGdGcgvvW8Wz;C8Gr6AUuq9hEdSYJzoEpNcdjpojPZwqG5MtQbeouNNwg;Eio6hAieGTAmKgfvbEfbnXke6o5kfEd74tqHm2Z9SFjf;HfgjZDmexhFVD28Vkb1NbQwWeXP3uDcVTLPjSGHmRHhL;hKgG7iEDRFNsJSwLYqz8ETHuZwzh6qMMLow8VXa8pLm,-0.021640664318067437,0.02880658436214012,0.09362139917695478,0.034465020576131655
2026-05-18,JUP,0.2,4355447.656257733,1474406.24787599,5829853.904133723,0.25290620864967917,2.954034997160472,11,binance;bitget;bybit;crypto_com;gate;htx;kraken;kucoin;mexc;okx;upbit,solana,solana,5,humidifi;meteora;orca,C1MgLojNLWBKADvu9BHdtgzz1oZX4dZ5zGdGcgvvW8Wz;C8Gr6AUuq9hEdSYJzoEpNcdjpojPZwqG5MtQbeouNNwg;Eio6hAieGTAmKgfvbEfbnXke6o5kfEd74tqHm2Z9SFjf;HfgjZDmexhFVD28Vkb1NbQwWeXP3uDcVTLPjSGHmRHhL;hKgG7iEDRFNsJSwLYqz8ETHuZwzh6qMMLow8VXa8pLm,0.02880658436214012,-0.025000000000000022,0.06800000000000006,0.008999999999999897
2026-05-19,JUP,0.195,3821222.2595048766,1464141.9480492596,5285364.207554136,0.27701817520098737,2.609871443541426,11,binance;bitget;bybit;crypto_com;gate;htx;kraken;kucoin;mexc;okx;upbit,solana,solana,5,humidifi;meteora;orca,C1MgLojNLWBKADvu9BHdtgzz1oZX4dZ5zGdGcgvvW8Wz;C8Gr6AUuq9hEdSYJzoEpNcdjpojPZwqG5MtQbeouNNwg;Eio6hAieGTAmKgfvbEfbnXke6o5kfEd74tqHm2Z9SFjf;HfgjZDmexhFVD28Vkb1NbQwWeXP3uDcVTLPjSGHmRHhL;hKgG7iEDRFNsJSwLYqz8ETHuZwzh6qMMLow8VXa8pLm,-0.025000000000000022,0.09025641025641029,0.02205128205128215,0.016410256410256396
2026-05-20,JUP,0.2126,8185773.440488774,4394926.951284394,12580700.391773168,0.34933881377211284,1.8625505113564007,11,binance;bitget;bybit;crypto_com;gate;htx;kraken;kucoin;mexc;okx;upbit,solana,solana,5,humidifi;meteora;orca,C1MgLojNLWBKADvu9BHdtgzz1oZX4dZ5zGdGcgvvW8Wz;C8Gr6AUuq9hEdSYJzoEpNcdjpojPZwqG5MtQbeouNNwg;Eio6hAieGTAmKgfvbEfbnXke6o5kfEd74tqHm2Z9SFjf;HfgjZDmexhFVD28Vkb1NbQwWeXP3uDcVTLPjSGHmRHhL;hKgG7iEDRFNsJSwLYqz8ETHuZwzh6qMMLow8VXa8pLm,0.09025641025641029,0.00470366886171214,0.0042333019755409484,-0.1091251175917215
2026-05-21,JUP,0.2136,6904845.436295892,4393051.785164135,11297897.221460026,0.388838002245202,1.5717650904126346,11,binance;bitget;bybit;crypto_com;gate;htx;kraken;kucoin;mexc;okx;upbit,solana,solana,5,humidifi;meteora;orca,C1MgLojNLWBKADvu9BHdtgzz1oZX4dZ5zGdGcgvvW8Wz;C8Gr6AUuq9hEdSYJzoEpNcdjpojPZwqG5MtQbeouNNwg;Eio6hAieGTAmKgfvbEfbnXke6o5kfEd74tqHm2Z9SFjf;HfgjZDmexhFVD28Vkb1NbQwWeXP3uDcVTLPjSGHmRHhL;hKgG7iEDRFNsJSwLYqz8ETHuZwzh6qMMLow8VXa8pLm,0.00470366886171214,-0.06694756554307124,-0.058520599250936334,-0.1769662921348315
2026-05-22,JUP,0.1993,8561954.341101192,4095050.301483551,12657004.642584743,0.3235402385573656,2.090805658235596,11,binance;bitget;bybit;crypto_com;gate;htx;kraken;kucoin;mexc;okx;upbit,solana,solana,5,humidifi;meteora;orca,C1MgLojNLWBKADvu9BHdtgzz1oZX4dZ5zGdGcgvvW8Wz;C8Gr6AUuq9hEdSYJzoEpNcdjpojPZwqG5MtQbeouNNwg;Eio6hAieGTAmKgfvbEfbnXke6o5kfEd74tqHm2Z9SFjf;HfgjZDmexhFVD28Vkb1NbQwWeXP3uDcVTLPjSGHmRHhL;hKgG7iEDRFNsJSwLYqz8ETHuZwzh6qMMLow8VXa8pLm,-0.06694756554307124,0.07124937280481691,0.012543903662819877,-0.062217762167586566
2026-05-23,JUP,0.2135,6107323.390728001,3690725.163131475,9798048.553859476,0.37667961562383656,1.6547759913789166,11,binance;bitget;bybit;crypto_com;gate;htx;kraken;kucoin;mexc;okx;upbit,solana,solana,5,humidifi;meteora;orca,C1MgLojNLWBKADvu9BHdtgzz1oZX4dZ5zGdGcgvvW8Wz;C8Gr6AUuq9hEdSYJzoEpNcdjpojPZwqG5MtQbeouNNwg;Eio6hAieGTAmKgfvbEfbnXke6o5kfEd74tqHm2Z9SFjf;HfgjZDmexhFVD28Vkb1NbQwWeXP3uDcVTLPjSGHmRHhL;hKgG7iEDRFNsJSwLYqz8ETHuZwzh6qMMLow8VXa8pLm,0.07124937280481691,-0.05807962529274002,-0.07166276346604217,-0.13302107728337242
2026-05-24,JUP,0.2011,4405983.987359794,2006802.8493958989,6412786.836755693,0.31293771342806165,2.195524083836194,11,binance;bitget;bybit;crypto_com;gate;htx;kraken;kucoin;mexc;okx;upbit,solana,solana,5,humidifi;meteora;orca,C1MgLojNLWBKADvu9BHdtgzz1oZX4dZ5zGdGcgvvW8Wz;C8Gr6AUuq9hEdSYJzoEpNcdjpojPZwqG5MtQbeouNNwg;Eio6hAieGTAmKgfvbEfbnXke6o5kfEd74tqHm2Z9SFjf;HfgjZDmexhFVD28Vkb1NbQwWeXP3uDcVTLPjSGHmRHhL;hKgG7iEDRFNsJSwLYqz8ETHuZwzh6qMMLow8VXa8pLm,-0.05807962529274002,0.00348085529587272,-0.058180009945300815,-0.04823470909995031
2026-05-25,JUP,0.2018,4527385.876956128,1969018.405486567,6496404.2824426945,0.3030935760583856,2.299311100567066,11,binance;bitget;bybit;crypto_com;gate;htx;kraken;kucoin;mexc;okx;upbit,solana,solana,5,humidifi;meteora;orca,C1MgLojNLWBKADvu9BHdtgzz1oZX4dZ5zGdGcgvvW8Wz;C8Gr6AUuq9hEdSYJzoEpNcdjpojPZwqG5MtQbeouNNwg;Eio6hAieGTAmKgfvbEfbnXke6o5kfEd74tqHm2Z9SFjf;HfgjZDmexhFVD28Vkb1NbQwWeXP3uDcVTLPjSGHmRHhL;hKgG7iEDRFNsJSwLYqz8ETHuZwzh6qMMLow8VXa8pLm,0.00348085529587272,-0.01783944499504475,-0.12884043607532203,0.0034687809712588002
2026-05-26,JUP,0.1982,5609108.786811338,3366422.1319849123,8975530.91879625,0.37506662975613686,1.6661929392390522,11,binance;bitget;bybit;crypto_com;gate;htx;kraken;kucoin;mexc;okx;upbit,solana,solana,5,humidifi;meteora;orca,C1MgLojNLWBKADvu9BHdtgzz1oZX4dZ5zGdGcgvvW8Wz;C8Gr6AUuq9hEdSYJzoEpNcdjpojPZwqG5MtQbeouNNwg;Eio6hAieGTAmKgfvbEfbnXke6o5kfEd74tqHm2Z9SFjf;HfgjZDmexhFVD28Vkb1NbQwWeXP3uDcVTLPjSGHmRHhL;hKgG7iEDRFNsJSwLYqz8ETHuZwzh6qMMLow8VXa8pLm,-0.01783944499504475,-0.044399596367305616,-0.05701311806256293,-0.02068617558022201
2026-05-27,JUP,0.1894,5747180.129356695,1688770.1399329207,7435950.2692896165,0.2271088534450695,3.403174886539016,11,binance;bitget;bybit;crypto_com;gate;htx;kraken;kucoin;mexc;okx;upbit,solana,solana,5,humidifi;meteora;orca,C1MgLojNLWBKADvu9BHdtgzz1oZX4dZ5zGdGcgvvW8Wz;C8Gr6AUuq9hEdSYJzoEpNcdjpojPZwqG5MtQbeouNNwg;Eio6hAieGTAmKgfvbEfbnXke6o5kfEd74tqHm2Z9SFjf;HfgjZDmexhFVD28Vkb1NbQwWeXP3uDcVTLPjSGHmRHhL;hKgG7iEDRFNsJSwLYqz8ETHuZwzh6qMMLow8VXa8pLm,-0.044399596367305616,-0.07180570221752902,-0.022703273495248255,0.05596620908130934
2026-05-28,JUP,0.1758,7842939.521911257,1603747.858644878,9446687.380556135,0.16976827897849459,4.890381913612232,11,binance;bitget;bybit;crypto_com;gate;htx;kraken;kucoin;mexc;okx;upbit,solana,solana,5,humidifi;meteora;orca,C1MgLojNLWBKADvu9BHdtgzz1oZX4dZ5zGdGcgvvW8Wz;C8Gr6AUuq9hEdSYJzoEpNcdjpojPZwqG5MtQbeouNNwg;Eio6hAieGTAmKgfvbEfbnXke6o5kfEd74tqHm2Z9SFjf;HfgjZDmexhFVD28Vkb1NbQwWeXP3uDcVTLPjSGHmRHhL;hKgG7iEDRFNsJSwLYqz8ETHuZwzh6qMMLow8VXa8pLm,-0.07180570221752902,0.06313993174061427,0.08873720136518748,0.03469852104664395
2026-05-29,JUP,0.1869,8519490.749251842,1307468.5506137942,9826959.299865637,0.1330491468130606,6.516019635999923,11,binance;bitget;bybit;crypto_com;gate;htx;kraken;kucoin;mexc;okx;upbit,solana,solana,5,humidifi;meteora;orca,C1MgLojNLWBKADvu9BHdtgzz1oZX4dZ5zGdGcgvvW8Wz;C8Gr6AUuq9hEdSYJzoEpNcdjpojPZwqG5MtQbeouNNwg;Eio6hAieGTAmKgfvbEfbnXke6o5kfEd74tqHm2Z9SFjf;HfgjZDmexhFVD28Vkb1NbQwWeXP3uDcVTLPjSGHmRHhL;hKgG7iEDRFNsJSwLYqz8ETHuZwzh6qMMLow8VXa8pLm,0.06313993174061427,-0.009630818619582815,0.0834670947030498,-0.15676832530765128
2026-05-30,JUP,0.1851,3659549.4040512512,966840.4298375429,4626389.833888794,0.20898377883232724,3.7850603792666813,11,binance;bitget;bybit;crypto_com;gate;htx;kraken;kucoin;mexc;okx;upbit,solana,solana,5,humidifi;meteora;orca,C1MgLojNLWBKADvu9BHdtgzz1oZX4dZ5zGdGcgvvW8Wz;C8Gr6AUuq9hEdSYJzoEpNcdjpojPZwqG5MtQbeouNNwg;Eio6hAieGTAmKgfvbEfbnXke6o5kfEd74tqHm2Z9SFjf;HfgjZDmexhFVD28Vkb1NbQwWeXP3uDcVTLPjSGHmRHhL;hKgG7iEDRFNsJSwLYqz8ETHuZwzh6qMMLow8VXa8pLm,-0.009630818619582815,0.034035656401944836,0.04862236628849281,-0.17450027012425717
2026-05-31,JUP,0.1914,6094707.351510857,1428068.815242938,7522776.166753795,0.18983268724040395,4.267796682104599,11,binance;bitget;bybit;crypto_com;gate;htx;kraken;kucoin;mexc;okx;upbit,solana,solana,5,humidifi;meteora;orca,C1MgLojNLWBKADvu9BHdtgzz1oZX4dZ5zGdGcgvvW8Wz;C8Gr6AUuq9hEdSYJzoEpNcdjpojPZwqG5MtQbeouNNwg;Eio6hAieGTAmKgfvbEfbnXke6o5kfEd74tqHm2Z9SFjf;HfgjZDmexhFVD28Vkb1NbQwWeXP3uDcVTLPjSGHmRHhL;hKgG7iEDRFNsJSwLYqz8ETHuZwzh6qMMLow8VXa8pLm,0.034035656401944836,0.05799373040752376,0.04493207941483823,-0.18077324973876696
2026-06-01,JUP,0.2025,9511309.335136738,4072982.975059632,13584292.31019637,0.29983033948720694,2.335219516845018,11,binance;bitget;bybit;crypto_com;gate;htx;kraken;kucoin;mexc;okx;upbit,solana,solana,5,humidifi;meteora;orca,C1MgLojNLWBKADvu9BHdtgzz1oZX4dZ5zGdGcgvvW8Wz;C8Gr6AUuq9hEdSYJzoEpNcdjpojPZwqG5MtQbeouNNwg;Eio6hAieGTAmKgfvbEfbnXke6o5kfEd74tqHm2Z9SFjf;HfgjZDmexhFVD28Vkb1NbQwWeXP3uDcVTLPjSGHmRHhL;hKgG7iEDRFNsJSwLYqz8ETHuZwzh6qMMLow8VXa8pLm,0.05799373040752376,-0.041481481481481564,-0.10172839506172837,-0.21382716049382722
2026-06-02,JUP,0.1941,13076572.732190458,4433757.702038223,17510330.43422868,0.2532081115597478,2.9493205562809814,11,binance;bitget;bybit;crypto_com;gate;htx;kraken;kucoin;mexc;okx;upbit,solana,solana,5,humidifi;meteora;orca,C1MgLojNLWBKADvu9BHdtgzz1oZX4dZ5zGdGcgvvW8Wz;C8Gr6AUuq9hEdSYJzoEpNcdjpojPZwqG5MtQbeouNNwg;Eio6hAieGTAmKgfvbEfbnXke6o5kfEd74tqHm2Z9SFjf;HfgjZDmexhFVD28Vkb1NbQwWeXP3uDcVTLPjSGHmRHhL;hKgG7iEDRFNsJSwLYqz8ETHuZwzh6qMMLow8VXa8pLm,-0.041481481481481564,0.030396702730551395,-0.18804739824832561,-0.20092735703245757
2026-06-03,JUP,0.2,11957934.726455094,3778068.54739383,15736003.273848925,0.2400907321665636,3.1650920507262534,11,binance;bitget;bybit;crypto_com;gate;htx;kraken;kucoin;mexc;okx;upbit,solana,solana,5,humidifi;meteora;orca,C1MgLojNLWBKADvu9BHdtgzz1oZX4dZ5zGdGcgvvW8Wz;C8Gr6AUuq9hEdSYJzoEpNcdjpojPZwqG5MtQbeouNNwg;Eio6hAieGTAmKgfvbEfbnXke6o5kfEd74tqHm2Z9SFjf;HfgjZDmexhFVD28Vkb1NbQwWeXP3uDcVTLPjSGHmRHhL;hKgG7iEDRFNsJSwLYqz8ETHuZwzh6qMMLow8VXa8pLm,0.030396702730551395,-0.09050000000000002,-0.2360000000000001,-0.264
2026-06-04,JUP,0.1819,11273634.734385232,3849358.759634468,15122993.494019698,0.254536825738679,2.928704607272243,11,binance;bitget;bybit;crypto_com;gate;htx;kraken;kucoin;mexc;okx;upbit,solana,solana,5,humidifi;meteora;orca,C1MgLojNLWBKADvu9BHdtgzz1oZX4dZ5zGdGcgvvW8Wz;C8Gr6AUuq9hEdSYJzoEpNcdjpojPZwqG5MtQbeouNNwg;Eio6hAieGTAmKgfvbEfbnXke6o5kfEd74tqHm2Z9SFjf;HfgjZDmexhFVD28Vkb1NbQwWeXP3uDcVTLPjSGHmRHhL;hKgG7iEDRFNsJSwLYqz8ETHuZwzh6qMMLow8VXa8pLm,-0.09050000000000002,-0.13358988455195175,-0.1379879054425509,-0.10555250137438155
2026-06-05,JUP,0.1576,10584242.893429756,3322212.4090420003,13906455.302471757,0.23889714070065754,3.185901920245325,11,binance;bitget;bybit;crypto_com;gate;htx;kraken;kucoin;mexc;okx;upbit,solana,solana,5,humidifi;meteora;orca,C1MgLojNLWBKADvu9BHdtgzz1oZX4dZ5zGdGcgvvW8Wz;C8Gr6AUuq9hEdSYJzoEpNcdjpojPZwqG5MtQbeouNNwg;Eio6hAieGTAmKgfvbEfbnXke6o5kfEd74tqHm2Z9SFjf;HfgjZDmexhFVD28Vkb1NbQwWeXP3uDcVTLPjSGHmRHhL;hKgG7iEDRFNsJSwLYqz8ETHuZwzh6qMMLow8VXa8pLm,-0.13358988455195175,-0.030456852791878153,0.010152284263959421,0.05901015228426387
2026-06-06,JUP,0.1528,4220902.204466065,1822620.9418176783,6043523.146283744,0.3015825202784962,2.3158420424252393,11,binance;bitget;bybit;crypto_com;gate;htx;kraken;kucoin;mexc;okx;upbit,solana,solana,5,humidifi;meteora;orca,C1MgLojNLWBKADvu9BHdtgzz1oZX4dZ5zGdGcgvvW8Wz;C8Gr6AUuq9hEdSYJzoEpNcdjpojPZwqG5MtQbeouNNwg;Eio6hAieGTAmKgfvbEfbnXke6o5kfEd74tqHm2Z9SFjf;HfgjZDmexhFVD28Vkb1NbQwWeXP3uDcVTLPjSGHmRHhL;hKgG7iEDRFNsJSwLYqz8ETHuZwzh6qMMLow8VXa8pLm,-0.030456852791878153,0.02617801047120416,0.015052356020942348,0.13678010471204183
2026-06-07,JUP,0.1568,5839424.473310035,2157419.703610824,7996844.176920859,0.26978388672836773,2.7066705952192445,11,binance;bitget;bybit;crypto_com;gate;htx;kraken;kucoin;mexc;okx;upbit,solana,solana,5,humidifi;meteora;orca,C1MgLojNLWBKADvu9BHdtgzz1oZX4dZ5zGdGcgvvW8Wz;C8Gr6AUuq9hEdSYJzoEpNcdjpojPZwqG5MtQbeouNNwg;Eio6hAieGTAmKgfvbEfbnXke6o5kfEd74tqHm2Z9SFjf;HfgjZDmexhFVD28Vkb1NbQwWeXP3uDcVTLPjSGHmRHhL;hKgG7iEDRFNsJSwLYqz8ETHuZwzh6qMMLow8VXa8pLm,0.02617801047120416,0.015306122448979664,-0.061224489795918324,0.14604591836734704
2026-06-08,JUP,0.1592,6025955.891051985,3638897.8844015715,9664853.775453556,0.37650832272739726,1.6559837847835,11,binance;bitget;bybit;crypto_com;gate;htx;kraken;kucoin;mexc;okx;upbit,solana,solana,5,humidifi;meteora;orca,C1MgLojNLWBKADvu9BHdtgzz1oZX4dZ5zGdGcgvvW8Wz;C8Gr6AUuq9hEdSYJzoEpNcdjpojPZwqG5MtQbeouNNwg;Eio6hAieGTAmKgfvbEfbnXke6o5kfEd74tqHm2Z9SFjf;HfgjZDmexhFVD28Vkb1NbQwWeXP3uDcVTLPjSGHmRHhL;hKgG7iEDRFNsJSwLYqz8ETHuZwzh6qMMLow8VXa8pLm,0.015306122448979664,-0.025753768844221203,0.02198492462311563,0.2016331658291457
2026-06-09,JUP,0.1551,5099077.775938289,2693741.096075812,7792818.872014102,0.3456696659214919,1.8929353616672826,11,binance;bitget;bybit;crypto_com;gate;htx;kraken;kucoin;mexc;okx;upbit,solana,solana,5,humidifi;meteora;orca,C1MgLojNLWBKADvu9BHdtgzz1oZX4dZ5zGdGcgvvW8Wz;C8Gr6AUuq9hEdSYJzoEpNcdjpojPZwqG5MtQbeouNNwg;Eio6hAieGTAmKgfvbEfbnXke6o5kfEd74tqHm2Z9SFjf;HfgjZDmexhFVD28Vkb1NbQwWeXP3uDcVTLPjSGHmRHhL;hKgG7iEDRFNsJSwLYqz8ETHuZwzh6qMMLow8VXa8pLm,-0.025753768844221203,-0.05093488072211472,0.07607994842037402,0.24951644100580284
2026-06-10,JUP,0.1472,4808979.76123886,1665967.1265133421,6474946.887752202,0.25729433080982195,2.8865994320688935,11,binance;bitget;bybit;crypto_com;gate;htx;kraken;kucoin;mexc;okx;upbit,solana,solana,5,humidifi;meteora;orca,C1MgLojNLWBKADvu9BHdtgzz1oZX4dZ5zGdGcgvvW8Wz;C8Gr6AUuq9hEdSYJzoEpNcdjpojPZwqG5MtQbeouNNwg;Eio6hAieGTAmKgfvbEfbnXke6o5kfEd74tqHm2Z9SFjf;HfgjZDmexhFVD28Vkb1NbQwWeXP3uDcVTLPjSGHmRHhL;hKgG7iEDRFNsJSwLYqz8ETHuZwzh6qMMLow8VXa8pLm,-0.05093488072211472,0.10529891304347827,0.18002717391304346,0.28940217391304346
2026-06-11,JUP,0.1627,6030518.85822478,2476236.2974142767,8506755.155639056,0.29109058061613546,2.4353567809832763,11,binance;bitget;bybit;crypto_com;gate;htx;kraken;kucoin;mexc;okx;upbit,solana,solana,5,humidifi;meteora;orca,C1MgLojNLWBKADvu9BHdtgzz1oZX4dZ5zGdGcgvvW8Wz;C8Gr6AUuq9hEdSYJzoEpNcdjpojPZwqG5MtQbeouNNwg;Eio6hAieGTAmKgfvbEfbnXke6o5kfEd74tqHm2Z9SFjf;HfgjZDmexhFVD28Vkb1NbQwWeXP3uDcVTLPjSGHmRHhL;hKgG7iEDRFNsJSwLYqz8ETHuZwzh6qMMLow8VXa8pLm,0.10529891304347827,0.025814382298709138,0.10448678549477552,0.2015980331899201
2026-06-12,JUP,0.1669,7386918.717529848,3017500.628579318,10404419.346109167,0.2900210504979061,2.448025577051069,11,binance;bitget;bybit;crypto_com;gate;htx;kraken;kucoin;mexc;okx;upbit,solana,solana,5,humidifi;meteora;orca,C1MgLojNLWBKADvu9BHdtgzz1oZX4dZ5zGdGcgvvW8Wz;C8Gr6AUuq9hEdSYJzoEpNcdjpojPZwqG5MtQbeouNNwg;Eio6hAieGTAmKgfvbEfbnXke6o5kfEd74tqHm2Z9SFjf;HfgjZDmexhFVD28Vkb1NbQwWeXP3uDcVTLPjSGHmRHhL;hKgG7iEDRFNsJSwLYqz8ETHuZwzh6qMMLow8VXa8pLm,0.025814382298709138,0.040742959856201244,0.14619532654283995,0.1455961653684843
2026-06-13,JUP,0.1737,5320813.4020845,1962204.8478941626,7283018.2499786625,0.2694219320265896,2.711650319177834,11,binance;bitget;bybit;crypto_com;gate;htx;kraken;kucoin;mexc;okx;upbit,solana,solana,5,humidifi;meteora;orca,C1MgLojNLWBKADvu9BHdtgzz1oZX4dZ5zGdGcgvvW8Wz;C8Gr6AUuq9hEdSYJzoEpNcdjpojPZwqG5MtQbeouNNwg;Eio6hAieGTAmKgfvbEfbnXke6o5kfEd74tqHm2Z9SFjf;HfgjZDmexhFVD28Vkb1NbQwWeXP3uDcVTLPjSGHmRHhL;hKgG7iEDRFNsJSwLYqz8ETHuZwzh6qMMLow8VXa8pLm,0.040742959856201244,0.0345423143350605,0.11571675302245255,0.21416234887737495
2026-06-14,JUP,0.1797,5736742.432273873,1356811.8386738822,7093554.270947755,0.19127390682423034,4.228104641157051,11,binance;bitget;bybit;crypto_com;gate;htx;kraken;kucoin;mexc;okx;upbit,solana,solana,5,humidifi;meteora;orca,C1MgLojNLWBKADvu9BHdtgzz1oZX4dZ5zGdGcgvvW8Wz;C8Gr6AUuq9hEdSYJzoEpNcdjpojPZwqG5MtQbeouNNwg;Eio6hAieGTAmKgfvbEfbnXke6o5kfEd74tqHm2Z9SFjf;HfgjZDmexhFVD28Vkb1NbQwWeXP3uDcVTLPjSGHmRHhL;hKgG7iEDRFNsJSwLYqz8ETHuZwzh6qMMLow8VXa8pLm,0.0345423143350605,0.06455203116304942,0.056204785754034425,0.19143016138007796
2026-06-15,JUP,0.1913,13381656.181646034,6032131.273960054,19413787.455606088,0.31071377945977074,2.218396048410443,11,binance;bitget;bybit;crypto_com;gate;htx;kraken;kucoin;mexc;okx;upbit,solana,solana,5,humidifi;meteora;orca,C1MgLojNLWBKADvu9BHdtgzz1oZX4dZ5zGdGcgvvW8Wz;C8Gr6AUuq9hEdSYJzoEpNcdjpojPZwqG5MtQbeouNNwg;Eio6hAieGTAmKgfvbEfbnXke6o5kfEd74tqHm2Z9SFjf;HfgjZDmexhFVD28Vkb1NbQwWeXP3uDcVTLPjSGHmRHhL;hKgG7iEDRFNsJSwLYqz8ETHuZwzh6qMMLow8VXa8pLm,0.06455203116304942,0.013068478829064256,0.02195504443282803,0.1040250914793519
2026-06-16,JUP,0.1938,8953097.1347161,4529612.93570226,13482710.070418358,0.3359571563910155,1.9765700208395474,11,binance;bitget;bybit;crypto_com;gate;htx;kraken;kucoin;mexc;okx;upbit,solana,solana,5,humidifi;meteora;orca,C1MgLojNLWBKADvu9BHdtgzz1oZX4dZ5zGdGcgvvW8Wz;C8Gr6AUuq9hEdSYJzoEpNcdjpojPZwqG5MtQbeouNNwg;Eio6hAieGTAmKgfvbEfbnXke6o5kfEd74tqHm2Z9SFjf;HfgjZDmexhFVD28Vkb1NbQwWeXP3uDcVTLPjSGHmRHhL;hKgG7iEDRFNsJSwLYqz8ETHuZwzh6qMMLow8VXa8pLm,0.013068478829064256,-0.02063983488132093,-0.013415892672858587,0.056243550051599644
2026-06-17,JUP,0.1898,7995824.937733946,3079770.7658112613,11075595.703545207,0.2780681823574918,2.5962402872629764,11,binance;bitget;bybit;crypto_com;gate;htx;kraken;kucoin;mexc;okx;upbit,solana,solana,5,humidifi;meteora;orca,C1MgLojNLWBKADvu9BHdtgzz1oZX4dZ5zGdGcgvvW8Wz;C8Gr6AUuq9hEdSYJzoEpNcdjpojPZwqG5MtQbeouNNwg;Eio6hAieGTAmKgfvbEfbnXke6o5kfEd74tqHm2Z9SFjf;HfgjZDmexhFVD28Vkb1NbQwWeXP3uDcVTLPjSGHmRHhL;hKgG7iEDRFNsJSwLYqz8ETHuZwzh6qMMLow8VXa8pLm,-0.02063983488132093,0.03003161222339301,0.11116965226554276,0.15331928345626977
2026-06-18,JUP,0.1955,6029642.42973258,2135621.4155306458,8165263.845263226,0.2615495905584909,2.823366719346356,11,binance;bitget;bybit;crypto_com;gate;htx;kraken;kucoin;mexc;okx;upbit,solana,solana,5,humidifi;meteora;orca,C1MgLojNLWBKADvu9BHdtgzz1oZX4dZ5zGdGcgvvW8Wz;C8Gr6AUuq9hEdSYJzoEpNcdjpojPZwqG5MtQbeouNNwg;Eio6hAieGTAmKgfvbEfbnXke6o5kfEd74tqHm2Z9SFjf;HfgjZDmexhFVD28Vkb1NbQwWeXP3uDcVTLPjSGHmRHhL;hKgG7iEDRFNsJSwLYqz8ETHuZwzh6qMMLow8VXa8pLm,0.03003161222339301,-0.021994884910485957,0.09514066496163687,0.13657289002557538
2026-06-19,JUP,0.1912,5298482.239196996,2493130.391323485,7791612.630520482,0.31997617303992476,2.125232702483837,11,binance;bitget;bybit;crypto_com;gate;htx;kraken;kucoin;mexc;okx;upbit,solana,solana,5,humidifi;meteora;orca,C1MgLojNLWBKADvu9BHdtgzz1oZX4dZ5zGdGcgvvW8Wz;C8Gr6AUuq9hEdSYJzoEpNcdjpojPZwqG5MtQbeouNNwg;Eio6hAieGTAmKgfvbEfbnXke6o5kfEd74tqHm2Z9SFjf;HfgjZDmexhFVD28Vkb1NbQwWeXP3uDcVTLPjSGHmRHhL;hKgG7iEDRFNsJSwLYqz8ETHuZwzh6qMMLow8VXa8pLm,-0.021994884910485957,0.10303347280334729,0.10460251046025104,0.2186192468619248
2026-06-20,JUP,0.2109,11139927.092636466,9021045.769121725,20160972.86175819,0.4474509157359691,1.2348820056725012,11,binance;bitget;bybit;crypto_com;gate;htx;kraken;kucoin;mexc;okx;upbit,solana,solana,5,humidifi;meteora;orca,C1MgLojNLWBKADvu9BHdtgzz1oZX4dZ5zGdGcgvvW8Wz;C8Gr6AUuq9hEdSYJzoEpNcdjpojPZwqG5MtQbeouNNwg;Eio6hAieGTAmKgfvbEfbnXke6o5kfEd74tqHm2Z9SFjf;HfgjZDmexhFVD28Vkb1NbQwWeXP3uDcVTLPjSGHmRHhL;hKgG7iEDRFNsJSwLYqz8ETHuZwzh6qMMLow8VXa8pLm,0.10303347280334729,0.01517306780464689,-0.029397818871503167,0.036510194404931084
2026-06-21,JUP,0.2141,17028880.746880297,17099422.367005482,34128303.113885775,0.5010334768167317,0.9958746197028678,11,binance;bitget;bybit;crypto_com;gate;htx;kraken;kucoin;mexc;okx;upbit,solana,solana,5,humidifi;meteora;orca,C1MgLojNLWBKADvu9BHdtgzz1oZX4dZ5zGdGcgvvW8Wz;C8Gr6AUuq9hEdSYJzoEpNcdjpojPZwqG5MtQbeouNNwg;Eio6hAieGTAmKgfvbEfbnXke6o5kfEd74tqHm2Z9SFjf;HfgjZDmexhFVD28Vkb1NbQwWeXP3uDcVTLPjSGHmRHhL;hKgG7iEDRFNsJSwLYqz8ETHuZwzh6qMMLow8VXa8pLm,0.01517306780464689,-0.013545072396076718,0.022419430172816446,-0.01588042970574499
2026-06-22,JUP,0.2112,8638751.383185668,6064797.0525310375,14703548.435716705,0.41247166145274894,1.424408979947719,11,binance;bitget;bybit;crypto_com;gate;htx;kraken;kucoin;mexc;okx;upbit,solana,solana,5,humidifi;meteora;orca,C1MgLojNLWBKADvu9BHdtgzz1oZX4dZ5zGdGcgvvW8Wz;C8Gr6AUuq9hEdSYJzoEpNcdjpojPZwqG5MtQbeouNNwg;Eio6hAieGTAmKgfvbEfbnXke6o5kfEd74tqHm2Z9SFjf;HfgjZDmexhFVD28Vkb1NbQwWeXP3uDcVTLPjSGHmRHhL;hKgG7iEDRFNsJSwLYqz8ETHuZwzh6qMMLow8VXa8pLm,-0.013545072396076718,-0.030776515151515138,0.05208333333333348,0.032196969696969724
2026-06-23,JUP,0.2047,7925684.236650184,7525524.972906299,15451209.209556483,0.48705087549081955,1.0531736012018502,11,binance;bitget;bybit;crypto_com;gate;htx;kraken;kucoin;mexc;okx;upbit,solana,solana,5,humidifi;meteora;orca,C1MgLojNLWBKADvu9BHdtgzz1oZX4dZ5zGdGcgvvW8Wz;C8Gr6AUuq9hEdSYJzoEpNcdjpojPZwqG5MtQbeouNNwg;Eio6hAieGTAmKgfvbEfbnXke6o5kfEd74tqHm2Z9SFjf;HfgjZDmexhFVD28Vkb1NbQwWeXP3uDcVTLPjSGHmRHhL;hKgG7iEDRFNsJSwLYqz8ETHuZwzh6qMMLow8VXa8pLm,-0.030776515151515138,0.06936980947728388,0.1382510991695165,0.03517342452369321
2026-06-24,JUP,0.2189,19248108.426591635,14626773.096993398,33874881.52358504,0.4317881698511523,1.3159504354756262,11,binance;bitget;bybit;crypto_com;gate;htx;kraken;kucoin;mexc;okx;upbit,solana,solana,5,humidifi;meteora;orca,C1MgLojNLWBKADvu9BHdtgzz1oZX4dZ5zGdGcgvvW8Wz;C8Gr6AUuq9hEdSYJzoEpNcdjpojPZwqG5MtQbeouNNwg;Eio6hAieGTAmKgfvbEfbnXke6o5kfEd74tqHm2Z9SFjf;HfgjZDmexhFVD28Vkb1NbQwWeXP3uDcVTLPjSGHmRHhL;hKgG7iEDRFNsJSwLYqz8ETHuZwzh6qMMLow8VXa8pLm,0.06936980947728388,0.015075376884422065,-0.0013704888076748745,0.0721790772042028
2026-06-25,JUP,0.2222,19225509.82972502,14893088.67099686,34118598.50072188,0.4365093915179943,1.2909014546569655,11,binance;bitget;bybit;crypto_com;gate;htx;kraken;kucoin;mexc;okx;upbit,solana,solana,5,humidifi;meteora;orca,C1MgLojNLWBKADvu9BHdtgzz1oZX4dZ5zGdGcgvvW8Wz;C8Gr6AUuq9hEdSYJzoEpNcdjpojPZwqG5MtQbeouNNwg;Eio6hAieGTAmKgfvbEfbnXke6o5kfEd74tqHm2Z9SFjf;HfgjZDmexhFVD28Vkb1NbQwWeXP3uDcVTLPjSGHmRHhL;hKgG7iEDRFNsJSwLYqz8ETHuZwzh6qMMLow8VXa8pLm,0.015075376884422065,0.04860486048604873,-0.05175517551755182,0.09765976597659765
2026-06-26,JUP,0.233,13398937.515980866,14406046.351101447,27804983.867082313,0.5181102215332136,0.9300912401240761,11,binance;bitget;bybit;crypto_com;gate;htx;kraken;kucoin;mexc;okx;upbit,solana,solana,5,humidifi;meteora;orca,C1MgLojNLWBKADvu9BHdtgzz1oZX4dZ5zGdGcgvvW8Wz;C8Gr6AUuq9hEdSYJzoEpNcdjpojPZwqG5MtQbeouNNwg;Eio6hAieGTAmKgfvbEfbnXke6o5kfEd74tqHm2Z9SFjf;HfgjZDmexhFVD28Vkb1NbQwWeXP3uDcVTLPjSGHmRHhL;hKgG7iEDRFNsJSwLYqz8ETHuZwzh6qMMLow8VXa8pLm,0.04860486048604873,-0.061802575107296254,-0.06437768240343356,0.04334763948497855
2026-06-27,JUP,0.2186,8309116.060006423,8047197.539885283,16356313.599891707,0.4919933511141877,1.0325477930450895,11,binance;bitget;bybit;crypto_com;gate;htx;kraken;kucoin;mexc;okx;upbit,solana,solana,5,humidifi;meteora;orca,C1MgLojNLWBKADvu9BHdtgzz1oZX4dZ5zGdGcgvvW8Wz;C8Gr6AUuq9hEdSYJzoEpNcdjpojPZwqG5MtQbeouNNwg;Eio6hAieGTAmKgfvbEfbnXke6o5kfEd74tqHm2Z9SFjf;HfgjZDmexhFVD28Vkb1NbQwWeXP3uDcVTLPjSGHmRHhL;hKgG7iEDRFNsJSwLYqz8ETHuZwzh6qMMLow8VXa8pLm,-0.061802575107296254,-0.03613906678865508,-0.03064958828911246,0.07548032936871008
2026-06-28,JUP,0.2107,6069701.194362365,5204156.666002626,11273857.86036499,0.461612762060683,1.1663179231351954,11,binance;bitget;bybit;crypto_com;gate;htx;kraken;kucoin;mexc;okx;upbit,solana,solana,5,humidifi;meteora;orca,C1MgLojNLWBKADvu9BHdtgzz1oZX4dZ5zGdGcgvvW8Wz;C8Gr6AUuq9hEdSYJzoEpNcdjpojPZwqG5MtQbeouNNwg;Eio6hAieGTAmKgfvbEfbnXke6o5kfEd74tqHm2Z9SFjf;HfgjZDmexhFVD28Vkb1NbQwWeXP3uDcVTLPjSGHmRHhL;hKgG7iEDRFNsJSwLYqz8ETHuZwzh6qMMLow8VXa8pLm,-0.03613906678865508,0.034646416706217265,0.11390602752729007,0.15757000474608462
2026-06-29,JUP,0.218,6277594.174393088,8175212.20944028,14452806.383833367,0.5656487738315595,0.7678814951303736,11,binance;bitget;bybit;crypto_com;gate;htx;kraken;kucoin;mexc;okx;upbit,solana,solana,5,humidifi;meteora;orca,C1MgLojNLWBKADvu9BHdtgzz1oZX4dZ5zGdGcgvvW8Wz;C8Gr6AUuq9hEdSYJzoEpNcdjpojPZwqG5MtQbeouNNwg;Eio6hAieGTAmKgfvbEfbnXke6o5kfEd74tqHm2Z9SFjf;HfgjZDmexhFVD28Vkb1NbQwWeXP3uDcVTLPjSGHmRHhL;hKgG7iEDRFNsJSwLYqz8ETHuZwzh6qMMLow8VXa8pLm,0.034646416706217265,-0.02798165137614672,0.11880733944954125,0.08899082568807337
2026-06-30,JUP,0.2119,7738365.003008291,5447430.815769911,13185795.818778202,0.413128709911623,1.4205531496804502,11,binance;bitget;bybit;crypto_com;gate;htx;kraken;kucoin;mexc;okx;upbit,solana,solana,5,humidifi;meteora;orca,C1MgLojNLWBKADvu9BHdtgzz1oZX4dZ5zGdGcgvvW8Wz;C8Gr6AUuq9hEdSYJzoEpNcdjpojPZwqG5MtQbeouNNwg;Eio6hAieGTAmKgfvbEfbnXke6o5kfEd74tqHm2Z9SFjf;HfgjZDmexhFVD28Vkb1NbQwWeXP3uDcVTLPjSGHmRHhL;hKgG7iEDRFNsJSwLYqz8ETHuZwzh6qMMLow8VXa8pLm,-0.02798165137614672,0.10759792354884379,0.14723926380368102,0.12033978291647007
2026-07-01,JUP,0.2347,18881763.63267032,8856013.529609691,27737777.162280012,0.31927625194324466,2.1320838738039383,11,binance;bitget;bybit;crypto_com;gate;htx;kraken;kucoin;mexc;okx;upbit,solana,solana,5,humidifi;meteora;orca,C1MgLojNLWBKADvu9BHdtgzz1oZX4dZ5zGdGcgvvW8Wz;C8Gr6AUuq9hEdSYJzoEpNcdjpojPZwqG5MtQbeouNNwg;Eio6hAieGTAmKgfvbEfbnXke6o5kfEd74tqHm2Z9SFjf;HfgjZDmexhFVD28Vkb1NbQwWeXP3uDcVTLPjSGHmRHhL;hKgG7iEDRFNsJSwLYqz8ETHuZwzh6qMMLow8VXa8pLm,0.10759792354884379,0.039198977417980396,0.001704303365999138,
2026-07-02,JUP,0.2439,14189642.46271285,6078499.4160628775,20268141.878775727,0.29990412798659777,2.33439891845933,11,binance;bitget;bybit;crypto_com;gate;htx;kraken;kucoin;mexc;okx;upbit,solana,solana,5,humidifi;meteora;orca,C1MgLojNLWBKADvu9BHdtgzz1oZX4dZ5zGdGcgvvW8Wz;C8Gr6AUuq9hEdSYJzoEpNcdjpojPZwqG5MtQbeouNNwg;Eio6hAieGTAmKgfvbEfbnXke6o5kfEd74tqHm2Z9SFjf;HfgjZDmexhFVD28Vkb1NbQwWeXP3uDcVTLPjSGHmRHhL;hKgG7iEDRFNsJSwLYqz8ETHuZwzh6qMMLow8VXa8pLm,0.039198977417980396,-0.003280032800327959,0.0,
2026-07-03,JUP,0.2431,7302581.869404634,3024869.2863835306,10327451.155788165,0.2928960147817499,2.414180970489289,11,binance;bitget;bybit;crypto_com;gate;htx;kraken;kucoin;mexc;okx;upbit,solana,solana,5,humidifi;meteora;orca,C1MgLojNLWBKADvu9BHdtgzz1oZX4dZ5zGdGcgvvW8Wz;C8Gr6AUuq9hEdSYJzoEpNcdjpojPZwqG5MtQbeouNNwg;Eio6hAieGTAmKgfvbEfbnXke6o5kfEd74tqHm2Z9SFjf;HfgjZDmexhFVD28Vkb1NbQwWeXP3uDcVTLPjSGHmRHhL;hKgG7iEDRFNsJSwLYqz8ETHuZwzh6qMMLow8VXa8pLm,-0.003280032800327959,-0.032908268202385904,-0.023447141094199986,
2026-07-04,JUP,0.2351,5884283.973799973,2361009.5851973873,8245293.55899736,0.2863463342212996,2.4922744959157077,11,binance;bitget;bybit;crypto_com;gate;htx;kraken;kucoin;mexc;okx;upbit,solana,solana,5,humidifi;meteora;orca,C1MgLojNLWBKADvu9BHdtgzz1oZX4dZ5zGdGcgvvW8Wz;C8Gr6AUuq9hEdSYJzoEpNcdjpojPZwqG5MtQbeouNNwg;Eio6hAieGTAmKgfvbEfbnXke6o5kfEd74tqHm2Z9SFjf;HfgjZDmexhFVD28Vkb1NbQwWeXP3uDcVTLPjSGHmRHhL;hKgG7iEDRFNsJSwLYqz8ETHuZwzh6qMMLow8VXa8pLm,-0.032908268202385904,0.03743088047639298,0.009783071033602653,
2026-07-05,JUP,0.2439,6204688.242819539,2915520.816437106,9120209.059256645,0.3196769720402374,2.128157757556998,11,binance;bitget;bybit;crypto_com;gate;htx;kraken;kucoin;mexc;okx;upbit,solana,solana,5,humidifi;meteora;orca,C1MgLojNLWBKADvu9BHdtgzz1oZX4dZ5zGdGcgvvW8Wz;C8Gr6AUuq9hEdSYJzoEpNcdjpojPZwqG5MtQbeouNNwg;Eio6hAieGTAmKgfvbEfbnXke6o5kfEd74tqHm2Z9SFjf;HfgjZDmexhFVD28Vkb1NbQwWeXP3uDcVTLPjSGHmRHhL;hKgG7iEDRFNsJSwLYqz8ETHuZwzh6qMMLow8VXa8pLm,0.03743088047639298,-0.026650266502665,,
2026-07-06,JUP,0.2374,7410315.88955555,2685871.5549609987,10096187.444516549,0.26602829728758176,2.7589986110349027,11,binance;bitget;bybit;crypto_com;gate;htx;kraken;kucoin;mexc;okx;upbit,solana,solana,5,humidifi;meteora;orca,C1MgLojNLWBKADvu9BHdtgzz1oZX4dZ5zGdGcgvvW8Wz;C8Gr6AUuq9hEdSYJzoEpNcdjpojPZwqG5MtQbeouNNwg;Eio6hAieGTAmKgfvbEfbnXke6o5kfEd74tqHm2Z9SFjf;HfgjZDmexhFVD28Vkb1NbQwWeXP3uDcVTLPjSGHmRHhL;hKgG7iEDRFNsJSwLYqz8ETHuZwzh6qMMLow8VXa8pLm,-0.026650266502665,0.0,,
2026-07-07,JUP,0.2374,8687217.14350458,2097174.3182705655,10784391.461775146,0.19446385321822912,4.142343851830349,11,binance;bitget;bybit;crypto_com;gate;htx;kraken;kucoin;mexc;okx;upbit,solana,solana,5,humidifi;meteora;orca,C1MgLojNLWBKADvu9BHdtgzz1oZX4dZ5zGdGcgvvW8Wz;C8Gr6AUuq9hEdSYJzoEpNcdjpojPZwqG5MtQbeouNNwg;Eio6hAieGTAmKgfvbEfbnXke6o5kfEd74tqHm2Z9SFjf;HfgjZDmexhFVD28Vkb1NbQwWeXP3uDcVTLPjSGHmRHhL;hKgG7iEDRFNsJSwLYqz8ETHuZwzh6qMMLow8VXa8pLm,0.0,,,
2026-01-17,LDO,0.6077,4391842.544431455,624223.0470673139,5016065.59149877,0.12444475369804721,7.035694316422532,11,binance;bitget;bybit;coinbase;crypto_com;gate;htx;kraken;kucoin;mexc;okx,arbitrum;eth,arbitrum;eth,5,curve;uniswap-v4-arbitrum;uniswap-v4-ethereum;uniswap_v3;uniswap_v3_arbitrum,0x462af0c01215decaf617ceb44d10dee6b351485003b892fd0966924de769bd4f;0x52f9d14bed8ce6536da063aaf274ae2747ef4853;0x9409280dc1e6d33ab7a8c6ec03e5763fb61772b5;0xa3f558aebaecaf0e11ca4b2199cc5ed341edfd74;0xf0ea88c65397909328b612fb2264ce270f5239981f36c57a8ca93e32b6ffa4b9,,-0.04706269540891894,-0.1431627447753825,-0.1441500740496956
2026-01-18,LDO,0.5791,9579458.39484381,1085581.5672498497,10665039.962093659,0.10178879508265233,8.824264047806064,11,binance;bitget;bybit;coinbase;crypto_com;gate;htx;kraken;kucoin;mexc;okx,arbitrum;eth,arbitrum;eth,5,curve;uniswap-v4-arbitrum;uniswap-v4-ethereum;uniswap_v3;uniswap_v3_arbitrum,0x462af0c01215decaf617ceb44d10dee6b351485003b892fd0966924de769bd4f;0x52f9d14bed8ce6536da063aaf274ae2747ef4853;0x9409280dc1e6d33ab7a8c6ec03e5763fb61772b5;0xa3f558aebaecaf0e11ca4b2199cc5ed341edfd74;0xf0ea88c65397909328b612fb2264ce270f5239981f36c57a8ca93e32b6ffa4b9,-0.04706269540891894,-0.03609048523571046,-0.08737696425487818,-0.14401657744776375
2026-01-19,LDO,0.5582,17989989.70456564,1358124.8147210549,19348114.519286696,0.07019416870658075,13.246197631887465,11,binance;bitget;bybit;coinbase;crypto_com;gate;htx;kraken;kucoin;mexc;okx,arbitrum;eth,arbitrum;eth,5,curve;uniswap-v4-arbitrum;uniswap-v4-ethereum;uniswap_v3;uniswap_v3_arbitrum,0x462af0c01215decaf617ceb44d10dee6b351485003b892fd0966924de769bd4f;0x52f9d14bed8ce6536da063aaf274ae2747ef4853;0x9409280dc1e6d33ab7a8c6ec03e5763fb61772b5;0xa3f558aebaecaf0e11ca4b2199cc5ed341edfd74;0xf0ea88c65397909328b612fb2264ce270f5239981f36c57a8ca93e32b6ffa4b9,-0.03609048523571046,-0.06718022214260122,-0.06270154066642786,-0.07560014331780729
2026-01-20,LDO,0.5207,13330280.108615855,1793425.2170151155,15123705.32563097,0.11858371863247691,7.4328608643086245,11,binance;bitget;bybit;coinbase;crypto_com;gate;htx;kraken;kucoin;mexc;okx,arbitrum;eth,arbitrum;eth,5,curve;uniswap-v4-arbitrum;uniswap-v4-ethereum;uniswap_v3;uniswap_v3_arbitrum,0x462af0c01215decaf617ceb44d10dee6b351485003b892fd0966924de769bd4f;0x52f9d14bed8ce6536da063aaf274ae2747ef4853;0x9409280dc1e6d33ab7a8c6ec03e5763fb61772b5;0xa3f558aebaecaf0e11ca4b2199cc5ed341edfd74;0xf0ea88c65397909328b612fb2264ce270f5239981f36c57a8ca93e32b6ffa4b9,-0.06718022214260122,0.014979834837718364,0.007105819089686882,0.00921835990013431
2026-01-21,LDO,0.5285,11836212.981334997,1157186.3973935407,12993399.378728539,0.08905955736941078,10.228441163839303,11,binance;bitget;bybit;coinbase;crypto_com;gate;htx;kraken;kucoin;mexc;okx,arbitrum;eth,arbitrum;eth,5,curve;uniswap-v4-arbitrum;uniswap-v4-ethereum;uniswap_v3;uniswap_v3_arbitrum,0x462af0c01215decaf617ceb44d10dee6b351485003b892fd0966924de769bd4f;0x52f9d14bed8ce6536da063aaf274ae2747ef4853;0x9409280dc1e6d33ab7a8c6ec03e5763fb61772b5;0xa3f558aebaecaf0e11ca4b2199cc5ed341edfd74;0xf0ea88c65397909328b612fb2264ce270f5239981f36c57a8ca93e32b6ffa4b9,0.014979834837718364,-0.010028382213812637,-0.015894039735099286,-0.00908230842005664
2026-01-22,LDO,0.5232,6811564.749861596,445744.7453165013,7257309.495178098,0.06142010969942278,15.281312503246765,11,binance;bitget;bybit;coinbase;crypto_com;gate;htx;kraken;kucoin;mexc;okx,arbitrum;eth,arbitrum;eth,5,curve;uniswap-v4-arbitrum;uniswap-v4-ethereum;uniswap_v3;uniswap_v3_arbitrum,0x462af0c01215decaf617ceb44d10dee6b351485003b892fd0966924de769bd4f;0x52f9d14bed8ce6536da063aaf274ae2747ef4853;0x9409280dc1e6d33ab7a8c6ec03e5763fb61772b5;0xa3f558aebaecaf0e11ca4b2199cc5ed341edfd74;0xf0ea88c65397909328b612fb2264ce270f5239981f36c57a8ca93e32b6ffa4b9,-0.010028382213812637,0.002293577981651307,-0.05256116207951078,-0.08237767584097855
2026-01-23,LDO,0.5244,6402569.634961008,595975.3968792778,6998545.031840286,0.08515704252353212,10.743009977403359,11,binance;bitget;bybit;coinbase;crypto_com;gate;htx;kraken;kucoin;mexc;okx,arbitrum;eth,arbitrum;eth,5,curve;uniswap-v4-arbitrum;uniswap-v4-ethereum;uniswap_v3;uniswap_v3_arbitrum,0x462af0c01215decaf617ceb44d10dee6b351485003b892fd0966924de769bd4f;0x52f9d14bed8ce6536da063aaf274ae2747ef4853;0x9409280dc1e6d33ab7a8c6ec03e5763fb61772b5;0xa3f558aebaecaf0e11ca4b2199cc5ed341edfd74;0xf0ea88c65397909328b612fb2264ce270f5239981f36c57a8ca93e32b6ffa4b9,0.002293577981651307,-0.008199847444698594,-0.016018306636155555,-0.10221205186880244
2026-01-24,LDO,0.5201,3952413.164539898,612839.0998739774,4565252.2644138755,0.13423992024516496,6.449348883504107,11,binance;bitget;bybit;coinbase;crypto_com;gate;htx;kraken;kucoin;mexc;okx,arbitrum;eth,arbitrum;eth,5,curve;uniswap-v4-arbitrum;uniswap-v4-ethereum;uniswap_v3;uniswap_v3_arbitrum,0x462af0c01215decaf617ceb44d10dee6b351485003b892fd0966924de769bd4f;0x52f9d14bed8ce6536da063aaf274ae2747ef4853;0x9409280dc1e6d33ab7a8c6ec03e5763fb61772b5;0xa3f558aebaecaf0e11ca4b2199cc5ed341edfd74;0xf0ea88c65397909328b612fb2264ce270f5239981f36c57a8ca93e32b6ffa4b9,-0.008199847444698594,-0.046914054989425136,0.010382618727167836,-0.18611805422034222
2026-01-25,LDO,0.4957,11532917.50461869,800171.4434292365,12333088.948047927,0.06488005128316918,14.413058100640162,11,binance;bitget;bybit;coinbase;crypto_com;gate;htx;kraken;kucoin;mexc;okx,arbitrum;eth,arbitrum;eth,5,curve;uniswap-v4-arbitrum;uniswap-v4-ethereum;uniswap_v3;uniswap_v3_arbitrum,0x462af0c01215decaf617ceb44d10dee6b351485003b892fd0966924de769bd4f;0x52f9d14bed8ce6536da063aaf274ae2747ef4853;0x9409280dc1e6d33ab7a8c6ec03e5763fb61772b5;0xa3f558aebaecaf0e11ca4b2199cc5ed341edfd74;0xf0ea88c65397909328b612fb2264ce270f5239981f36c57a8ca93e32b6ffa4b9,-0.046914054989425136,0.040952188823885516,0.05648577768811802,-0.17692152511599757
2026-01-26,LDO,0.516,9341454.252508033,1141886.822226393,10483341.074734427,0.10892394076335252,8.180718150590913,11,binance;bitget;bybit;coinbase;crypto_com;gate;htx;kraken;kucoin;mexc;okx,arbitrum;eth,arbitrum;eth,5,curve;uniswap-v4-arbitrum;uniswap-v4-ethereum;uniswap_v3;uniswap_v3_arbitrum,0x462af0c01215decaf617ceb44d10dee6b351485003b892fd0966924de769bd4f;0x52f9d14bed8ce6536da063aaf274ae2747ef4853;0x9409280dc1e6d33ab7a8c6ec03e5763fb61772b5;0xa3f558aebaecaf0e11ca4b2199cc5ed341edfd74;0xf0ea88c65397909328b612fb2264ce270f5239981f36c57a8ca93e32b6ffa4b9,0.040952188823885516,0.018410852713178105,-0.0695736434108527,-0.1813953488372093
2026-01-27,LDO,0.5255,6678476.033194973,563735.1899386031,7242211.223133576,0.07784020274607302,11.846831903330946,11,binance;bitget;bybit;coinbase;crypto_com;gate;htx;kraken;kucoin;mexc;okx,arbitrum;eth,arbitrum;eth,5,curve;uniswap-v4-arbitrum;uniswap-v4-ethereum;uniswap_v3;uniswap_v3_arbitrum,0x462af0c01215decaf617ceb44d10dee6b351485003b892fd0966924de769bd4f;0x52f9d14bed8ce6536da063aaf274ae2747ef4853;0x9409280dc1e6d33ab7a8c6ec03e5763fb61772b5;0xa3f558aebaecaf0e11ca4b2199cc5ed341edfd74;0xf0ea88c65397909328b612fb2264ce270f5239981f36c57a8ca93e32b6ffa4b9,0.018410852713178105,-0.0034253092293052845,-0.1040913415794481,-0.2184586108468125
2026-01-28,LDO,0.5237,7997385.267782373,799434.8623972712,8796820.130179644,0.09087770928208641,10.00379848809765,11,binance;bitget;bybit;coinbase;crypto_com;gate;htx;kraken;kucoin;mexc;okx,arbitrum;eth,arbitrum;eth,5,curve;uniswap-v4-arbitrum;uniswap-v4-ethereum;uniswap_v3;uniswap_v3_arbitrum,0x462af0c01215decaf617ceb44d10dee6b351485003b892fd0966924de769bd4f;0x52f9d14bed8ce6536da063aaf274ae2747ef4853;0x9409280dc1e6d33ab7a8c6ec03e5763fb61772b5;0xa3f558aebaecaf0e11ca4b2199cc5ed341edfd74;0xf0ea88c65397909328b612fb2264ce270f5239981f36c57a8ca93e32b6ffa4b9,-0.0034253092293052845,-0.08325377124307809,-0.19171281267901474,-0.23009356501814027
2026-01-29,LDO,0.4801,13547810.083680458,1526095.105339766,15073905.189020224,0.10124085870271812,8.877434988341836,11,binance;bitget;bybit;coinbase;crypto_com;gate;htx;kraken;kucoin;mexc;okx,arbitrum;eth,arbitrum;eth,5,curve;uniswap-v4-arbitrum;uniswap-v4-ethereum;uniswap_v3;uniswap_v3_arbitrum,0x462af0c01215decaf617ceb44d10dee6b351485003b892fd0966924de769bd4f;0x52f9d14bed8ce6536da063aaf274ae2747ef4853;0x9409280dc1e6d33ab7a8c6ec03e5763fb61772b5;0xa3f558aebaecaf0e11ca4b2199cc5ed341edfd74;0xf0ea88c65397909328b612fb2264ce270f5239981f36c57a8ca93e32b6ffa4b9,-0.08325377124307809,-0.019370964382420364,-0.1501770464486566,-0.32805665486357016
2026-01-30,LDO,0.4708,11943672.299180206,985587.8698992801,12929260.169079486,0.0762292549620378,12.11832314900625,11,binance;bitget;bybit;coinbase;crypto_com;gate;htx;kraken;kucoin;mexc;okx,arbitrum;eth,arbitrum;eth,5,curve;uniswap-v4-arbitrum;uniswap-v4-ethereum;uniswap_v3;uniswap_v3_arbitrum,0x462af0c01215decaf617ceb44d10dee6b351485003b892fd0966924de769bd4f;0x52f9d14bed8ce6536da063aaf274ae2747ef4853;0x9409280dc1e6d33ab7a8c6ec03e5763fb61772b5;0xa3f558aebaecaf0e11ca4b2199cc5ed341edfd74;0xf0ea88c65397909328b612fb2264ce270f5239981f36c57a8ca93e32b6ffa4b9,-0.019370964382420364,-0.10089209855564996,-0.10280373831775702,-0.2289719626168224
2026-01-31,LDO,0.4233,22888102.622999087,2283250.560106687,25171353.183105774,0.09070829619279798,10.024349943411213,11,binance;bitget;bybit;coinbase;crypto_com;gate;htx;kraken;kucoin;mexc;okx,arbitrum;eth,arbitrum;eth,5,curve;uniswap-v4-arbitrum;uniswap-v4-ethereum;uniswap_v3;uniswap_v3_arbitrum,0x462af0c01215decaf617ceb44d10dee6b351485003b892fd0966924de769bd4f;0x52f9d14bed8ce6536da063aaf274ae2747ef4853;0x9409280dc1e6d33ab7a8c6ec03e5763fb61772b5;0xa3f558aebaecaf0e11ca4b2199cc5ed341edfd74;0xf0ea88c65397909328b612fb2264ce270f5239981f36c57a8ca93e32b6ffa4b9,-0.10089209855564996,-0.03614457831325313,-0.029766123316796622,-0.14174344436569808
2026-02-01,LDO,0.408,11252430.968297964,959027.1769444296,12211458.145242393,0.07853502550946943,11.733172154880425,11,binance;bitget;bybit;coinbase;crypto_com;gate;htx;kraken;kucoin;mexc;okx,arbitrum;eth,arbitrum;eth,5,curve;uniswap-v4-arbitrum;uniswap-v4-ethereum;uniswap_v3;uniswap_v3_arbitrum,0x462af0c01215decaf617ceb44d10dee6b351485003b892fd0966924de769bd4f;0x52f9d14bed8ce6536da063aaf274ae2747ef4853;0x9409280dc1e6d33ab7a8c6ec03e5763fb61772b5;0xa3f558aebaecaf0e11ca4b2199cc5ed341edfd74;0xf0ea88c65397909328b612fb2264ce270f5239981f36c57a8ca93e32b6ffa4b9,-0.03614457831325313,0.03529411764705892,-0.0117647058823529,-0.13602941176470584
2026-02-02,LDO,0.4224,13237324.828018831,1352853.6149039424,14590178.442922773,0.09272358252480238,9.78474291836721,11,binance;bitget;bybit;coinbase;crypto_com;gate;htx;kraken;kucoin;mexc;okx,arbitrum;eth,arbitrum;eth,5,curve;uniswap-v4-arbitrum;uniswap-v4-ethereum;uniswap_v3;uniswap_v3_arbitrum,0x462af0c01215decaf617ceb44d10dee6b351485003b892fd0966924de769bd4f;0x52f9d14bed8ce6536da063aaf274ae2747ef4853;0x9409280dc1e6d33ab7a8c6ec03e5763fb61772b5;0xa3f558aebaecaf0e11ca4b2199cc5ed341edfd74;0xf0ea88c65397909328b612fb2264ce270f5239981f36c57a8ca93e32b6ffa4b9,0.03529411764705892,-0.027698863636363646,-0.23626893939393945,-0.16216856060606066
2026-02-03,LDO,0.4107,16503208.20767745,1417689.2111248022,17920897.418802254,0.07910815948521588,11.640921069423753,11,binance;bitget;bybit;coinbase;crypto_com;gate;htx;kraken;kucoin;mexc;okx,arbitrum;eth,arbitrum;eth,5,curve;uniswap-v4-arbitrum;uniswap-v4-ethereum;uniswap_v3;uniswap_v3_arbitrum,0x462af0c01215decaf617ceb44d10dee6b351485003b892fd0966924de769bd4f;0x52f9d14bed8ce6536da063aaf274ae2747ef4853;0x9409280dc1e6d33ab7a8c6ec03e5763fb61772b5;0xa3f558aebaecaf0e11ca4b2199cc5ed341edfd74;0xf0ea88c65397909328b612fb2264ce270f5239981f36c57a8ca93e32b6ffa4b9,-0.027698863636363646,-0.018261504747991264,-0.11614317019722431,-0.17263209155101056
2026-02-04,LDO,0.4032,11969937.728903955,1077894.8385203658,13047832.56742432,0.08261102623369618,11.104921650181735,11,binance;bitget;bybit;coinbase;crypto_com;gate;htx;kraken;kucoin;mexc;okx,arbitrum;eth,arbitrum;eth,5,curve;uniswap-v4-arbitrum;uniswap-v4-ethereum;uniswap_v3;uniswap_v3_arbitrum,0x462af0c01215decaf617ceb44d10dee6b351485003b892fd0966924de769bd4f;0x52f9d14bed8ce6536da063aaf274ae2747ef4853;0x9409280dc1e6d33ab7a8c6ec03e5763fb61772b5;0xa3f558aebaecaf0e11ca4b2199cc5ed341edfd74;0xf0ea88c65397909328b612fb2264ce270f5239981f36c57a8ca93e32b6ffa4b9,-0.018261504747991264,-0.1999007936507936,-0.09895833333333326,-0.18278769841269837
2026-02-05,LDO,0.3226,30299970.25451588,3695834.69402754,33995804.94854342,0.10871443401977428,8.198410579207062,11,binance;bitget;bybit;coinbase;crypto_com;gate;htx;kraken;kucoin;mexc;okx,arbitrum;eth,arbitrum;eth,5,curve;uniswap-v4-arbitrum;uniswap-v4-ethereum;uniswap_v3;uniswap_v3_arbitrum,0x462af0c01215decaf617ceb44d10dee6b351485003b892fd0966924de769bd4f;0x52f9d14bed8ce6536da063aaf274ae2747ef4853;0x9409280dc1e6d33ab7a8c6ec03e5763fb61772b5;0xa3f558aebaecaf0e11ca4b2199cc5ed341edfd74;0xf0ea88c65397909328b612fb2264ce270f5239981f36c57a8ca93e32b6ffa4b9,-0.1999007936507936,0.12523248605083692,0.09268443893366385,0.047427154370737634
2026-02-06,LDO,0.363,25603484.191932116,3412541.4474929594,29016025.639425077,0.11760885139473483,7.502761383526006,11,binance;bitget;bybit;coinbase;crypto_com;gate;htx;kraken;kucoin;mexc;okx,arbitrum;eth,arbitrum;eth,5,curve;uniswap-v4-arbitrum;uniswap-v4-ethereum;uniswap_v3;uniswap_v3_arbitrum,0x462af0c01215decaf617ceb44d10dee6b351485003b892fd0966924de769bd4f;0x52f9d14bed8ce6536da063aaf274ae2747ef4853;0x9409280dc1e6d33ab7a8c6ec03e5763fb61772b5;0xa3f558aebaecaf0e11ca4b2199cc5ed341edfd74;0xf0ea88c65397909328b612fb2264ce270f5239981f36c57a8ca93e32b6ffa4b9,0.12523248605083692,0.0008264462809917106,-0.025068870523415998,-0.03498622589531675
2026-02-07,LDO,0.3633,13013118.546226325,1613604.0854801247,14626722.63170645,0.11031890917123865,8.064629151180103,11,binance;bitget;bybit;coinbase;crypto_com;gate;htx;kraken;kucoin;mexc;okx,arbitrum;eth,arbitrum;eth,5,curve;uniswap-v4-arbitrum;uniswap-v4-ethereum;uniswap_v3;uniswap_v3_arbitrum,0x462af0c01215decaf617ceb44d10dee6b351485003b892fd0966924de769bd4f;0x52f9d14bed8ce6536da063aaf274ae2747ef4853;0x9409280dc1e6d33ab7a8c6ec03e5763fb61772b5;0xa3f558aebaecaf0e11ca4b2199cc5ed341edfd74;0xf0ea88c65397909328b612fb2264ce270f5239981f36c57a8ca93e32b6ffa4b9,0.0008264462809917106,-0.029727497935590486,-0.06468483347096066,-0.006055601431324109
2026-02-08,LDO,0.3525,5313315.236035964,693906.909643777,6007222.145679741,0.11551211072539064,7.657100919723656,11,binance;bitget;bybit;coinbase;crypto_com;gate;htx;kraken;kucoin;mexc;okx,arbitrum;eth,arbitrum;eth,5,curve;uniswap-v4-arbitrum;uniswap-v4-ethereum;uniswap_v3;uniswap_v3_arbitrum,0x462af0c01215decaf617ceb44d10dee6b351485003b892fd0966924de769bd4f;0x52f9d14bed8ce6536da063aaf274ae2747ef4853;0x9409280dc1e6d33ab7a8c6ec03e5763fb61772b5;0xa3f558aebaecaf0e11ca4b2199cc5ed341edfd74;0xf0ea88c65397909328b612fb2264ce270f5239981f36c57a8ca93e32b6ffa4b9,-0.029727497935590486,0.003971631205673898,-0.06524822695035448,-0.03744680851063831
2026-02-09,LDO,0.3539,5387797.784070104,643637.8701649386,6031435.654235043,0.10671387494833022,8.37085267013488,11,binance;bitget;bybit;coinbase;crypto_com;gate;htx;kraken;kucoin;mexc;okx,arbitrum;eth,arbitrum;eth,5,curve;uniswap-v4-arbitrum;uniswap-v4-ethereum;uniswap_v3;uniswap_v3_arbitrum,0x462af0c01215decaf617ceb44d10dee6b351485003b892fd0966924de769bd4f;0x52f9d14bed8ce6536da063aaf274ae2747ef4853;0x9409280dc1e6d33ab7a8c6ec03e5763fb61772b5;0xa3f558aebaecaf0e11ca4b2199cc5ed341edfd74;0xf0ea88c65397909328b612fb2264ce270f5239981f36c57a8ca93e32b6ffa4b9,0.003971631205673898,-0.03984176320994637,-0.04521051144391075,-0.02147499293585753
2026-02-10,LDO,0.3398,5178451.493830159,561335.3667984798,5739786.860628639,0.09779724934542267,9.225236463123533,11,binance;bitget;bybit;coinbase;crypto_com;gate;htx;kraken;kucoin;mexc;okx,arbitrum;eth,arbitrum;eth,5,curve;uniswap-v4-arbitrum;uniswap-v4-ethereum;uniswap_v3;uniswap_v3_arbitrum,0x462af0c01215decaf617ceb44d10dee6b351485003b892fd0966924de769bd4f;0x52f9d14bed8ce6536da063aaf274ae2747ef4853;0x9409280dc1e6d33ab7a8c6ec03e5763fb61772b5;0xa3f558aebaecaf0e11ca4b2199cc5ed341edfd74;0xf0ea88c65397909328b612fb2264ce270f5239981f36c57a8ca93e32b6ffa4b9,-0.03984176320994637,-0.0303119482048263,0.030900529723366654,0.0017657445556209517
2026-02-11,LDO,0.3295,6429282.744719382,988994.1323971841,7418276.8771165665,0.13331857906894404,6.500830019219321,11,binance;bitget;bybit;coinbase;crypto_com;gate;htx;kraken;kucoin;mexc;okx,arbitrum;eth,arbitrum;eth,5,curve;uniswap-v4-arbitrum;uniswap-v4-ethereum;uniswap_v3;uniswap_v3_arbitrum,0x462af0c01215decaf617ceb44d10dee6b351485003b892fd0966924de769bd4f;0x52f9d14bed8ce6536da063aaf274ae2747ef4853;0x9409280dc1e6d33ab7a8c6ec03e5763fb61772b5;0xa3f558aebaecaf0e11ca4b2199cc5ed341edfd74;0xf0ea88c65397909328b612fb2264ce270f5239981f36c57a8ca93e32b6ffa4b9,-0.0303119482048263,0.02549317147192709,0.09590288315629736,0.0
2026-02-12,LDO,0.3379,5266475.266672658,897084.1188062851,6163559.385478943,0.14554643878661627,5.870659346506492,11,binance;bitget;bybit;coinbase;crypto_com;gate;htx;kraken;kucoin;mexc;okx,arbitrum;eth,arbitrum;eth,5,curve;uniswap-v4-arbitrum;uniswap-v4-ethereum;uniswap_v3;uniswap_v3_arbitrum,0x462af0c01215decaf617ceb44d10dee6b351485003b892fd0966924de769bd4f;0x52f9d14bed8ce6536da063aaf274ae2747ef4853;0x9409280dc1e6d33ab7a8c6ec03e5763fb61772b5;0xa3f558aebaecaf0e11ca4b2199cc5ed341edfd74;0xf0ea88c65397909328b612fb2264ce270f5239981f36c57a8ca93e32b6ffa4b9,0.02549317147192709,0.03669724770642202,0.004143237644273601,-0.04379994081089078
2026-02-13,LDO,0.3503,4128498.9273221563,741454.1151284424,4869953.042450598,0.1522507729880157,5.5681111522416655,11,binance;bitget;bybit;coinbase;crypto_com;gate;htx;kraken;kucoin;mexc;okx,arbitrum;eth,arbitrum;eth,5,curve;uniswap-v4-arbitrum;uniswap-v4-ethereum;uniswap_v3;uniswap_v3_arbitrum,0x462af0c01215decaf617ceb44d10dee6b351485003b892fd0966924de769bd4f;0x52f9d14bed8ce6536da063aaf274ae2747ef4853;0x9409280dc1e6d33ab7a8c6ec03e5763fb61772b5;0xa3f558aebaecaf0e11ca4b2199cc5ed341edfd74;0xf0ea88c65397909328b612fb2264ce270f5239981f36c57a8ca93e32b6ffa4b9,0.03669724770642202,0.030830716528689628,-0.011418783899514673,-0.057664858692549226
2026-02-14,LDO,0.3611,4829708.001603323,877211.1846111504,5706919.186214473,0.15371011153095093,5.505752874941093,11,binance;bitget;bybit;coinbase;crypto_com;gate;htx;kraken;kucoin;mexc;okx,arbitrum;eth,arbitrum;eth,5,curve;uniswap-v4-arbitrum;uniswap-v4-ethereum;uniswap_v3;uniswap_v3_arbitrum,0x462af0c01215decaf617ceb44d10dee6b351485003b892fd0966924de769bd4f;0x52f9d14bed8ce6536da063aaf274ae2747ef4853;0x9409280dc1e6d33ab7a8c6ec03e5763fb61772b5;0xa3f558aebaecaf0e11ca4b2199cc5ed341edfd74;0xf0ea88c65397909328b612fb2264ce270f5239981f36c57a8ca93e32b6ffa4b9,0.030830716528689628,-0.06037108834117966,-0.0573248407643312,-0.09277208529493208
2026-02-15,LDO,0.3393,5773181.21674591,626177.1718550205,6399358.388600931,0.09784999273840005,9.219724825871777,11,binance;bitget;bybit;coinbase;crypto_com;gate;htx;kraken;kucoin;mexc;okx,arbitrum;eth,arbitrum;eth,5,curve;uniswap-v4-arbitrum;uniswap-v4-ethereum;uniswap_v3;uniswap_v3_arbitrum,0x462af0c01215decaf617ceb44d10dee6b351485003b892fd0966924de769bd4f;0x52f9d14bed8ce6536da063aaf274ae2747ef4853;0x9409280dc1e6d33ab7a8c6ec03e5763fb61772b5;0xa3f558aebaecaf0e11ca4b2199cc5ed341edfd74;0xf0ea88c65397909328b612fb2264ce270f5239981f36c57a8ca93e32b6ffa4b9,-0.06037108834117966,0.020630710285882703,-0.028882994400235673,-0.09224874742116118
2026-02-16,LDO,0.3463,4728350.67649127,521333.614465658,5249684.290956927,0.0993076127194361,9.069721470651,11,binance;bitget;bybit;coinbase;crypto_com;gate;htx;kraken;kucoin;mexc;okx,arbitrum;eth,arbitrum;eth,5,curve;uniswap-v4-arbitrum;uniswap-v4-ethereum;uniswap_v3;uniswap_v3_arbitrum,0x462af0c01215decaf617ceb44d10dee6b351485003b892fd0966924de769bd4f;0x52f9d14bed8ce6536da063aaf274ae2747ef4853;0x9409280dc1e6d33ab7a8c6ec03e5763fb61772b5;0xa3f558aebaecaf0e11ca4b2199cc5ed341edfd74;0xf0ea88c65397909328b612fb2264ce270f5239981f36c57a8ca93e32b6ffa4b9,0.020630710285882703,-0.017037250938492732,-0.0669939358937337,-0.13716430840311866
2026-02-17,LDO,0.3404,4399272.357892249,748204.5540760126,5147476.911968261,0.14535364934544576,5.879772227963895,11,binance;bitget;bybit;coinbase;crypto_com;gate;htx;kraken;kucoin;mexc;okx,arbitrum;eth,arbitrum;eth,5,curve;uniswap-v4-arbitrum;uniswap-v4-ethereum;uniswap_v3;uniswap_v3_arbitrum,0x462af0c01215decaf617ceb44d10dee6b351485003b892fd0966924de769bd4f;0x52f9d14bed8ce6536da063aaf274ae2747ef4853;0x9409280dc1e6d33ab7a8c6ec03e5763fb61772b5;0xa3f558aebaecaf0e11ca4b2199cc5ed341edfd74;0xf0ea88c65397909328b612fb2264ce270f5239981f36c57a8ca93e32b6ffa4b9,-0.017037250938492732,-0.03202115158636887,-0.030258519388954075,-0.12015276145710929
2026-02-18,LDO,0.3295,3840516.733512114,348872.3125503881,4189389.046062502,0.08327522431421931,11.00837353768916,11,binance;bitget;bybit;coinbase;crypto_com;gate;htx;kraken;kucoin;mexc;okx,arbitrum;eth,arbitrum;eth,5,curve;uniswap-v4-arbitrum;uniswap-v4-ethereum;uniswap_v3;uniswap_v3_arbitrum,0x462af0c01215decaf617ceb44d10dee6b351485003b892fd0966924de769bd4f;0x52f9d14bed8ce6536da063aaf274ae2747ef4853;0x9409280dc1e6d33ab7a8c6ec03e5763fb61772b5;0xa3f558aebaecaf0e11ca4b2199cc5ed341edfd74;0xf0ea88c65397909328b612fb2264ce270f5239981f36c57a8ca93e32b6ffa4b9,-0.03202115158636887,-0.01942336874051598,-0.005766312594840728,-0.0033383915022761057
2026-02-19,LDO,0.3231,3734832.277457919,393842.75352567754,4128675.0309835966,0.09539204480131977,9.483054452630464,11,binance;bitget;bybit;coinbase;crypto_com;gate;htx;kraken;kucoin;mexc;okx,arbitrum;eth,arbitrum;eth,5,curve;uniswap-v4-arbitrum;uniswap-v4-ethereum;uniswap_v3;uniswap_v3_arbitrum,0x462af0c01215decaf617ceb44d10dee6b351485003b892fd0966924de769bd4f;0x52f9d14bed8ce6536da063aaf274ae2747ef4853;0x9409280dc1e6d33ab7a8c6ec03e5763fb61772b5;0xa3f558aebaecaf0e11ca4b2199cc5ed341edfd74;0xf0ea88c65397909328b612fb2264ce270f5239981f36c57a8ca93e32b6ffa4b9,-0.01942336874051598,0.021665119158155388,-0.0467347570411637,-0.03280718043949238
2026-02-20,LDO,0.3301,5939823.83847733,1055912.3019307512,6995736.140408082,0.15093655345742596,5.625300347023399,11,binance;bitget;bybit;coinbase;crypto_com;gate;htx;kraken;kucoin;mexc;okx,arbitrum;eth,arbitrum;eth,5,curve;uniswap-v4-arbitrum;uniswap-v4-ethereum;uniswap_v3;uniswap_v3_arbitrum,0x462af0c01215decaf617ceb44d10dee6b351485003b892fd0966924de769bd4f;0x52f9d14bed8ce6536da063aaf274ae2747ef4853;0x9409280dc1e6d33ab7a8c6ec03e5763fb61772b5;0xa3f558aebaecaf0e11ca4b2199cc5ed341edfd74;0xf0ea88c65397909328b612fb2264ce270f5239981f36c57a8ca93e32b6ffa4b9,0.021665119158155388,-0.0075734625870947925,-0.0948197515904271,-0.08876098152075129
2026-02-21,LDO,0.3276,3436840.6009584935,669320.5610833851,4106161.162041879,0.16300396761595953,5.13481999625935,11,binance;bitget;bybit;coinbase;crypto_com;gate;htx;kraken;kucoin;mexc;okx,arbitrum;eth,arbitrum;eth,5,curve;uniswap-v4-arbitrum;uniswap-v4-ethereum;uniswap_v3;uniswap_v3_arbitrum,0x462af0c01215decaf617ceb44d10dee6b351485003b892fd0966924de769bd4f;0x52f9d14bed8ce6536da063aaf274ae2747ef4853;0x9409280dc1e6d33ab7a8c6ec03e5763fb61772b5;0xa3f558aebaecaf0e11ca4b2199cc5ed341edfd74;0xf0ea88c65397909328b612fb2264ce270f5239981f36c57a8ca93e32b6ffa4b9,-0.0075734625870947925,-0.05982905982905984,-0.0857753357753358,-0.0644078144078144
2026-02-22,LDO,0.308,4576601.267375459,481151.1986798278,5057752.466055287,0.09513142485897376,9.511773596184813,11,binance;bitget;bybit;coinbase;crypto_com;gate;htx;kraken;kucoin;mexc;okx,arbitrum;eth,arbitrum;eth,5,curve;uniswap-v4-arbitrum;uniswap-v4-ethereum;uniswap_v3;uniswap_v3_arbitrum,0x462af0c01215decaf617ceb44d10dee6b351485003b892fd0966924de769bd4f;0x52f9d14bed8ce6536da063aaf274ae2747ef4853;0x9409280dc1e6d33ab7a8c6ec03e5763fb61772b5;0xa3f558aebaecaf0e11ca4b2199cc5ed341edfd74;0xf0ea88c65397909328b612fb2264ce270f5239981f36c57a8ca93e32b6ffa4b9,-0.05982905982905984,-0.029870129870129825,0.06623376623376642,-0.025974025974025983
2026-02-23,LDO,0.2988,6492292.035919473,286712.32967991295,6779004.365599385,0.042294165074573224,22.643923416783295,11,binance;bitget;bybit;coinbase;crypto_com;gate;htx;kraken;kucoin;mexc;okx,arbitrum;eth,arbitrum;eth,5,curve;uniswap-v4-arbitrum;uniswap-v4-ethereum;uniswap_v3;uniswap_v3_arbitrum,0x462af0c01215decaf617ceb44d10dee6b351485003b892fd0966924de769bd4f;0x52f9d14bed8ce6536da063aaf274ae2747ef4853;0x9409280dc1e6d33ab7a8c6ec03e5763fb61772b5;0xa3f558aebaecaf0e11ca4b2199cc5ed341edfd74;0xf0ea88c65397909328b612fb2264ce270f5239981f36c57a8ca93e32b6ffa4b9,-0.029870129870129825,0.0023427041499330947,0.04585006693440419,0.02677376171352086
2026-02-24,LDO,0.2995,3843083.9629682386,466036.33647963544,4309120.299447874,0.10815115478195134,8.246318284960966,11,binance;bitget;bybit;coinbase;crypto_com;gate;htx;kraken;kucoin;mexc;okx,arbitrum;eth,arbitrum;eth,5,curve;uniswap-v4-arbitrum;uniswap-v4-ethereum;uniswap_v3;uniswap_v3_arbitrum,0x462af0c01215decaf617ceb44d10dee6b351485003b892fd0966924de769bd4f;0x52f9d14bed8ce6536da063aaf274ae2747ef4853;0x9409280dc1e6d33ab7a8c6ec03e5763fb61772b5;0xa3f558aebaecaf0e11ca4b2199cc5ed341edfd74;0xf0ea88c65397909328b612fb2264ce270f5239981f36c57a8ca93e32b6ffa4b9,0.0023427041499330947,0.09649415692821384,0.004340567612687973,0.013355592654423987
2026-02-25,LDO,0.3284,6789662.038811505,979989.4866529446,7769651.525464449,0.12613042984503264,6.9283008963707475,11,binance;bitget;bybit;coinbase;crypto_com;gate;htx;kraken;kucoin;mexc;okx,arbitrum;eth,arbitrum;eth,5,curve;uniswap-v4-arbitrum;uniswap-v4-ethereum;uniswap_v3;uniswap_v3_arbitrum,0x462af0c01215decaf617ceb44d10dee6b351485003b892fd0966924de769bd4f;0x52f9d14bed8ce6536da063aaf274ae2747ef4853;0x9409280dc1e6d33ab7a8c6ec03e5763fb61772b5;0xa3f558aebaecaf0e11ca4b2199cc5ed341edfd74;0xf0ea88c65397909328b612fb2264ce270f5239981f36c57a8ca93e32b6ffa4b9,0.09649415692821384,-0.04841656516443371,-0.0666869671132766,-0.033191230207064604
2026-02-26,LDO,0.3125,7205644.813158084,43881.57468786877,7249526.387845952,0.00605302641030972,164.20661438000107,11,binance;bitget;bybit;coinbase;crypto_com;gate;htx;kraken;kucoin;mexc;okx,arbitrum;eth,arbitrum;eth,5,curve;uniswap-v4-arbitrum;uniswap-v4-ethereum;uniswap_v3;uniswap_v3_arbitrum,0x462af0c01215decaf617ceb44d10dee6b351485003b892fd0966924de769bd4f;0x52f9d14bed8ce6536da063aaf274ae2747ef4853;0x9409280dc1e6d33ab7a8c6ec03e5763fb61772b5;0xa3f558aebaecaf0e11ca4b2199cc5ed341edfd74;0xf0ea88c65397909328b612fb2264ce270f5239981f36c57a8ca93e32b6ffa4b9,-0.04841656516443371,-0.03743999999999992,-0.040000000000000036,-0.0006399999999999739
2026-02-27,LDO,0.3008,6104704.626993344,36483.72846944471,6141188.355462789,0.005940825514167992,167.32677506099913,11,binance;bitget;bybit;coinbase;crypto_com;gate;htx;kraken;kucoin;mexc;okx,arbitrum;eth,arbitrum;eth,5,curve;uniswap-v4-arbitrum;uniswap-v4-ethereum;uniswap_v3;uniswap_v3_arbitrum,0x462af0c01215decaf617ceb44d10dee6b351485003b892fd0966924de769bd4f;0x52f9d14bed8ce6536da063aaf274ae2747ef4853;0x9409280dc1e6d33ab7a8c6ec03e5763fb61772b5;0xa3f558aebaecaf0e11ca4b2199cc5ed341edfd74;0xf0ea88c65397909328b612fb2264ce270f5239981f36c57a8ca93e32b6ffa4b9,-0.03743999999999992,0.018949468085106336,0.019946808510638236,-0.011635638297872397
2026-02-28,LDO,0.3065,7239287.583870633,59586.81645968567,7298874.400330318,0.008163836393319635,121.49143072223833,11,binance;bitget;bybit;coinbase;crypto_com;gate;htx;kraken;kucoin;mexc;okx,arbitrum;eth,arbitrum;eth,5,curve;uniswap-v4-arbitrum;uniswap-v4-ethereum;uniswap_v3;uniswap_v3_arbitrum,0x462af0c01215decaf617ceb44d10dee6b351485003b892fd0966924de769bd4f;0x52f9d14bed8ce6536da063aaf274ae2747ef4853;0x9409280dc1e6d33ab7a8c6ec03e5763fb61772b5;0xa3f558aebaecaf0e11ca4b2199cc5ed341edfd74;0xf0ea88c65397909328b612fb2264ce270f5239981f36c57a8ca93e32b6ffa4b9,0.018949468085106336,-0.021207177814029365,-0.009787928221859699,-0.07504078303425776
2026-03-01,LDO,0.3,7115437.961332041,42883.73014934375,7158321.691481384,0.005990752022275929,165.9239514975105,11,binance;bitget;bybit;coinbase;crypto_com;gate;htx;kraken;kucoin;mexc;okx,arbitrum;eth,arbitrum;eth,5,curve;uniswap-v4-arbitrum;uniswap-v4-ethereum;uniswap_v3;uniswap_v3_arbitrum,0x462af0c01215decaf617ceb44d10dee6b351485003b892fd0966924de769bd4f;0x52f9d14bed8ce6536da063aaf274ae2747ef4853;0x9409280dc1e6d33ab7a8c6ec03e5763fb61772b5;0xa3f558aebaecaf0e11ca4b2199cc5ed341edfd74;0xf0ea88c65397909328b612fb2264ce270f5239981f36c57a8ca93e32b6ffa4b9,-0.021207177814029365,0.022666666666666835,0.05833333333333335,-0.06666666666666654
2026-03-02,LDO,0.3068,7795880.760233003,61371.482389664314,7857252.242622667,0.007810807200098131,127.02774084443367,11,binance;bitget;bybit;coinbase;crypto_com;gate;htx;kraken;kucoin;mexc;okx,arbitrum;eth,arbitrum;eth,5,curve;uniswap-v4-arbitrum;uniswap-v4-ethereum;uniswap_v3;uniswap_v3_arbitrum,0x462af0c01215decaf617ceb44d10dee6b351485003b892fd0966924de769bd4f;0x52f9d14bed8ce6536da063aaf274ae2747ef4853;0x9409280dc1e6d33ab7a8c6ec03e5763fb61772b5;0xa3f558aebaecaf0e11ca4b2199cc5ed341edfd74;0xf0ea88c65397909328b612fb2264ce270f5239981f36c57a8ca93e32b6ffa4b9,0.022666666666666835,-0.010756192959582855,0.01792698826597139,-0.0762711864406781
2026-03-03,LDO,0.3035,6299451.975619955,33006.26018093376,6332458.235800888,0.005212234957086825,190.8562782056377,11,binance;bitget;bybit;coinbase;crypto_com;gate;htx;kraken;kucoin;mexc;okx,arbitrum;eth,arbitrum;eth,5,curve;uniswap-v4-arbitrum;uniswap-v4-ethereum;uniswap_v3;uniswap_v3_arbitrum,0x462af0c01215decaf617ceb44d10dee6b351485003b892fd0966924de769bd4f;0x52f9d14bed8ce6536da063aaf274ae2747ef4853;0x9409280dc1e6d33ab7a8c6ec03e5763fb61772b5;0xa3f558aebaecaf0e11ca4b2199cc5ed341edfd74;0xf0ea88c65397909328b612fb2264ce270f5239981f36c57a8ca93e32b6ffa4b9,-0.010756192959582855,0.04612850082372333,-0.020428336079077347,-0.03261943986820415
2026-03-04,LDO,0.3175,7705205.4308965,50921.53470932487,7756126.965605825,0.006565330213795363,151.31526327476348,11,binance;bitget;bybit;coinbase;crypto_com;gate;htx;kraken;kucoin;mexc;okx,arbitrum;eth,arbitrum;eth,5,curve;uniswap-v4-arbitrum;uniswap-v4-ethereum;uniswap_v3;uniswap_v3_arbitrum,0x462af0c01215decaf617ceb44d10dee6b351485003b892fd0966924de769bd4f;0x52f9d14bed8ce6536da063aaf274ae2747ef4853;0x9409280dc1e6d33ab7a8c6ec03e5763fb61772b5;0xa3f558aebaecaf0e11ca4b2199cc5ed341edfd74;0xf0ea88c65397909328b612fb2264ce270f5239981f36c57a8ca93e32b6ffa4b9,0.04612850082372333,-0.01637795275590548,-0.1070866141732284,-0.06267716535433077
2026-03-05,LDO,0.3123,5148327.3380828975,33802.25785911837,5182129.595942016,0.006522850737964561,152.3072026590704,11,binance;bitget;bybit;coinbase;crypto_com;gate;htx;kraken;kucoin;mexc;okx,arbitrum;eth,arbitrum;eth,5,curve;uniswap-v4-arbitrum;uniswap-v4-ethereum;uniswap_v3;uniswap_v3_arbitrum,0x462af0c01215decaf617ceb44d10dee6b351485003b892fd0966924de769bd4f;0x52f9d14bed8ce6536da063aaf274ae2747ef4853;0x9409280dc1e6d33ab7a8c6ec03e5763fb61772b5;0xa3f558aebaecaf0e11ca4b2199cc5ed341edfd74;0xf0ea88c65397909328b612fb2264ce270f5239981f36c57a8ca93e32b6ffa4b9,-0.01637795275590548,-0.048030739673391,-0.10342619276336851,-0.04130643611911633
2026-03-06,LDO,0.2973,4730110.494176337,53247.04047403237,4783357.534650369,0.011131729143873075,88.83330326092258,11,binance;bitget;bybit;coinbase;crypto_com;gate;htx;kraken;kucoin;mexc;okx,arbitrum;eth,arbitrum;eth,5,curve;uniswap-v4-arbitrum;uniswap-v4-ethereum;uniswap_v3;uniswap_v3_arbitrum,0x462af0c01215decaf617ceb44d10dee6b351485003b892fd0966924de769bd4f;0x52f9d14bed8ce6536da063aaf274ae2747ef4853;0x9409280dc1e6d33ab7a8c6ec03e5763fb61772b5;0xa3f558aebaecaf0e11ca4b2199cc5ed341edfd74;0xf0ea88c65397909328b612fb2264ce270f5239981f36c57a8ca93e32b6ffa4b9,-0.048030739673391,-0.04641775983854701,-0.04675412041708715,0.004709048099562851
2026-03-07,LDO,0.2835,4675597.2908947375,17751.17622596185,4693348.4671207,0.003782198647792274,263.3964775841996,11,binance;bitget;bybit;coinbase;crypto_com;gate;htx;kraken;kucoin;mexc;okx,arbitrum;eth,arbitrum;eth,5,curve;uniswap-v4-arbitrum;uniswap-v4-ethereum;uniswap_v3;uniswap_v3_arbitrum,0x462af0c01215decaf617ceb44d10dee6b351485003b892fd0966924de769bd4f;0x52f9d14bed8ce6536da063aaf274ae2747ef4853;0x9409280dc1e6d33ab7a8c6ec03e5763fb61772b5;0xa3f558aebaecaf0e11ca4b2199cc5ed341edfd74;0xf0ea88c65397909328b612fb2264ce270f5239981f36c57a8ca93e32b6ffa4b9,-0.04641775983854701,-0.012345679012345512,0.03562610229276908,0.06172839506172845
2026-03-08,LDO,0.28,5795350.452587241,38812.9431987401,5834163.395785982,0.006652700749995227,149.3148927900774,11,binance;bitget;bybit;coinbase;crypto_com;gate;htx;kraken;kucoin;mexc;okx,arbitrum;eth,arbitrum;eth,5,curve;uniswap-v4-arbitrum;uniswap-v4-ethereum;uniswap_v3;uniswap_v3_arbitrum,0x462af0c01215decaf617ceb44d10dee6b351485003b892fd0966924de769bd4f;0x52f9d14bed8ce6536da063aaf274ae2747ef4853;0x9409280dc1e6d33ab7a8c6ec03e5763fb61772b5;0xa3f558aebaecaf0e11ca4b2199cc5ed341edfd74;0xf0ea88c65397909328b612fb2264ce270f5239981f36c57a8ca93e32b6ffa4b9,-0.012345679012345512,0.012142857142857011,0.06285714285714272,0.10357142857142843
2026-03-09,LDO,0.2834,6252227.71336148,41749.496866376874,6293977.210227857,0.006633245636563949,149.75576192863625,11,binance;bitget;bybit;coinbase;crypto_com;gate;htx;kraken;kucoin;mexc;okx,arbitrum;eth,arbitrum;eth,5,curve;uniswap-v4-arbitrum;uniswap-v4-ethereum;uniswap_v3;uniswap_v3_arbitrum,0x462af0c01215decaf617ceb44d10dee6b351485003b892fd0966924de769bd4f;0x52f9d14bed8ce6536da063aaf274ae2747ef4853;0x9409280dc1e6d33ab7a8c6ec03e5763fb61772b5;0xa3f558aebaecaf0e11ca4b2199cc5ed341edfd74;0xf0ea88c65397909328b612fb2264ce270f5239981f36c57a8ca93e32b6ffa4b9,0.012142857142857011,0.0359915314043755,0.056457304163726185,0.15596330275229375
2026-03-10,LDO,0.2936,6719884.0684864335,316651.2461766745,7036535.314663108,0.04500101712227887,21.221719950968065,11,binance;bitget;bybit;coinbase;crypto_com;gate;htx;kraken;kucoin;mexc;okx,arbitrum;eth,arbitrum;eth,5,curve;uniswap-v4-arbitrum;uniswap-v4-ethereum;uniswap_v3;uniswap_v3_arbitrum,0x462af0c01215decaf617ceb44d10dee6b351485003b892fd0966924de769bd4f;0x52f9d14bed8ce6536da063aaf274ae2747ef4853;0x9409280dc1e6d33ab7a8c6ec03e5763fb61772b5;0xa3f558aebaecaf0e11ca4b2199cc5ed341edfd74;0xf0ea88c65397909328b612fb2264ce270f5239981f36c57a8ca93e32b6ffa4b9,0.0359915314043755,0.013623978201634745,0.01737057220708449,0.09128065395095364
2026-03-11,LDO,0.2976,4365308.331289076,159511.34017095846,4524819.671460034,0.035252529769763966,27.366758542749984,11,binance;bitget;bybit;coinbase;crypto_com;gate;htx;kraken;kucoin;mexc;okx,arbitrum;eth,arbitrum;eth,5,curve;uniswap-v4-arbitrum;uniswap-v4-ethereum;uniswap_v3;uniswap_v3_arbitrum,0x462af0c01215decaf617ceb44d10dee6b351485003b892fd0966924de769bd4f;0x52f9d14bed8ce6536da063aaf274ae2747ef4853;0x9409280dc1e6d33ab7a8c6ec03e5763fb61772b5;0xa3f558aebaecaf0e11ca4b2199cc5ed341edfd74;0xf0ea88c65397909328b612fb2264ce270f5239981f36c57a8ca93e32b6ffa4b9,0.013623978201634745,0.006048387096774244,0.011424731182795744,0.02049731182795722
2026-03-12,LDO,0.2994,3915782.835130481,187150.0663735799,4102932.901504061,0.04561372824424549,20.92322439957881,11,binance;bitget;bybit;coinbase;crypto_com;gate;htx;kraken;kucoin;mexc;okx,arbitrum;eth,arbitrum;eth,5,curve;uniswap-v4-arbitrum;uniswap-v4-ethereum;uniswap_v3;uniswap_v3_arbitrum,0x462af0c01215decaf617ceb44d10dee6b351485003b892fd0966924de769bd4f;0x52f9d14bed8ce6536da063aaf274ae2747ef4853;0x9409280dc1e6d33ab7a8c6ec03e5763fb61772b5;0xa3f558aebaecaf0e11ca4b2199cc5ed341edfd74;0xf0ea88c65397909328b612fb2264ce270f5239981f36c57a8ca93e32b6ffa4b9,0.006048387096774244,-0.002338009352037318,0.03206412825651306,-0.005344021376085473
2026-03-13,LDO,0.2987,4532611.052961974,142951.16667313877,4675562.219635113,0.030574112792855712,31.707408609863933,11,binance;bitget;bybit;coinbase;crypto_com;gate;htx;kraken;kucoin;mexc;okx,arbitrum;eth,arbitrum;eth,5,curve;uniswap-v4-arbitrum;uniswap-v4-ethereum;uniswap_v3;uniswap_v3_arbitrum,0x462af0c01215decaf617ceb44d10dee6b351485003b892fd0966924de769bd4f;0x52f9d14bed8ce6536da063aaf274ae2747ef4853;0x9409280dc1e6d33ab7a8c6ec03e5763fb61772b5;0xa3f558aebaecaf0e11ca4b2199cc5ed341edfd74;0xf0ea88c65397909328b612fb2264ce270f5239981f36c57a8ca93e32b6ffa4b9,-0.002338009352037318,0.00770003347840631,0.09675259457649799,-0.00033478406427867036
2026-03-14,LDO,0.301,3257341.593237613,186841.44530673057,3444183.0385443433,0.054248407594997515,17.4337208101241,11,binance;bitget;bybit;coinbase;crypto_com;gate;htx;kraken;kucoin;mexc;okx,arbitrum;eth,arbitrum;eth,5,curve;uniswap-v4-arbitrum;uniswap-v4-ethereum;uniswap_v3;uniswap_v3_arbitrum,0x462af0c01215decaf617ceb44d10dee6b351485003b892fd0966924de769bd4f;0x52f9d14bed8ce6536da063aaf274ae2747ef4853;0x9409280dc1e6d33ab7a8c6ec03e5763fb61772b5;0xa3f558aebaecaf0e11ca4b2199cc5ed341edfd74;0xf0ea88c65397909328b612fb2264ce270f5239981f36c57a8ca93e32b6ffa4b9,0.00770003347840631,0.02657807308970095,0.06445182724252496,-0.0415282392026578
2026-03-15,LDO,0.309,3944189.8386518247,204671.27035410795,4148861.1090059327,0.04933191663365834,19.270852386013253,11,binance;bitget;bybit;coinbase;crypto_com;gate;htx;kraken;kucoin;mexc;okx,arbitrum;eth,arbitrum;eth,5,curve;uniswap-v4-arbitrum;uniswap-v4-ethereum;uniswap_v3;uniswap_v3_arbitrum,0x462af0c01215decaf617ceb44d10dee6b351485003b892fd0966924de769bd4f;0x52f9d14bed8ce6536da063aaf274ae2747ef4853;0x9409280dc1e6d33ab7a8c6ec03e5763fb61772b5;0xa3f558aebaecaf0e11ca4b2199cc5ed341edfd74;0xf0ea88c65397909328b612fb2264ce270f5239981f36c57a8ca93e32b6ffa4b9,0.02657807308970095,0.060194174757281615,-0.017152103559870513,-0.0860841423948221
2026-03-16,LDO,0.3276,6420279.4214629615,494512.4827662836,6914791.904229245,0.07151516482568744,12.98304824490611,11,binance;bitget;bybit;coinbase;crypto_com;gate;htx;kraken;kucoin;mexc;okx,arbitrum;eth,arbitrum;eth,5,curve;uniswap-v4-arbitrum;uniswap-v4-ethereum;uniswap_v3;uniswap_v3_arbitrum,0x462af0c01215decaf617ceb44d10dee6b351485003b892fd0966924de769bd4f;0x52f9d14bed8ce6536da063aaf274ae2747ef4853;0x9409280dc1e6d33ab7a8c6ec03e5763fb61772b5;0xa3f558aebaecaf0e11ca4b2199cc5ed341edfd74;0xf0ea88c65397909328b612fb2264ce270f5239981f36c57a8ca93e32b6ffa4b9,0.060194174757281615,-0.0219780219780219,-0.09096459096459097,-0.10225885225885234
2026-03-17,LDO,0.3204,4517516.502572804,785976.6204691007,5303493.1230419045,0.14819980006277278,5.7476474298644895,11,binance;bitget;bybit;coinbase;crypto_com;gate;htx;kraken;kucoin;mexc;okx,arbitrum;eth,arbitrum;eth,5,curve;uniswap-v4-arbitrum;uniswap-v4-ethereum;uniswap_v3;uniswap_v3_arbitrum,0x462af0c01215decaf617ceb44d10dee6b351485003b892fd0966924de769bd4f;0x52f9d14bed8ce6536da063aaf274ae2747ef4853;0x9409280dc1e6d33ab7a8c6ec03e5763fb61772b5;0xa3f558aebaecaf0e11ca4b2199cc5ed341edfd74;0xf0ea88c65397909328b612fb2264ce270f5239981f36c57a8ca93e32b6ffa4b9,-0.0219780219780219,-0.05212234706616725,-0.06803995006242214,-0.07990012484394515
2026-03-18,LDO,0.3037,4570019.321525972,1089606.3426071128,5659625.664133085,0.19252268741240391,4.194193024419478,11,binance;bitget;bybit;coinbase;crypto_com;gate;htx;kraken;kucoin;mexc;okx,arbitrum;eth,arbitrum;eth,5,curve;uniswap-v4-arbitrum;uniswap-v4-ethereum;uniswap_v3;uniswap_v3_arbitrum,0x462af0c01215decaf617ceb44d10dee6b351485003b892fd0966924de769bd4f;0x52f9d14bed8ce6536da063aaf274ae2747ef4853;0x9409280dc1e6d33ab7a8c6ec03e5763fb61772b5;0xa3f558aebaecaf0e11ca4b2199cc5ed341edfd74;0xf0ea88c65397909328b612fb2264ce270f5239981f36c57a8ca93e32b6ffa4b9,-0.05212234706616725,-0.01942706618373402,-0.050049390846229946,-0.009548896937767615
2026-03-19,LDO,0.2978,3457434.796335423,440293.70081069705,3897728.49714612,0.11296161370220525,7.852564753866276,11,binance;bitget;bybit;coinbase;crypto_com;gate;htx;kraken;kucoin;mexc;okx,arbitrum;eth,arbitrum;eth,5,curve;uniswap-v4-arbitrum;uniswap-v4-ethereum;uniswap_v3;uniswap_v3_arbitrum,0x462af0c01215decaf617ceb44d10dee6b351485003b892fd0966924de769bd4f;0x52f9d14bed8ce6536da063aaf274ae2747ef4853;0x9409280dc1e6d33ab7a8c6ec03e5763fb61772b5;0xa3f558aebaecaf0e11ca4b2199cc5ed341edfd74;0xf0ea88c65397909328b612fb2264ce270f5239981f36c57a8ca93e32b6ffa4b9,-0.01942706618373402,0.002686366689052866,-0.05171255876427139,-0.03492276695768981
2026-03-20,LDO,0.2986,2261610.032598528,616442.9908480298,2878053.023446558,0.21418750308839696,3.668806469009033,11,binance;bitget;bybit;coinbase;crypto_com;gate;htx;kraken;kucoin;mexc;okx,arbitrum;eth,arbitrum;eth,5,curve;uniswap-v4-arbitrum;uniswap-v4-ethereum;uniswap_v3;uniswap_v3_arbitrum,0x462af0c01215decaf617ceb44d10dee6b351485003b892fd0966924de769bd4f;0x52f9d14bed8ce6536da063aaf274ae2747ef4853;0x9409280dc1e6d33ab7a8c6ec03e5763fb61772b5;0xa3f558aebaecaf0e11ca4b2199cc5ed341edfd74;0xf0ea88c65397909328b612fb2264ce270f5239981f36c57a8ca93e32b6ffa4b9,0.002686366689052866,-0.0338245144005358,-0.015070328198258598,0.0026791694574681557
2026-03-21,LDO,0.2885,2156833.62159297,282268.58265986503,2439102.2042528354,0.11572642678428956,7.6410686632878475,11,binance;bitget;bybit;coinbase;crypto_com;gate;htx;kraken;kucoin;mexc;okx,arbitrum;eth,arbitrum;eth,5,curve;uniswap-v4-arbitrum;uniswap-v4-ethereum;uniswap_v3;uniswap_v3_arbitrum,0x462af0c01215decaf617ceb44d10dee6b351485003b892fd0966924de769bd4f;0x52f9d14bed8ce6536da063aaf274ae2747ef4853;0x9409280dc1e6d33ab7a8c6ec03e5763fb61772b5;0xa3f558aebaecaf0e11ca4b2199cc5ed341edfd74;0xf0ea88c65397909328b612fb2264ce270f5239981f36c57a8ca93e32b6ffa4b9,-0.0338245144005358,-0.02114384748700171,0.021837088388215076,0.06065857885615267
2026-03-22,LDO,0.2824,3163989.300439416,371296.0852823023,3535285.3857217184,0.10502577437790167,8.521472285477465,11,binance;bitget;bybit;coinbase;crypto_com;gate;htx;kraken;kucoin;mexc;okx,arbitrum;eth,arbitrum;eth,5,curve;uniswap-v4-arbitrum;uniswap-v4-ethereum;uniswap_v3;uniswap_v3_arbitrum,0x462af0c01215decaf617ceb44d10dee6b351485003b892fd0966924de769bd4f;0x52f9d14bed8ce6536da063aaf274ae2747ef4853;0x9409280dc1e6d33ab7a8c6ec03e5763fb61772b5;0xa3f558aebaecaf0e11ca4b2199cc5ed341edfd74;0xf0ea88c65397909328b612fb2264ce270f5239981f36c57a8ca93e32b6ffa4b9,-0.02114384748700171,0.04143059490084977,0.06515580736543924,0.06692634560906519
2026-03-23,LDO,0.2941,5020888.912704107,898394.2844746194,5919283.197178727,0.15177416834910276,5.588736481822479,11,binance;bitget;bybit;coinbase;crypto_com;gate;htx;kraken;kucoin;mexc;okx,arbitrum;eth,arbitrum;eth,5,curve;uniswap-v4-arbitrum;uniswap-v4-ethereum;uniswap_v3;uniswap_v3_arbitrum,0x462af0c01215decaf617ceb44d10dee6b351485003b892fd0966924de769bd4f;0x52f9d14bed8ce6536da063aaf274ae2747ef4853;0x9409280dc1e6d33ab7a8c6ec03e5763fb61772b5;0xa3f558aebaecaf0e11ca4b2199cc5ed341edfd74;0xf0ea88c65397909328b612fb2264ce270f5239981f36c57a8ca93e32b6ffa4b9,0.04143059490084977,0.002380142808568575,-0.02278136688201282,0.08160489629377765
2026-03-24,LDO,0.2948,2524768.264817347,408807.3317545903,2933575.596571937,0.13935462656299252,6.175936850205469,11,binance;bitget;bybit;coinbase;crypto_com;gate;htx;kraken;kucoin;mexc;okx,arbitrum;eth,arbitrum;eth,5,curve;uniswap-v4-arbitrum;uniswap-v4-ethereum;uniswap_v3;uniswap_v3_arbitrum,0x462af0c01215decaf617ceb44d10dee6b351485003b892fd0966924de769bd4f;0x52f9d14bed8ce6536da063aaf274ae2747ef4853;0x9409280dc1e6d33ab7a8c6ec03e5763fb61772b5;0xa3f558aebaecaf0e11ca4b2199cc5ed341edfd74;0xf0ea88c65397909328b612fb2264ce270f5239981f36c57a8ca93e32b6ffa4b9,0.002380142808568575,0.020352781546811416,0.015603799185888612,0.11804613297150612
2026-03-25,LDO,0.3008,3599979.7818625895,729083.4403129428,4329063.222175532,0.1684159835269277,4.937678711118961,11,binance;bitget;bybit;coinbase;crypto_com;gate;htx;kraken;kucoin;mexc;okx,arbitrum;eth,arbitrum;eth,5,curve;uniswap-v4-arbitrum;uniswap-v4-ethereum;uniswap_v3;uniswap_v3_arbitrum,0x462af0c01215decaf617ceb44d10dee6b351485003b892fd0966924de769bd4f;0x52f9d14bed8ce6536da063aaf274ae2747ef4853;0x9409280dc1e6d33ab7a8c6ec03e5763fb61772b5;0xa3f558aebaecaf0e11ca4b2199cc5ed341edfd74;0xf0ea88c65397909328b612fb2264ce270f5239981f36c57a8ca93e32b6ffa4b9,0.020352781546811416,-0.044547872340425565,0.017287234042553168,0.1123670212765957
2026-03-26,LDO,0.2874,4414389.186639869,430660.7082789402,4845049.894918809,0.08888674371147152,10.250271505569197,11,binance;bitget;bybit;coinbase;crypto_com;gate;htx;kraken;kucoin;mexc;okx,arbitrum;eth,arbitrum;eth,5,curve;uniswap-v4-arbitrum;uniswap-v4-ethereum;uniswap_v3;uniswap_v3_arbitrum,0x462af0c01215decaf617ceb44d10dee6b351485003b892fd0966924de769bd4f;0x52f9d14bed8ce6536da063aaf274ae2747ef4853;0x9409280dc1e6d33ab7a8c6ec03e5763fb61772b5;0xa3f558aebaecaf0e11ca4b2199cc5ed341edfd74;0xf0ea88c65397909328b612fb2264ce270f5239981f36c57a8ca93e32b6ffa4b9,-0.044547872340425565,0.04175365344467652,0.048364648573416824,0.09324982602644405
2026-03-27,LDO,0.2994,12727405.206743,4617748.610965041,17345153.81770804,0.26622701992130404,2.7561927421776993,11,binance;bitget;bybit;coinbase;crypto_com;gate;htx;kraken;kucoin;mexc;okx,arbitrum;eth,arbitrum;eth,5,curve;uniswap-v4-arbitrum;uniswap-v4-ethereum;uniswap_v3;uniswap_v3_arbitrum,0x462af0c01215decaf617ceb44d10dee6b351485003b892fd0966924de769bd4f;0x52f9d14bed8ce6536da063aaf274ae2747ef4853;0x9409280dc1e6d33ab7a8c6ec03e5763fb61772b5;0xa3f558aebaecaf0e11ca4b2199cc5ed341edfd74;0xf0ea88c65397909328b612fb2264ce270f5239981f36c57a8ca93e32b6ffa4b9,0.04175365344467652,0.022044088176352616,0.0624582498329993,0.04742818971275886
2026-03-28,LDO,0.306,8840356.782836782,2901629.8813139955,11741986.664150778,0.24711575343318204,3.046686567355534,11,binance;bitget;bybit;coinbase;crypto_com;gate;htx;kraken;kucoin;mexc;okx,arbitrum;eth,arbitrum;eth,5,curve;uniswap-v4-arbitrum;uniswap-v4-ethereum;uniswap_v3;uniswap_v3_arbitrum,0x462af0c01215decaf617ceb44d10dee6b351485003b892fd0966924de769bd4f;0x52f9d14bed8ce6536da063aaf274ae2747ef4853;0x9409280dc1e6d33ab7a8c6ec03e5763fb61772b5;0xa3f558aebaecaf0e11ca4b2199cc5ed341edfd74;0xf0ea88c65397909328b612fb2264ce270f5239981f36c57a8ca93e32b6ffa4b9,0.022044088176352616,-0.015359477124182952,0.0771241830065359,0.030065359477124076
2026-03-29,LDO,0.3013,6193852.721292395,1381781.8821157,7575634.603408095,0.18239816919021803,4.482511170148465,11,binance;bitget;bybit;coinbase;crypto_com;gate;htx;kraken;kucoin;mexc;okx,arbitrum;eth,arbitrum;eth,5,curve;uniswap-v4-arbitrum;uniswap-v4-ethereum;uniswap_v3;uniswap_v3_arbitrum,0x462af0c01215decaf617ceb44d10dee6b351485003b892fd0966924de769bd4f;0x52f9d14bed8ce6536da063aaf274ae2747ef4853;0x9409280dc1e6d33ab7a8c6ec03e5763fb61772b5;0xa3f558aebaecaf0e11ca4b2199cc5ed341edfd74;0xf0ea88c65397909328b612fb2264ce270f5239981f36c57a8ca93e32b6ffa4b9,-0.015359477124182952,0.05575838035180869,0.1105210753401924,0.05144374377696659
2026-03-30,LDO,0.3181,7602276.38946285,2087631.7808366134,9689908.170299463,0.2154439179553232,3.6415791612524004,11,binance;bitget;bybit;coinbase;crypto_com;gate;htx;kraken;kucoin;mexc;okx,arbitrum;eth,arbitrum;eth,5,curve;uniswap-v4-arbitrum;uniswap-v4-ethereum;uniswap_v3;uniswap_v3_arbitrum,0x462af0c01215decaf617ceb44d10dee6b351485003b892fd0966924de769bd4f;0x52f9d14bed8ce6536da063aaf274ae2747ef4853;0x9409280dc1e6d33ab7a8c6ec03e5763fb61772b5;0xa3f558aebaecaf0e11ca4b2199cc5ed341edfd74;0xf0ea88c65397909328b612fb2264ce270f5239981f36c57a8ca93e32b6ffa4b9,0.05575838035180869,0.036152153410877075,-0.012260295504558316,-0.0286073561773027
2026-03-31,LDO,0.3296,9007815.649561506,2131758.918287162,11139574.567848668,0.19136807292801833,4.225532058193127,11,binance;bitget;bybit;coinbase;crypto_com;gate;htx;kraken;kucoin;mexc;okx,arbitrum;eth,arbitrum;eth,5,curve;uniswap-v4-arbitrum;uniswap-v4-ethereum;uniswap_v3;uniswap_v3_arbitrum,0x462af0c01215decaf617ceb44d10dee6b351485003b892fd0966924de769bd4f;0x52f9d14bed8ce6536da063aaf274ae2747ef4853;0x9409280dc1e6d33ab7a8c6ec03e5763fb61772b5;0xa3f558aebaecaf0e11ca4b2199cc5ed341edfd74;0xf0ea88c65397909328b612fb2264ce270f5239981f36c57a8ca93e32b6ffa4b9,0.036152153410877075,0.015169902912621325,-0.04854368932038844,0.017900485436893154
2026-04-01,LDO,0.3346,6823815.278854399,1563443.9666560604,8387259.245510459,0.1864070157951708,4.3646049518802865,11,binance;bitget;bybit;coinbase;crypto_com;gate;htx;kraken;kucoin;mexc;okx,arbitrum;eth,arbitrum;eth,5,curve;uniswap-v4-arbitrum;uniswap-v4-ethereum;uniswap_v3;uniswap_v3_arbitrum,0x462af0c01215decaf617ceb44d10dee6b351485003b892fd0966924de769bd4f;0x52f9d14bed8ce6536da063aaf274ae2747ef4853;0x9409280dc1e6d33ab7a8c6ec03e5763fb61772b5;0xa3f558aebaecaf0e11ca4b2199cc5ed341edfd74;0xf0ea88c65397909328b612fb2264ce270f5239981f36c57a8ca93e32b6ffa4b9,0.015169902912621325,-0.060968320382546404,-0.057979677226539184,-0.05110579796772263
2026-04-02,LDO,0.3142,7645357.129774387,1404652.727933266,9050009.857707653,0.155210077117978,5.442880633580781,11,binance;bitget;bybit;coinbase;crypto_com;gate;htx;kraken;kucoin;mexc;okx,arbitrum;eth,arbitrum;eth,5,curve;uniswap-v4-arbitrum;uniswap-v4-ethereum;uniswap_v3;uniswap_v3_arbitrum,0x462af0c01215decaf617ceb44d10dee6b351485003b892fd0966924de769bd4f;0x52f9d14bed8ce6536da063aaf274ae2747ef4853;0x9409280dc1e6d33ab7a8c6ec03e5763fb61772b5;0xa3f558aebaecaf0e11ca4b2199cc5ed341edfd74;0xf0ea88c65397909328b612fb2264ce270f5239981f36c57a8ca93e32b6ffa4b9,-0.060968320382546404,-0.0019096117122850975,0.008274984086569237,0.012094207511139432
2026-04-03,LDO,0.3136,3587769.819618218,1140637.995516796,4728407.815135014,0.24123088365300535,3.1454061969877527,11,binance;bitget;bybit;coinbase;crypto_com;gate;htx;kraken;kucoin;mexc;okx,arbitrum;eth,arbitrum;eth,5,curve;uniswap-v4-arbitrum;uniswap-v4-ethereum;uniswap_v3;uniswap_v3_arbitrum,0x462af0c01215decaf617ceb44d10dee6b351485003b892fd0966924de769bd4f;0x52f9d14bed8ce6536da063aaf274ae2747ef4853;0x9409280dc1e6d33ab7a8c6ec03e5763fb61772b5;0xa3f558aebaecaf0e11ca4b2199cc5ed341edfd74;0xf0ea88c65397909328b612fb2264ce270f5239981f36c57a8ca93e32b6ffa4b9,-0.0019096117122850975,0.005102040816326481,-0.014668367346938771,0.06377551020408179
2026-04-04,LDO,0.3152,2130929.933298822,527940.6455095876,2658870.5788084096,0.19855823360390398,4.036305882912218,11,binance;bitget;bybit;coinbase;crypto_com;gate;htx;kraken;kucoin;mexc;okx,arbitrum;eth,arbitrum;eth,5,curve;uniswap-v4-arbitrum;uniswap-v4-ethereum;uniswap_v3;uniswap_v3_arbitrum,0x462af0c01215decaf617ceb44d10dee6b351485003b892fd0966924de769bd4f;0x52f9d14bed8ce6536da063aaf274ae2747ef4853;0x9409280dc1e6d33ab7a8c6ec03e5763fb61772b5;0xa3f558aebaecaf0e11ca4b2199cc5ed341edfd74;0xf0ea88c65397909328b612fb2264ce270f5239981f36c57a8ca93e32b6ffa4b9,0.005102040816326481,0.005076142131979822,0.06440355329949243,0.06059644670050757
2026-04-05,LDO,0.3168,2983044.2313194084,456079.2863039999,3439123.517623408,0.13261497703320976,6.540626423737777,11,binance;bitget;bybit;coinbase;crypto_com;gate;htx;kraken;kucoin;mexc;okx,arbitrum;eth,arbitrum;eth,5,curve;uniswap-v4-arbitrum;uniswap-v4-ethereum;uniswap_v3;uniswap_v3_arbitrum,0x462af0c01215decaf617ceb44d10dee6b351485003b892fd0966924de769bd4f;0x52f9d14bed8ce6536da063aaf274ae2747ef4853;0x9409280dc1e6d33ab7a8c6ec03e5763fb61772b5;0xa3f558aebaecaf0e11ca4b2199cc5ed341edfd74;0xf0ea88c65397909328b612fb2264ce270f5239981f36c57a8ca93e32b6ffa4b9,0.005076142131979822,-0.024621212121212266,0.0022095959595958004,-0.01041666666666674
2026-04-06,LDO,0.309,4889464.546987005,1331697.4776543106,6221162.024641315,0.21405928223370624,3.671603069789878,11,binance;bitget;bybit;coinbase;crypto_com;gate;htx;kraken;kucoin;mexc;okx,arbitrum;eth,arbitrum;eth,5,curve;uniswap-v4-arbitrum;uniswap-v4-ethereum;uniswap_v3;uniswap_v3_arbitrum,0x462af0c01215decaf617ceb44d10dee6b351485003b892fd0966924de769bd4f;0x52f9d14bed8ce6536da063aaf274ae2747ef4853;0x9409280dc1e6d33ab7a8c6ec03e5763fb61772b5;0xa3f558aebaecaf0e11ca4b2199cc5ed341edfd74;0xf0ea88c65397909328b612fb2264ce270f5239981f36c57a8ca93e32b6ffa4b9,-0.024621212121212266,0.08576051779935279,0.029126213592232997,0.13883495145631075
2026-04-07,LDO,0.3355,5830385.686104575,889855.1549420345,6720240.84104661,0.13241417621625723,6.552061482954907,11,binance;bitget;bybit;coinbase;crypto_com;gate;htx;kraken;kucoin;mexc;okx,arbitrum;eth,arbitrum;eth,5,curve;uniswap-v4-arbitrum;uniswap-v4-ethereum;uniswap_v3;uniswap_v3_arbitrum,0x462af0c01215decaf617ceb44d10dee6b351485003b892fd0966924de769bd4f;0x52f9d14bed8ce6536da063aaf274ae2747ef4853;0x9409280dc1e6d33ab7a8c6ec03e5763fb61772b5;0xa3f558aebaecaf0e11ca4b2199cc5ed341edfd74;0xf0ea88c65397909328b612fb2264ce270f5239981f36c57a8ca93e32b6ffa4b9,0.08576051779935279,-0.053651266766020944,-0.005663189269746738,0.043517138599105776
2026-04-08,LDO,0.3175,4344456.495902791,1105226.2530623297,5449682.74896512,0.20280561345928058,3.9308299851413167,11,binance;bitget;bybit;coinbase;crypto_com;gate;htx;kraken;kucoin;mexc;okx,arbitrum;eth,arbitrum;eth,5,curve;uniswap-v4-arbitrum;uniswap-v4-ethereum;uniswap_v3;uniswap_v3_arbitrum,0x462af0c01215decaf617ceb44d10dee6b351485003b892fd0966924de769bd4f;0x52f9d14bed8ce6536da063aaf274ae2747ef4853;0x9409280dc1e6d33ab7a8c6ec03e5763fb61772b5;0xa3f558aebaecaf0e11ca4b2199cc5ed341edfd74;0xf0ea88c65397909328b612fb2264ce270f5239981f36c57a8ca93e32b6ffa4b9,-0.053651266766020944,0.0015748031496063408,0.05291338582677163,0.18771653543307076
2026-04-09,LDO,0.318,4521542.51368918,901416.2166222113,5422958.730311391,0.16622221585124458,5.016043011332005,11,binance;bitget;bybit;coinbase;crypto_com;gate;htx;kraken;kucoin;mexc;okx,arbitrum;eth,arbitrum;eth,5,curve;uniswap-v4-arbitrum;uniswap-v4-ethereum;uniswap_v3;uniswap_v3_arbitrum,0x462af0c01215decaf617ceb44d10dee6b351485003b892fd0966924de769bd4f;0x52f9d14bed8ce6536da063aaf274ae2747ef4853;0x9409280dc1e6d33ab7a8c6ec03e5763fb61772b5;0xa3f558aebaecaf0e11ca4b2199cc5ed341edfd74;0xf0ea88c65397909328b612fb2264ce270f5239981f36c57a8ca93e32b6ffa4b9,0.0015748031496063408,0.049056603773584895,-0.014150943396226467,0.3735849056603775
2026-04-10,LDO,0.3336,4856614.914812468,1773899.5154588558,6630514.430271324,0.2675357295597149,2.737818502394824,11,binance;bitget;bybit;coinbase;crypto_com;gate;htx;kraken;kucoin;mexc;okx,arbitrum;eth,arbitrum;eth,5,curve;uniswap-v4-arbitrum;uniswap-v4-ethereum;uniswap_v3;uniswap_v3_arbitrum,0x462af0c01215decaf617ceb44d10dee6b351485003b892fd0966924de769bd4f;0x52f9d14bed8ce6536da063aaf274ae2747ef4853;0x9409280dc1e6d33ab7a8c6ec03e5763fb61772b5;0xa3f558aebaecaf0e11ca4b2199cc5ed341edfd74;0xf0ea88c65397909328b612fb2264ce270f5239981f36c57a8ca93e32b6ffa4b9,0.049056603773584895,0.0020983213429255354,0.05485611510791366,0.2712829736211031
2026-04-11,LDO,0.3343,4172267.094481482,811772.8418539222,4984039.936335404,0.16287446573929165,5.139697806288866,11,binance;bitget;bybit;coinbase;crypto_com;gate;htx;kraken;kucoin;mexc;okx,arbitrum;eth,arbitrum;eth,5,curve;uniswap-v4-arbitrum;uniswap-v4-ethereum;uniswap_v3;uniswap_v3_arbitrum,0x462af0c01215decaf617ceb44d10dee6b351485003b892fd0966924de769bd4f;0x52f9d14bed8ce6536da063aaf274ae2747ef4853;0x9409280dc1e6d33ab7a8c6ec03e5763fb61772b5;0xa3f558aebaecaf0e11ca4b2199cc5ed341edfd74;0xf0ea88c65397909328b612fb2264ce270f5239981f36c57a8ca93e32b6ffa4b9,0.0020983213429255354,-0.062219563266527,0.04726293748130428,0.16033502841758906
2026-04-12,LDO,0.3135,3843470.30133615,638187.7928256784,4481658.094161829,0.1423999286462824,6.0224754289306786,11,binance;bitget;bybit;coinbase;crypto_com;gate;htx;kraken;kucoin;mexc;okx,arbitrum;eth,arbitrum;eth,5,curve;uniswap-v4-arbitrum;uniswap-v4-ethereum;uniswap_v3;uniswap_v3_arbitrum,0x462af0c01215decaf617ceb44d10dee6b351485003b892fd0966924de769bd4f;0x52f9d14bed8ce6536da063aaf274ae2747ef4853;0x9409280dc1e6d33ab7a8c6ec03e5763fb61772b5;0xa3f558aebaecaf0e11ca4b2199cc5ed341edfd74;0xf0ea88c65397909328b612fb2264ce270f5239981f36c57a8ca93e32b6ffa4b9,-0.062219563266527,0.12248803827751198,0.2028708133971291,0.14385964912280702
2026-04-13,LDO,0.3519,14832528.40196844,2938606.4251818294,17771134.82715027,0.16535840022395779,5.047470214066064,11,binance;bitget;bybit;coinbase;crypto_com;gate;htx;kraken;kucoin;mexc;okx,arbitrum;eth,arbitrum;eth,5,curve;uniswap-v4-arbitrum;uniswap-v4-ethereum;uniswap_v3;uniswap_v3_arbitrum,0x462af0c01215decaf617ceb44d10dee6b351485003b892fd0966924de769bd4f;0x52f9d14bed8ce6536da063aaf274ae2747ef4853;0x9409280dc1e6d33ab7a8c6ec03e5763fb61772b5;0xa3f558aebaecaf0e11ca4b2199cc5ed341edfd74;0xf0ea88c65397909328b612fb2264ce270f5239981f36c57a8ca93e32b6ffa4b9,0.12248803827751198,-0.005115089514066362,0.24126172208013652,0.04433077578857625
2026-04-14,LDO,0.3501,23423612.11033159,8399869.26379398,31823481.37412557,0.26395192798181993,2.7885686520496886,11,binance;bitget;bybit;coinbase;crypto_com;gate;htx;kraken;kucoin;mexc;okx,arbitrum;eth,arbitrum;eth,5,curve;uniswap-v4-arbitrum;uniswap-v4-ethereum;uniswap_v3;uniswap_v3_arbitrum,0x462af0c01215decaf617ceb44d10dee6b351485003b892fd0966924de769bd4f;0x52f9d14bed8ce6536da063aaf274ae2747ef4853;0x9409280dc1e6d33ab7a8c6ec03e5763fb61772b5;0xa3f558aebaecaf0e11ca4b2199cc5ed341edfd74;0xf0ea88c65397909328b612fb2264ce270f5239981f36c57a8ca93e32b6ffa4b9,-0.005115089514066362,0.07712082262210784,0.2113681805198513,0.08826049700085692
2026-04-15,LDO,0.3771,15883824.188229967,2248794.0394060146,18132618.22763598,0.12401926799399662,7.063263202363095,11,binance;bitget;bybit;coinbase;crypto_com;gate;htx;kraken;kucoin;mexc;okx,arbitrum;eth,arbitrum;eth,5,curve;uniswap-v4-arbitrum;uniswap-v4-ethereum;uniswap_v3;uniswap_v3_arbitrum,0x462af0c01215decaf617ceb44d10dee6b351485003b892fd0966924de769bd4f;0x52f9d14bed8ce6536da063aaf274ae2747ef4853;0x9409280dc1e6d33ab7a8c6ec03e5763fb61772b5;0xa3f558aebaecaf0e11ca4b2199cc5ed341edfd74;0xf0ea88c65397909328b612fb2264ce270f5239981f36c57a8ca93e32b6ffa4b9,0.07712082262210784,0.15831344470962616,0.02863961813842497,0.0029169981437284775
2026-04-16,LDO,0.4368,29811491.45867555,710958.0343970184,30522449.493072566,0.023292954733478345,41.93143619786143,11,binance;bitget;bybit;coinbase;crypto_com;gate;htx;kraken;kucoin;mexc;okx,arbitrum;eth,arbitrum;eth,5,curve;uniswap-v4-arbitrum;uniswap-v4-ethereum;uniswap_v3;uniswap_v3_arbitrum,0x462af0c01215decaf617ceb44d10dee6b351485003b892fd0966924de769bd4f;0x52f9d14bed8ce6536da063aaf274ae2747ef4853;0x9409280dc1e6d33ab7a8c6ec03e5763fb61772b5;0xa3f558aebaecaf0e11ca4b2199cc5ed341edfd74;0xf0ea88c65397909328b612fb2264ce270f5239981f36c57a8ca93e32b6ffa4b9,0.15831344470962616,-0.029075091575091694,-0.17902930402930417,-0.11126373626373631
2026-04-17,LDO,0.4241,16750184.113446364,324812.3269381027,17074996.440384466,0.01902268782732403,51.56880673632295,11,binance;bitget;bybit;coinbase;crypto_com;gate;htx;kraken;kucoin;mexc;okx,arbitrum;eth,arbitrum;eth,5,curve;uniswap-v4-arbitrum;uniswap-v4-ethereum;uniswap_v3;uniswap_v3_arbitrum,0x462af0c01215decaf617ceb44d10dee6b351485003b892fd0966924de769bd4f;0x52f9d14bed8ce6536da063aaf274ae2747ef4853;0x9409280dc1e6d33ab7a8c6ec03e5763fb61772b5;0xa3f558aebaecaf0e11ca4b2199cc5ed341edfd74;0xf0ea88c65397909328b612fb2264ce270f5239981f36c57a8ca93e32b6ffa4b9,-0.029075091575091694,-0.08535722706908733,-0.13345908983730248,-0.10327752888469688
2026-04-18,LDO,0.3879,9105344.33666476,178167.04884714098,9283511.385511901,0.01919177361328961,51.10565840082316,11,binance;bitget;bybit;coinbase;crypto_com;gate;htx;kraken;kucoin;mexc;okx,arbitrum;eth,arbitrum;eth,5,curve;uniswap-v4-arbitrum;uniswap-v4-ethereum;uniswap_v3;uniswap_v3_arbitrum,0x462af0c01215decaf617ceb44d10dee6b351485003b892fd0966924de769bd4f;0x52f9d14bed8ce6536da063aaf274ae2747ef4853;0x9409280dc1e6d33ab7a8c6ec03e5763fb61772b5;0xa3f558aebaecaf0e11ca4b2199cc5ed341edfd74;0xf0ea88c65397909328b612fb2264ce270f5239981f36c57a8ca93e32b6ffa4b9,-0.08535722706908733,-0.07553493168342373,-0.017788089713843824,-0.03428718741943804
2026-04-19,LDO,0.3586,11499382.693046765,266664.2156415941,11766046.908688359,0.022663874937017478,43.123081458002346,11,binance;bitget;bybit;coinbase;crypto_com;gate;htx;kraken;kucoin;mexc;okx,arbitrum;eth,arbitrum;eth,5,curve;uniswap-v4-arbitrum;uniswap-v4-ethereum;uniswap_v3;uniswap_v3_arbitrum,0x462af0c01215decaf617ceb44d10dee6b351485003b892fd0966924de769bd4f;0x52f9d14bed8ce6536da063aaf274ae2747ef4853;0x9409280dc1e6d33ab7a8c6ec03e5763fb61772b5;0xa3f558aebaecaf0e11ca4b2199cc5ed341edfd74;0xf0ea88c65397909328b612fb2264ce270f5239981f36c57a8ca93e32b6ffa4b9,-0.07553493168342373,0.024818739542666002,0.054656999442275644,0.2476296709425545
2026-04-20,LDO,0.3675,13907420.06937246,262524.36372331594,14169944.433095776,0.018526844968435843,52.97573098407735,11,binance;bitget;bybit;coinbase;crypto_com;gate;htx;kraken;kucoin;mexc;okx,arbitrum;eth,arbitrum;eth,5,curve;uniswap-v4-arbitrum;uniswap-v4-ethereum;uniswap_v3;uniswap_v3_arbitrum,0x462af0c01215decaf617ceb44d10dee6b351485003b892fd0966924de769bd4f;0x52f9d14bed8ce6536da063aaf274ae2747ef4853;0x9409280dc1e6d33ab7a8c6ec03e5763fb61772b5;0xa3f558aebaecaf0e11ca4b2199cc5ed341edfd74;0xf0ea88c65397909328b612fb2264ce270f5239981f36c57a8ca93e32b6ffa4b9,0.024818739542666002,0.03673469387755102,0.05632653061224491,0.11319727891156472
2026-04-21,LDO,0.381,16021082.813673358,538567.3258454655,16559650.139518823,0.03252286861787013,29.747595230592186,11,binance;bitget;bybit;coinbase;crypto_com;gate;htx;kraken;kucoin;mexc;okx,arbitrum;eth,arbitrum;eth,5,curve;uniswap-v4-arbitrum;uniswap-v4-ethereum;uniswap_v3;uniswap_v3_arbitrum,0x462af0c01215decaf617ceb44d10dee6b351485003b892fd0966924de769bd4f;0x52f9d14bed8ce6536da063aaf274ae2747ef4853;0x9409280dc1e6d33ab7a8c6ec03e5763fb61772b5;0xa3f558aebaecaf0e11ca4b2199cc5ed341edfd74;0xf0ea88c65397909328b612fb2264ce270f5239981f36c57a8ca93e32b6ffa4b9,0.03673469387755102,-0.0073490813648294795,-0.0018372703412072866,0.016272965879265078
2026-04-22,LDO,0.3782,10595965.241696378,225992.2887737041,10821957.530470083,0.020882755096516024,46.886401740488495,11,binance;bitget;bybit;coinbase;crypto_com;gate;htx;kraken;kucoin;mexc;okx,arbitrum;eth,arbitrum;eth,5,curve;uniswap-v4-arbitrum;uniswap-v4-ethereum;uniswap_v3;uniswap_v3_arbitrum,0x462af0c01215decaf617ceb44d10dee6b351485003b892fd0966924de769bd4f;0x52f9d14bed8ce6536da063aaf274ae2747ef4853;0x9409280dc1e6d33ab7a8c6ec03e5763fb61772b5;0xa3f558aebaecaf0e11ca4b2199cc5ed341edfd74;0xf0ea88c65397909328b612fb2264ce270f5239981f36c57a8ca93e32b6ffa4b9,-0.0073490813648294795,0.026441036488630276,-0.009518773135906877,-0.013220518244315138
2026-04-23,LDO,0.3882,10409267.902659265,127473.64984559218,10536741.552504858,0.012098014287470909,81.65819300904876,11,binance;bitget;bybit;coinbase;crypto_com;gate;htx;kraken;kucoin;mexc;okx,arbitrum;eth,arbitrum;eth,5,curve;uniswap-v4-arbitrum;uniswap-v4-ethereum;uniswap_v3;uniswap_v3_arbitrum,0x462af0c01215decaf617ceb44d10dee6b351485003b892fd0966924de769bd4f;0x52f9d14bed8ce6536da063aaf274ae2747ef4853;0x9409280dc1e6d33ab7a8c6ec03e5763fb61772b5;0xa3f558aebaecaf0e11ca4b2199cc5ed341edfd74;0xf0ea88c65397909328b612fb2264ce270f5239981f36c57a8ca93e32b6ffa4b9,0.026441036488630276,-0.020350334878928344,0.15249871200412168,-0.05821741370427613
2026-04-24,LDO,0.3803,5019462.513468089,126052.4431174239,5145514.9565855125,0.02449753701640592,39.8204302061184,11,binance;bitget;bybit;coinbase;crypto_com;gate;htx;kraken;kucoin;mexc;okx,arbitrum;eth,arbitrum;eth,5,curve;uniswap-v4-arbitrum;uniswap-v4-ethereum;uniswap_v3;uniswap_v3_arbitrum,0x462af0c01215decaf617ceb44d10dee6b351485003b892fd0966924de769bd4f;0x52f9d14bed8ce6536da063aaf274ae2747ef4853;0x9409280dc1e6d33ab7a8c6ec03e5763fb61772b5;0xa3f558aebaecaf0e11ca4b2199cc5ed341edfd74;0xf0ea88c65397909328b612fb2264ce270f5239981f36c57a8ca93e32b6ffa4b9,-0.020350334878928344,-0.014988167236392402,0.07572968708914019,-0.023665527215356308
2026-04-25,LDO,0.3746,7466461.050474745,64534.57038659034,7530995.620861336,0.008569195048769579,115.69707531556146,11,binance;bitget;bybit;coinbase;crypto_com;gate;htx;kraken;kucoin;mexc;okx,arbitrum;eth,arbitrum;eth,5,curve;uniswap-v4-arbitrum;uniswap-v4-ethereum;uniswap_v3;uniswap_v3_arbitrum,0x462af0c01215decaf617ceb44d10dee6b351485003b892fd0966924de769bd4f;0x52f9d14bed8ce6536da063aaf274ae2747ef4853;0x9409280dc1e6d33ab7a8c6ec03e5763fb61772b5;0xa3f558aebaecaf0e11ca4b2199cc5ed341edfd74;0xf0ea88c65397909328b612fb2264ce270f5239981f36c57a8ca93e32b6ffa4b9,-0.014988167236392402,0.1943406300053392,0.033635878270154906,-0.0032034169781098853
2026-04-26,LDO,0.4474,68958779.55891426,1755959.8199272878,70714739.37884155,0.02483159572320627,39.27127419223622,11,binance;bitget;bybit;coinbase;crypto_com;gate;htx;kraken;kucoin;mexc;okx,arbitrum;eth,arbitrum;eth,5,curve;uniswap-v4-arbitrum;uniswap-v4-ethereum;uniswap_v3;uniswap_v3_arbitrum,0x462af0c01215decaf617ceb44d10dee6b351485003b892fd0966924de769bd4f;0x52f9d14bed8ce6536da063aaf274ae2747ef4853;0x9409280dc1e6d33ab7a8c6ec03e5763fb61772b5;0xa3f558aebaecaf0e11ca4b2199cc5ed341edfd74;0xf0ea88c65397909328b612fb2264ce270f5239981f36c57a8ca93e32b6ffa4b9,0.1943406300053392,-0.08560572194903893,-0.16584711667411722,-0.18372820742065266
2026-04-27,LDO,0.4091,43367705.57578842,669536.0293303166,44037241.60511874,0.01520385939096812,64.7727734968433,11,binance;bitget;bybit;coinbase;crypto_com;gate;htx;kraken;kucoin;mexc;okx,arbitrum;eth,arbitrum;eth,5,curve;uniswap-v4-arbitrum;uniswap-v4-ethereum;uniswap_v3;uniswap_v3_arbitrum,0x462af0c01215decaf617ceb44d10dee6b351485003b892fd0966924de769bd4f;0x52f9d14bed8ce6536da063aaf274ae2747ef4853;0x9409280dc1e6d33ab7a8c6ec03e5763fb61772b5;0xa3f558aebaecaf0e11ca4b2199cc5ed341edfd74;0xf0ea88c65397909328b612fb2264ce270f5239981f36c57a8ca93e32b6ffa4b9,-0.08560572194903893,-0.05353214373013937,-0.10633097042287953,-0.09093131263749699
2026-04-28,LDO,0.3872,14676253.465236116,115448.82330849611,14791702.288544612,0.007804972075317193,127.12345647749933,11,binance;bitget;bybit;coinbase;crypto_com;gate;htx;kraken;kucoin;mexc;okx,arbitrum;eth,arbitrum;eth,5,curve;uniswap-v4-arbitrum;uniswap-v4-ethereum;uniswap_v3;uniswap_v3_arbitrum,0x462af0c01215decaf617ceb44d10dee6b351485003b892fd0966924de769bd4f;0x52f9d14bed8ce6536da063aaf274ae2747ef4853;0x9409280dc1e6d33ab7a8c6ec03e5763fb61772b5;0xa3f558aebaecaf0e11ca4b2199cc5ed341edfd74;0xf0ea88c65397909328b612fb2264ce270f5239981f36c57a8ca93e32b6ffa4b9,-0.05353214373013937,-0.03615702479338845,-0.041064049586776785,-0.03615702479338845
2026-04-29,LDO,0.3732,14150341.519801024,92556.19505422248,14242897.714855246,0.006498410429338897,152.88378602330494,11,binance;bitget;bybit;coinbase;crypto_com;gate;htx;kraken;kucoin;mexc;okx,arbitrum;eth,arbitrum;eth,5,curve;uniswap-v4-arbitrum;uniswap-v4-ethereum;uniswap_v3;uniswap_v3_arbitrum,0x462af0c01215decaf617ceb44d10dee6b351485003b892fd0966924de769bd4f;0x52f9d14bed8ce6536da063aaf274ae2747ef4853;0x9409280dc1e6d33ab7a8c6ec03e5763fb61772b5;0xa3f558aebaecaf0e11ca4b2199cc5ed341edfd74;0xf0ea88c65397909328b612fb2264ce270f5239981f36c57a8ca93e32b6ffa4b9,-0.03615702479338845,-0.020364415862808127,0.000535905680600246,0.04662379421221874
2026-04-30,LDO,0.3656,6443239.778578042,30817.458296079334,6474057.236874121,0.004760146098269433,209.0775857202268,11,binance;bitget;bybit;coinbase;crypto_com;gate;htx;kraken;kucoin;mexc;okx,arbitrum;eth,arbitrum;eth,5,curve;uniswap-v4-arbitrum;uniswap-v4-ethereum;uniswap_v3;uniswap_v3_arbitrum,0x462af0c01215decaf617ceb44d10dee6b351485003b892fd0966924de769bd4f;0x52f9d14bed8ce6536da063aaf274ae2747ef4853;0x9409280dc1e6d33ab7a8c6ec03e5763fb61772b5;0xa3f558aebaecaf0e11ca4b2199cc5ed341edfd74;0xf0ea88c65397909328b612fb2264ce270f5239981f36c57a8ca93e32b6ffa4b9,-0.020364415862808127,0.01559080962800885,-0.001094091903719785,0.053336980306345705
2026-05-01,LDO,0.3713,5512772.482992098,42049.75492712822,5554822.237919226,0.007569955099567612,131.10117984149193,11,binance;bitget;bybit;coinbase;crypto_com;gate;htx;kraken;kucoin;mexc;okx,arbitrum;eth,arbitrum;eth,5,curve;uniswap-v4-arbitrum;uniswap-v4-ethereum;uniswap_v3;uniswap_v3_arbitrum,0x462af0c01215decaf617ceb44d10dee6b351485003b892fd0966924de769bd4f;0x52f9d14bed8ce6536da063aaf274ae2747ef4853;0x9409280dc1e6d33ab7a8c6ec03e5763fb61772b5;0xa3f558aebaecaf0e11ca4b2199cc5ed341edfd74;0xf0ea88c65397909328b612fb2264ce270f5239981f36c57a8ca93e32b6ffa4b9,0.01559080962800885,0.005655803932130388,0.001615943980608714,0.09614866684621592
2026-05-02,LDO,0.3734,3708249.9997412516,59078.41147062875,3767328.4112118804,0.015681778974937922,62.768275372211626,11,binance;bitget;bybit;coinbase;crypto_com;gate;htx;kraken;kucoin;mexc;okx,arbitrum;eth,arbitrum;eth,5,curve;uniswap-v4-arbitrum;uniswap-v4-ethereum;uniswap_v3;uniswap_v3_arbitrum,0x462af0c01215decaf617ceb44d10dee6b351485003b892fd0966924de769bd4f;0x52f9d14bed8ce6536da063aaf274ae2747ef4853;0x9409280dc1e6d33ab7a8c6ec03e5763fb61772b5;0xa3f558aebaecaf0e11ca4b2199cc5ed341edfd74;0xf0ea88c65397909328b612fb2264ce270f5239981f36c57a8ca93e32b6ffa4b9,0.005655803932130388,-0.021960364220674822,-0.0005356186395287788,0.06802356722013925
2026-05-03,LDO,0.3652,5978273.834717662,26651.85782153768,6004925.6925392,0.004438332659911378,224.30983516228082,11,binance;bitget;bybit;coinbase;crypto_com;gate;htx;kraken;kucoin;mexc;okx,arbitrum;eth,arbitrum;eth,5,curve;uniswap-v4-arbitrum;uniswap-v4-ethereum;uniswap_v3;uniswap_v3_arbitrum,0x462af0c01215decaf617ceb44d10dee6b351485003b892fd0966924de769bd4f;0x52f9d14bed8ce6536da063aaf274ae2747ef4853;0x9409280dc1e6d33ab7a8c6ec03e5763fb61772b5;0xa3f558aebaecaf0e11ca4b2199cc5ed341edfd74;0xf0ea88c65397909328b612fb2264ce270f5239981f36c57a8ca93e32b6ffa4b9,-0.021960364220674822,0.01834611171960554,0.06955093099671417,0.13280394304490684
2026-05-04,LDO,0.3719,9248523.775361517,61548.31088709818,9310072.086248616,0.006610938166419542,150.26446123479568,11,binance;bitget;bybit;coinbase;crypto_com;gate;htx;kraken;kucoin;mexc;okx,arbitrum;eth,arbitrum;eth,5,curve;uniswap-v4-arbitrum;uniswap-v4-ethereum;uniswap_v3;uniswap_v3_arbitrum,0x462af0c01215decaf617ceb44d10dee6b351485003b892fd0966924de769bd4f;0x52f9d14bed8ce6536da063aaf274ae2747ef4853;0x9409280dc1e6d33ab7a8c6ec03e5763fb61772b5;0xa3f558aebaecaf0e11ca4b2199cc5ed341edfd74;0xf0ea88c65397909328b612fb2264ce270f5239981f36c57a8ca93e32b6ffa4b9,0.01834611171960554,0.0034955633234738936,0.03549341220758273,0.1000268889486422
2026-05-05,LDO,0.3732,8883228.740127897,33008.56606651823,8916237.306194415,0.003702073524174379,269.118892418004,11,binance;bitget;bybit;coinbase;crypto_com;gate;htx;kraken;kucoin;mexc;okx,arbitrum;eth,arbitrum;eth,5,curve;uniswap-v4-arbitrum;uniswap-v4-ethereum;uniswap_v3;uniswap_v3_arbitrum,0x462af0c01215decaf617ceb44d10dee6b351485003b892fd0966924de769bd4f;0x52f9d14bed8ce6536da063aaf274ae2747ef4853;0x9409280dc1e6d33ab7a8c6ec03e5763fb61772b5;0xa3f558aebaecaf0e11ca4b2199cc5ed341edfd74;0xf0ea88c65397909328b612fb2264ce270f5239981f36c57a8ca93e32b6ffa4b9,0.0034955633234738936,0.04662379421221874,0.09056806002143625,0.05734190782422299
2026-05-06,LDO,0.3906,15634975.150088083,103742.63755914834,15738717.78764723,0.006591555866169245,150.70925048704186,11,binance;bitget;bybit;coinbase;crypto_com;gate;htx;kraken;kucoin;mexc;okx,arbitrum;eth,arbitrum;eth,5,curve;uniswap-v4-arbitrum;uniswap-v4-ethereum;uniswap_v3;uniswap_v3_arbitrum,0x462af0c01215decaf617ceb44d10dee6b351485003b892fd0966924de769bd4f;0x52f9d14bed8ce6536da063aaf274ae2747ef4853;0x9409280dc1e6d33ab7a8c6ec03e5763fb61772b5;0xa3f558aebaecaf0e11ca4b2199cc5ed341edfd74;0xf0ea88c65397909328b612fb2264ce270f5239981f36c57a8ca93e32b6ffa4b9,0.04662379421221874,-0.014080901177675353,0.020993343573988632,-0.00640040962621613
2026-05-07,LDO,0.3851,9752065.161126835,118717.09155341418,9870782.25268025,0.012027120902315365,82.14541843571955,11,binance;bitget;bybit;coinbase;crypto_com;gate;htx;kraken;kucoin;mexc;okx,arbitrum;eth,arbitrum;eth,5,curve;uniswap-v4-arbitrum;uniswap-v4-ethereum;uniswap_v3;uniswap_v3_arbitrum,0x462af0c01215decaf617ceb44d10dee6b351485003b892fd0966924de769bd4f;0x52f9d14bed8ce6536da063aaf274ae2747ef4853;0x9409280dc1e6d33ab7a8c6ec03e5763fb61772b5;0xa3f558aebaecaf0e11ca4b2199cc5ed341edfd74;0xf0ea88c65397909328b612fb2264ce270f5239981f36c57a8ca93e32b6ffa4b9,-0.014080901177675353,0.05686834588418588,0.07426642430537522,0.0098675668657493
2026-05-08,LDO,0.407,9122386.415057415,117747.58476424044,9240133.999821655,0.012743060302644214,77.47408520796984,11,binance;bitget;bybit;coinbase;crypto_com;gate;htx;kraken;kucoin;mexc;okx,arbitrum;eth,arbitrum;eth,5,curve;uniswap-v4-arbitrum;uniswap-v4-ethereum;uniswap_v3;uniswap_v3_arbitrum,0x462af0c01215decaf617ceb44d10dee6b351485003b892fd0966924de769bd4f;0x52f9d14bed8ce6536da063aaf274ae2747ef4853;0x9409280dc1e6d33ab7a8c6ec03e5763fb61772b5;0xa3f558aebaecaf0e11ca4b2199cc5ed341edfd74;0xf0ea88c65397909328b612fb2264ce270f5239981f36c57a8ca93e32b6ffa4b9,0.05686834588418588,-0.020147420147420103,0.005159705159705208,-0.10638820638820623
2026-05-09,LDO,0.3988,5668305.983654443,71219.11199675202,5739525.095651195,0.012408537432951434,79.58967508486975,11,binance;bitget;bybit;coinbase;crypto_com;gate;htx;kraken;kucoin;mexc;okx,arbitrum;eth,arbitrum;eth,5,curve;uniswap-v4-arbitrum;uniswap-v4-ethereum;uniswap_v3;uniswap_v3_arbitrum,0x462af0c01215decaf617ceb44d10dee6b351485003b892fd0966924de769bd4f;0x52f9d14bed8ce6536da063aaf274ae2747ef4853;0x9409280dc1e6d33ab7a8c6ec03e5763fb61772b5;0xa3f558aebaecaf0e11ca4b2199cc5ed341edfd74;0xf0ea88c65397909328b612fb2264ce270f5239981f36c57a8ca93e32b6ffa4b9,-0.020147420147420103,0.03736208625877646,-0.01053159478435306,-0.11233701103309934
2026-05-10,LDO,0.4137,16500634.110255018,190896.41815364535,16691530.528408663,0.011436723422621031,86.43763078348739,11,binance;bitget;bybit;coinbase;crypto_com;gate;htx;kraken;kucoin;mexc;okx,arbitrum;eth,arbitrum;eth,5,curve;uniswap-v4-arbitrum;uniswap-v4-ethereum;uniswap_v3;uniswap_v3_arbitrum,0x462af0c01215decaf617ceb44d10dee6b351485003b892fd0966924de769bd4f;0x52f9d14bed8ce6536da063aaf274ae2747ef4853;0x9409280dc1e6d33ab7a8c6ec03e5763fb61772b5;0xa3f558aebaecaf0e11ca4b2199cc5ed341edfd74;0xf0ea88c65397909328b612fb2264ce270f5239981f36c57a8ca93e32b6ffa4b9,0.03736208625877646,-0.011119168479574504,-0.0618805897993715,-0.1563935218757555
2026-05-11,LDO,0.4091,42678606.11920574,777862.5426415711,43456468.661847316,0.01789981023756072,54.86651404279211,11,binance;bitget;bybit;coinbase;crypto_com;gate;htx;kraken;kucoin;mexc;okx,arbitrum;eth,arbitrum;eth,5,curve;uniswap-v4-arbitrum;uniswap-v4-ethereum;uniswap_v3;uniswap_v3_arbitrum,0x462af0c01215decaf617ceb44d10dee6b351485003b892fd0966924de769bd4f;0x52f9d14bed8ce6536da063aaf274ae2747ef4853;0x9409280dc1e6d33ab7a8c6ec03e5763fb61772b5;0xa3f558aebaecaf0e11ca4b2199cc5ed341edfd74;0xf0ea88c65397909328b612fb2264ce270f5239981f36c57a8ca93e32b6ffa4b9,-0.011119168479574504,-0.03544365680762651,-0.04937668051821065,-0.13126374969445131
2026-05-12,LDO,0.3946,9694732.85314356,80799.72749607143,9775532.58063963,0.008265506439628126,119.98472214667962,11,binance;bitget;bybit;coinbase;crypto_com;gate;htx;kraken;kucoin;mexc;okx,arbitrum;eth,arbitrum;eth,5,curve;uniswap-v4-arbitrum;uniswap-v4-ethereum;uniswap_v3;uniswap_v3_arbitrum,0x462af0c01215decaf617ceb44d10dee6b351485003b892fd0966924de769bd4f;0x52f9d14bed8ce6536da063aaf274ae2747ef4853;0x9409280dc1e6d33ab7a8c6ec03e5763fb61772b5;0xa3f558aebaecaf0e11ca4b2199cc5ed341edfd74;0xf0ea88c65397909328b612fb2264ce270f5239981f36c57a8ca93e32b6ffa4b9,-0.03544365680762651,-0.0164723770907248,-0.07830714647744552,-0.10897110998479465
2026-05-13,LDO,0.3881,11118369.594029794,94207.19391432463,11212576.787944118,0.008401921850436487,118.02038816845807,11,binance;bitget;bybit;coinbase;crypto_com;gate;htx;kraken;kucoin;mexc;okx,arbitrum;eth,arbitrum;eth,5,curve;uniswap-v4-arbitrum;uniswap-v4-ethereum;uniswap_v3;uniswap_v3_arbitrum,0x462af0c01215decaf617ceb44d10dee6b351485003b892fd0966924de769bd4f;0x52f9d14bed8ce6536da063aaf274ae2747ef4853;0x9409280dc1e6d33ab7a8c6ec03e5763fb61772b5;0xa3f558aebaecaf0e11ca4b2199cc5ed341edfd74;0xf0ea88c65397909328b612fb2264ce270f5239981f36c57a8ca93e32b6ffa4b9,-0.0164723770907248,0.0020613244009275444,-0.08786395258953883,-0.07601133728420517
2026-05-14,LDO,0.3889,11156545.045288933,62380.93858003507,11218925.983868968,0.005560330700971639,178.84541815566027,11,binance;bitget;bybit;coinbase;crypto_com;gate;htx;kraken;kucoin;mexc;okx,arbitrum;eth,arbitrum;eth,5,curve;uniswap-v4-arbitrum;uniswap-v4-ethereum;uniswap_v3;uniswap_v3_arbitrum,0x462af0c01215decaf617ceb44d10dee6b351485003b892fd0966924de769bd4f;0x52f9d14bed8ce6536da063aaf274ae2747ef4853;0x9409280dc1e6d33ab7a8c6ec03e5763fb61772b5;0xa3f558aebaecaf0e11ca4b2199cc5ed341edfd74;0xf0ea88c65397909328b612fb2264ce270f5239981f36c57a8ca93e32b6ffa4b9,0.0020613244009275444,-0.06479814862432498,-0.10259706865518137,-0.07971200822833635
2026-05-15,LDO,0.3637,9131886.111386172,71250.46594758274,9203136.577333756,0.007741976373909767,128.16598445972667,11,binance;bitget;bybit;coinbase;crypto_com;gate;htx;kraken;kucoin;mexc;okx,arbitrum;eth,arbitrum;eth,5,curve;uniswap-v4-arbitrum;uniswap-v4-ethereum;uniswap_v3;uniswap_v3_arbitrum,0x462af0c01215decaf617ceb44d10dee6b351485003b892fd0966924de769bd4f;0x52f9d14bed8ce6536da063aaf274ae2747ef4853;0x9409280dc1e6d33ab7a8c6ec03e5763fb61772b5;0xa3f558aebaecaf0e11ca4b2199cc5ed341edfd74;0xf0ea88c65397909328b612fb2264ce270f5239981f36c57a8ca93e32b6ffa4b9,-0.06479814862432498,-0.026670332691779097,-0.02282100632389339,-0.06296398130327197
2026-05-16,LDO,0.354,5848601.407701825,47332.72430319457,5895934.132005019,0.008028028000899362,123.56359144337468,11,binance;bitget;bybit;coinbase;crypto_com;gate;htx;kraken;kucoin;mexc;okx,arbitrum;eth,arbitrum;eth,5,curve;uniswap-v4-arbitrum;uniswap-v4-ethereum;uniswap_v3;uniswap_v3_arbitrum,0x462af0c01215decaf617ceb44d10dee6b351485003b892fd0966924de769bd4f;0x52f9d14bed8ce6536da063aaf274ae2747ef4853;0x9409280dc1e6d33ab7a8c6ec03e5763fb61772b5;0xa3f558aebaecaf0e11ca4b2199cc5ed341edfd74;0xf0ea88c65397909328b612fb2264ce270f5239981f36c57a8ca93e32b6ffa4b9,-0.026670332691779097,-0.01412429378531077,-0.006779661016949046,-0.009039548022598765
2026-05-17,LDO,0.349,7596789.2637590915,29854.020600285814,7626643.284359377,0.0039144377791354235,254.46452809396004,11,binance;bitget;bybit;coinbase;crypto_com;gate;htx;kraken;kucoin;mexc;okx,arbitrum;eth,arbitrum;eth,5,curve;uniswap-v4-arbitrum;uniswap-v4-ethereum;uniswap_v3;uniswap_v3_arbitrum,0x462af0c01215decaf617ceb44d10dee6b351485003b892fd0966924de769bd4f;0x52f9d14bed8ce6536da063aaf274ae2747ef4853;0x9409280dc1e6d33ab7a8c6ec03e5763fb61772b5;0xa3f558aebaecaf0e11ca4b2199cc5ed341edfd74;0xf0ea88c65397909328b612fb2264ce270f5239981f36c57a8ca93e32b6ffa4b9,-0.01412429378531077,0.01833810888252163,0.027507163323782224,-0.020630372492836613
2026-05-18,LDO,0.3554,6329685.424363791,56162.29750269082,6385847.721866482,0.00879480688372498,112.70346310281424,11,binance;bitget;bybit;coinbase;crypto_com;gate;htx;kraken;kucoin;mexc;okx,arbitrum;eth,arbitrum;eth,5,curve;uniswap-v4-arbitrum;uniswap-v4-ethereum;uniswap_v3;uniswap_v3_arbitrum,0x462af0c01215decaf617ceb44d10dee6b351485003b892fd0966924de769bd4f;0x52f9d14bed8ce6536da063aaf274ae2747ef4853;0x9409280dc1e6d33ab7a8c6ec03e5763fb61772b5;0xa3f558aebaecaf0e11ca4b2199cc5ed341edfd74;0xf0ea88c65397909328b612fb2264ce270f5239981f36c57a8ca93e32b6ffa4b9,0.01833810888252163,-0.010692177827799632,0.007034327518289363,-0.025323579065841373
2026-05-19,LDO,0.3516,3360504.6797890984,24014.79076541421,3384519.4705545125,0.0070954801632385585,139.93478904795845,11,binance;bitget;bybit;coinbase;crypto_com;gate;htx;kraken;kucoin;mexc;okx,arbitrum;eth,arbitrum;eth,5,curve;uniswap-v4-arbitrum;uniswap-v4-ethereum;uniswap_v3;uniswap_v3_arbitrum,0x462af0c01215decaf617ceb44d10dee6b351485003b892fd0966924de769bd4f;0x52f9d14bed8ce6536da063aaf274ae2747ef4853;0x9409280dc1e6d33ab7a8c6ec03e5763fb61772b5;0xa3f558aebaecaf0e11ca4b2199cc5ed341edfd74;0xf0ea88c65397909328b612fb2264ce270f5239981f36c57a8ca93e32b6ffa4b9,-0.010692177827799632,0.019908987485779184,-0.03071672354948818,-0.027588168373151478
2026-05-20,LDO,0.3586,3761103.4323326033,24223.344937803493,3785326.777270407,0.006399274451879927,155.26771558551113,11,binance;bitget;bybit;coinbase;crypto_com;gate;htx;kraken;kucoin;mexc;okx,arbitrum;eth,arbitrum;eth,5,curve;uniswap-v4-arbitrum;uniswap-v4-ethereum;uniswap_v3;uniswap_v3_arbitrum,0x462af0c01215decaf617ceb44d10dee6b351485003b892fd0966924de769bd4f;0x52f9d14bed8ce6536da063aaf274ae2747ef4853;0x9409280dc1e6d33ab7a8c6ec03e5763fb61772b5;0xa3f558aebaecaf0e11ca4b2199cc5ed341edfd74;0xf0ea88c65397909328b612fb2264ce270f5239981f36c57a8ca93e32b6ffa4b9,0.019908987485779184,-0.0019520356943669714,-0.02175125488008911,-0.07473508087005021
2026-05-21,LDO,0.3579,5057328.904895091,27296.807218180697,5084625.712113272,0.005368498836236974,185.27181089247392,11,binance;bitget;bybit;coinbase;crypto_com;gate;htx;kraken;kucoin;mexc;okx,arbitrum;eth,arbitrum;eth,5,curve;uniswap-v4-arbitrum;uniswap-v4-ethereum;uniswap_v3;uniswap_v3_arbitrum,0x462af0c01215decaf617ceb44d10dee6b351485003b892fd0966924de769bd4f;0x52f9d14bed8ce6536da063aaf274ae2747ef4853;0x9409280dc1e6d33ab7a8c6ec03e5763fb61772b5;0xa3f558aebaecaf0e11ca4b2199cc5ed341edfd74;0xf0ea88c65397909328b612fb2264ce270f5239981f36c57a8ca93e32b6ffa4b9,-0.0019520356943669714,-0.047778709136630404,-0.044984632578932704,-0.09080748812517458
2026-05-22,LDO,0.3408,7046673.907728651,72511.281884433,7119185.189613083,0.01018533441021133,97.18037972297188,11,binance;bitget;bybit;coinbase;crypto_com;gate;htx;kraken;kucoin;mexc;okx,arbitrum;eth,arbitrum;eth,5,curve;uniswap-v4-arbitrum;uniswap-v4-ethereum;uniswap_v3;uniswap_v3_arbitrum,0x462af0c01215decaf617ceb44d10dee6b351485003b892fd0966924de769bd4f;0x52f9d14bed8ce6536da063aaf274ae2747ef4853;0x9409280dc1e6d33ab7a8c6ec03e5763fb61772b5;0xa3f558aebaecaf0e11ca4b2199cc5ed341edfd74;0xf0ea88c65397909328b612fb2264ce270f5239981f36c57a8ca93e32b6ffa4b9,-0.047778709136630404,0.02934272300469476,0.016431924882629012,-0.06308685446009399
2026-05-23,LDO,0.3508,5461802.597116924,35533.27952437744,5497335.876641301,0.006463727216552602,153.70949910125464,11,binance;bitget;bybit;coinbase;crypto_com;gate;htx;kraken;kucoin;mexc;okx,arbitrum;eth,arbitrum;eth,5,curve;uniswap-v4-arbitrum;uniswap-v4-ethereum;uniswap_v3;uniswap_v3_arbitrum,0x462af0c01215decaf617ceb44d10dee6b351485003b892fd0966924de769bd4f;0x52f9d14bed8ce6536da063aaf274ae2747ef4853;0x9409280dc1e6d33ab7a8c6ec03e5763fb61772b5;0xa3f558aebaecaf0e11ca4b2199cc5ed341edfd74;0xf0ea88c65397909328b612fb2264ce270f5239981f36c57a8ca93e32b6ffa4b9,0.02934272300469476,-0.025655644241733166,-0.025370581527936253,-0.07554161915621438
2026-05-24,LDO,0.3418,4446282.357272666,22292.301625278047,4468574.658897944,0.004988682818779591,199.45371420198558,11,binance;bitget;bybit;coinbase;crypto_com;gate;htx;kraken;kucoin;mexc;okx,arbitrum;eth,arbitrum;eth,5,curve;uniswap-v4-arbitrum;uniswap-v4-ethereum;uniswap_v3;uniswap_v3_arbitrum,0x462af0c01215decaf617ceb44d10dee6b351485003b892fd0966924de769bd4f;0x52f9d14bed8ce6536da063aaf274ae2747ef4853;0x9409280dc1e6d33ab7a8c6ec03e5763fb61772b5;0xa3f558aebaecaf0e11ca4b2199cc5ed341edfd74;0xf0ea88c65397909328b612fb2264ce270f5239981f36c57a8ca93e32b6ffa4b9,-0.025655644241733166,0.01345816266822708,-0.029256875365710977,-0.04066705675833815
2026-05-25,LDO,0.3464,3735507.7215904635,23939.911602754477,3759447.633193218,0.006367933254710687,156.03682183858456,11,binance;bitget;bybit;coinbase;crypto_com;gate;htx;kraken;kucoin;mexc;okx,arbitrum;eth,arbitrum;eth,5,curve;uniswap-v4-arbitrum;uniswap-v4-ethereum;uniswap_v3;uniswap_v3_arbitrum,0x462af0c01215decaf617ceb44d10dee6b351485003b892fd0966924de769bd4f;0x52f9d14bed8ce6536da063aaf274ae2747ef4853;0x9409280dc1e6d33ab7a8c6ec03e5763fb61772b5;0xa3f558aebaecaf0e11ca4b2199cc5ed341edfd74;0xf0ea88c65397909328b612fb2264ce270f5239981f36c57a8ca93e32b6ffa4b9,0.01345816266822708,-0.012990762124711286,-0.06062355658198604,-0.03839491916859117
2026-05-26,LDO,0.3419,5537722.671026699,44085.9470431659,5581808.618069865,0.007898147367583949,125.6119703089183,11,binance;bitget;bybit;coinbase;crypto_com;gate;htx;kraken;kucoin;mexc;okx,arbitrum;eth,arbitrum;eth,5,curve;uniswap-v4-arbitrum;uniswap-v4-ethereum;uniswap_v3;uniswap_v3_arbitrum,0x462af0c01215decaf617ceb44d10dee6b351485003b892fd0966924de769bd4f;0x52f9d14bed8ce6536da063aaf274ae2747ef4853;0x9409280dc1e6d33ab7a8c6ec03e5763fb61772b5;0xa3f558aebaecaf0e11ca4b2199cc5ed341edfd74;0xf0ea88c65397909328b612fb2264ce270f5239981f36c57a8ca93e32b6ffa4b9,-0.012990762124711286,-0.029540801403919237,-0.06610119918104707,-0.11553085697572385
2026-05-27,LDO,0.3318,6195843.101770043,44003.48227058328,6239846.584040627,0.007052013487499675,140.80347240863753,11,binance;bitget;bybit;coinbase;crypto_com;gate;htx;kraken;kucoin;mexc;okx,arbitrum;eth,arbitrum;eth,5,curve;uniswap-v4-arbitrum;uniswap-v4-ethereum;uniswap_v3;uniswap_v3_arbitrum,0x462af0c01215decaf617ceb44d10dee6b351485003b892fd0966924de769bd4f;0x52f9d14bed8ce6536da063aaf274ae2747ef4853;0x9409280dc1e6d33ab7a8c6ec03e5763fb61772b5;0xa3f558aebaecaf0e11ca4b2199cc5ed341edfd74;0xf0ea88c65397909328b612fb2264ce270f5239981f36c57a8ca93e32b6ffa4b9,-0.029540801403919237,-0.019288728149487566,-0.022603978300180905,-0.10488245931283902
2026-05-28,LDO,0.3254,6712626.561905574,73308.26552916449,6785934.827434738,0.010802972234980474,91.56711747920248,11,binance;bitget;bybit;coinbase;crypto_com;gate;htx;kraken;kucoin;mexc;okx,arbitrum;eth,arbitrum;eth,5,curve;uniswap-v4-arbitrum;uniswap-v4-ethereum;uniswap_v3;uniswap_v3_arbitrum,0x462af0c01215decaf617ceb44d10dee6b351485003b892fd0966924de769bd4f;0x52f9d14bed8ce6536da063aaf274ae2747ef4853;0x9409280dc1e6d33ab7a8c6ec03e5763fb61772b5;0xa3f558aebaecaf0e11ca4b2199cc5ed341edfd74;0xf0ea88c65397909328b612fb2264ce270f5239981f36c57a8ca93e32b6ffa4b9,-0.019288728149487566,-0.01874615857406281,0.007682851874615926,-0.14935464044253233
2026-05-29,LDO,0.3193,5796301.540524499,31997.08700510469,5828298.627529603,0.005489953252218144,181.15091350658824,11,binance;bitget;bybit;coinbase;crypto_com;gate;htx;kraken;kucoin;mexc;okx,arbitrum;eth,arbitrum;eth,5,curve;uniswap-v4-arbitrum;uniswap-v4-ethereum;uniswap_v3;uniswap_v3_arbitrum,0x462af0c01215decaf617ceb44d10dee6b351485003b892fd0966924de769bd4f;0x52f9d14bed8ce6536da063aaf274ae2747ef4853;0x9409280dc1e6d33ab7a8c6ec03e5763fb61772b5;0xa3f558aebaecaf0e11ca4b2199cc5ed341edfd74;0xf0ea88c65397909328b612fb2264ce270f5239981f36c57a8ca93e32b6ffa4b9,-0.01874615857406281,0.015659254619480034,0.04321954274976525,-0.19072972126526766
2026-05-30,LDO,0.3243,3968910.71151479,29628.113665675006,3998538.825180465,0.00740973514602245,133.95759029076777,11,binance;bitget;bybit;coinbase;crypto_com;gate;htx;kraken;kucoin;mexc;okx,arbitrum;eth,arbitrum;eth,5,curve;uniswap-v4-arbitrum;uniswap-v4-ethereum;uniswap_v3;uniswap_v3_arbitrum,0x462af0c01215decaf617ceb44d10dee6b351485003b892fd0966924de769bd4f;0x52f9d14bed8ce6536da063aaf274ae2747ef4853;0x9409280dc1e6d33ab7a8c6ec03e5763fb61772b5;0xa3f558aebaecaf0e11ca4b2199cc5ed341edfd74;0xf0ea88c65397909328b612fb2264ce270f5239981f36c57a8ca93e32b6ffa4b9,0.015659254619480034,0.011100832562442431,-0.06753006475485657,-0.20783225408572303
2026-05-31,LDO,0.3279,5564682.669387764,37022.40015355017,5601705.069541315,0.006609130558275122,150.30583231525452,11,binance;bitget;bybit;coinbase;crypto_com;gate;htx;kraken;kucoin;mexc;okx,arbitrum;eth,arbitrum;eth,5,curve;uniswap-v4-arbitrum;uniswap-v4-ethereum;uniswap_v3;uniswap_v3_arbitrum,0x462af0c01215decaf617ceb44d10dee6b351485003b892fd0966924de769bd4f;0x52f9d14bed8ce6536da063aaf274ae2747ef4853;0x9409280dc1e6d33ab7a8c6ec03e5763fb61772b5;0xa3f558aebaecaf0e11ca4b2199cc5ed341edfd74;0xf0ea88c65397909328b612fb2264ce270f5239981f36c57a8ca93e32b6ffa4b9,0.011100832562442431,0.015858493443122956,-0.09423604757548043,-0.17047880451357122
2026-06-01,LDO,0.3331,6768989.927394756,49419.70586261625,6818409.633257372,0.007247981350602262,136.9694499237234,11,binance;bitget;bybit;coinbase;crypto_com;gate;htx;kraken;kucoin;mexc;okx,arbitrum;eth,arbitrum;eth,5,curve;uniswap-v4-arbitrum;uniswap-v4-ethereum;uniswap_v3;uniswap_v3_arbitrum,0x462af0c01215decaf617ceb44d10dee6b351485003b892fd0966924de769bd4f;0x52f9d14bed8ce6536da063aaf274ae2747ef4853;0x9409280dc1e6d33ab7a8c6ec03e5763fb61772b5;0xa3f558aebaecaf0e11ca4b2199cc5ed341edfd74;0xf0ea88c65397909328b612fb2264ce270f5239981f36c57a8ca93e32b6ffa4b9,0.015858493443122956,-0.09216451516061241,-0.16901831281897328,-0.20054037826478543
2026-06-02,LDO,0.3024,11075798.312416378,113040.90656970195,11188839.218986081,0.010103005714648707,97.98044485415508,11,binance;bitget;bybit;coinbase;crypto_com;gate;htx;kraken;kucoin;mexc;okx,arbitrum;eth,arbitrum;eth,5,curve;uniswap-v4-arbitrum;uniswap-v4-ethereum;uniswap_v3;uniswap_v3_arbitrum,0x462af0c01215decaf617ceb44d10dee6b351485003b892fd0966924de769bd4f;0x52f9d14bed8ce6536da063aaf274ae2747ef4853;0x9409280dc1e6d33ab7a8c6ec03e5763fb61772b5;0xa3f558aebaecaf0e11ca4b2199cc5ed341edfd74;0xf0ea88c65397909328b612fb2264ce270f5239981f36c57a8ca93e32b6ffa4b9,-0.09216451516061241,-0.017857142857142905,-0.14550264550264547,-0.13888888888888884
2026-06-03,LDO,0.297,13301600.166031087,119911.58848411441,13421511.7545152,0.008934283311548294,110.92839594726284,11,binance;bitget;bybit;coinbase;crypto_com;gate;htx;kraken;kucoin;mexc;okx,arbitrum;eth,arbitrum;eth,5,curve;uniswap-v4-arbitrum;uniswap-v4-ethereum;uniswap_v3;uniswap_v3_arbitrum,0x462af0c01215decaf617ceb44d10dee6b351485003b892fd0966924de769bd4f;0x52f9d14bed8ce6536da063aaf274ae2747ef4853;0x9409280dc1e6d33ab7a8c6ec03e5763fb61772b5;0xa3f558aebaecaf0e11ca4b2199cc5ed341edfd74;0xf0ea88c65397909328b612fb2264ce270f5239981f36c57a8ca93e32b6ffa4b9,-0.017857142857142905,-0.06801346801346797,-0.13501683501683492,-0.1397306397306397
2026-06-04,LDO,0.2768,12121327.021893205,120986.98790243358,12242314.009795638,0.009882689482202984,100.18703029178721,11,binance;bitget;bybit;coinbase;crypto_com;gate;htx;kraken;kucoin;mexc;okx,arbitrum;eth,arbitrum;eth,5,curve;uniswap-v4-arbitrum;uniswap-v4-ethereum;uniswap_v3;uniswap_v3_arbitrum,0x462af0c01215decaf617ceb44d10dee6b351485003b892fd0966924de769bd4f;0x52f9d14bed8ce6536da063aaf274ae2747ef4853;0x9409280dc1e6d33ab7a8c6ec03e5763fb61772b5;0xa3f558aebaecaf0e11ca4b2199cc5ed341edfd74;0xf0ea88c65397909328b612fb2264ce270f5239981f36c57a8ca93e32b6ffa4b9,-0.06801346801346797,-0.0664739884393063,-0.01734104046242768,-0.03576589595375712
2026-06-05,LDO,0.2584,16967085.99677412,218635.83785625288,17185721.83463037,0.01272194673928023,77.60432216025589,11,binance;bitget;bybit;coinbase;crypto_com;gate;htx;kraken;kucoin;mexc;okx,arbitrum;eth,arbitrum;eth,5,curve;uniswap-v4-arbitrum;uniswap-v4-ethereum;uniswap_v3;uniswap_v3_arbitrum,0x462af0c01215decaf617ceb44d10dee6b351485003b892fd0966924de769bd4f;0x52f9d14bed8ce6536da063aaf274ae2747ef4853;0x9409280dc1e6d33ab7a8c6ec03e5763fb61772b5;0xa3f558aebaecaf0e11ca4b2199cc5ed341edfd74;0xf0ea88c65397909328b612fb2264ce270f5239981f36c57a8ca93e32b6ffa4b9,-0.0664739884393063,-0.005804953560371473,0.030572755417956454,0.011609907120742946
2026-06-06,LDO,0.2569,5858529.331688227,98363.37177915152,5956892.703467378,0.016512530387175907,59.560070234700554,11,binance;bitget;bybit;coinbase;crypto_com;gate;htx;kraken;kucoin;mexc;okx,arbitrum;eth,arbitrum;eth,5,curve;uniswap-v4-arbitrum;uniswap-v4-ethereum;uniswap_v3;uniswap_v3_arbitrum,0x462af0c01215decaf617ceb44d10dee6b351485003b892fd0966924de769bd4f;0x52f9d14bed8ce6536da063aaf274ae2747ef4853;0x9409280dc1e6d33ab7a8c6ec03e5763fb61772b5;0xa3f558aebaecaf0e11ca4b2199cc5ed341edfd74;0xf0ea88c65397909328b612fb2264ce270f5239981f36c57a8ca93e32b6ffa4b9,-0.005804953560371473,0.05877773452705326,0.013623978201634968,0.02491241728298932
2026-06-07,LDO,0.272,6997935.457001045,97594.82345861185,7095530.280459657,0.013754408705347606,71.70396142956024,11,binance;bitget;bybit;coinbase;crypto_com;gate;htx;kraken;kucoin;mexc;okx,arbitrum;eth,arbitrum;eth,5,curve;uniswap-v4-arbitrum;uniswap-v4-ethereum;uniswap_v3;uniswap_v3_arbitrum,0x462af0c01215decaf617ceb44d10dee6b351485003b892fd0966924de769bd4f;0x52f9d14bed8ce6536da063aaf274ae2747ef4853;0x9409280dc1e6d33ab7a8c6ec03e5763fb61772b5;0xa3f558aebaecaf0e11ca4b2199cc5ed341edfd74;0xf0ea88c65397909328b612fb2264ce270f5239981f36c57a8ca93e32b6ffa4b9,0.05877773452705326,-0.020955882352941324,-0.06066176470588236,-0.011029411764705843
2026-06-08,LDO,0.2663,4902656.924476042,91951.95750911257,4994608.881985155,0.0184102418591314,53.31759167813455,11,binance;bitget;bybit;coinbase;crypto_com;gate;htx;kraken;kucoin;mexc;okx,arbitrum;eth,arbitrum;eth,5,curve;uniswap-v4-arbitrum;uniswap-v4-ethereum;uniswap_v3;uniswap_v3_arbitrum,0x462af0c01215decaf617ceb44d10dee6b351485003b892fd0966924de769bd4f;0x52f9d14bed8ce6536da063aaf274ae2747ef4853;0x9409280dc1e6d33ab7a8c6ec03e5763fb61772b5;0xa3f558aebaecaf0e11ca4b2199cc5ed341edfd74;0xf0ea88c65397909328b612fb2264ce270f5239981f36c57a8ca93e32b6ffa4b9,-0.020955882352941324,-0.022155463762673522,0.002253098009763699,0.028539241457003373
2026-06-09,LDO,0.2604,4856703.14503279,13857.294400603563,4870560.439433393,0.0028451129131693157,350.4798992234193,11,binance;bitget;bybit;coinbase;crypto_com;gate;htx;kraken;kucoin;mexc;okx,arbitrum;eth,arbitrum;eth,5,curve;uniswap-v4-arbitrum;uniswap-v4-ethereum;uniswap_v3;uniswap_v3_arbitrum,0x462af0c01215decaf617ceb44d10dee6b351485003b892fd0966924de769bd4f;0x52f9d14bed8ce6536da063aaf274ae2747ef4853;0x9409280dc1e6d33ab7a8c6ec03e5763fb61772b5;0xa3f558aebaecaf0e11ca4b2199cc5ed341edfd74;0xf0ea88c65397909328b612fb2264ce270f5239981f36c57a8ca93e32b6ffa4b9,-0.022155463762673522,-0.018817204301075363,0.0038402457757296116,0.06566820276497687
2026-06-10,LDO,0.2555,5650754.063231332,27514.977890938775,5678269.041122271,0.004845662946167945,205.3701109857056,11,binance;bitget;bybit;coinbase;crypto_com;gate;htx;kraken;kucoin;mexc;okx,arbitrum;eth,arbitrum;eth,5,curve;uniswap-v4-arbitrum;uniswap-v4-ethereum;uniswap_v3;uniswap_v3_arbitrum,0x462af0c01215decaf617ceb44d10dee6b351485003b892fd0966924de769bd4f;0x52f9d14bed8ce6536da063aaf274ae2747ef4853;0x9409280dc1e6d33ab7a8c6ec03e5763fb61772b5;0xa3f558aebaecaf0e11ca4b2199cc5ed341edfd74;0xf0ea88c65397909328b612fb2264ce270f5239981f36c57a8ca93e32b6ffa4b9,-0.018817204301075363,0.044618395303326785,0.03052837573385503,0.08571428571428563
2026-06-11,LDO,0.2669,6103802.555873158,48052.00667528072,6151854.562548439,0.007810978979869595,127.02492524652719,11,binance;bitget;bybit;coinbase;crypto_com;gate;htx;kraken;kucoin;mexc;okx,arbitrum;eth,arbitrum;eth,5,curve;uniswap-v4-arbitrum;uniswap-v4-ethereum;uniswap_v3;uniswap_v3_arbitrum,0x462af0c01215decaf617ceb44d10dee6b351485003b892fd0966924de769bd4f;0x52f9d14bed8ce6536da063aaf274ae2747ef4853;0x9409280dc1e6d33ab7a8c6ec03e5763fb61772b5;0xa3f558aebaecaf0e11ca4b2199cc5ed341edfd74;0xf0ea88c65397909328b612fb2264ce270f5239981f36c57a8ca93e32b6ffa4b9,0.044618395303326785,-0.020606968902210587,0.007868115399025877,0.04083926564256268
2026-06-12,LDO,0.2614,5009659.991345673,24272.422148932517,5033932.413494606,0.004821761627920301,206.39308102862714,11,binance;bitget;bybit;coinbase;crypto_com;gate;htx;kraken;kucoin;mexc;okx,arbitrum;eth,arbitrum;eth,5,curve;uniswap-v4-arbitrum;uniswap-v4-ethereum;uniswap_v3;uniswap_v3_arbitrum,0x462af0c01215decaf617ceb44d10dee6b351485003b892fd0966924de769bd4f;0x52f9d14bed8ce6536da063aaf274ae2747ef4853;0x9409280dc1e6d33ab7a8c6ec03e5763fb61772b5;0xa3f558aebaecaf0e11ca4b2199cc5ed341edfd74;0xf0ea88c65397909328b612fb2264ce270f5239981f36c57a8ca93e32b6ffa4b9,-0.020606968902210587,0.007268553940321221,0.047819433817903434,0.06924254016832432
2026-06-13,LDO,0.2633,4500108.154830047,25262.52740772362,4525370.68223777,0.005582421680257018,178.13372677249268,11,binance;bitget;bybit;coinbase;crypto_com;gate;htx;kraken;kucoin;mexc;okx,arbitrum;eth,arbitrum;eth,5,curve;uniswap-v4-arbitrum;uniswap-v4-ethereum;uniswap_v3;uniswap_v3_arbitrum,0x462af0c01215decaf617ceb44d10dee6b351485003b892fd0966924de769bd4f;0x52f9d14bed8ce6536da063aaf274ae2747ef4853;0x9409280dc1e6d33ab7a8c6ec03e5763fb61772b5;0xa3f558aebaecaf0e11ca4b2199cc5ed341edfd74;0xf0ea88c65397909328b612fb2264ce270f5239981f36c57a8ca93e32b6ffa4b9,0.007268553940321221,0.021648309912647212,0.05393087732624391,0.049753133308013675
2026-06-14,LDO,0.269,5798248.70723179,19752.830294686923,5818001.537526477,0.0033951229072869647,293.5401469424557,11,binance;bitget;bybit;coinbase;crypto_com;gate;htx;kraken;kucoin;mexc;okx,arbitrum;eth,arbitrum;eth,5,curve;uniswap-v4-arbitrum;uniswap-v4-ethereum;uniswap_v3;uniswap_v3_arbitrum,0x462af0c01215decaf617ceb44d10dee6b351485003b892fd0966924de769bd4f;0x52f9d14bed8ce6536da063aaf274ae2747ef4853;0x9409280dc1e6d33ab7a8c6ec03e5763fb61772b5;0xa3f558aebaecaf0e11ca4b2199cc5ed341edfd74;0xf0ea88c65397909328b612fb2264ce270f5239981f36c57a8ca93e32b6ffa4b9,0.021648309912647212,0.018215613382899454,0.03122676579925643,-0.004832713754646889
2026-06-15,LDO,0.2739,8446380.987823538,45576.583327429325,8491957.571150968,0.0053670290914150254,185.32282086929186,11,binance;bitget;bybit;coinbase;crypto_com;gate;htx;kraken;kucoin;mexc;okx,arbitrum;eth,arbitrum;eth,5,curve;uniswap-v4-arbitrum;uniswap-v4-ethereum;uniswap_v3;uniswap_v3_arbitrum,0x462af0c01215decaf617ceb44d10dee6b351485003b892fd0966924de769bd4f;0x52f9d14bed8ce6536da063aaf274ae2747ef4853;0x9409280dc1e6d33ab7a8c6ec03e5763fb61772b5;0xa3f558aebaecaf0e11ca4b2199cc5ed341edfd74;0xf0ea88c65397909328b612fb2264ce270f5239981f36c57a8ca93e32b6ffa4b9,0.018215613382899454,0.013143483023001279,0.014238773274917849,-0.024461482292807535
2026-06-16,LDO,0.2775,9133396.496016584,96882.18087706839,9230278.676893653,0.01049612739424602,94.27323387368565,11,binance;bitget;bybit;coinbase;crypto_com;gate;htx;kraken;kucoin;mexc;okx,arbitrum;eth,arbitrum;eth,5,curve;uniswap-v4-arbitrum;uniswap-v4-ethereum;uniswap_v3;uniswap_v3_arbitrum,0x462af0c01215decaf617ceb44d10dee6b351485003b892fd0966924de769bd4f;0x52f9d14bed8ce6536da063aaf274ae2747ef4853;0x9409280dc1e6d33ab7a8c6ec03e5763fb61772b5;0xa3f558aebaecaf0e11ca4b2199cc5ed341edfd74;0xf0ea88c65397909328b612fb2264ce270f5239981f36c57a8ca93e32b6ffa4b9,0.013143483023001279,-0.0003603603603604677,0.007207207207207134,-0.06306306306306309
2026-06-17,LDO,0.2774,15316811.569839358,512023.4741384622,15828835.043977821,0.032347514691756465,29.914276089805526,11,binance;bitget;bybit;coinbase;crypto_com;gate;htx;kraken;kucoin;mexc;okx,arbitrum;eth,arbitrum;eth,5,curve;uniswap-v4-arbitrum;uniswap-v4-ethereum;uniswap_v3;uniswap_v3_arbitrum,0x462af0c01215decaf617ceb44d10dee6b351485003b892fd0966924de769bd4f;0x52f9d14bed8ce6536da063aaf274ae2747ef4853;0x9409280dc1e6d33ab7a8c6ec03e5763fb61772b5;0xa3f558aebaecaf0e11ca4b2199cc5ed341edfd74;0xf0ea88c65397909328b612fb2264ce270f5239981f36c57a8ca93e32b6ffa4b9,-0.0003603603603604677,0.0014419610670513006,-0.0036049026676280294,-0.083633741888969
2026-06-18,LDO,0.2778,9138948.910545304,257446.9706817957,9396395.8812271,0.027398480644705982,35.49837423350784,11,binance;bitget;bybit;coinbase;crypto_com;gate;htx;kraken;kucoin;mexc;okx,arbitrum;eth,arbitrum;eth,5,curve;uniswap-v4-arbitrum;uniswap-v4-ethereum;uniswap_v3;uniswap_v3_arbitrum,0x462af0c01215decaf617ceb44d10dee6b351485003b892fd0966924de769bd4f;0x52f9d14bed8ce6536da063aaf274ae2747ef4853;0x9409280dc1e6d33ab7a8c6ec03e5763fb61772b5;0xa3f558aebaecaf0e11ca4b2199cc5ed341edfd74;0xf0ea88c65397909328b612fb2264ce270f5239981f36c57a8ca93e32b6ffa4b9,0.0014419610670513006,0.006119510439164921,-0.036357091432685396,-0.115190784737221
2026-06-19,LDO,0.2795,6428531.033917844,307211.11221883935,6735742.146136683,0.04560909630352191,20.925450865001693,11,binance;bitget;bybit;coinbase;crypto_com;gate;htx;kraken;kucoin;mexc;okx,arbitrum;eth,arbitrum;eth,5,curve;uniswap-v4-arbitrum;uniswap-v4-ethereum;uniswap_v3;uniswap_v3_arbitrum,0x462af0c01215decaf617ceb44d10dee6b351485003b892fd0966924de769bd4f;0x52f9d14bed8ce6536da063aaf274ae2747ef4853;0x9409280dc1e6d33ab7a8c6ec03e5763fb61772b5;0xa3f558aebaecaf0e11ca4b2199cc5ed341edfd74;0xf0ea88c65397909328b612fb2264ce270f5239981f36c57a8ca93e32b6ffa4b9,0.006119510439164921,-0.011091234347048506,-0.044007155635062745,-0.1062611806797854
2026-06-20,LDO,0.2764,4120767.0549461916,87641.73757879157,4208408.792524983,0.020825386006811334,47.01831762796287,11,binance;bitget;bybit;coinbase;crypto_com;gate;htx;kraken;kucoin;mexc;okx,arbitrum;eth,arbitrum;eth,5,curve;uniswap-v4-arbitrum;uniswap-v4-ethereum;uniswap_v3;uniswap_v3_arbitrum,0x462af0c01215decaf617ceb44d10dee6b351485003b892fd0966924de769bd4f;0x52f9d14bed8ce6536da063aaf274ae2747ef4853;0x9409280dc1e6d33ab7a8c6ec03e5763fb61772b5;0xa3f558aebaecaf0e11ca4b2199cc5ed341edfd74;0xf0ea88c65397909328b612fb2264ce270f5239981f36c57a8ca93e32b6ffa4b9,-0.011091234347048506,-0.03147612156295221,-0.05933429811866853,-0.11107091172214179
2026-06-21,LDO,0.2677,5883512.45807218,99291.69271317885,5982804.150785359,0.01659617968610002,59.254830865535936,11,binance;bitget;bybit;coinbase;crypto_com;gate;htx;kraken;kucoin;mexc;okx,arbitrum;eth,arbitrum;eth,5,curve;uniswap-v4-arbitrum;uniswap-v4-ethereum;uniswap_v3;uniswap_v3_arbitrum,0x462af0c01215decaf617ceb44d10dee6b351485003b892fd0966924de769bd4f;0x52f9d14bed8ce6536da063aaf274ae2747ef4853;0x9409280dc1e6d33ab7a8c6ec03e5763fb61772b5;0xa3f558aebaecaf0e11ca4b2199cc5ed341edfd74;0xf0ea88c65397909328b612fb2264ce270f5239981f36c57a8ca93e32b6ffa4b9,-0.03147612156295221,-0.0018677624206201449,-0.05042958535674269,-0.08554351886440048
2026-06-22,LDO,0.2672,6667123.9780606255,57654.07830507345,6724778.056365699,0.008573380091034812,115.64011036273787,11,binance;bitget;bybit;coinbase;crypto_com;gate;htx;kraken;kucoin;mexc;okx,arbitrum;eth,arbitrum;eth,5,curve;uniswap-v4-arbitrum;uniswap-v4-ethereum;uniswap_v3;uniswap_v3_arbitrum,0x462af0c01215decaf617ceb44d10dee6b351485003b892fd0966924de769bd4f;0x52f9d14bed8ce6536da063aaf274ae2747ef4853;0x9409280dc1e6d33ab7a8c6ec03e5763fb61772b5;0xa3f558aebaecaf0e11ca4b2199cc5ed341edfd74;0xf0ea88c65397909328b612fb2264ce270f5239981f36c57a8ca93e32b6ffa4b9,-0.0018677624206201449,-0.026946107784431073,-0.08008982035928147,-0.054640718562874224
2026-06-23,LDO,0.26,7973913.2871972695,119250.67849142582,8093163.965688695,0.014734741443148071,66.86681692775943,11,binance;bitget;bybit;coinbase;crypto_com;gate;htx;kraken;kucoin;mexc;okx,arbitrum;eth,arbitrum;eth,5,curve;uniswap-v4-arbitrum;uniswap-v4-ethereum;uniswap_v3;uniswap_v3_arbitrum,0x462af0c01215decaf617ceb44d10dee6b351485003b892fd0966924de769bd4f;0x52f9d14bed8ce6536da063aaf274ae2747ef4853;0x9409280dc1e6d33ab7a8c6ec03e5763fb61772b5;0xa3f558aebaecaf0e11ca4b2199cc5ed341edfd74;0xf0ea88c65397909328b612fb2264ce270f5239981f36c57a8ca93e32b6ffa4b9,-0.026946107784431073,-0.02230769230769236,-0.03923076923076929,-0.0773076923076923
2026-06-24,LDO,0.2542,10634290.02184972,108079.3818705246,10742369.403720245,0.010061037542899528,98.39332755057052,11,binance;bitget;bybit;coinbase;crypto_com;gate;htx;kraken;kucoin;mexc;okx,arbitrum;eth,arbitrum;eth,5,curve;uniswap-v4-arbitrum;uniswap-v4-ethereum;uniswap_v3;uniswap_v3_arbitrum,0x462af0c01215decaf617ceb44d10dee6b351485003b892fd0966924de769bd4f;0x52f9d14bed8ce6536da063aaf274ae2747ef4853;0x9409280dc1e6d33ab7a8c6ec03e5763fb61772b5;0xa3f558aebaecaf0e11ca4b2199cc5ed341edfd74;0xf0ea88c65397909328b612fb2264ce270f5239981f36c57a8ca93e32b6ffa4b9,-0.02230769230769236,-0.033044846577497955,-0.03343823760818243,-0.030291109362706514
2026-06-25,LDO,0.2458,8240991.337122014,143521.49279871618,8384512.82992073,0.017117451628978316,57.41991095842149,11,binance;bitget;bybit;coinbase;crypto_com;gate;htx;kraken;kucoin;mexc;okx,arbitrum;eth,arbitrum;eth,5,curve;uniswap-v4-arbitrum;uniswap-v4-ethereum;uniswap_v3;uniswap_v3_arbitrum,0x462af0c01215decaf617ceb44d10dee6b351485003b892fd0966924de769bd4f;0x52f9d14bed8ce6536da063aaf274ae2747ef4853;0x9409280dc1e6d33ab7a8c6ec03e5763fb61772b5;0xa3f558aebaecaf0e11ca4b2199cc5ed341edfd74;0xf0ea88c65397909328b612fb2264ce270f5239981f36c57a8ca93e32b6ffa4b9,-0.033044846577497955,0.016273393002441017,-0.00406834825061031,0.05166802278275018
2026-06-26,LDO,0.2498,6443777.093789204,87837.93904091253,6531615.032830116,0.013448119431321228,73.35983931485309,11,binance;bitget;bybit;coinbase;crypto_com;gate;htx;kraken;kucoin;mexc;okx,arbitrum;eth,arbitrum;eth,5,curve;uniswap-v4-arbitrum;uniswap-v4-ethereum;uniswap_v3;uniswap_v3_arbitrum,0x462af0c01215decaf617ceb44d10dee6b351485003b892fd0966924de769bd4f;0x52f9d14bed8ce6536da063aaf274ae2747ef4853;0x9409280dc1e6d33ab7a8c6ec03e5763fb61772b5;0xa3f558aebaecaf0e11ca4b2199cc5ed341edfd74;0xf0ea88c65397909328b612fb2264ce270f5239981f36c57a8ca93e32b6ffa4b9,0.016273393002441017,-0.016413130504403517,0.011208967173738982,0.07445956765412354
2026-06-27,LDO,0.2457,3481982.4799929354,43812.8198303389,3525795.2998232744,0.012426365147328592,79.47405561834621,11,binance;bitget;bybit;coinbase;crypto_com;gate;htx;kraken;kucoin;mexc;okx,arbitrum;eth,arbitrum;eth,5,curve;uniswap-v4-arbitrum;uniswap-v4-ethereum;uniswap_v3;uniswap_v3_arbitrum,0x462af0c01215decaf617ceb44d10dee6b351485003b892fd0966924de769bd4f;0x52f9d14bed8ce6536da063aaf274ae2747ef4853;0x9409280dc1e6d33ab7a8c6ec03e5763fb61772b5;0xa3f558aebaecaf0e11ca4b2199cc5ed341edfd74;0xf0ea88c65397909328b612fb2264ce270f5239981f36c57a8ca93e32b6ffa4b9,-0.016413130504403517,-0.003663003663003761,-0.023606023606023596,0.10948310948310946
2026-06-28,LDO,0.2448,4259724.577517445,26827.204641547556,4286551.782158993,0.006258458081202879,158.7837657495022,11,binance;bitget;bybit;coinbase;crypto_com;gate;htx;kraken;kucoin;mexc;okx,arbitrum;eth,arbitrum;eth,5,curve;uniswap-v4-arbitrum;uniswap-v4-ethereum;uniswap_v3;uniswap_v3_arbitrum,0x462af0c01215decaf617ceb44d10dee6b351485003b892fd0966924de769bd4f;0x52f9d14bed8ce6536da063aaf274ae2747ef4853;0x9409280dc1e6d33ab7a8c6ec03e5763fb61772b5;0xa3f558aebaecaf0e11ca4b2199cc5ed341edfd74;0xf0ea88c65397909328b612fb2264ce270f5239981f36c57a8ca93e32b6ffa4b9,-0.003663003663003761,0.031862745098039325,0.00694444444444442,0.12091503267973858
2026-06-29,LDO,0.2526,4799795.954555755,81721.45854417831,4881517.4130999325,0.016740994987516057,58.73360608170011,11,binance;bitget;bybit;coinbase;crypto_com;gate;htx;kraken;kucoin;mexc;okx,arbitrum;eth,arbitrum;eth,5,curve;uniswap-v4-arbitrum;uniswap-v4-ethereum;uniswap_v3;uniswap_v3_arbitrum,0x462af0c01215decaf617ceb44d10dee6b351485003b892fd0966924de769bd4f;0x52f9d14bed8ce6536da063aaf274ae2747ef4853;0x9409280dc1e6d33ab7a8c6ec03e5763fb61772b5;0xa3f558aebaecaf0e11ca4b2199cc5ed341edfd74;0xf0ea88c65397909328b612fb2264ce270f5239981f36c57a8ca93e32b6ffa4b9,0.031862745098039325,-0.05027711797307988,0.02335708630245459,0.11322248614410135
2026-06-30,LDO,0.2399,6373377.090065627,148446.2850327947,6521823.375098422,0.02276146968340038,42.933894160151084,11,binance;bitget;bybit;coinbase;crypto_com;gate;htx;kraken;kucoin;mexc;okx,arbitrum;eth,arbitrum;eth,5,curve;uniswap-v4-arbitrum;uniswap-v4-ethereum;uniswap_v3;uniswap_v3_arbitrum,0x462af0c01215decaf617ceb44d10dee6b351485003b892fd0966924de769bd4f;0x52f9d14bed8ce6536da063aaf274ae2747ef4853;0x9409280dc1e6d33ab7a8c6ec03e5763fb61772b5;0xa3f558aebaecaf0e11ca4b2199cc5ed341edfd74;0xf0ea88c65397909328b612fb2264ce270f5239981f36c57a8ca93e32b6ffa4b9,-0.05027711797307988,0.02751146310962893,0.11879949979158,0.2997082117548979
2026-07-01,LDO,0.2465,6526770.095388136,55484.22393435853,6582254.319322495,0.008429364962621115,117.63289873369648,11,binance;bitget;bybit;coinbase;crypto_com;gate;htx;kraken;kucoin;mexc;okx,arbitrum;eth,arbitrum;eth,5,curve;uniswap-v4-arbitrum;uniswap-v4-ethereum;uniswap_v3;uniswap_v3_arbitrum,0x462af0c01215decaf617ceb44d10dee6b351485003b892fd0966924de769bd4f;0x52f9d14bed8ce6536da063aaf274ae2747ef4853;0x9409280dc1e6d33ab7a8c6ec03e5763fb61772b5;0xa3f558aebaecaf0e11ca4b2199cc5ed341edfd74;0xf0ea88c65397909328b612fb2264ce270f5239981f36c57a8ca93e32b6ffa4b9,0.02751146310962893,0.04868154158215021,0.10588235294117654,
2026-07-02,LDO,0.2585,6218295.145593974,55871.323554747236,6274166.469148721,0.008904979462925832,111.29672164470537,11,binance;bitget;bybit;coinbase;crypto_com;gate;htx;kraken;kucoin;mexc;okx,arbitrum;eth,arbitrum;eth,5,curve;uniswap-v4-arbitrum;uniswap-v4-ethereum;uniswap_v3;uniswap_v3_arbitrum,0x462af0c01215decaf617ceb44d10dee6b351485003b892fd0966924de769bd4f;0x52f9d14bed8ce6536da063aaf274ae2747ef4853;0x9409280dc1e6d33ab7a8c6ec03e5763fb61772b5;0xa3f558aebaecaf0e11ca4b2199cc5ed341edfd74;0xf0ea88c65397909328b612fb2264ce270f5239981f36c57a8ca93e32b6ffa4b9,0.04868154158215021,0.0382978723404257,0.06150870406189535,
2026-07-03,LDO,0.2684,4201969.514120149,50749.13119092038,4252718.64531107,0.01193333851203041,82.79884631546031,11,binance;bitget;bybit;coinbase;crypto_com;gate;htx;kraken;kucoin;mexc;okx,arbitrum;eth,arbitrum;eth,5,curve;uniswap-v4-arbitrum;uniswap-v4-ethereum;uniswap_v3;uniswap_v3_arbitrum,0x462af0c01215decaf617ceb44d10dee6b351485003b892fd0966924de769bd4f;0x52f9d14bed8ce6536da063aaf274ae2747ef4853;0x9409280dc1e6d33ab7a8c6ec03e5763fb61772b5;0xa3f558aebaecaf0e11ca4b2199cc5ed341edfd74;0xf0ea88c65397909328b612fb2264ce270f5239981f36c57a8ca93e32b6ffa4b9,0.0382978723404257,0.015648286140089285,0.04769001490312963,
2026-07-04,LDO,0.2726,4497195.815271403,38301.910307470345,4535497.725578873,0.008444918865565478,117.41439993906197,11,binance;bitget;bybit;coinbase;crypto_com;gate;htx;kraken;kucoin;mexc;okx,arbitrum;eth,arbitrum;eth,5,curve;uniswap-v4-arbitrum;uniswap-v4-ethereum;uniswap_v3;uniswap_v3_arbitrum,0x462af0c01215decaf617ceb44d10dee6b351485003b892fd0966924de769bd4f;0x52f9d14bed8ce6536da063aaf274ae2747ef4853;0x9409280dc1e6d33ab7a8c6ec03e5763fb61772b5;0xa3f558aebaecaf0e11ca4b2199cc5ed341edfd74;0xf0ea88c65397909328b612fb2264ce270f5239981f36c57a8ca93e32b6ffa4b9,0.015648286140089285,0.006603081438004255,0.14380044020542915,
2026-07-05,LDO,0.2744,3711138.0713248206,44776.025795649184,3755914.09712047,0.011921472280204019,82.88225686356975,11,binance;bitget;bybit;coinbase;crypto_com;gate;htx;kraken;kucoin;mexc;okx,arbitrum;eth,arbitrum;eth,5,curve;uniswap-v4-arbitrum;uniswap-v4-ethereum;uniswap_v3;uniswap_v3_arbitrum,0x462af0c01215decaf617ceb44d10dee6b351485003b892fd0966924de769bd4f;0x52f9d14bed8ce6536da063aaf274ae2747ef4853;0x9409280dc1e6d33ab7a8c6ec03e5763fb61772b5;0xa3f558aebaecaf0e11ca4b2199cc5ed341edfd74;0xf0ea88c65397909328b612fb2264ce270f5239981f36c57a8ca93e32b6ffa4b9,0.006603081438004255,0.02478134110787189,,
2026-07-06,LDO,0.2812,8269191.255224653,97752.42553827452,8366943.680762927,0.011683170016194146,84.59320788911666,11,binance;bitget;bybit;coinbase;crypto_com;gate;htx;kraken;kucoin;mexc;okx,arbitrum;eth,arbitrum;eth,5,curve;uniswap-v4-arbitrum;uniswap-v4-ethereum;uniswap_v3;uniswap_v3_arbitrum,0x462af0c01215decaf617ceb44d10dee6b351485003b892fd0966924de769bd4f;0x52f9d14bed8ce6536da063aaf274ae2747ef4853;0x9409280dc1e6d33ab7a8c6ec03e5763fb61772b5;0xa3f558aebaecaf0e11ca4b2199cc5ed341edfd74;0xf0ea88c65397909328b612fb2264ce270f5239981f36c57a8ca93e32b6ffa4b9,0.02478134110787189,0.10881934566145102,,
2026-07-07,LDO,0.3118,18813498.571285762,27387.559377617497,18840886.13066338,0.0014536237408199438,686.9359299924004,11,binance;bitget;bybit;coinbase;crypto_com;gate;htx;kraken;kucoin;mexc;okx,arbitrum;eth,arbitrum;eth,5,curve;uniswap-v4-arbitrum;uniswap-v4-ethereum;uniswap_v3;uniswap_v3_arbitrum,0x462af0c01215decaf617ceb44d10dee6b351485003b892fd0966924de769bd4f;0x52f9d14bed8ce6536da063aaf274ae2747ef4853;0x9409280dc1e6d33ab7a8c6ec03e5763fb61772b5;0xa3f558aebaecaf0e11ca4b2199cc5ed341edfd74;0xf0ea88c65397909328b612fb2264ce270f5239981f36c57a8ca93e32b6ffa4b9,0.10881934566145102,,,
2026-01-17,LINK,13.75,57525163.18787162,6036325.546656605,63561488.73452823,0.09496828452001814,9.5298311436721,12,binance;bitget;bybit;coinbase;crypto_com;gate;htx;kraken;kucoin;mexc;okx;upbit,arbitrum;eth,arbitrum;eth,5,curve;uniswap-v4-ethereum;uniswap_v3;uniswap_v3_arbitrum,0x5d4f3c6fa16908609bac31ff148bd002aa6b8c83;0x7e13876b92f1a62c599c231f783f682e96b91761;0x91308bc9ce8ca2db82aa30c65619856cc939d907;0xa6cc3c2531fdaa6ae1a3ca84c2855806728693e8;0xb2b5618903d74bbac9e9049a035c3827afc4487cde3b994a1568b050f4c8e2e4,,-0.03127272727272723,-0.11854545454545462,-0.11272727272727279
2026-01-18,LINK,13.32,122955389.53493954,10770727.602019994,133726117.13695954,0.08054318657131752,11.415699484580772,12,binance;bitget;bybit;coinbase;crypto_com;gate;htx;kraken;kucoin;mexc;okx;upbit,arbitrum;eth,arbitrum;eth,5,curve;uniswap-v4-ethereum;uniswap_v3;uniswap_v3_arbitrum,0x5d4f3c6fa16908609bac31ff148bd002aa6b8c83;0x7e13876b92f1a62c599c231f783f682e96b91761;0x91308bc9ce8ca2db82aa30c65619856cc939d907;0xa6cc3c2531fdaa6ae1a3ca84c2855806728693e8;0xb2b5618903d74bbac9e9049a035c3827afc4487cde3b994a1568b050f4c8e2e4,-0.03127272727272723,-0.033033033033032955,-0.06906906906906907,-0.1351351351351352
2026-01-19,LINK,12.88,191880297.0181778,8553426.89453047,200433723.91270828,0.04267458952294679,22.43314865307104,12,binance;bitget;bybit;coinbase;crypto_com;gate;htx;kraken;kucoin;mexc;okx;upbit,arbitrum;eth,arbitrum;eth,5,curve;uniswap-v4-ethereum;uniswap_v3;uniswap_v3_arbitrum,0x5d4f3c6fa16908609bac31ff148bd002aa6b8c83;0x7e13876b92f1a62c599c231f783f682e96b91761;0x91308bc9ce8ca2db82aa30c65619856cc939d907;0xa6cc3c2531fdaa6ae1a3ca84c2855806728693e8;0xb2b5618903d74bbac9e9049a035c3827afc4487cde3b994a1568b050f4c8e2e4,-0.033033033033032955,-0.05900621118012439,-0.0473602484472051,-0.07220496894409945
2026-01-20,LINK,12.12,153251584.20261887,13049781.332597831,166301365.5352167,0.07847068056596537,11.7436131914182,12,binance;bitget;bybit;coinbase;crypto_com;gate;htx;kraken;kucoin;mexc;okx;upbit,arbitrum;eth,arbitrum;eth,5,curve;uniswap-v4-ethereum;uniswap_v3;uniswap_v3_arbitrum,0x5d4f3c6fa16908609bac31ff148bd002aa6b8c83;0x7e13876b92f1a62c599c231f783f682e96b91761;0x91308bc9ce8ca2db82aa30c65619856cc939d907;0xa6cc3c2531fdaa6ae1a3ca84c2855806728693e8;0xb2b5618903d74bbac9e9049a035c3827afc4487cde3b994a1568b050f4c8e2e4,-0.05900621118012439,0.02310231023102327,0.008250825082508406,-0.007425742574257432
2026-01-21,LINK,12.4,171410246.77606234,14248402.637694132,185658649.41375646,0.07674515937008852,12.030137772959668,12,binance;bitget;bybit;coinbase;crypto_com;gate;htx;kraken;kucoin;mexc;okx;upbit,arbitrum;eth,arbitrum;eth,5,curve;uniswap-v4-ethereum;uniswap_v3;uniswap_v3_arbitrum,0x5d4f3c6fa16908609bac31ff148bd002aa6b8c83;0x7e13876b92f1a62c599c231f783f682e96b91761;0x91308bc9ce8ca2db82aa30c65619856cc939d907;0xa6cc3c2531fdaa6ae1a3ca84c2855806728693e8;0xb2b5618903d74bbac9e9049a035c3827afc4487cde3b994a1568b050f4c8e2e4,0.02310231023102327,-0.010483870967741948,-0.016129032258064613,-0.04516129032258065
2026-01-22,LINK,12.27,99829066.84904931,5552964.914800569,105382031.76384988,0.05269365964820438,17.97761527053239,12,binance;bitget;bybit;coinbase;crypto_com;gate;htx;kraken;kucoin;mexc;okx;upbit,arbitrum;eth,arbitrum;eth,5,curve;uniswap-v4-ethereum;uniswap_v3;uniswap_v3_arbitrum,0x5d4f3c6fa16908609bac31ff148bd002aa6b8c83;0x7e13876b92f1a62c599c231f783f682e96b91761;0x91308bc9ce8ca2db82aa30c65619856cc939d907;0xa6cc3c2531fdaa6ae1a3ca84c2855806728693e8;0xb2b5618903d74bbac9e9049a035c3827afc4487cde3b994a1568b050f4c8e2e4,-0.010483870967741948,-0.004074979625101838,-0.06112469437652812,-0.09290953545232261
2026-01-23,LINK,12.22,76728158.3551759,4909546.240462497,81637704.5956384,0.06013822001463765,15.62836046289032,12,binance;bitget;bybit;coinbase;crypto_com;gate;htx;kraken;kucoin;mexc;okx;upbit,arbitrum;eth,arbitrum;eth,5,curve;uniswap-v4-ethereum;uniswap_v3;uniswap_v3_arbitrum,0x5d4f3c6fa16908609bac31ff148bd002aa6b8c83;0x7e13876b92f1a62c599c231f783f682e96b91761;0x91308bc9ce8ca2db82aa30c65619856cc939d907;0xa6cc3c2531fdaa6ae1a3ca84c2855806728693e8;0xb2b5618903d74bbac9e9049a035c3827afc4487cde3b994a1568b050f4c8e2e4,-0.004074979625101838,-0.0016366612111293755,-0.02209492635024557,-0.1170212765957448
2026-01-24,LINK,12.2,47172785.70675827,3306991.342695852,50479777.04945412,0.06551121134025716,14.264562805992446,12,binance;bitget;bybit;coinbase;crypto_com;gate;htx;kraken;kucoin;mexc;okx;upbit,arbitrum;eth,arbitrum;eth,5,curve;uniswap-v4-ethereum;uniswap_v3;uniswap_v3_arbitrum,0x5d4f3c6fa16908609bac31ff148bd002aa6b8c83;0x7e13876b92f1a62c599c231f783f682e96b91761;0x91308bc9ce8ca2db82aa30c65619856cc939d907;0xa6cc3c2531fdaa6ae1a3ca84c2855806728693e8;0xb2b5618903d74bbac9e9049a035c3827afc4487cde3b994a1568b050f4c8e2e4,-0.0016366612111293755,-0.05573770491803276,-0.013934426229508245,-0.18114754098360653
2026-01-25,LINK,11.52,150676082.16221845,7852225.136200668,158528307.29841912,0.04953200642847571,19.18896612726564,12,binance;bitget;bybit;coinbase;crypto_com;gate;htx;kraken;kucoin;mexc;okx;upbit,arbitrum;eth,arbitrum;eth,5,curve;uniswap-v4-ethereum;uniswap_v3;uniswap_v3_arbitrum,0x5d4f3c6fa16908609bac31ff148bd002aa6b8c83;0x7e13876b92f1a62c599c231f783f682e96b91761;0x91308bc9ce8ca2db82aa30c65619856cc939d907;0xa6cc3c2531fdaa6ae1a3ca84c2855806728693e8;0xb2b5618903d74bbac9e9049a035c3827afc4487cde3b994a1568b050f4c8e2e4,-0.05573770491803276,0.03732638888888884,0.0277777777777779,-0.1831597222222222
2026-01-26,LINK,11.95,104548182.93078622,8657922.599268937,113206105.53005517,0.07647929021787911,12.075435155728249,12,binance;bitget;bybit;coinbase;crypto_com;gate;htx;kraken;kucoin;mexc;okx;upbit,arbitrum;eth,arbitrum;eth,5,curve;uniswap-v4-ethereum;uniswap_v3;uniswap_v3_arbitrum,0x5d4f3c6fa16908609bac31ff148bd002aa6b8c83;0x7e13876b92f1a62c599c231f783f682e96b91761;0x91308bc9ce8ca2db82aa30c65619856cc939d907;0xa6cc3c2531fdaa6ae1a3ca84c2855806728693e8;0xb2b5618903d74bbac9e9049a035c3827afc4487cde3b994a1568b050f4c8e2e4,0.03732638888888884,0.006694560669456173,-0.06861924686192455,-0.17907949790794975
2026-01-27,LINK,12.03,128569094.73132572,4963341.484926922,133532436.21625264,0.037169556892446026,25.903737456263038,12,binance;bitget;bybit;coinbase;crypto_com;gate;htx;kraken;kucoin;mexc;okx;upbit,arbitrum;eth,arbitrum;eth,5,curve;uniswap-v4-ethereum;uniswap_v3;uniswap_v3_arbitrum,0x5d4f3c6fa16908609bac31ff148bd002aa6b8c83;0x7e13876b92f1a62c599c231f783f682e96b91761;0x91308bc9ce8ca2db82aa30c65619856cc939d907;0xa6cc3c2531fdaa6ae1a3ca84c2855806728693e8;0xb2b5618903d74bbac9e9049a035c3827afc4487cde3b994a1568b050f4c8e2e4,0.006694560669456173,-0.015793848711554426,-0.10307564422277637,-0.2111388196176226
2026-01-28,LINK,11.84,93345104.99553539,3195063.7334358105,96540168.7289712,0.03309569245114639,29.215412518596857,12,binance;bitget;bybit;coinbase;crypto_com;gate;htx;kraken;kucoin;mexc;okx;upbit,arbitrum;eth,arbitrum;eth,5,curve;uniswap-v4-ethereum;uniswap_v3;uniswap_v3_arbitrum,0x5d4f3c6fa16908609bac31ff148bd002aa6b8c83;0x7e13876b92f1a62c599c231f783f682e96b91761;0x91308bc9ce8ca2db82aa30c65619856cc939d907;0xa6cc3c2531fdaa6ae1a3ca84c2855806728693e8;0xb2b5618903d74bbac9e9049a035c3827afc4487cde3b994a1568b050f4c8e2e4,-0.015793848711554426,-0.05996621621621612,-0.15625,-0.21875
2026-01-29,LINK,11.13,170745915.49731228,6388431.268315728,177134346.765628,0.036065457574800334,26.727362059000196,12,binance;bitget;bybit;coinbase;crypto_com;gate;htx;kraken;kucoin;mexc;okx;upbit,arbitrum;eth,arbitrum;eth,5,curve;uniswap-v4-ethereum;uniswap_v3;uniswap_v3_arbitrum,0x5d4f3c6fa16908609bac31ff148bd002aa6b8c83;0x7e13876b92f1a62c599c231f783f682e96b91761;0x91308bc9ce8ca2db82aa30c65619856cc939d907;0xa6cc3c2531fdaa6ae1a3ca84c2855806728693e8;0xb2b5618903d74bbac9e9049a035c3827afc4487cde3b994a1568b050f4c8e2e4,-0.05996621621621612,-0.03054806828391754,-0.15453728661275834,-0.28840970350404316
2026-01-30,LINK,10.79,193253373.96857998,4485651.319864113,197739025.2884441,0.022684704313277786,43.08256709851321,12,binance;bitget;bybit;coinbase;crypto_com;gate;htx;kraken;kucoin;mexc;okx;upbit,arbitrum;eth,arbitrum;eth,5,curve;uniswap-v4-ethereum;uniswap_v3;uniswap_v3_arbitrum,0x5d4f3c6fa16908609bac31ff148bd002aa6b8c83;0x7e13876b92f1a62c599c231f783f682e96b91761;0x91308bc9ce8ca2db82aa30c65619856cc939d907;0xa6cc3c2531fdaa6ae1a3ca84c2855806728693e8;0xb2b5618903d74bbac9e9049a035c3827afc4487cde3b994a1568b050f4c8e2e4,-0.03054806828391754,-0.07414272474513428,-0.0908248378127895,-0.17701575532900815
2026-01-31,LINK,9.99,304218163.90299314,13426946.820537118,317645110.72353023,0.04227027700805246,22.657285231641627,12,binance;bitget;bybit;coinbase;crypto_com;gate;htx;kraken;kucoin;mexc;okx;upbit,arbitrum;eth,arbitrum;eth,5,curve;uniswap-v4-ethereum;uniswap_v3;uniswap_v3_arbitrum,0x5d4f3c6fa16908609bac31ff148bd002aa6b8c83;0x7e13876b92f1a62c599c231f783f682e96b91761;0x91308bc9ce8ca2db82aa30c65619856cc939d907;0xa6cc3c2531fdaa6ae1a3ca84c2855806728693e8;0xb2b5618903d74bbac9e9049a035c3827afc4487cde3b994a1568b050f4c8e2e4,-0.07414272474513428,-0.05805805805805808,-0.05005005005005003,-0.10810810810810811
2026-02-01,LINK,9.41,183860299.27332705,21507793.813505325,205368093.08683237,0.10472802025975643,8.548542954595193,12,binance;bitget;bybit;coinbase;crypto_com;gate;htx;kraken;kucoin;mexc;okx;upbit,arbitrum;eth,arbitrum;eth,5,curve;uniswap-v4-ethereum;uniswap_v3;uniswap_v3_arbitrum,0x5d4f3c6fa16908609bac31ff148bd002aa6b8c83;0x7e13876b92f1a62c599c231f783f682e96b91761;0x91308bc9ce8ca2db82aa30c65619856cc939d907;0xa6cc3c2531fdaa6ae1a3ca84c2855806728693e8;0xb2b5618903d74bbac9e9049a035c3827afc4487cde3b994a1568b050f4c8e2e4,-0.05805805805805808,0.04250797024442088,-0.01700318809776835,-0.06163655685441016
2026-02-02,LINK,9.81,232742785.22703993,20397996.92528658,253140782.15232652,0.08057965513044896,11.41008041522538,12,binance;bitget;bybit;coinbase;crypto_com;gate;htx;kraken;kucoin;mexc;okx;upbit,arbitrum;eth,arbitrum;eth,5,curve;uniswap-v4-ethereum;uniswap_v3;uniswap_v3_arbitrum,0x5d4f3c6fa16908609bac31ff148bd002aa6b8c83;0x7e13876b92f1a62c599c231f783f682e96b91761;0x91308bc9ce8ca2db82aa30c65619856cc939d907;0xa6cc3c2531fdaa6ae1a3ca84c2855806728693e8;0xb2b5618903d74bbac9e9049a035c3827afc4487cde3b994a1568b050f4c8e2e4,0.04250797024442088,-0.032619775739041845,-0.19266055045871566,-0.09989806320081551
2026-02-03,LINK,9.49,207950806.7745177,17460227.84189328,225411034.61641097,0.07745950801213392,11.909970972748129,12,binance;bitget;bybit;coinbase;crypto_com;gate;htx;kraken;kucoin;mexc;okx;upbit,arbitrum;eth,arbitrum;eth,5,curve;uniswap-v4-ethereum;uniswap_v3;uniswap_v3_arbitrum,0x5d4f3c6fa16908609bac31ff148bd002aa6b8c83;0x7e13876b92f1a62c599c231f783f682e96b91761;0x91308bc9ce8ca2db82aa30c65619856cc939d907;0xa6cc3c2531fdaa6ae1a3ca84c2855806728693e8;0xb2b5618903d74bbac9e9049a035c3827afc4487cde3b994a1568b050f4c8e2e4,-0.032619775739041845,-0.025289778714436273,-0.06427818756585879,-0.09694415173867232
2026-02-04,LINK,9.25,198165512.4525113,14752122.977224099,212917635.42973542,0.06928558523322706,13.433016573849091,12,binance;bitget;bybit;coinbase;crypto_com;gate;htx;kraken;kucoin;mexc;okx;upbit,arbitrum;eth,arbitrum;eth,5,curve;uniswap-v4-ethereum;uniswap_v3;uniswap_v3_arbitrum,0x5d4f3c6fa16908609bac31ff148bd002aa6b8c83;0x7e13876b92f1a62c599c231f783f682e96b91761;0x91308bc9ce8ca2db82aa30c65619856cc939d907;0xa6cc3c2531fdaa6ae1a3ca84c2855806728693e8;0xb2b5618903d74bbac9e9049a035c3827afc4487cde3b994a1568b050f4c8e2e4,-0.025289778714436273,-0.14378378378378376,-0.036756756756756714,-0.09945945945945944
2026-02-05,LINK,7.92,374158033.8944525,36290286.209887296,410448320.10433984,0.08841621327786642,10.310142822530649,12,binance;bitget;bybit;coinbase;crypto_com;gate;htx;kraken;kucoin;mexc;okx;upbit,arbitrum;eth,arbitrum;eth,5,curve;uniswap-v4-ethereum;uniswap_v3;uniswap_v3_arbitrum,0x5d4f3c6fa16908609bac31ff148bd002aa6b8c83;0x7e13876b92f1a62c599c231f783f682e96b91761;0x91308bc9ce8ca2db82aa30c65619856cc939d907;0xa6cc3c2531fdaa6ae1a3ca84c2855806728693e8;0xb2b5618903d74bbac9e9049a035c3827afc4487cde3b994a1568b050f4c8e2e4,-0.14378378378378376,0.12121212121212133,0.11489898989898983,0.06186868686868685
2026-02-06,LINK,8.88,346813485.20150834,27834769.36465934,374648254.5661677,0.0742957401386835,12.459721891636837,12,binance;bitget;bybit;coinbase;crypto_com;gate;htx;kraken;kucoin;mexc;okx;upbit,arbitrum;eth,arbitrum;eth,5,curve;uniswap-v4-ethereum;uniswap_v3;uniswap_v3_arbitrum,0x5d4f3c6fa16908609bac31ff148bd002aa6b8c83;0x7e13876b92f1a62c599c231f783f682e96b91761;0x91308bc9ce8ca2db82aa30c65619856cc939d907;0xa6cc3c2531fdaa6ae1a3ca84c2855806728693e8;0xb2b5618903d74bbac9e9049a035c3827afc4487cde3b994a1568b050f4c8e2e4,0.12121212121212133,0.0033783783783782884,-0.00563063063063074,-0.012387387387387538
2026-02-07,LINK,8.91,194565407.9112002,21643116.81970954,216208524.73090973,0.1001029762662979,8.989712966573146,12,binance;bitget;bybit;coinbase;crypto_com;gate;htx;kraken;kucoin;mexc;okx;upbit,arbitrum;eth,arbitrum;eth,5,curve;uniswap-v4-ethereum;uniswap_v3;uniswap_v3_arbitrum,0x5d4f3c6fa16908609bac31ff148bd002aa6b8c83;0x7e13876b92f1a62c599c231f783f682e96b91761;0x91308bc9ce8ca2db82aa30c65619856cc939d907;0xa6cc3c2531fdaa6ae1a3ca84c2855806728693e8;0xb2b5618903d74bbac9e9049a035c3827afc4487cde3b994a1568b050f4c8e2e4,0.0033783783783782884,-0.008978675645342271,-0.03815937149270476,0.02020202020202011
2026-02-08,LINK,8.83,81588232.02262115,6645354.953607095,88233586.97622825,0.07531547998153443,12.277482932395523,12,binance;bitget;bybit;coinbase;crypto_com;gate;htx;kraken;kucoin;mexc;okx;upbit,arbitrum;eth,arbitrum;eth,5,curve;uniswap-v4-ethereum;uniswap_v3;uniswap_v3_arbitrum,0x5d4f3c6fa16908609bac31ff148bd002aa6b8c83;0x7e13876b92f1a62c599c231f783f682e96b91761;0x91308bc9ce8ca2db82aa30c65619856cc939d907;0xa6cc3c2531fdaa6ae1a3ca84c2855806728693e8;0xb2b5618903d74bbac9e9049a035c3827afc4487cde3b994a1568b050f4c8e2e4,-0.008978675645342271,0.0,-0.05662514156285392,-0.0045300113250283935
2026-02-09,LINK,8.83,105632858.6106387,8827669.062482316,114460527.673121,0.0771241338996145,11.966109950765986,12,binance;bitget;bybit;coinbase;crypto_com;gate;htx;kraken;kucoin;mexc;okx;upbit,arbitrum;eth,arbitrum;eth,5,curve;uniswap-v4-ethereum;uniswap_v3;uniswap_v3_arbitrum,0x5d4f3c6fa16908609bac31ff148bd002aa6b8c83;0x7e13876b92f1a62c599c231f783f682e96b91761;0x91308bc9ce8ca2db82aa30c65619856cc939d907;0xa6cc3c2531fdaa6ae1a3ca84c2855806728693e8;0xb2b5618903d74bbac9e9049a035c3827afc4487cde3b994a1568b050f4c8e2e4,0.0,-0.029445073612684003,-0.047565118912797244,0.01245753114382775
2026-02-10,LINK,8.57,81463997.58730105,9440183.405202907,90904180.99250396,0.10384762617223682,8.629493103110963,12,binance;bitget;bybit;coinbase;crypto_com;gate;htx;kraken;kucoin;mexc;okx;upbit,arbitrum;eth,arbitrum;eth,5,curve;uniswap-v4-ethereum;uniswap_v3;uniswap_v3_arbitrum,0x5d4f3c6fa16908609bac31ff148bd002aa6b8c83;0x7e13876b92f1a62c599c231f783f682e96b91761;0x91308bc9ce8ca2db82aa30c65619856cc939d907;0xa6cc3c2531fdaa6ae1a3ca84c2855806728693e8;0xb2b5618903d74bbac9e9049a035c3827afc4487cde3b994a1568b050f4c8e2e4,-0.029445073612684003,-0.028004667444574083,0.023337222870478236,0.029171528588098017
2026-02-11,LINK,8.33,103154968.20832929,10337455.62515117,113492423.83348046,0.09108498414236531,9.978758018303058,12,binance;bitget;bybit;coinbase;crypto_com;gate;htx;kraken;kucoin;mexc;okx;upbit,arbitrum;eth,arbitrum;eth,5,curve;uniswap-v4-ethereum;uniswap_v3;uniswap_v3_arbitrum,0x5d4f3c6fa16908609bac31ff148bd002aa6b8c83;0x7e13876b92f1a62c599c231f783f682e96b91761;0x91308bc9ce8ca2db82aa30c65619856cc939d907;0xa6cc3c2531fdaa6ae1a3ca84c2855806728693e8;0xb2b5618903d74bbac9e9049a035c3827afc4487cde3b994a1568b050f4c8e2e4,-0.028004667444574083,0.009603841536614643,0.091236494597839,0.03241296518607428
2026-02-12,LINK,8.41,80524899.60276735,6906714.8732790435,87431614.4760464,0.078995623204136,11.65892918416324,12,binance;bitget;bybit;coinbase;crypto_com;gate;htx;kraken;kucoin;mexc;okx;upbit,arbitrum;eth,arbitrum;eth,5,curve;uniswap-v4-ethereum;uniswap_v3;uniswap_v3_arbitrum,0x5d4f3c6fa16908609bac31ff148bd002aa6b8c83;0x7e13876b92f1a62c599c231f783f682e96b91761;0x91308bc9ce8ca2db82aa30c65619856cc939d907;0xa6cc3c2531fdaa6ae1a3ca84c2855806728693e8;0xb2b5618903d74bbac9e9049a035c3827afc4487cde3b994a1568b050f4c8e2e4,0.009603841536614643,0.04280618311533879,0.045184304399524367,0.02021403091557672
2026-02-13,LINK,8.77,70556847.02375787,6276680.568630717,76833527.59238859,0.08169194836308034,11.241108457292441,12,binance;bitget;bybit;coinbase;crypto_com;gate;htx;kraken;kucoin;mexc;okx;upbit,arbitrum;eth,arbitrum;eth,5,curve;uniswap-v4-ethereum;uniswap_v3;uniswap_v3_arbitrum,0x5d4f3c6fa16908609bac31ff148bd002aa6b8c83;0x7e13876b92f1a62c599c231f783f682e96b91761;0x91308bc9ce8ca2db82aa30c65619856cc939d907;0xa6cc3c2531fdaa6ae1a3ca84c2855806728693e8;0xb2b5618903d74bbac9e9049a035c3827afc4487cde3b994a1568b050f4c8e2e4,0.04280618311533879,0.03648802736602064,0.019384264538198304,0.020524515393386622
2026-02-14,LINK,9.09,83609672.5397551,8850780.159494972,92460452.69925007,0.09572503595979862,9.446587875088053,12,binance;bitget;bybit;coinbase;crypto_com;gate;htx;kraken;kucoin;mexc;okx;upbit,arbitrum;eth,arbitrum;eth,5,curve;uniswap-v4-ethereum;uniswap_v3;uniswap_v3_arbitrum,0x5d4f3c6fa16908609bac31ff148bd002aa6b8c83;0x7e13876b92f1a62c599c231f783f682e96b91761;0x91308bc9ce8ca2db82aa30c65619856cc939d907;0xa6cc3c2531fdaa6ae1a3ca84c2855806728693e8;0xb2b5618903d74bbac9e9049a035c3827afc4487cde3b994a1568b050f4c8e2e4,0.03648802736602064,-0.03300330033003307,-0.02970297029702962,-0.024202420242024236
2026-02-15,LINK,8.79,92316393.74296893,8195533.9459992945,100511927.68896823,0.08153792424875364,11.264231757350453,12,binance;bitget;bybit;coinbase;crypto_com;gate;htx;kraken;kucoin;mexc;okx;upbit,arbitrum;eth,arbitrum;eth,5,curve;uniswap-v4-ethereum;uniswap_v3;uniswap_v3_arbitrum,0x5d4f3c6fa16908609bac31ff148bd002aa6b8c83;0x7e13876b92f1a62c599c231f783f682e96b91761;0x91308bc9ce8ca2db82aa30c65619856cc939d907;0xa6cc3c2531fdaa6ae1a3ca84c2855806728693e8;0xb2b5618903d74bbac9e9049a035c3827afc4487cde3b994a1568b050f4c8e2e4,-0.03300330033003307,0.017064846416382284,-0.021615472127417434,-0.011376564277588153
2026-02-16,LINK,8.94,60090332.07657246,4933665.248357881,65023997.32493034,0.07587453019389048,12.17965327026857,12,binance;bitget;bybit;coinbase;crypto_com;gate;htx;kraken;kucoin;mexc;okx;upbit,arbitrum;eth,arbitrum;eth,5,curve;uniswap-v4-ethereum;uniswap_v3;uniswap_v3_arbitrum,0x5d4f3c6fa16908609bac31ff148bd002aa6b8c83;0x7e13876b92f1a62c599c231f783f682e96b91761;0x91308bc9ce8ca2db82aa30c65619856cc939d907;0xa6cc3c2531fdaa6ae1a3ca84c2855806728693e8;0xb2b5618903d74bbac9e9049a035c3827afc4487cde3b994a1568b050f4c8e2e4,0.017064846416382284,-0.013422818791946178,-0.04026845637583887,-0.07606263982102901
2026-02-17,LINK,8.82,59278924.38069238,3514476.5358451563,62793400.91653753,0.05596888342640427,16.867070750391868,12,binance;bitget;bybit;coinbase;crypto_com;gate;htx;kraken;kucoin;mexc;okx;upbit,arbitrum;eth,arbitrum;eth,5,curve;uniswap-v4-ethereum;uniswap_v3;uniswap_v3_arbitrum,0x5d4f3c6fa16908609bac31ff148bd002aa6b8c83;0x7e13876b92f1a62c599c231f783f682e96b91761;0x91308bc9ce8ca2db82aa30c65619856cc939d907;0xa6cc3c2531fdaa6ae1a3ca84c2855806728693e8;0xb2b5618903d74bbac9e9049a035c3827afc4487cde3b994a1568b050f4c8e2e4,-0.013422818791946178,-0.024943310657596474,0.01473922902494329,-0.07142857142857151
2026-02-18,LINK,8.6,58237083.80945696,4713788.865824721,62950872.67528168,0.07488043716470415,12.354622887690123,12,binance;bitget;bybit;coinbase;crypto_com;gate;htx;kraken;kucoin;mexc;okx;upbit,arbitrum;eth,arbitrum;eth,5,curve;uniswap-v4-ethereum;uniswap_v3;uniswap_v3_arbitrum,0x5d4f3c6fa16908609bac31ff148bd002aa6b8c83;0x7e13876b92f1a62c599c231f783f682e96b91761;0x91308bc9ce8ca2db82aa30c65619856cc939d907;0xa6cc3c2531fdaa6ae1a3ca84c2855806728693e8;0xb2b5618903d74bbac9e9049a035c3827afc4487cde3b994a1568b050f4c8e2e4,-0.024943310657596474,-0.0023255813953487747,0.03139534883720918,0.07790697674418601
2026-02-19,LINK,8.58,57371811.44264605,5321427.753977108,62693239.196623154,0.08488040851243392,10.78128165881191,12,binance;bitget;bybit;coinbase;crypto_com;gate;htx;kraken;kucoin;mexc;okx;upbit,arbitrum;eth,arbitrum;eth,5,curve;uniswap-v4-ethereum;uniswap_v3;uniswap_v3_arbitrum,0x5d4f3c6fa16908609bac31ff148bd002aa6b8c83;0x7e13876b92f1a62c599c231f783f682e96b91761;0x91308bc9ce8ca2db82aa30c65619856cc939d907;0xa6cc3c2531fdaa6ae1a3ca84c2855806728693e8;0xb2b5618903d74bbac9e9049a035c3827afc4487cde3b994a1568b050f4c8e2e4,-0.0023255813953487747,0.04312354312354305,0.012820512820512775,0.05944055944055937
2026-02-20,LINK,8.95,87805805.88928391,10494543.846817235,98300349.73610115,0.10675998483210968,8.366805377245004,12,binance;bitget;bybit;coinbase;crypto_com;gate;htx;kraken;kucoin;mexc;okx;upbit,arbitrum;eth,arbitrum;eth,5,curve;uniswap-v4-ethereum;uniswap_v3;uniswap_v3_arbitrum,0x5d4f3c6fa16908609bac31ff148bd002aa6b8c83;0x7e13876b92f1a62c599c231f783f682e96b91761;0x91308bc9ce8ca2db82aa30c65619856cc939d907;0xa6cc3c2531fdaa6ae1a3ca84c2855806728693e8;0xb2b5618903d74bbac9e9049a035c3827afc4487cde3b994a1568b050f4c8e2e4,0.04312354312354305,-0.00893854748603351,-0.07709497206703908,-0.02681564245810042
2026-02-21,LINK,8.87,49724024.89353936,6152088.875249771,55876113.768789135,0.1101023041922103,8.082462055056153,12,binance;bitget;bybit;coinbase;crypto_com;gate;htx;kraken;kucoin;mexc;okx;upbit,arbitrum;eth,arbitrum;eth,5,curve;uniswap-v4-ethereum;uniswap_v3;uniswap_v3_arbitrum,0x5d4f3c6fa16908609bac31ff148bd002aa6b8c83;0x7e13876b92f1a62c599c231f783f682e96b91761;0x91308bc9ce8ca2db82aa30c65619856cc939d907;0xa6cc3c2531fdaa6ae1a3ca84c2855806728693e8;0xb2b5618903d74bbac9e9049a035c3827afc4487cde3b994a1568b050f4c8e2e4,-0.00893854748603351,-0.020293122886133053,-0.07666290868094694,-0.0022547914317925244
2026-02-22,LINK,8.69,52035599.33189901,6098678.798945804,58134278.13084482,0.10490676060721522,8.532274128110124,12,binance;bitget;bybit;coinbase;crypto_com;gate;htx;kraken;kucoin;mexc;okx;upbit,arbitrum;eth,arbitrum;eth,5,curve;uniswap-v4-ethereum;uniswap_v3;uniswap_v3_arbitrum,0x5d4f3c6fa16908609bac31ff148bd002aa6b8c83;0x7e13876b92f1a62c599c231f783f682e96b91761;0x91308bc9ce8ca2db82aa30c65619856cc939d907;0xa6cc3c2531fdaa6ae1a3ca84c2855806728693e8;0xb2b5618903d74bbac9e9049a035c3827afc4487cde3b994a1568b050f4c8e2e4,-0.020293122886133053,-0.04948216340621403,0.06674338319907935,-0.0023014959723820505
2026-02-23,LINK,8.26,106302144.44657464,8867700.266681626,115169844.71325627,0.07699671983373732,11.987566251644843,12,binance;bitget;bybit;coinbase;crypto_com;gate;htx;kraken;kucoin;mexc;okx;upbit,arbitrum;eth,arbitrum;eth,5,curve;uniswap-v4-ethereum;uniswap_v3;uniswap_v3_arbitrum,0x5d4f3c6fa16908609bac31ff148bd002aa6b8c83;0x7e13876b92f1a62c599c231f783f682e96b91761;0x91308bc9ce8ca2db82aa30c65619856cc939d907;0xa6cc3c2531fdaa6ae1a3ca84c2855806728693e8;0xb2b5618903d74bbac9e9049a035c3827afc4487cde3b994a1568b050f4c8e2e4,-0.04948216340621403,-0.008474576271186529,0.1004842615012107,0.08474576271186463
2026-02-24,LINK,8.19,96153941.05880375,6686141.875945391,102840082.93474914,0.0650149405284676,14.381079977488215,12,binance;bitget;bybit;coinbase;crypto_com;gate;htx;kraken;kucoin;mexc;okx;upbit,arbitrum;eth,arbitrum;eth,5,curve;uniswap-v4-ethereum;uniswap_v3;uniswap_v3_arbitrum,0x5d4f3c6fa16908609bac31ff148bd002aa6b8c83;0x7e13876b92f1a62c599c231f783f682e96b91761;0x91308bc9ce8ca2db82aa30c65619856cc939d907;0xa6cc3c2531fdaa6ae1a3ca84c2855806728693e8;0xb2b5618903d74bbac9e9049a035c3827afc4487cde3b994a1568b050f4c8e2e4,-0.008474576271186529,0.13186813186813184,0.06349206349206371,0.07448107448107466
2026-02-25,LINK,9.27,184239001.44039634,23113635.69945277,207352637.1398491,0.1114701795852433,7.971009140927073,12,binance;bitget;bybit;coinbase;crypto_com;gate;htx;kraken;kucoin;mexc;okx;upbit,arbitrum;eth,arbitrum;eth,5,curve;uniswap-v4-ethereum;uniswap_v3;uniswap_v3_arbitrum,0x5d4f3c6fa16908609bac31ff148bd002aa6b8c83;0x7e13876b92f1a62c599c231f783f682e96b91761;0x91308bc9ce8ca2db82aa30c65619856cc939d907;0xa6cc3c2531fdaa6ae1a3ca84c2855806728693e8;0xb2b5618903d74bbac9e9049a035c3827afc4487cde3b994a1568b050f4c8e2e4,0.13186813186813184,-0.01941747572815533,-0.04530744336569581,0.008629989212513456
2026-02-26,LINK,9.09,141363765.3955966,10012285.045159044,151376050.44075564,0.06614180391156112,14.11903124591386,12,binance;bitget;bybit;coinbase;crypto_com;gate;htx;kraken;kucoin;mexc;okx;upbit,arbitrum;eth,arbitrum;eth,5,curve;uniswap-v4-ethereum;uniswap_v3;uniswap_v3_arbitrum,0x5d4f3c6fa16908609bac31ff148bd002aa6b8c83;0x7e13876b92f1a62c599c231f783f682e96b91761;0x91308bc9ce8ca2db82aa30c65619856cc939d907;0xa6cc3c2531fdaa6ae1a3ca84c2855806728693e8;0xb2b5618903d74bbac9e9049a035c3827afc4487cde3b994a1568b050f4c8e2e4,-0.01941747572815533,-0.04180418041804168,-0.04620462046204621,0.013201320132013361
2026-02-27,LINK,8.71,100197639.9483672,8761338.692779098,108958978.64114629,0.08040951559975934,11.436339064365573,12,binance;bitget;bybit;coinbase;crypto_com;gate;htx;kraken;kucoin;mexc;okx;upbit,arbitrum;eth,arbitrum;eth,5,curve;uniswap-v4-ethereum;uniswap_v3;uniswap_v3_arbitrum,0x5d4f3c6fa16908609bac31ff148bd002aa6b8c83;0x7e13876b92f1a62c599c231f783f682e96b91761;0x91308bc9ce8ca2db82aa30c65619856cc939d907;0xa6cc3c2531fdaa6ae1a3ca84c2855806728693e8;0xb2b5618903d74bbac9e9049a035c3827afc4487cde3b994a1568b050f4c8e2e4,-0.04180418041804168,0.016073478760045834,0.028702640642939148,0.010332950631458004
2026-02-28,LINK,8.85,143968075.3277823,10619756.478097312,154587831.80587962,0.0686972341486285,13.556626804457228,12,binance;bitget;bybit;coinbase;crypto_com;gate;htx;kraken;kucoin;mexc;okx;upbit,arbitrum;eth,arbitrum;eth,5,curve;uniswap-v4-ethereum;uniswap_v3;uniswap_v3_arbitrum,0x5d4f3c6fa16908609bac31ff148bd002aa6b8c83;0x7e13876b92f1a62c599c231f783f682e96b91761;0x91308bc9ce8ca2db82aa30c65619856cc939d907;0xa6cc3c2531fdaa6ae1a3ca84c2855806728693e8;0xb2b5618903d74bbac9e9049a035c3827afc4487cde3b994a1568b050f4c8e2e4,0.016073478760045834,-0.02033898305084747,-0.005649717514124131,-0.016949152542372947
2026-03-01,LINK,8.67,126321938.2135258,7320158.094571628,133642096.30809742,0.05477434353989624,17.25672268023852,12,binance;bitget;bybit;coinbase;crypto_com;gate;htx;kraken;kucoin;mexc;okx;upbit,arbitrum;eth,arbitrum;eth,5,curve;uniswap-v4-ethereum;uniswap_v3;uniswap_v3_arbitrum,0x5d4f3c6fa16908609bac31ff148bd002aa6b8c83;0x7e13876b92f1a62c599c231f783f682e96b91761;0x91308bc9ce8ca2db82aa30c65619856cc939d907;0xa6cc3c2531fdaa6ae1a3ca84c2855806728693e8;0xb2b5618903d74bbac9e9049a035c3827afc4487cde3b994a1568b050f4c8e2e4,-0.02033898305084747,0.033448673587082034,0.07843137254901955,-0.01730103806228378
2026-03-02,LINK,8.96,130899810.75558402,7530663.119405527,138430473.87498954,0.05440032753341679,17.382242264731303,12,binance;bitget;bybit;coinbase;crypto_com;gate;htx;kraken;kucoin;mexc;okx;upbit,arbitrum;eth,arbitrum;eth,5,curve;uniswap-v4-ethereum;uniswap_v3;uniswap_v3_arbitrum,0x5d4f3c6fa16908609bac31ff148bd002aa6b8c83;0x7e13876b92f1a62c599c231f783f682e96b91761;0x91308bc9ce8ca2db82aa30c65619856cc939d907;0xa6cc3c2531fdaa6ae1a3ca84c2855806728693e8;0xb2b5618903d74bbac9e9049a035c3827afc4487cde3b994a1568b050f4c8e2e4,0.033448673587082034,-0.017857142857142905,0.02790178571428581,-0.010044642857143016
2026-03-03,LINK,8.8,103522407.72896975,5175469.450142904,108697877.17911266,0.04761334429387937,20.00251546767633,12,binance;bitget;bybit;coinbase;crypto_com;gate;htx;kraken;kucoin;mexc;okx;upbit,arbitrum;eth,arbitrum;eth,5,curve;uniswap-v4-ethereum;uniswap_v3;uniswap_v3_arbitrum,0x5d4f3c6fa16908609bac31ff148bd002aa6b8c83;0x7e13876b92f1a62c599c231f783f682e96b91761;0x91308bc9ce8ca2db82aa30c65619856cc939d907;0xa6cc3c2531fdaa6ae1a3ca84c2855806728693e8;0xb2b5618903d74bbac9e9049a035c3827afc4487cde3b994a1568b050f4c8e2e4,-0.017857142857142905,0.06249999999999978,0.0,0.021590909090908994
2026-03-04,LINK,9.35,156155136.27158272,9362894.942594472,165518031.2141772,0.05656722034398212,16.678082711490074,12,binance;bitget;bybit;coinbase;crypto_com;gate;htx;kraken;kucoin;mexc;okx;upbit,arbitrum;eth,arbitrum;eth,5,curve;uniswap-v4-ethereum;uniswap_v3;uniswap_v3_arbitrum,0x5d4f3c6fa16908609bac31ff148bd002aa6b8c83;0x7e13876b92f1a62c599c231f783f682e96b91761;0x91308bc9ce8ca2db82aa30c65619856cc939d907;0xa6cc3c2531fdaa6ae1a3ca84c2855806728693e8;0xb2b5618903d74bbac9e9049a035c3827afc4487cde3b994a1568b050f4c8e2e4,0.06249999999999978,-0.014973262032085488,-0.06951871657754016,-0.0385026737967914
2026-03-05,LINK,9.21,127509800.21242186,14007491.603202645,141517291.8156245,0.09898077770914578,9.102971740012915,12,binance;bitget;bybit;coinbase;crypto_com;gate;htx;kraken;kucoin;mexc;okx;upbit,arbitrum;eth,arbitrum;eth,5,curve;uniswap-v4-ethereum;uniswap_v3;uniswap_v3_arbitrum,0x5d4f3c6fa16908609bac31ff148bd002aa6b8c83;0x7e13876b92f1a62c599c231f783f682e96b91761;0x91308bc9ce8ca2db82aa30c65619856cc939d907;0xa6cc3c2531fdaa6ae1a3ca84c2855806728693e8;0xb2b5618903d74bbac9e9049a035c3827afc4487cde3b994a1568b050f4c8e2e4,-0.014973262032085488,-0.0445168295331162,-0.07491856677524444,-0.017372421281216077
2026-03-06,LINK,8.8,93658134.73292047,3298814.0560943643,96956948.78901483,0.03402349287282974,28.391456184046685,12,binance;bitget;bybit;coinbase;crypto_com;gate;htx;kraken;kucoin;mexc;okx;upbit,arbitrum;eth,arbitrum;eth,5,curve;uniswap-v4-ethereum;uniswap_v3;uniswap_v3_arbitrum,0x5d4f3c6fa16908609bac31ff148bd002aa6b8c83;0x7e13876b92f1a62c599c231f783f682e96b91761;0x91308bc9ce8ca2db82aa30c65619856cc939d907;0xa6cc3c2531fdaa6ae1a3ca84c2855806728693e8;0xb2b5618903d74bbac9e9049a035c3827afc4487cde3b994a1568b050f4c8e2e4,-0.0445168295331162,-0.011363636363636576,0.007954545454545325,0.031818181818181746
2026-03-07,LINK,8.7,56163810.3429449,3794149.101122751,59957959.44406765,0.06328015723520676,14.802742023587083,12,binance;bitget;bybit;coinbase;crypto_com;gate;htx;kraken;kucoin;mexc;okx;upbit,arbitrum;eth,arbitrum;eth,5,curve;uniswap-v4-ethereum;uniswap_v3;uniswap_v3_arbitrum,0x5d4f3c6fa16908609bac31ff148bd002aa6b8c83;0x7e13876b92f1a62c599c231f783f682e96b91761;0x91308bc9ce8ca2db82aa30c65619856cc939d907;0xa6cc3c2531fdaa6ae1a3ca84c2855806728693e8;0xb2b5618903d74bbac9e9049a035c3827afc4487cde3b994a1568b050f4c8e2e4,-0.011363636363636576,-0.020689655172413723,0.03333333333333344,0.05402298850574727
2026-03-08,LINK,8.52,89304658.4930322,5714637.120774599,95019295.6138068,0.06014185943874996,15.627354214387505,12,binance;bitget;bybit;coinbase;crypto_com;gate;htx;kraken;kucoin;mexc;okx;upbit,arbitrum;eth,arbitrum;eth,5,curve;uniswap-v4-ethereum;uniswap_v3;uniswap_v3_arbitrum,0x5d4f3c6fa16908609bac31ff148bd002aa6b8c83;0x7e13876b92f1a62c599c231f783f682e96b91761;0x91308bc9ce8ca2db82aa30c65619856cc939d907;0xa6cc3c2531fdaa6ae1a3ca84c2855806728693e8;0xb2b5618903d74bbac9e9049a035c3827afc4487cde3b994a1568b050f4c8e2e4,-0.020689655172413723,0.04107981220657275,0.05516431924882648,0.11502347417840375
2026-03-09,LINK,8.87,110710861.73256917,6121210.90993187,116832072.64250104,0.052393240755579155,18.086431485792637,12,binance;bitget;bybit;coinbase;crypto_com;gate;htx;kraken;kucoin;mexc;okx;upbit,arbitrum;eth,arbitrum;eth,5,curve;uniswap-v4-ethereum;uniswap_v3;uniswap_v3_arbitrum,0x5d4f3c6fa16908609bac31ff148bd002aa6b8c83;0x7e13876b92f1a62c599c231f783f682e96b91761;0x91308bc9ce8ca2db82aa30c65619856cc939d907;0xa6cc3c2531fdaa6ae1a3ca84c2855806728693e8;0xb2b5618903d74bbac9e9049a035c3827afc4487cde3b994a1568b050f4c8e2e4,0.04107981220657275,0.013528748590755368,0.020293122886133164,0.11837655016910942
2026-03-10,LINK,8.99,104353847.69510528,7097191.610705149,111451039.30581044,0.06367990513961175,14.703540980590363,12,binance;bitget;bybit;coinbase;crypto_com;gate;htx;kraken;kucoin;mexc;okx;upbit,arbitrum;eth,arbitrum;eth,5,curve;uniswap-v4-ethereum;uniswap_v3;uniswap_v3_arbitrum,0x5d4f3c6fa16908609bac31ff148bd002aa6b8c83;0x7e13876b92f1a62c599c231f783f682e96b91761;0x91308bc9ce8ca2db82aa30c65619856cc939d907;0xa6cc3c2531fdaa6ae1a3ca84c2855806728693e8;0xb2b5618903d74bbac9e9049a035c3827afc4487cde3b994a1568b050f4c8e2e4,0.013528748590755368,0.0,0.010011123470522687,0.08898776418242482
2026-03-11,LINK,8.99,96639228.57563901,7156600.789812778,103795829.36545178,0.06894882803638773,13.503509754687206,12,binance;bitget;bybit;coinbase;crypto_com;gate;htx;kraken;kucoin;mexc;okx;upbit,arbitrum;eth,arbitrum;eth,5,curve;uniswap-v4-ethereum;uniswap_v3;uniswap_v3_arbitrum,0x5d4f3c6fa16908609bac31ff148bd002aa6b8c83;0x7e13876b92f1a62c599c231f783f682e96b91761;0x91308bc9ce8ca2db82aa30c65619856cc939d907;0xa6cc3c2531fdaa6ae1a3ca84c2855806728693e8;0xb2b5618903d74bbac9e9049a035c3827afc4487cde3b994a1568b050f4c8e2e4,0.0,0.006674082313681939,0.020022246941045596,0.025583982202447286
2026-03-12,LINK,9.05,97154416.73509988,8392343.082754008,105546759.8178539,0.07951303381777894,11.576554458879194,12,binance;bitget;bybit;coinbase;crypto_com;gate;htx;kraken;kucoin;mexc;okx;upbit,arbitrum;eth,arbitrum;eth,5,curve;uniswap-v4-ethereum;uniswap_v3;uniswap_v3_arbitrum,0x5d4f3c6fa16908609bac31ff148bd002aa6b8c83;0x7e13876b92f1a62c599c231f783f682e96b91761;0x91308bc9ce8ca2db82aa30c65619856cc939d907;0xa6cc3c2531fdaa6ae1a3ca84c2855806728693e8;0xb2b5618903d74bbac9e9049a035c3827afc4487cde3b994a1568b050f4c8e2e4,0.006674082313681939,0.0033149171270716593,0.04972375690607733,-0.0011049723756907381
2026-03-13,LINK,9.08,146959489.57751718,6808350.193395808,153767839.770913,0.04427681499290782,21.58518369399827,12,binance;bitget;bybit;coinbase;crypto_com;gate;htx;kraken;kucoin;mexc;okx;upbit,arbitrum;eth,arbitrum;eth,5,curve;uniswap-v4-ethereum;uniswap_v3;uniswap_v3_arbitrum,0x5d4f3c6fa16908609bac31ff148bd002aa6b8c83;0x7e13876b92f1a62c599c231f783f682e96b91761;0x91308bc9ce8ca2db82aa30c65619856cc939d907;0xa6cc3c2531fdaa6ae1a3ca84c2855806728693e8;0xb2b5618903d74bbac9e9049a035c3827afc4487cde3b994a1568b050f4c8e2e4,0.0033149171270716593,0.009911894273127775,0.09251101321585908,0.004405286343612147
2026-03-14,LINK,9.17,62339705.51996309,4158425.582884562,66498131.10284766,0.06253447298320366,14.991179781247908,12,binance;bitget;bybit;coinbase;crypto_com;gate;htx;kraken;kucoin;mexc;okx;upbit,arbitrum;eth,arbitrum;eth,5,curve;uniswap-v4-ethereum;uniswap_v3;uniswap_v3_arbitrum,0x5d4f3c6fa16908609bac31ff148bd002aa6b8c83;0x7e13876b92f1a62c599c231f783f682e96b91761;0x91308bc9ce8ca2db82aa30c65619856cc939d907;0xa6cc3c2531fdaa6ae1a3ca84c2855806728693e8;0xb2b5618903d74bbac9e9049a035c3827afc4487cde3b994a1568b050f4c8e2e4,0.009911894273127775,0.03598691384950925,0.06761177753544168,-0.03816793893129766
2026-03-15,LINK,9.5,125142463.27541997,7758550.377035882,132901013.65245585,0.0583784138571355,16.12961921930963,12,binance;bitget;bybit;coinbase;crypto_com;gate;htx;kraken;kucoin;mexc;okx;upbit,arbitrum;eth,arbitrum;eth,5,curve;uniswap-v4-ethereum;uniswap_v3;uniswap_v3_arbitrum,0x5d4f3c6fa16908609bac31ff148bd002aa6b8c83;0x7e13876b92f1a62c599c231f783f682e96b91761;0x91308bc9ce8ca2db82aa30c65619856cc939d907;0xa6cc3c2531fdaa6ae1a3ca84c2855806728693e8;0xb2b5618903d74bbac9e9049a035c3827afc4487cde3b994a1568b050f4c8e2e4,0.03598691384950925,0.04421052631578948,-0.029473684210526208,-0.08631578947368423
2026-03-16,LINK,9.92,209672780.3931775,17124865.477998085,226797645.8711756,0.07550724529003824,12.243762186778268,12,binance;bitget;bybit;coinbase;crypto_com;gate;htx;kraken;kucoin;mexc;okx;upbit,arbitrum;eth,arbitrum;eth,5,curve;uniswap-v4-ethereum;uniswap_v3;uniswap_v3_arbitrum,0x5d4f3c6fa16908609bac31ff148bd002aa6b8c83;0x7e13876b92f1a62c599c231f783f682e96b91761;0x91308bc9ce8ca2db82aa30c65619856cc939d907;0xa6cc3c2531fdaa6ae1a3ca84c2855806728693e8;0xb2b5618903d74bbac9e9049a035c3827afc4487cde3b994a1568b050f4c8e2e4,0.04421052631578948,-0.013104838709677491,-0.08870967741935487,-0.08165322580645162
2026-03-17,LINK,9.79,133205512.48640826,5325130.377906155,138530642.8643144,0.038440089988768196,25.014507257714275,12,binance;bitget;bybit;coinbase;crypto_com;gate;htx;kraken;kucoin;mexc;okx;upbit,arbitrum;eth,arbitrum;eth,5,curve;uniswap-v4-ethereum;uniswap_v3;uniswap_v3_arbitrum,0x5d4f3c6fa16908609bac31ff148bd002aa6b8c83;0x7e13876b92f1a62c599c231f783f682e96b91761;0x91308bc9ce8ca2db82aa30c65619856cc939d907;0xa6cc3c2531fdaa6ae1a3ca84c2855806728693e8;0xb2b5618903d74bbac9e9049a035c3827afc4487cde3b994a1568b050f4c8e2e4,-0.013104838709677491,-0.05822267620020416,-0.06843718079673133,-0.05515832482124605
2026-03-18,LINK,9.22,117947195.70147549,4045497.763416725,121992693.46489221,0.03316180378114992,29.1551751104814,12,binance;bitget;bybit;coinbase;crypto_com;gate;htx;kraken;kucoin;mexc;okx;upbit,arbitrum;eth,arbitrum;eth,5,curve;uniswap-v4-ethereum;uniswap_v3;uniswap_v3_arbitrum,0x5d4f3c6fa16908609bac31ff148bd002aa6b8c83;0x7e13876b92f1a62c599c231f783f682e96b91761;0x91308bc9ce8ca2db82aa30c65619856cc939d907;0xa6cc3c2531fdaa6ae1a3ca84c2855806728693e8;0xb2b5618903d74bbac9e9049a035c3827afc4487cde3b994a1568b050f4c8e2e4,-0.05822267620020416,-0.01952277657266832,-0.04338394793926248,0.01626898047722336
2026-03-19,LINK,9.04,107220476.2128005,5235929.776264685,112456405.98906519,0.046559639979725176,20.477829305283702,12,binance;bitget;bybit;coinbase;crypto_com;gate;htx;kraken;kucoin;mexc;okx;upbit,arbitrum;eth,arbitrum;eth,5,curve;uniswap-v4-ethereum;uniswap_v3;uniswap_v3_arbitrum,0x5d4f3c6fa16908609bac31ff148bd002aa6b8c83;0x7e13876b92f1a62c599c231f783f682e96b91761;0x91308bc9ce8ca2db82aa30c65619856cc939d907;0xa6cc3c2531fdaa6ae1a3ca84c2855806728693e8;0xb2b5618903d74bbac9e9049a035c3827afc4487cde3b994a1568b050f4c8e2e4,-0.01952277657266832,0.008849557522123908,-0.03982300884955747,-0.014380530973451267
2026-03-20,LINK,9.12,84303259.33162755,2745119.016132495,87048378.34776004,0.03153555606935822,30.710238367150854,12,binance;bitget;bybit;coinbase;crypto_com;gate;htx;kraken;kucoin;mexc;okx;upbit,arbitrum;eth,arbitrum;eth,5,curve;uniswap-v4-ethereum;uniswap_v3;uniswap_v3_arbitrum,0x5d4f3c6fa16908609bac31ff148bd002aa6b8c83;0x7e13876b92f1a62c599c231f783f682e96b91761;0x91308bc9ce8ca2db82aa30c65619856cc939d907;0xa6cc3c2531fdaa6ae1a3ca84c2855806728693e8;0xb2b5618903d74bbac9e9049a035c3827afc4487cde3b994a1568b050f4c8e2e4,0.008849557522123908,-0.0328947368421052,-0.0010964912280702066,-0.06030701754385959
2026-03-21,LINK,8.82,63542559.95814713,3006458.795225317,66549018.753372446,0.04517660592963982,21.135350352734495,12,binance;bitget;bybit;coinbase;crypto_com;gate;htx;kraken;kucoin;mexc;okx;upbit,arbitrum;eth,arbitrum;eth,5,curve;uniswap-v4-ethereum;uniswap_v3;uniswap_v3_arbitrum,0x5d4f3c6fa16908609bac31ff148bd002aa6b8c83;0x7e13876b92f1a62c599c231f783f682e96b91761;0x91308bc9ce8ca2db82aa30c65619856cc939d907;0xa6cc3c2531fdaa6ae1a3ca84c2855806728693e8;0xb2b5618903d74bbac9e9049a035c3827afc4487cde3b994a1568b050f4c8e2e4,-0.0328947368421052,-0.015873015873015928,0.0487528344671202,-0.043083900226757454
2026-03-22,LINK,8.68,97648320.90097338,1921545.0713346119,99569865.972308,0.01929845995643928,50.8176062886475,12,binance;bitget;bybit;coinbase;crypto_com;gate;htx;kraken;kucoin;mexc;okx;upbit,arbitrum;eth,arbitrum;eth,5,curve;uniswap-v4-ethereum;uniswap_v3;uniswap_v3_arbitrum,0x5d4f3c6fa16908609bac31ff148bd002aa6b8c83;0x7e13876b92f1a62c599c231f783f682e96b91761;0x91308bc9ce8ca2db82aa30c65619856cc939d907;0xa6cc3c2531fdaa6ae1a3ca84c2855806728693e8;0xb2b5618903d74bbac9e9049a035c3827afc4487cde3b994a1568b050f4c8e2e4,-0.015873015873015928,0.04953917050691237,0.07949308755760365,-0.02995391705069117
2026-03-23,LINK,9.11,172270850.1949577,9531447.549380234,181802297.74433795,0.05242754171778383,18.073944099515014,12,binance;bitget;bybit;coinbase;crypto_com;gate;htx;kraken;kucoin;mexc;okx;upbit,arbitrum;eth,arbitrum;eth,5,curve;uniswap-v4-ethereum;uniswap_v3;uniswap_v3_arbitrum,0x5d4f3c6fa16908609bac31ff148bd002aa6b8c83;0x7e13876b92f1a62c599c231f783f682e96b91761;0x91308bc9ce8ca2db82aa30c65619856cc939d907;0xa6cc3c2531fdaa6ae1a3ca84c2855806728693e8;0xb2b5618903d74bbac9e9049a035c3827afc4487cde3b994a1568b050f4c8e2e4,0.04953917050691237,0.015367727771679496,-0.021953896816684915,-0.053787047200878235
2026-03-24,LINK,9.25,105623110.65940356,2989653.8663472654,108612764.52575083,0.027525805824033262,35.32954495111938,12,binance;bitget;bybit;coinbase;crypto_com;gate;htx;kraken;kucoin;mexc;okx;upbit,arbitrum;eth,arbitrum;eth,5,curve;uniswap-v4-ethereum;uniswap_v3;uniswap_v3_arbitrum,0x5d4f3c6fa16908609bac31ff148bd002aa6b8c83;0x7e13876b92f1a62c599c231f783f682e96b91761;0x91308bc9ce8ca2db82aa30c65619856cc939d907;0xa6cc3c2531fdaa6ae1a3ca84c2855806728693e8;0xb2b5618903d74bbac9e9049a035c3827afc4487cde3b994a1568b050f4c8e2e4,0.015367727771679496,0.01297297297297284,-0.07351351351351343,-0.05081081081081085
2026-03-25,LINK,9.37,99523738.45249535,5134382.942049425,104658121.39454478,0.04905861937549598,19.383777870835974,12,binance;bitget;bybit;coinbase;crypto_com;gate;htx;kraken;kucoin;mexc;okx;upbit,arbitrum;eth,arbitrum;eth,5,curve;uniswap-v4-ethereum;uniswap_v3;uniswap_v3_arbitrum,0x5d4f3c6fa16908609bac31ff148bd002aa6b8c83;0x7e13876b92f1a62c599c231f783f682e96b91761;0x91308bc9ce8ca2db82aa30c65619856cc939d907;0xa6cc3c2531fdaa6ae1a3ca84c2855806728693e8;0xb2b5618903d74bbac9e9049a035c3827afc4487cde3b994a1568b050f4c8e2e4,0.01297297297297284,-0.0490928495197438,-0.09925293489861253,-0.04589114194236921
2026-03-26,LINK,8.91,93637367.8652645,3985857.4977382715,97623225.36300278,0.040828988008921395,23.492402304497325,12,binance;bitget;bybit;coinbase;crypto_com;gate;htx;kraken;kucoin;mexc;okx;upbit,arbitrum;eth,arbitrum;eth,5,curve;uniswap-v4-ethereum;uniswap_v3;uniswap_v3_arbitrum,0x5d4f3c6fa16908609bac31ff148bd002aa6b8c83;0x7e13876b92f1a62c599c231f783f682e96b91761;0x91308bc9ce8ca2db82aa30c65619856cc939d907;0xa6cc3c2531fdaa6ae1a3ca84c2855806728693e8;0xb2b5618903d74bbac9e9049a035c3827afc4487cde3b994a1568b050f4c8e2e4,-0.0490928495197438,-0.03815937149270476,-0.05499438832772163,-0.03142536475869806
2026-03-27,LINK,8.57,88394251.2981242,2410515.681187578,90804766.97931178,0.026546135862413153,36.67026602978803,12,binance;bitget;bybit;coinbase;crypto_com;gate;htx;kraken;kucoin;mexc;okx;upbit,arbitrum;eth,arbitrum;eth,5,curve;uniswap-v4-ethereum;uniswap_v3;uniswap_v3_arbitrum,0x5d4f3c6fa16908609bac31ff148bd002aa6b8c83;0x7e13876b92f1a62c599c231f783f682e96b91761;0x91308bc9ce8ca2db82aa30c65619856cc939d907;0xa6cc3c2531fdaa6ae1a3ca84c2855806728693e8;0xb2b5618903d74bbac9e9049a035c3827afc4487cde3b994a1568b050f4c8e2e4,-0.03815937149270476,-0.015169194865811031,0.005834305717619559,0.009334889148191472
2026-03-28,LINK,8.44,59683117.742917694,3547034.7763247336,63230152.51924243,0.056097204181901776,16.826200335356866,12,binance;bitget;bybit;coinbase;crypto_com;gate;htx;kraken;kucoin;mexc;okx;upbit,arbitrum;eth,arbitrum;eth,5,curve;uniswap-v4-ethereum;uniswap_v3;uniswap_v3_arbitrum,0x5d4f3c6fa16908609bac31ff148bd002aa6b8c83;0x7e13876b92f1a62c599c231f783f682e96b91761;0x91308bc9ce8ca2db82aa30c65619856cc939d907;0xa6cc3c2531fdaa6ae1a3ca84c2855806728693e8;0xb2b5618903d74bbac9e9049a035c3827afc4487cde3b994a1568b050f4c8e2e4,-0.015169194865811031,-0.0023696682464454666,0.04028436018957349,0.029620853080568832
2026-03-29,LINK,8.42,62697374.23818905,2045159.616241493,64742533.85443054,0.031589119153722096,30.656469910848134,12,binance;bitget;bybit;coinbase;crypto_com;gate;htx;kraken;kucoin;mexc;okx;upbit,arbitrum;eth,arbitrum;eth,5,curve;uniswap-v4-ethereum;uniswap_v3;uniswap_v3_arbitrum,0x5d4f3c6fa16908609bac31ff148bd002aa6b8c83;0x7e13876b92f1a62c599c231f783f682e96b91761;0x91308bc9ce8ca2db82aa30c65619856cc939d907;0xa6cc3c2531fdaa6ae1a3ca84c2855806728693e8;0xb2b5618903d74bbac9e9049a035c3827afc4487cde3b994a1568b050f4c8e2e4,-0.0023696682464454666,0.02375296912114,0.061757719714964354,0.04750593824228022
2026-03-30,LINK,8.62,87071412.74865407,4908058.632967452,91979471.38162152,0.053360370083058925,17.74049970874329,12,binance;bitget;bybit;coinbase;crypto_com;gate;htx;kraken;kucoin;mexc;okx;upbit,arbitrum;eth,arbitrum;eth,5,curve;uniswap-v4-ethereum;uniswap_v3;uniswap_v3_arbitrum,0x5d4f3c6fa16908609bac31ff148bd002aa6b8c83;0x7e13876b92f1a62c599c231f783f682e96b91761;0x91308bc9ce8ca2db82aa30c65619856cc939d907;0xa6cc3c2531fdaa6ae1a3ca84c2855806728693e8;0xb2b5618903d74bbac9e9049a035c3827afc4487cde3b994a1568b050f4c8e2e4,0.02375296912114,0.018561484918793614,0.0011600928074246841,0.022041763341067444
2026-03-31,LINK,8.78,86684834.13169058,4237003.815429665,90921837.94712025,0.04660050776683472,20.458993644521904,12,binance;bitget;bybit;coinbase;crypto_com;gate;htx;kraken;kucoin;mexc;okx;upbit,arbitrum;eth,arbitrum;eth,5,curve;uniswap-v4-ethereum;uniswap_v3;uniswap_v3_arbitrum,0x5d4f3c6fa16908609bac31ff148bd002aa6b8c83;0x7e13876b92f1a62c599c231f783f682e96b91761;0x91308bc9ce8ca2db82aa30c65619856cc939d907;0xa6cc3c2531fdaa6ae1a3ca84c2855806728693e8;0xb2b5618903d74bbac9e9049a035c3827afc4487cde3b994a1568b050f4c8e2e4,0.018561484918793614,0.018223234624145768,-0.01480637813211838,0.05808656036446469
2026-04-01,LINK,8.94,91182844.80183801,6453157.543205999,97636002.34504402,0.0660940369147914,14.129957961097194,12,binance;bitget;bybit;coinbase;crypto_com;gate;htx;kraken;kucoin;mexc;okx;upbit,arbitrum;eth,arbitrum;eth,5,curve;uniswap-v4-ethereum;uniswap_v3;uniswap_v3_arbitrum,0x5d4f3c6fa16908609bac31ff148bd002aa6b8c83;0x7e13876b92f1a62c599c231f783f682e96b91761;0x91308bc9ce8ca2db82aa30c65619856cc939d907;0xa6cc3c2531fdaa6ae1a3ca84c2855806728693e8;0xb2b5618903d74bbac9e9049a035c3827afc4487cde3b994a1568b050f4c8e2e4,0.018223234624145768,-0.03467561521252782,-0.027964205816554788,-0.010067114093959662
2026-04-02,LINK,8.63,85621333.16443357,3852680.2650300083,89474013.42946358,0.04305920923137365,22.223835686963415,12,binance;bitget;bybit;coinbase;crypto_com;gate;htx;kraken;kucoin;mexc;okx;upbit,arbitrum;eth,arbitrum;eth,5,curve;uniswap-v4-ethereum;uniswap_v3;uniswap_v3_arbitrum,0x5d4f3c6fa16908609bac31ff148bd002aa6b8c83;0x7e13876b92f1a62c599c231f783f682e96b91761;0x91308bc9ce8ca2db82aa30c65619856cc939d907;0xa6cc3c2531fdaa6ae1a3ca84c2855806728693e8;0xb2b5618903d74bbac9e9049a035c3827afc4487cde3b994a1568b050f4c8e2e4,-0.03467561521252782,0.002317497103128563,0.022016222479721792,0.03707995365005767
2026-04-03,LINK,8.65,35285609.341783084,3303634.2772861845,38589243.61906927,0.08561023662183571,10.680846116770809,12,binance;bitget;bybit;coinbase;crypto_com;gate;htx;kraken;kucoin;mexc;okx;upbit,arbitrum;eth,arbitrum;eth,5,curve;uniswap-v4-ethereum;uniswap_v3;uniswap_v3_arbitrum,0x5d4f3c6fa16908609bac31ff148bd002aa6b8c83;0x7e13876b92f1a62c599c231f783f682e96b91761;0x91308bc9ce8ca2db82aa30c65619856cc939d907;0xa6cc3c2531fdaa6ae1a3ca84c2855806728693e8;0xb2b5618903d74bbac9e9049a035c3827afc4487cde3b994a1568b050f4c8e2e4,0.002317497103128563,0.0046242774566473965,0.018497109826589586,0.05086705202312136
2026-04-04,LINK,8.69,28438999.334439307,1000797.5015156127,29439796.83595492,0.033994714946311566,28.41633726240438,12,binance;bitget;bybit;coinbase;crypto_com;gate;htx;kraken;kucoin;mexc;okx;upbit,arbitrum;eth,arbitrum;eth,5,curve;uniswap-v4-ethereum;uniswap_v3;uniswap_v3_arbitrum,0x5d4f3c6fa16908609bac31ff148bd002aa6b8c83;0x7e13876b92f1a62c599c231f783f682e96b91761;0x91308bc9ce8ca2db82aa30c65619856cc939d907;0xa6cc3c2531fdaa6ae1a3ca84c2855806728693e8;0xb2b5618903d74bbac9e9049a035c3827afc4487cde3b994a1568b050f4c8e2e4,0.0046242774566473965,0.014959723820483495,0.06904487917146152,0.0425776754890681
2026-04-05,LINK,8.82,46350159.55887818,1898592.7595903573,48248752.31846854,0.03935009027919709,24.412902306063124,12,binance;bitget;bybit;coinbase;crypto_com;gate;htx;kraken;kucoin;mexc;okx;upbit,arbitrum;eth,arbitrum;eth,5,curve;uniswap-v4-ethereum;uniswap_v3;uniswap_v3_arbitrum,0x5d4f3c6fa16908609bac31ff148bd002aa6b8c83;0x7e13876b92f1a62c599c231f783f682e96b91761;0x91308bc9ce8ca2db82aa30c65619856cc939d907;0xa6cc3c2531fdaa6ae1a3ca84c2855806728693e8;0xb2b5618903d74bbac9e9049a035c3827afc4487cde3b994a1568b050f4c8e2e4,0.014959723820483495,-0.0011337868480725266,0.00340136054421758,-0.010204081632653073
2026-04-06,LINK,8.81,84510449.21261758,3003681.543256482,87514130.75587405,0.034322246216847346,28.135622234104893,12,binance;bitget;bybit;coinbase;crypto_com;gate;htx;kraken;kucoin;mexc;okx;upbit,arbitrum;eth,arbitrum;eth,5,curve;uniswap-v4-ethereum;uniswap_v3;uniswap_v3_arbitrum,0x5d4f3c6fa16908609bac31ff148bd002aa6b8c83;0x7e13876b92f1a62c599c231f783f682e96b91761;0x91308bc9ce8ca2db82aa30c65619856cc939d907;0xa6cc3c2531fdaa6ae1a3ca84c2855806728693e8;0xb2b5618903d74bbac9e9049a035c3827afc4487cde3b994a1568b050f4c8e2e4,-0.0011337868480725266,0.05448354143019274,0.015891032917139558,0.06242905788876274
2026-04-07,LINK,9.29,119468477.0169871,2307090.327926038,121775567.34491314,0.018945428694998486,51.78318142592339,12,binance;bitget;bybit;coinbase;crypto_com;gate;htx;kraken;kucoin;mexc;okx;upbit,arbitrum;eth,arbitrum;eth,5,curve;uniswap-v4-ethereum;uniswap_v3;uniswap_v3_arbitrum,0x5d4f3c6fa16908609bac31ff148bd002aa6b8c83;0x7e13876b92f1a62c599c231f783f682e96b91761;0x91308bc9ce8ca2db82aa30c65619856cc939d907;0xa6cc3c2531fdaa6ae1a3ca84c2855806728693e8;0xb2b5618903d74bbac9e9049a035c3827afc4487cde3b994a1568b050f4c8e2e4,0.05448354143019274,-0.04736275565123782,-0.02152852529601712,-0.02906350914962319
2026-04-08,LINK,8.85,90152254.64895213,2417324.594209525,92569579.24316165,0.026113595999606953,37.29422803412642,12,binance;bitget;bybit;coinbase;crypto_com;gate;htx;kraken;kucoin;mexc;okx;upbit,arbitrum;eth,arbitrum;eth,5,curve;uniswap-v4-ethereum;uniswap_v3;uniswap_v3_arbitrum,0x5d4f3c6fa16908609bac31ff148bd002aa6b8c83;0x7e13876b92f1a62c599c231f783f682e96b91761;0x91308bc9ce8ca2db82aa30c65619856cc939d907;0xa6cc3c2531fdaa6ae1a3ca84c2855806728693e8;0xb2b5618903d74bbac9e9049a035c3827afc4487cde3b994a1568b050f4c8e2e4,-0.04736275565123782,0.011299435028248483,0.023728813559322104,0.04632768361581929
2026-04-09,LINK,8.95,90553892.65105367,4318494.816757502,94872387.46781117,0.04551898536571249,20.96885523624297,12,binance;bitget;bybit;coinbase;crypto_com;gate;htx;kraken;kucoin;mexc;okx;upbit,arbitrum;eth,arbitrum;eth,5,curve;uniswap-v4-ethereum;uniswap_v3;uniswap_v3_arbitrum,0x5d4f3c6fa16908609bac31ff148bd002aa6b8c83;0x7e13876b92f1a62c599c231f783f682e96b91761;0x91308bc9ce8ca2db82aa30c65619856cc939d907;0xa6cc3c2531fdaa6ae1a3ca84c2855806728693e8;0xb2b5618903d74bbac9e9049a035c3827afc4487cde3b994a1568b050f4c8e2e4,0.011299435028248483,0.015642458100558754,-0.024581005586592042,0.0715083798882683
2026-04-10,LINK,9.09,59211955.93945534,1710043.6691331493,60921999.60858849,0.028069394966019397,34.625990556996065,12,binance;bitget;bybit;coinbase;crypto_com;gate;htx;kraken;kucoin;mexc;okx;upbit,arbitrum;eth,arbitrum;eth,5,curve;uniswap-v4-ethereum;uniswap_v3;uniswap_v3_arbitrum,0x5d4f3c6fa16908609bac31ff148bd002aa6b8c83;0x7e13876b92f1a62c599c231f783f682e96b91761;0x91308bc9ce8ca2db82aa30c65619856cc939d907;0xa6cc3c2531fdaa6ae1a3ca84c2855806728693e8;0xb2b5618903d74bbac9e9049a035c3827afc4487cde3b994a1568b050f4c8e2e4,0.015642458100558754,-0.0033003300330032292,0.02970297029702973,0.05830583058305816
2026-04-11,LINK,9.06,55589204.015322864,2150179.316629852,57739383.33195271,0.03723938830915696,25.85328748415842,12,binance;bitget;bybit;coinbase;crypto_com;gate;htx;kraken;kucoin;mexc;okx;upbit,arbitrum;eth,arbitrum;eth,5,curve;uniswap-v4-ethereum;uniswap_v3;uniswap_v3_arbitrum,0x5d4f3c6fa16908609bac31ff148bd002aa6b8c83;0x7e13876b92f1a62c599c231f783f682e96b91761;0x91308bc9ce8ca2db82aa30c65619856cc939d907;0xa6cc3c2531fdaa6ae1a3ca84c2855806728693e8;0xb2b5618903d74bbac9e9049a035c3827afc4487cde3b994a1568b050f4c8e2e4,-0.0033003300330032292,-0.03642384105960261,-0.004415011037527727,0.024282560706401668
2026-04-12,LINK,8.73,63060019.00188066,1068861.695758747,64128880.697639406,0.016667399838121485,58.99736069886628,12,binance;bitget;bybit;coinbase;crypto_com;gate;htx;kraken;kucoin;mexc;okx;upbit,arbitrum;eth,arbitrum;eth,5,curve;uniswap-v4-ethereum;uniswap_v3;uniswap_v3_arbitrum,0x5d4f3c6fa16908609bac31ff148bd002aa6b8c83;0x7e13876b92f1a62c599c231f783f682e96b91761;0x91308bc9ce8ca2db82aa30c65619856cc939d907;0xa6cc3c2531fdaa6ae1a3ca84c2855806728693e8;0xb2b5618903d74bbac9e9049a035c3827afc4487cde3b994a1568b050f4c8e2e4,-0.03642384105960261,0.07216494845360821,0.060710194730813294,0.037800687285223455
2026-04-13,LINK,9.36,99455391.9697613,1438655.5203061,100894047.4900674,0.014259072324833926,69.13078952256782,12,binance;bitget;bybit;coinbase;crypto_com;gate;htx;kraken;kucoin;mexc;okx;upbit,arbitrum;eth,arbitrum;eth,5,curve;uniswap-v4-ethereum;uniswap_v3;uniswap_v3_arbitrum,0x5d4f3c6fa16908609bac31ff148bd002aa6b8c83;0x7e13876b92f1a62c599c231f783f682e96b91761;0x91308bc9ce8ca2db82aa30c65619856cc939d907;0xa6cc3c2531fdaa6ae1a3ca84c2855806728693e8;0xb2b5618903d74bbac9e9049a035c3827afc4487cde3b994a1568b050f4c8e2e4,0.07216494845360821,-0.03632478632478631,0.024572649572649707,-0.007478632478632563
2026-04-14,LINK,9.02,80084145.32404783,2483764.9392239507,82567910.26327178,0.030081479975747793,32.243045249310114,12,binance;bitget;bybit;coinbase;crypto_com;gate;htx;kraken;kucoin;mexc;okx;upbit,arbitrum;eth,arbitrum;eth,5,curve;uniswap-v4-ethereum;uniswap_v3;uniswap_v3_arbitrum,0x5d4f3c6fa16908609bac31ff148bd002aa6b8c83;0x7e13876b92f1a62c599c231f783f682e96b91761;0x91308bc9ce8ca2db82aa30c65619856cc939d907;0xa6cc3c2531fdaa6ae1a3ca84c2855806728693e8;0xb2b5618903d74bbac9e9049a035c3827afc4487cde3b994a1568b050f4c8e2e4,-0.03632478632478631,0.026607538802660757,0.06651884700665178,0.04212860310421296
2026-04-15,LINK,9.26,70784763.52080028,1442892.6389131208,72227656.1597134,0.019977010408901052,49.05754011893767,12,binance;bitget;bybit;coinbase;crypto_com;gate;htx;kraken;kucoin;mexc;okx;upbit,arbitrum;eth,arbitrum;eth,5,curve;uniswap-v4-ethereum;uniswap_v3;uniswap_v3_arbitrum,0x5d4f3c6fa16908609bac31ff148bd002aa6b8c83;0x7e13876b92f1a62c599c231f783f682e96b91761;0x91308bc9ce8ca2db82aa30c65619856cc939d907;0xa6cc3c2531fdaa6ae1a3ca84c2855806728693e8;0xb2b5618903d74bbac9e9049a035c3827afc4487cde3b994a1568b050f4c8e2e4,0.026607538802660757,0.0356371490280778,0.002159827213822796,0.003239740820734305
2026-04-16,LINK,9.59,108724609.01958573,6253612.196872595,114978221.21645832,0.054389536824539376,17.385889242373942,12,binance;bitget;bybit;coinbase;crypto_com;gate;htx;kraken;kucoin;mexc;okx;upbit,arbitrum;eth,arbitrum;eth,5,curve;uniswap-v4-ethereum;uniswap_v3;uniswap_v3_arbitrum,0x5d4f3c6fa16908609bac31ff148bd002aa6b8c83;0x7e13876b92f1a62c599c231f783f682e96b91761;0x91308bc9ce8ca2db82aa30c65619856cc939d907;0xa6cc3c2531fdaa6ae1a3ca84c2855806728693e8;0xb2b5618903d74bbac9e9049a035c3827afc4487cde3b994a1568b050f4c8e2e4,0.0356371490280778,0.0031282586027110426,-0.05526590198123038,-0.02502606882168923
2026-04-17,LINK,9.62,93553311.4335467,2893929.493114494,96447240.9266612,0.03000531135271197,32.32743287496722,12,binance;bitget;bybit;coinbase;crypto_com;gate;htx;kraken;kucoin;mexc;okx;upbit,arbitrum;eth,arbitrum;eth,5,curve;uniswap-v4-ethereum;uniswap_v3;uniswap_v3_arbitrum,0x5d4f3c6fa16908609bac31ff148bd002aa6b8c83;0x7e13876b92f1a62c599c231f783f682e96b91761;0x91308bc9ce8ca2db82aa30c65619856cc939d907;0xa6cc3c2531fdaa6ae1a3ca84c2855806728693e8;0xb2b5618903d74bbac9e9049a035c3827afc4487cde3b994a1568b050f4c8e2e4,0.0031282586027110426,-0.03534303534303529,-0.03430353430353428,-0.02494802494802484
2026-04-18,LINK,9.28,67894502.76802084,1582182.85515563,69476685.62317647,0.022772860290673328,42.91191915446616,12,binance;bitget;bybit;coinbase;crypto_com;gate;htx;kraken;kucoin;mexc;okx;upbit,arbitrum;eth,arbitrum;eth,5,curve;uniswap-v4-ethereum;uniswap_v3;uniswap_v3_arbitrum,0x5d4f3c6fa16908609bac31ff148bd002aa6b8c83;0x7e13876b92f1a62c599c231f783f682e96b91761;0x91308bc9ce8ca2db82aa30c65619856cc939d907;0xa6cc3c2531fdaa6ae1a3ca84c2855806728693e8;0xb2b5618903d74bbac9e9049a035c3827afc4487cde3b994a1568b050f4c8e2e4,-0.03534303534303529,-0.023706896551723977,0.012931034482758674,0.006465517241379448
2026-04-19,LINK,9.06,83627579.045559,2555002.6780438665,86182581.72360288,0.029646392889900237,32.73091639558869,12,binance;bitget;bybit;coinbase;crypto_com;gate;htx;kraken;kucoin;mexc;okx;upbit,arbitrum;eth,arbitrum;eth,5,curve;uniswap-v4-ethereum;uniswap_v3;uniswap_v3_arbitrum,0x5d4f3c6fa16908609bac31ff148bd002aa6b8c83;0x7e13876b92f1a62c599c231f783f682e96b91761;0x91308bc9ce8ca2db82aa30c65619856cc939d907;0xa6cc3c2531fdaa6ae1a3ca84c2855806728693e8;0xb2b5618903d74bbac9e9049a035c3827afc4487cde3b994a1568b050f4c8e2e4,-0.023706896551723977,0.02538631346578346,0.02538631346578346,0.04635761589403975
2026-04-20,LINK,9.29,77719248.42042087,2349401.20717832,80068649.6275992,0.02934233583437999,33.08044968350183,12,binance;bitget;bybit;coinbase;crypto_com;gate;htx;kraken;kucoin;mexc;okx;upbit,arbitrum;eth,arbitrum;eth,5,curve;uniswap-v4-ethereum;uniswap_v3;uniswap_v3_arbitrum,0x5d4f3c6fa16908609bac31ff148bd002aa6b8c83;0x7e13876b92f1a62c599c231f783f682e96b91761;0x91308bc9ce8ca2db82aa30c65619856cc939d907;0xa6cc3c2531fdaa6ae1a3ca84c2855806728693e8;0xb2b5618903d74bbac9e9049a035c3827afc4487cde3b994a1568b050f4c8e2e4,0.02538631346578346,0.011840688912809538,0.006458557588805203,0.0043057050592034685
2026-04-21,LINK,9.4,79162786.98254384,2739741.2736979336,81902528.25624177,0.03345124176296888,28.894256454988103,12,binance;bitget;bybit;coinbase;crypto_com;gate;htx;kraken;kucoin;mexc;okx;upbit,arbitrum;eth,arbitrum;eth,5,curve;uniswap-v4-ethereum;uniswap_v3;uniswap_v3_arbitrum,0x5d4f3c6fa16908609bac31ff148bd002aa6b8c83;0x7e13876b92f1a62c599c231f783f682e96b91761;0x91308bc9ce8ca2db82aa30c65619856cc939d907;0xa6cc3c2531fdaa6ae1a3ca84c2855806728693e8;0xb2b5618903d74bbac9e9049a035c3827afc4487cde3b994a1568b050f4c8e2e4,0.011840688912809538,-0.011702127659574568,-0.0021276595744680327,-0.017021276595744705
2026-04-22,LINK,9.29,72555175.0050441,4209689.340922603,76764864.34596671,0.05483875177516397,17.235280119065216,12,binance;bitget;bybit;coinbase;crypto_com;gate;htx;kraken;kucoin;mexc;okx;upbit,arbitrum;eth,arbitrum;eth,5,curve;uniswap-v4-ethereum;uniswap_v3;uniswap_v3_arbitrum,0x5d4f3c6fa16908609bac31ff148bd002aa6b8c83;0x7e13876b92f1a62c599c231f783f682e96b91761;0x91308bc9ce8ca2db82aa30c65619856cc939d907;0xa6cc3c2531fdaa6ae1a3ca84c2855806728693e8;0xb2b5618903d74bbac9e9049a035c3827afc4487cde3b994a1568b050f4c8e2e4,-0.011702127659574568,0.006458557588805203,0.005382131324004336,-0.019375672766415497
2026-04-23,LINK,9.35,71922813.54293747,2793869.629479724,74716683.1724172,0.03739284870331508,25.74308148957222,12,binance;bitget;bybit;coinbase;crypto_com;gate;htx;kraken;kucoin;mexc;okx;upbit,arbitrum;eth,arbitrum;eth,5,curve;uniswap-v4-ethereum;uniswap_v3;uniswap_v3_arbitrum,0x5d4f3c6fa16908609bac31ff148bd002aa6b8c83;0x7e13876b92f1a62c599c231f783f682e96b91761;0x91308bc9ce8ca2db82aa30c65619856cc939d907;0xa6cc3c2531fdaa6ae1a3ca84c2855806728693e8;0xb2b5618903d74bbac9e9049a035c3827afc4487cde3b994a1568b050f4c8e2e4,0.006458557588805203,0.0032085561497328108,0.013903743315508033,-0.025668449197860932
2026-04-24,LINK,9.38,45702961.67250196,1065750.001592841,46768711.674094796,0.022787670719250544,42.88337940811218,12,binance;bitget;bybit;coinbase;crypto_com;gate;htx;kraken;kucoin;mexc;okx;upbit,arbitrum;eth,arbitrum;eth,5,curve;uniswap-v4-ethereum;uniswap_v3;uniswap_v3_arbitrum,0x5d4f3c6fa16908609bac31ff148bd002aa6b8c83;0x7e13876b92f1a62c599c231f783f682e96b91761;0x91308bc9ce8ca2db82aa30c65619856cc939d907;0xa6cc3c2531fdaa6ae1a3ca84c2855806728693e8;0xb2b5618903d74bbac9e9049a035c3827afc4487cde3b994a1568b050f4c8e2e4,0.0032085561497328108,-0.004264392324093924,-0.00533049040511735,-0.029850746268656803
2026-04-25,LINK,9.34,29428421.486174576,1426661.8990897902,30855083.385264367,0.04623749938628035,20.627467170007062,12,binance;bitget;bybit;coinbase;crypto_com;gate;htx;kraken;kucoin;mexc;okx;upbit,arbitrum;eth,arbitrum;eth,5,curve;uniswap-v4-ethereum;uniswap_v3;uniswap_v3_arbitrum,0x5d4f3c6fa16908609bac31ff148bd002aa6b8c83;0x7e13876b92f1a62c599c231f783f682e96b91761;0x91308bc9ce8ca2db82aa30c65619856cc939d907;0xa6cc3c2531fdaa6ae1a3ca84c2855806728693e8;0xb2b5618903d74bbac9e9049a035c3827afc4487cde3b994a1568b050f4c8e2e4,-0.004264392324093924,0.014989293361884481,-0.010706638115631661,-0.018201284796573902
2026-04-26,LINK,9.48,45379930.98833156,1332596.4342916843,46712527.42262324,0.02852760293261926,34.05376888348975,12,binance;bitget;bybit;coinbase;crypto_com;gate;htx;kraken;kucoin;mexc;okx;upbit,arbitrum;eth,arbitrum;eth,5,curve;uniswap-v4-ethereum;uniswap_v3;uniswap_v3_arbitrum,0x5d4f3c6fa16908609bac31ff148bd002aa6b8c83;0x7e13876b92f1a62c599c231f783f682e96b91761;0x91308bc9ce8ca2db82aa30c65619856cc939d907;0xa6cc3c2531fdaa6ae1a3ca84c2855806728693e8;0xb2b5618903d74bbac9e9049a035c3827afc4487cde3b994a1568b050f4c8e2e4,0.014989293361884481,-0.015822784810126667,-0.03902953586497904,-0.03691983122362863
2026-04-27,LINK,9.33,55601398.764318004,1378913.5525219992,56980312.31684,0.024199824403462845,40.32261388875641,12,binance;bitget;bybit;coinbase;crypto_com;gate;htx;kraken;kucoin;mexc;okx;upbit,arbitrum;eth,arbitrum;eth,5,curve;uniswap-v4-ethereum;uniswap_v3;uniswap_v3_arbitrum,0x5d4f3c6fa16908609bac31ff148bd002aa6b8c83;0x7e13876b92f1a62c599c231f783f682e96b91761;0x91308bc9ce8ca2db82aa30c65619856cc939d907;0xa6cc3c2531fdaa6ae1a3ca84c2855806728693e8;0xb2b5618903d74bbac9e9049a035c3827afc4487cde3b994a1568b050f4c8e2e4,-0.015822784810126667,-0.009646302250803873,-0.023579849946409492,0.003215434083601254
2026-04-28,LINK,9.24,41657471.70528269,531798.7514706895,42189270.45675338,0.01260507104563034,78.33315063278908,12,binance;bitget;bybit;coinbase;crypto_com;gate;htx;kraken;kucoin;mexc;okx;upbit,arbitrum;eth,arbitrum;eth,5,curve;uniswap-v4-ethereum;uniswap_v3;uniswap_v3_arbitrum,0x5d4f3c6fa16908609bac31ff148bd002aa6b8c83;0x7e13876b92f1a62c599c231f783f682e96b91761;0x91308bc9ce8ca2db82aa30c65619856cc939d907;0xa6cc3c2531fdaa6ae1a3ca84c2855806728693e8;0xb2b5618903d74bbac9e9049a035c3827afc4487cde3b994a1568b050f4c8e2e4,-0.009646302250803873,-0.01406926406926412,-0.015151515151515249,0.05627705627705626
2026-04-29,LINK,9.11,63355858.84940791,1458314.6711077285,64814173.52051564,0.022499934688608315,43.444573454975334,12,binance;bitget;bybit;coinbase;crypto_com;gate;htx;kraken;kucoin;mexc;okx;upbit,arbitrum;eth,arbitrum;eth,5,curve;uniswap-v4-ethereum;uniswap_v3;uniswap_v3_arbitrum,0x5d4f3c6fa16908609bac31ff148bd002aa6b8c83;0x7e13876b92f1a62c599c231f783f682e96b91761;0x91308bc9ce8ca2db82aa30c65619856cc939d907;0xa6cc3c2531fdaa6ae1a3ca84c2855806728693e8;0xb2b5618903d74bbac9e9049a035c3827afc4487cde3b994a1568b050f4c8e2e4,-0.01406926406926412,0.0,0.00658616904500553,0.09659714599341385
2026-04-30,LINK,9.11,38333710.97421857,2460686.514825987,40794397.489044555,0.06031922681262326,15.578461841137623,12,binance;bitget;bybit;coinbase;crypto_com;gate;htx;kraken;kucoin;mexc;okx;upbit,arbitrum;eth,arbitrum;eth,5,curve;uniswap-v4-ethereum;uniswap_v3;uniswap_v3_arbitrum,0x5d4f3c6fa16908609bac31ff148bd002aa6b8c83;0x7e13876b92f1a62c599c231f783f682e96b91761;0x91308bc9ce8ca2db82aa30c65619856cc939d907;0xa6cc3c2531fdaa6ae1a3ca84c2855806728693e8;0xb2b5618903d74bbac9e9049a035c3827afc4487cde3b994a1568b050f4c8e2e4,0.0,-0.001097694840834218,0.002195389681668658,0.08122941822173435
2026-05-01,LINK,9.1,42910185.40325288,1137600.0933460523,44047785.49659893,0.025826499119550293,37.719920782566085,12,binance;bitget;bybit;coinbase;crypto_com;gate;htx;kraken;kucoin;mexc;okx;upbit,arbitrum;eth,arbitrum;eth,5,curve;uniswap-v4-ethereum;uniswap_v3;uniswap_v3_arbitrum,0x5d4f3c6fa16908609bac31ff148bd002aa6b8c83;0x7e13876b92f1a62c599c231f783f682e96b91761;0x91308bc9ce8ca2db82aa30c65619856cc939d907;0xa6cc3c2531fdaa6ae1a3ca84c2855806728693e8;0xb2b5618903d74bbac9e9049a035c3827afc4487cde3b994a1568b050f4c8e2e4,-0.001097694840834218,0.007692307692307665,0.02857142857142847,0.13626373626373622
2026-05-02,LINK,9.17,34872768.832237504,1414014.153189508,36286782.985427015,0.03896774629366798,24.662248785542257,12,binance;bitget;bybit;coinbase;crypto_com;gate;htx;kraken;kucoin;mexc;okx;upbit,arbitrum;eth,arbitrum;eth,5,curve;uniswap-v4-ethereum;uniswap_v3;uniswap_v3_arbitrum,0x5d4f3c6fa16908609bac31ff148bd002aa6b8c83;0x7e13876b92f1a62c599c231f783f682e96b91761;0x91308bc9ce8ca2db82aa30c65619856cc939d907;0xa6cc3c2531fdaa6ae1a3ca84c2855806728693e8;0xb2b5618903d74bbac9e9049a035c3827afc4487cde3b994a1568b050f4c8e2e4,0.007692307692307665,-0.004362050163576825,0.06434023991275906,0.1308615049073063
2026-05-03,LINK,9.13,55586268.20721313,936708.6898511366,56522976.89706427,0.016572175445695395,59.34210796746959,12,binance;bitget;bybit;coinbase;crypto_com;gate;htx;kraken;kucoin;mexc;okx;upbit,arbitrum;eth,arbitrum;eth,5,curve;uniswap-v4-ethereum;uniswap_v3;uniswap_v3_arbitrum,0x5d4f3c6fa16908609bac31ff148bd002aa6b8c83;0x7e13876b92f1a62c599c231f783f682e96b91761;0x91308bc9ce8ca2db82aa30c65619856cc939d907;0xa6cc3c2531fdaa6ae1a3ca84c2855806728693e8;0xb2b5618903d74bbac9e9049a035c3827afc4487cde3b994a1568b050f4c8e2e4,-0.004362050163576825,0.025191675794085322,0.0941949616648412,0.17415115005476456
2026-05-04,LINK,9.36,136168734.71633804,5888220.286579462,142056955.0029175,0.04144971491510945,23.125618283455918,12,binance;bitget;bybit;coinbase;crypto_com;gate;htx;kraken;kucoin;mexc;okx;upbit,arbitrum;eth,arbitrum;eth,5,curve;uniswap-v4-ethereum;uniswap_v3;uniswap_v3_arbitrum,0x5d4f3c6fa16908609bac31ff148bd002aa6b8c83;0x7e13876b92f1a62c599c231f783f682e96b91761;0x91308bc9ce8ca2db82aa30c65619856cc939d907;0xa6cc3c2531fdaa6ae1a3ca84c2855806728693e8;0xb2b5618903d74bbac9e9049a035c3827afc4487cde3b994a1568b050f4c8e2e4,0.025191675794085322,0.042735042735042805,0.052350427350427386,0.13247863247863245
2026-05-05,LINK,9.76,108654689.8206917,4630148.697499286,113284838.518191,0.040871742044773174,23.466781937127724,12,binance;bitget;bybit;coinbase;crypto_com;gate;htx;kraken;kucoin;mexc;okx;upbit,arbitrum;eth,arbitrum;eth,5,curve;uniswap-v4-ethereum;uniswap_v3;uniswap_v3_arbitrum,0x5d4f3c6fa16908609bac31ff148bd002aa6b8c83;0x7e13876b92f1a62c599c231f783f682e96b91761;0x91308bc9ce8ca2db82aa30c65619856cc939d907;0xa6cc3c2531fdaa6ae1a3ca84c2855806728693e8;0xb2b5618903d74bbac9e9049a035c3827afc4487cde3b994a1568b050f4c8e2e4,0.042735042735042805,0.023565573770491843,0.05942622950819665,0.05327868852459017
2026-05-06,LINK,9.99,144485653.08381358,10218142.085599072,154703795.16941264,0.06604971826586035,14.140109999785997,12,binance;bitget;bybit;coinbase;crypto_com;gate;htx;kraken;kucoin;mexc;okx;upbit,arbitrum;eth,arbitrum;eth,5,curve;uniswap-v4-ethereum;uniswap_v3;uniswap_v3_arbitrum,0x5d4f3c6fa16908609bac31ff148bd002aa6b8c83;0x7e13876b92f1a62c599c231f783f682e96b91761;0x91308bc9ce8ca2db82aa30c65619856cc939d907;0xa6cc3c2531fdaa6ae1a3ca84c2855806728693e8;0xb2b5618903d74bbac9e9049a035c3827afc4487cde3b994a1568b050f4c8e2e4,0.023565573770491843,-0.014014014014014031,0.03803803803803785,0.022022022022022192
2026-05-07,LINK,9.85,92251282.13576221,7702221.927425586,99953504.06318781,0.07705804813562571,11.977229818226824,12,binance;bitget;bybit;coinbase;crypto_com;gate;htx;kraken;kucoin;mexc;okx;upbit,arbitrum;eth,arbitrum;eth,5,curve;uniswap-v4-ethereum;uniswap_v3;uniswap_v3_arbitrum,0x5d4f3c6fa16908609bac31ff148bd002aa6b8c83;0x7e13876b92f1a62c599c231f783f682e96b91761;0x91308bc9ce8ca2db82aa30c65619856cc939d907;0xa6cc3c2531fdaa6ae1a3ca84c2855806728693e8;0xb2b5618903d74bbac9e9049a035c3827afc4487cde3b994a1568b050f4c8e2e4,-0.014014014014014031,0.0497461928934011,0.08832487309644677,0.06395939086294433
2026-05-08,LINK,10.34,116912711.44228344,13406560.630035546,130319272.07231899,0.10287473538522951,8.72055963259933,12,binance;bitget;bybit;coinbase;crypto_com;gate;htx;kraken;kucoin;mexc;okx;upbit,arbitrum;eth,arbitrum;eth,5,curve;uniswap-v4-ethereum;uniswap_v3;uniswap_v3_arbitrum,0x5d4f3c6fa16908609bac31ff148bd002aa6b8c83;0x7e13876b92f1a62c599c231f783f682e96b91761;0x91308bc9ce8ca2db82aa30c65619856cc939d907;0xa6cc3c2531fdaa6ae1a3ca84c2855806728693e8;0xb2b5618903d74bbac9e9049a035c3827afc4487cde3b994a1568b050f4c8e2e4,0.0497461928934011,0.0029013539651836506,0.025145067698259194,-0.026112185686653744
2026-05-09,LINK,10.37,78362564.64907812,9146118.216412595,87508682.8654907,0.10451669385163825,8.56784952860739,12,binance;bitget;bybit;coinbase;crypto_com;gate;htx;kraken;kucoin;mexc;okx;upbit,arbitrum;eth,arbitrum;eth,5,curve;uniswap-v4-ethereum;uniswap_v3;uniswap_v3_arbitrum,0x5d4f3c6fa16908609bac31ff148bd002aa6b8c83;0x7e13876b92f1a62c599c231f783f682e96b91761;0x91308bc9ce8ca2db82aa30c65619856cc939d907;0xa6cc3c2531fdaa6ae1a3ca84c2855806728693e8;0xb2b5618903d74bbac9e9049a035c3827afc4487cde3b994a1568b050f4c8e2e4,0.0029013539651836506,0.03375120540019294,-0.008678881388621051,-0.06268081002892945
2026-05-10,LINK,10.72,116265119.02217583,11294816.066153072,127559935.0883289,0.08854516944001245,10.293670861147087,12,binance;bitget;bybit;coinbase;crypto_com;gate;htx;kraken;kucoin;mexc;okx;upbit,arbitrum;eth,arbitrum;eth,5,curve;uniswap-v4-ethereum;uniswap_v3;uniswap_v3_arbitrum,0x5d4f3c6fa16908609bac31ff148bd002aa6b8c83;0x7e13876b92f1a62c599c231f783f682e96b91761;0x91308bc9ce8ca2db82aa30c65619856cc939d907;0xa6cc3c2531fdaa6ae1a3ca84c2855806728693e8;0xb2b5618903d74bbac9e9049a035c3827afc4487cde3b994a1568b050f4c8e2e4,0.03375120540019294,-0.011194029850746356,-0.0475746268656716,-0.10727611940298509
2026-05-11,LINK,10.6,96340203.37606888,5728872.3871424245,102069075.7632113,0.05612740533119708,16.81660837694512,12,binance;bitget;bybit;coinbase;crypto_com;gate;htx;kraken;kucoin;mexc;okx;upbit,arbitrum;eth,arbitrum;eth,5,curve;uniswap-v4-ethereum;uniswap_v3;uniswap_v3_arbitrum,0x5d4f3c6fa16908609bac31ff148bd002aa6b8c83;0x7e13876b92f1a62c599c231f783f682e96b91761;0x91308bc9ce8ca2db82aa30c65619856cc939d907;0xa6cc3c2531fdaa6ae1a3ca84c2855806728693e8;0xb2b5618903d74bbac9e9049a035c3827afc4487cde3b994a1568b050f4c8e2e4,-0.011194029850746356,-0.030188679245283012,-0.011320754716981019,-0.09433962264150941
2026-05-12,LINK,10.28,94922371.47953944,4343898.615713998,99266270.09525344,0.04376006685398475,21.851884649461883,12,binance;bitget;bybit;coinbase;crypto_com;gate;htx;kraken;kucoin;mexc;okx;upbit,arbitrum;eth,arbitrum;eth,5,curve;uniswap-v4-ethereum;uniswap_v3;uniswap_v3_arbitrum,0x5d4f3c6fa16908609bac31ff148bd002aa6b8c83;0x7e13876b92f1a62c599c231f783f682e96b91761;0x91308bc9ce8ca2db82aa30c65619856cc939d907;0xa6cc3c2531fdaa6ae1a3ca84c2855806728693e8;0xb2b5618903d74bbac9e9049a035c3827afc4487cde3b994a1568b050f4c8e2e4,-0.030188679245283012,-0.006809338521400643,-0.020428015564202262,-0.08073929961089499
2026-05-13,LINK,10.21,120509246.03510709,9214857.700924426,129724103.73603152,0.07103427532384603,13.077711012620163,12,binance;bitget;bybit;coinbase;crypto_com;gate;htx;kraken;kucoin;mexc;okx;upbit,arbitrum;eth,arbitrum;eth,5,curve;uniswap-v4-ethereum;uniswap_v3;uniswap_v3_arbitrum,0x5d4f3c6fa16908609bac31ff148bd002aa6b8c83;0x7e13876b92f1a62c599c231f783f682e96b91761;0x91308bc9ce8ca2db82aa30c65619856cc939d907;0xa6cc3c2531fdaa6ae1a3ca84c2855806728693e8;0xb2b5618903d74bbac9e9049a035c3827afc4487cde3b994a1568b050f4c8e2e4,-0.006809338521400643,0.026444662095984395,-0.04799216454456412,-0.05621939275220389
2026-05-14,LINK,10.48,128085168.77205506,6616482.324532101,134701651.09658715,0.049119533952763396,19.358499348989476,12,binance;bitget;bybit;coinbase;crypto_com;gate;htx;kraken;kucoin;mexc;okx;upbit,arbitrum;eth,arbitrum;eth,5,curve;uniswap-v4-ethereum;uniswap_v3;uniswap_v3_arbitrum,0x5d4f3c6fa16908609bac31ff148bd002aa6b8c83;0x7e13876b92f1a62c599c231f783f682e96b91761;0x91308bc9ce8ca2db82aa30c65619856cc939d907;0xa6cc3c2531fdaa6ae1a3ca84c2855806728693e8;0xb2b5618903d74bbac9e9049a035c3827afc4487cde3b994a1568b050f4c8e2e4,0.026444662095984395,-0.03912213740458015,-0.08683206106870234,-0.06898854961832068
2026-05-15,LINK,10.07,88868664.58078611,3576990.397381213,92445654.97816733,0.03869289906838761,24.84453540771277,12,binance;bitget;bybit;coinbase;crypto_com;gate;htx;kraken;kucoin;mexc;okx;upbit,arbitrum;eth,arbitrum;eth,5,curve;uniswap-v4-ethereum;uniswap_v3;uniswap_v3_arbitrum,0x5d4f3c6fa16908609bac31ff148bd002aa6b8c83;0x7e13876b92f1a62c599c231f783f682e96b91761;0x91308bc9ce8ca2db82aa30c65619856cc939d907;0xa6cc3c2531fdaa6ae1a3ca84c2855806728693e8;0xb2b5618903d74bbac9e9049a035c3827afc4487cde3b994a1568b050f4c8e2e4,-0.03912213740458015,-0.0347567030784508,-0.04667328699106266,-0.06454816285998022
2026-05-16,LINK,9.72,71864687.244574,6448601.761782433,78313289.00635643,0.08234364618831194,11.144227834083239,12,binance;bitget;bybit;coinbase;crypto_com;gate;htx;kraken;kucoin;mexc;okx;upbit,arbitrum;eth,arbitrum;eth,5,curve;uniswap-v4-ethereum;uniswap_v3;uniswap_v3_arbitrum,0x5d4f3c6fa16908609bac31ff148bd002aa6b8c83;0x7e13876b92f1a62c599c231f783f682e96b91761;0x91308bc9ce8ca2db82aa30c65619856cc939d907;0xa6cc3c2531fdaa6ae1a3ca84c2855806728693e8;0xb2b5618903d74bbac9e9049a035c3827afc4487cde3b994a1568b050f4c8e2e4,-0.0347567030784508,-0.015432098765432167,-0.0277777777777779,-0.015946502057613277
2026-05-17,LINK,9.57,83071822.78229316,5437708.809150754,88509531.59144391,0.061436420590846384,15.276989941516764,12,binance;bitget;bybit;coinbase;crypto_com;gate;htx;kraken;kucoin;mexc;okx;upbit,arbitrum;eth,arbitrum;eth,5,curve;uniswap-v4-ethereum;uniswap_v3;uniswap_v3_arbitrum,0x5d4f3c6fa16908609bac31ff148bd002aa6b8c83;0x7e13876b92f1a62c599c231f783f682e96b91761;0x91308bc9ce8ca2db82aa30c65619856cc939d907;0xa6cc3c2531fdaa6ae1a3ca84c2855806728693e8;0xb2b5618903d74bbac9e9049a035c3827afc4487cde3b994a1568b050f4c8e2e4,-0.015432098765432167,0.0031347962382444194,0.006896551724137723,-0.014524555903866365
2026-05-18,LINK,9.6,100853316.4648793,5039653.862282739,105892970.32716204,0.04759195862305549,20.011953046949387,12,binance;bitget;bybit;coinbase;crypto_com;gate;htx;kraken;kucoin;mexc;okx;upbit,arbitrum;eth,arbitrum;eth,5,curve;uniswap-v4-ethereum;uniswap_v3;uniswap_v3_arbitrum,0x5d4f3c6fa16908609bac31ff148bd002aa6b8c83;0x7e13876b92f1a62c599c231f783f682e96b91761;0x91308bc9ce8ca2db82aa30c65619856cc939d907;0xa6cc3c2531fdaa6ae1a3ca84c2855806728693e8;0xb2b5618903d74bbac9e9049a035c3827afc4487cde3b994a1568b050f4c8e2e4,0.0031347962382444194,-0.015625,0.01635416666666667,-0.009791666666666643
2026-05-19,LINK,9.45,114446264.39565587,6456524.568644065,120902788.96429993,0.05340261067551173,17.725676279690937,12,binance;bitget;bybit;coinbase;crypto_com;gate;htx;kraken;kucoin;mexc;okx;upbit,arbitrum;eth,arbitrum;eth,5,curve;uniswap-v4-ethereum;uniswap_v3;uniswap_v3_arbitrum,0x5d4f3c6fa16908609bac31ff148bd002aa6b8c83;0x7e13876b92f1a62c599c231f783f682e96b91761;0x91308bc9ce8ca2db82aa30c65619856cc939d907;0xa6cc3c2531fdaa6ae1a3ca84c2855806728693e8;0xb2b5618903d74bbac9e9049a035c3827afc4487cde3b994a1568b050f4c8e2e4,-0.015625,0.019682539682539746,-0.0031746031746030523,-0.006772486772486763
2026-05-20,LINK,9.636,91188614.2444334,3817944.5723150605,95006558.81674847,0.04018611577837723,23.884216367536208,12,binance;bitget;bybit;coinbase;crypto_com;gate;htx;kraken;kucoin;mexc;okx;upbit,arbitrum;eth,arbitrum;eth,5,curve;uniswap-v4-ethereum;uniswap_v3;uniswap_v3_arbitrum,0x5d4f3c6fa16908609bac31ff148bd002aa6b8c83;0x7e13876b92f1a62c599c231f783f682e96b91761;0x91308bc9ce8ca2db82aa30c65619856cc939d907;0xa6cc3c2531fdaa6ae1a3ca84c2855806728693e8;0xb2b5618903d74bbac9e9049a035c3827afc4487cde3b994a1568b050f4c8e2e4,0.019682539682539746,0.01255707762557079,-0.007368202573681981,-0.05188875051888753
2026-05-21,LINK,9.757,82489250.93150853,6487468.841232499,88976719.77274102,0.07291198032252033,12.71516718619601,12,binance;bitget;bybit;coinbase;crypto_com;gate;htx;kraken;kucoin;mexc;okx;upbit,arbitrum;eth,arbitrum;eth,5,curve;uniswap-v4-ethereum;uniswap_v3;uniswap_v3_arbitrum,0x5d4f3c6fa16908609bac31ff148bd002aa6b8c83;0x7e13876b92f1a62c599c231f783f682e96b91761;0x91308bc9ce8ca2db82aa30c65619856cc939d907;0xa6cc3c2531fdaa6ae1a3ca84c2855806728693e8;0xb2b5618903d74bbac9e9049a035c3827afc4487cde3b994a1568b050f4c8e2e4,0.01255707762557079,-0.03453930511427694,-0.03341190939838068,-0.07717536127908164
2026-05-22,LINK,9.42,103989554.11049156,6001378.628056282,109990932.73854785,0.0545624850943101,17.327610963311532,12,binance;bitget;bybit;coinbase;crypto_com;gate;htx;kraken;kucoin;mexc;okx;upbit,arbitrum;eth,arbitrum;eth,5,curve;uniswap-v4-ethereum;uniswap_v3;uniswap_v3_arbitrum,0x5d4f3c6fa16908609bac31ff148bd002aa6b8c83;0x7e13876b92f1a62c599c231f783f682e96b91761;0x91308bc9ce8ca2db82aa30c65619856cc939d907;0xa6cc3c2531fdaa6ae1a3ca84c2855806728693e8;0xb2b5618903d74bbac9e9049a035c3827afc4487cde3b994a1568b050f4c8e2e4,-0.03453930511427694,0.015392781316348136,0.009129511677282487,-0.04225053078556262
2026-05-23,LINK,9.565,90235515.9397942,5859818.281917283,96095334.22171149,0.06097921745500661,15.399029730708628,12,binance;bitget;bybit;coinbase;crypto_com;gate;htx;kraken;kucoin;mexc;okx;upbit,arbitrum;eth,arbitrum;eth,5,curve;uniswap-v4-ethereum;uniswap_v3;uniswap_v3_arbitrum,0x5d4f3c6fa16908609bac31ff148bd002aa6b8c83;0x7e13876b92f1a62c599c231f783f682e96b91761;0x91308bc9ce8ca2db82aa30c65619856cc939d907;0xa6cc3c2531fdaa6ae1a3ca84c2855806728693e8;0xb2b5618903d74bbac9e9049a035c3827afc4487cde3b994a1568b050f4c8e2e4,0.015392781316348136,-0.014009409304756915,-0.018714061683220096,-0.03910088865656025
2026-05-24,LINK,9.431,57731846.43621241,4216243.36894637,61948089.80515878,0.06806091006530533,13.692721549572097,12,binance;bitget;bybit;coinbase;crypto_com;gate;htx;kraken;kucoin;mexc;okx;upbit,arbitrum;eth,arbitrum;eth,5,curve;uniswap-v4-ethereum;uniswap_v3;uniswap_v3_arbitrum,0x5d4f3c6fa16908609bac31ff148bd002aa6b8c83;0x7e13876b92f1a62c599c231f783f682e96b91761;0x91308bc9ce8ca2db82aa30c65619856cc939d907;0xa6cc3c2531fdaa6ae1a3ca84c2855806728693e8;0xb2b5618903d74bbac9e9049a035c3827afc4487cde3b994a1568b050f4c8e2e4,-0.014009409304756915,0.00795249708408452,-0.031279821864065305,-0.03000742233061171
2026-05-25,LINK,9.506,51260834.96658216,3049836.727190621,54310671.69377278,0.05615538589518703,16.807730889188104,12,binance;bitget;bybit;coinbase;crypto_com;gate;htx;kraken;kucoin;mexc;okx;upbit,arbitrum;eth,arbitrum;eth,5,curve;uniswap-v4-ethereum;uniswap_v3;uniswap_v3_arbitrum,0x5d4f3c6fa16908609bac31ff148bd002aa6b8c83;0x7e13876b92f1a62c599c231f783f682e96b91761;0x91308bc9ce8ca2db82aa30c65619856cc939d907;0xa6cc3c2531fdaa6ae1a3ca84c2855806728693e8;0xb2b5618903d74bbac9e9049a035c3827afc4487cde3b994a1568b050f4c8e2e4,0.00795249708408452,-0.012623606143488453,-0.05280875236692617,-0.047233326320218816
2026-05-26,LINK,9.386,83729394.94924852,5427504.548554553,89156899.49780308,0.060875878133114,15.426867762192341,12,binance;bitget;bybit;coinbase;crypto_com;gate;htx;kraken;kucoin;mexc;okx;upbit,arbitrum;eth,arbitrum;eth,5,curve;uniswap-v4-ethereum;uniswap_v3;uniswap_v3_arbitrum,0x5d4f3c6fa16908609bac31ff148bd002aa6b8c83;0x7e13876b92f1a62c599c231f783f682e96b91761;0x91308bc9ce8ca2db82aa30c65619856cc939d907;0xa6cc3c2531fdaa6ae1a3ca84c2855806728693e8;0xb2b5618903d74bbac9e9049a035c3827afc4487cde3b994a1568b050f4c8e2e4,-0.012623606143488453,-0.026635414447048755,-0.0387811634349029,-0.10782015768165343
2026-05-27,LINK,9.136,82368761.07994404,6651359.674448548,89020120.7543926,0.07471748654216855,12.383747851791384,12,binance;bitget;bybit;coinbase;crypto_com;gate;htx;kraken;kucoin;mexc;okx;upbit,arbitrum;eth,arbitrum;eth,5,curve;uniswap-v4-ethereum;uniswap_v3;uniswap_v3_arbitrum,0x5d4f3c6fa16908609bac31ff148bd002aa6b8c83;0x7e13876b92f1a62c599c231f783f682e96b91761;0x91308bc9ce8ca2db82aa30c65619856cc939d907;0xa6cc3c2531fdaa6ae1a3ca84c2855806728693e8;0xb2b5618903d74bbac9e9049a035c3827afc4487cde3b994a1568b050f4c8e2e4,-0.026635414447048755,-0.014448336252189109,0.006020140105079008,-0.08778458844133097
2026-05-28,LINK,9.004,94852669.60236576,8624463.816616876,103477133.41898264,0.08334656683710122,10.998094678026451,12,binance;bitget;bybit;coinbase;crypto_com;gate;htx;kraken;kucoin;mexc;okx;upbit,arbitrum;eth,arbitrum;eth,5,curve;uniswap-v4-ethereum;uniswap_v3;uniswap_v3_arbitrum,0x5d4f3c6fa16908609bac31ff148bd002aa6b8c83;0x7e13876b92f1a62c599c231f783f682e96b91761;0x91308bc9ce8ca2db82aa30c65619856cc939d907;0xa6cc3c2531fdaa6ae1a3ca84c2855806728693e8;0xb2b5618903d74bbac9e9049a035c3827afc4487cde3b994a1568b050f4c8e2e4,-0.014448336252189109,0.0019991115059974085,0.015992892047978602,-0.10950688582852053
2026-05-29,LINK,9.022,80283621.40278086,4287880.129696206,84571501.53247707,0.050701241576627074,18.72338287788584,12,binance;bitget;bybit;coinbase;crypto_com;gate;htx;kraken;kucoin;mexc;okx;upbit,arbitrum;eth,arbitrum;eth,5,curve;uniswap-v4-ethereum;uniswap_v3;uniswap_v3_arbitrum,0x5d4f3c6fa16908609bac31ff148bd002aa6b8c83;0x7e13876b92f1a62c599c231f783f682e96b91761;0x91308bc9ce8ca2db82aa30c65619856cc939d907;0xa6cc3c2531fdaa6ae1a3ca84c2855806728693e8;0xb2b5618903d74bbac9e9049a035c3827afc4487cde3b994a1568b050f4c8e2e4,0.0019991115059974085,0.018731988472622474,0.003879405896696886,-0.18355131899800492
2026-05-30,LINK,9.191,65366247.96797619,6998837.09417132,72365085.06214751,0.09671566181620159,9.339587004020089,12,binance;bitget;bybit;coinbase;crypto_com;gate;htx;kraken;kucoin;mexc;okx;upbit,arbitrum;eth,arbitrum;eth,5,curve;uniswap-v4-ethereum;uniswap_v3;uniswap_v3_arbitrum,0x5d4f3c6fa16908609bac31ff148bd002aa6b8c83;0x7e13876b92f1a62c599c231f783f682e96b91761;0x91308bc9ce8ca2db82aa30c65619856cc939d907;0xa6cc3c2531fdaa6ae1a3ca84c2855806728693e8;0xb2b5618903d74bbac9e9049a035c3827afc4487cde3b994a1568b050f4c8e2e4,0.018731988472622474,-0.004678489827004806,-0.08889130671308887,-0.19551735393319558
2026-05-31,LINK,9.148,54875142.210679315,2620669.5768790236,57495811.78755834,0.0455801821976556,20.939359427383653,12,binance;bitget;bybit;coinbase;crypto_com;gate;htx;kraken;kucoin;mexc;okx;upbit,arbitrum;eth,arbitrum;eth,5,curve;uniswap-v4-ethereum;uniswap_v3;uniswap_v3_arbitrum,0x5d4f3c6fa16908609bac31ff148bd002aa6b8c83;0x7e13876b92f1a62c599c231f783f682e96b91761;0x91308bc9ce8ca2db82aa30c65619856cc939d907;0xa6cc3c2531fdaa6ae1a3ca84c2855806728693e8;0xb2b5618903d74bbac9e9049a035c3827afc4487cde3b994a1568b050f4c8e2e4,-0.004678489827004806,-0.009947529514647946,-0.08898119807608218,-0.1344556187144731
2026-06-01,LINK,9.057,83835560.24740595,6686760.635932153,90522320.8833381,0.07386863892442405,12.537544681486724,12,binance;bitget;bybit;coinbase;crypto_com;gate;htx;kraken;kucoin;mexc;okx;upbit,arbitrum;eth,arbitrum;eth,5,curve;uniswap-v4-ethereum;uniswap_v3;uniswap_v3_arbitrum,0x5d4f3c6fa16908609bac31ff148bd002aa6b8c83;0x7e13876b92f1a62c599c231f783f682e96b91761;0x91308bc9ce8ca2db82aa30c65619856cc939d907;0xa6cc3c2531fdaa6ae1a3ca84c2855806728693e8;0xb2b5618903d74bbac9e9049a035c3827afc4487cde3b994a1568b050f4c8e2e4,-0.009947529514647946,-0.07541128408965436,-0.11471789775863972,-0.11692613448161648
2026-06-02,LINK,8.374,113518617.13598014,10156461.065869106,123675078.20184925,0.08212213174664677,11.176985408575105,12,binance;bitget;bybit;coinbase;crypto_com;gate;htx;kraken;kucoin;mexc;okx;upbit,arbitrum;eth,arbitrum;eth,5,curve;uniswap-v4-ethereum;uniswap_v3;uniswap_v3_arbitrum,0x5d4f3c6fa16908609bac31ff148bd002aa6b8c83;0x7e13876b92f1a62c599c231f783f682e96b91761;0x91308bc9ce8ca2db82aa30c65619856cc939d907;0xa6cc3c2531fdaa6ae1a3ca84c2855806728693e8;0xb2b5618903d74bbac9e9049a035c3827afc4487cde3b994a1568b050f4c8e2e4,-0.07541128408965436,-0.004776689754000585,-0.12037258180081212,-0.06400764270360648
2026-06-03,LINK,8.334,120455644.97424737,12393804.455079334,132849449.4293267,0.0932921025139257,9.719020935890368,12,binance;bitget;bybit;coinbase;crypto_com;gate;htx;kraken;kucoin;mexc;okx;upbit,arbitrum;eth,arbitrum;eth,5,curve;uniswap-v4-ethereum;uniswap_v3;uniswap_v3_arbitrum,0x5d4f3c6fa16908609bac31ff148bd002aa6b8c83;0x7e13876b92f1a62c599c231f783f682e96b91761;0x91308bc9ce8ca2db82aa30c65619856cc939d907;0xa6cc3c2531fdaa6ae1a3ca84c2855806728693e8;0xb2b5618903d74bbac9e9049a035c3827afc4487cde3b994a1568b050f4c8e2e4,-0.004776689754000585,-0.037916966642668415,-0.11279097672186222,-0.09275257979361651
2026-06-04,LINK,8.018,153816342.50382388,12548057.844735881,166364400.34855977,0.0754251379408438,12.258179266232215,12,binance;bitget;bybit;coinbase;crypto_com;gate;htx;kraken;kucoin;mexc;okx;upbit,arbitrum;eth,arbitrum;eth,5,curve;uniswap-v4-ethereum;uniswap_v3;uniswap_v3_arbitrum,0x5d4f3c6fa16908609bac31ff148bd002aa6b8c83;0x7e13876b92f1a62c599c231f783f682e96b91761;0x91308bc9ce8ca2db82aa30c65619856cc939d907;0xa6cc3c2531fdaa6ae1a3ca84c2855806728693e8;0xb2b5618903d74bbac9e9049a035c3827afc4487cde3b994a1568b050f4c8e2e4,-0.037916966642668415,-0.08131703666749823,-0.0124719381391869,-0.016338238962334883
2026-06-05,LINK,7.366,186304716.69164935,13004756.633063454,199309473.3247128,0.06524906426237075,14.325890283712495,12,binance;bitget;bybit;coinbase;crypto_com;gate;htx;kraken;kucoin;mexc;okx;upbit,arbitrum;eth,arbitrum;eth,5,curve;uniswap-v4-ethereum;uniswap_v3;uniswap_v3_arbitrum,0x5d4f3c6fa16908609bac31ff148bd002aa6b8c83;0x7e13876b92f1a62c599c231f783f682e96b91761;0x91308bc9ce8ca2db82aa30c65619856cc939d907;0xa6cc3c2531fdaa6ae1a3ca84c2855806728693e8;0xb2b5618903d74bbac9e9049a035c3827afc4487cde3b994a1568b050f4c8e2e4,-0.08131703666749823,0.003801248981808447,0.08579961987510187,0.06801520499592728
2026-06-06,LINK,7.394,88104526.15628393,4685020.500807498,92789546.65709142,0.05049082218411125,18.80557964284222,12,binance;bitget;bybit;coinbase;crypto_com;gate;htx;kraken;kucoin;mexc;okx;upbit,arbitrum;eth,arbitrum;eth,5,curve;uniswap-v4-ethereum;uniswap_v3;uniswap_v3_arbitrum,0x5d4f3c6fa16908609bac31ff148bd002aa6b8c83;0x7e13876b92f1a62c599c231f783f682e96b91761;0x91308bc9ce8ca2db82aa30c65619856cc939d907;0xa6cc3c2531fdaa6ae1a3ca84c2855806728693e8;0xb2b5618903d74bbac9e9049a035c3827afc4487cde3b994a1568b050f4c8e2e4,0.003801248981808447,0.07086827157154452,0.06004868812550712,0.0802001622937516
2026-06-07,LINK,7.918,83659735.6503376,5626633.966931349,89286369.61726895,0.06301783789676109,14.868522840124239,12,binance;bitget;bybit;coinbase;crypto_com;gate;htx;kraken;kucoin;mexc;okx;upbit,arbitrum;eth,arbitrum;eth,5,curve;uniswap-v4-ethereum;uniswap_v3;uniswap_v3_arbitrum,0x5d4f3c6fa16908609bac31ff148bd002aa6b8c83;0x7e13876b92f1a62c599c231f783f682e96b91761;0x91308bc9ce8ca2db82aa30c65619856cc939d907;0xa6cc3c2531fdaa6ae1a3ca84c2855806728693e8;0xb2b5618903d74bbac9e9049a035c3827afc4487cde3b994a1568b050f4c8e2e4,0.07086827157154452,0.01010356150543057,-0.04508714321798435,0.03321545844910312
2026-06-08,LINK,7.998,91318027.0595756,6257905.326975099,97575932.3865507,0.0641336974591662,14.592427064363445,12,binance;bitget;bybit;coinbase;crypto_com;gate;htx;kraken;kucoin;mexc;okx;upbit,arbitrum;eth,arbitrum;eth,5,curve;uniswap-v4-ethereum;uniswap_v3;uniswap_v3_arbitrum,0x5d4f3c6fa16908609bac31ff148bd002aa6b8c83;0x7e13876b92f1a62c599c231f783f682e96b91761;0x91308bc9ce8ca2db82aa30c65619856cc939d907;0xa6cc3c2531fdaa6ae1a3ca84c2855806728693e8;0xb2b5618903d74bbac9e9049a035c3827afc4487cde3b994a1568b050f4c8e2e4,0.01010356150543057,-0.02000500125031257,-0.013878469617404465,0.037759439859964994
2026-06-09,LINK,7.838,69203366.40956753,3368513.7293011933,72571880.13886873,0.04641623894620656,20.544184162765443,12,binance;bitget;bybit;coinbase;crypto_com;gate;htx;kraken;kucoin;mexc;okx;upbit,arbitrum;eth,arbitrum;eth,5,curve;uniswap-v4-ethereum;uniswap_v3;uniswap_v3_arbitrum,0x5d4f3c6fa16908609bac31ff148bd002aa6b8c83;0x7e13876b92f1a62c599c231f783f682e96b91761;0x91308bc9ce8ca2db82aa30c65619856cc939d907;0xa6cc3c2531fdaa6ae1a3ca84c2855806728693e8;0xb2b5618903d74bbac9e9049a035c3827afc4487cde3b994a1568b050f4c8e2e4,-0.02000500125031257,-0.035340648124521534,0.003699923449859588,0.05600918601684102
2026-06-10,LINK,7.561,70592228.06640656,5443940.878266993,76036168.94467355,0.07159672763403145,12.967118792237631,12,binance;bitget;bybit;coinbase;crypto_com;gate;htx;kraken;kucoin;mexc;okx;upbit,arbitrum;eth,arbitrum;eth,5,curve;uniswap-v4-ethereum;uniswap_v3;uniswap_v3_arbitrum,0x5d4f3c6fa16908609bac31ff148bd002aa6b8c83;0x7e13876b92f1a62c599c231f783f682e96b91761;0x91308bc9ce8ca2db82aa30c65619856cc939d907;0xa6cc3c2531fdaa6ae1a3ca84c2855806728693e8;0xb2b5618903d74bbac9e9049a035c3827afc4487cde3b994a1568b050f4c8e2e4,-0.035340648124521534,0.043115989948419475,0.056341753736278255,0.07022880571353007
2026-06-11,LINK,7.887,62839892.46817045,5843666.798308384,68683559.26647884,0.0850810129922955,10.753503688191334,12,binance;bitget;bybit;coinbase;crypto_com;gate;htx;kraken;kucoin;mexc;okx;upbit,arbitrum;eth,arbitrum;eth,5,curve;uniswap-v4-ethereum;uniswap_v3;uniswap_v3_arbitrum,0x5d4f3c6fa16908609bac31ff148bd002aa6b8c83;0x7e13876b92f1a62c599c231f783f682e96b91761;0x91308bc9ce8ca2db82aa30c65619856cc939d907;0xa6cc3c2531fdaa6ae1a3ca84c2855806728693e8;0xb2b5618903d74bbac9e9049a035c3827afc4487cde3b994a1568b050f4c8e2e4,0.043115989948419475,-0.0025358184353999613,0.03727653100038042,0.01635602890833021
2026-06-12,LINK,7.867,46571331.09901613,2641239.902318189,49212571.00133432,0.05367002472288181,17.632374498863566,12,binance;bitget;bybit;coinbase;crypto_com;gate;htx;kraken;kucoin;mexc;okx;upbit,arbitrum;eth,arbitrum;eth,5,curve;uniswap-v4-ethereum;uniswap_v3;uniswap_v3_arbitrum,0x5d4f3c6fa16908609bac31ff148bd002aa6b8c83;0x7e13876b92f1a62c599c231f783f682e96b91761;0x91308bc9ce8ca2db82aa30c65619856cc939d907;0xa6cc3c2531fdaa6ae1a3ca84c2855806728693e8;0xb2b5618903d74bbac9e9049a035c3827afc4487cde3b994a1568b050f4c8e2e4,-0.0025358184353999613,0.015253590949536155,0.055040040676242574,0.010550400406762472
2026-06-13,LINK,7.987,39609904.515040554,5107960.320388183,44717864.83542874,0.11422639115679079,7.754544285894212,12,binance;bitget;bybit;coinbase;crypto_com;gate;htx;kraken;kucoin;mexc;okx;upbit,arbitrum;eth,arbitrum;eth,5,curve;uniswap-v4-ethereum;uniswap_v3;uniswap_v3_arbitrum,0x5d4f3c6fa16908609bac31ff148bd002aa6b8c83;0x7e13876b92f1a62c599c231f783f682e96b91761;0x91308bc9ce8ca2db82aa30c65619856cc939d907;0xa6cc3c2531fdaa6ae1a3ca84c2855806728693e8;0xb2b5618903d74bbac9e9049a035c3827afc4487cde3b994a1568b050f4c8e2e4,0.015253590949536155,0.02428947038938256,0.03630900212845867,0.0
2026-06-14,LINK,8.181,59998634.349744424,3451471.6136453375,63450105.96338976,0.05439662489510752,17.38349349666988,12,binance;bitget;bybit;coinbase;crypto_com;gate;htx;kraken;kucoin;mexc;okx;upbit,arbitrum;eth,arbitrum;eth,5,curve;uniswap-v4-ethereum;uniswap_v3;uniswap_v3_arbitrum,0x5d4f3c6fa16908609bac31ff148bd002aa6b8c83;0x7e13876b92f1a62c599c231f783f682e96b91761;0x91308bc9ce8ca2db82aa30c65619856cc939d907;0xa6cc3c2531fdaa6ae1a3ca84c2855806728693e8;0xb2b5618903d74bbac9e9049a035c3827afc4487cde3b994a1568b050f4c8e2e4,0.02428947038938256,0.014545899034348109,-0.01087886566434404,-0.04864930937538181
2026-06-15,LINK,8.3,78641185.41546865,9860817.793245371,88502003.20871402,0.1114191479936407,7.97511799369598,12,binance;bitget;bybit;coinbase;crypto_com;gate;htx;kraken;kucoin;mexc;okx;upbit,arbitrum;eth,arbitrum;eth,5,curve;uniswap-v4-ethereum;uniswap_v3;uniswap_v3_arbitrum,0x5d4f3c6fa16908609bac31ff148bd002aa6b8c83;0x7e13876b92f1a62c599c231f783f682e96b91761;0x91308bc9ce8ca2db82aa30c65619856cc939d907;0xa6cc3c2531fdaa6ae1a3ca84c2855806728693e8;0xb2b5618903d74bbac9e9049a035c3827afc4487cde3b994a1568b050f4c8e2e4,0.014545899034348109,-0.0027710843373496274,-0.03421686746987962,-0.051325301204819374
2026-06-16,LINK,8.277,53349802.98057325,8068400.138919837,61418203.11949309,0.1313682219458984,6.612191024491691,12,binance;bitget;bybit;coinbase;crypto_com;gate;htx;kraken;kucoin;mexc;okx;upbit,arbitrum;eth,arbitrum;eth,5,curve;uniswap-v4-ethereum;uniswap_v3;uniswap_v3_arbitrum,0x5d4f3c6fa16908609bac31ff148bd002aa6b8c83;0x7e13876b92f1a62c599c231f783f682e96b91761;0x91308bc9ce8ca2db82aa30c65619856cc939d907;0xa6cc3c2531fdaa6ae1a3ca84c2855806728693e8;0xb2b5618903d74bbac9e9049a035c3827afc4487cde3b994a1568b050f4c8e2e4,-0.0027710843373496274,-0.02235109339132524,-0.03950706777818036,-0.07756433490395065
2026-06-17,LINK,8.092,66183018.65386871,8009853.2120744325,74192871.86594315,0.10795987553288398,8.262700564112873,12,binance;bitget;bybit;coinbase;crypto_com;gate;htx;kraken;kucoin;mexc;okx;upbit,arbitrum;eth,arbitrum;eth,5,curve;uniswap-v4-ethereum;uniswap_v3;uniswap_v3_arbitrum,0x5d4f3c6fa16908609bac31ff148bd002aa6b8c83;0x7e13876b92f1a62c599c231f783f682e96b91761;0x91308bc9ce8ca2db82aa30c65619856cc939d907;0xa6cc3c2531fdaa6ae1a3ca84c2855806728693e8;0xb2b5618903d74bbac9e9049a035c3827afc4487cde3b994a1568b050f4c8e2e4,-0.02235109339132524,-0.009391992090954093,-0.012975778546712835,-0.08230350963914979
2026-06-18,LINK,8.016,57343289.949195,12287064.401890984,69630354.35108598,0.17646132231264958,4.666964221361926,12,binance;bitget;bybit;coinbase;crypto_com;gate;htx;kraken;kucoin;mexc;okx;upbit,arbitrum;eth,arbitrum;eth,5,curve;uniswap-v4-ethereum;uniswap_v3;uniswap_v3_arbitrum,0x5d4f3c6fa16908609bac31ff148bd002aa6b8c83;0x7e13876b92f1a62c599c231f783f682e96b91761;0x91308bc9ce8ca2db82aa30c65619856cc939d907;0xa6cc3c2531fdaa6ae1a3ca84c2855806728693e8;0xb2b5618903d74bbac9e9049a035c3827afc4487cde3b994a1568b050f4c8e2e4,-0.009391992090954093,-0.00823353293413176,-0.02906686626746502,-0.09580838323353291
2026-06-19,LINK,7.95,41041860.22170561,3722069.395334103,44763929.61703971,0.08314885281915176,11.026624133648529,12,binance;bitget;bybit;coinbase;crypto_com;gate;htx;kraken;kucoin;mexc;okx;upbit,arbitrum;eth,arbitrum;eth,5,curve;uniswap-v4-ethereum;uniswap_v3;uniswap_v3_arbitrum,0x5d4f3c6fa16908609bac31ff148bd002aa6b8c83;0x7e13876b92f1a62c599c231f783f682e96b91761;0x91308bc9ce8ca2db82aa30c65619856cc939d907;0xa6cc3c2531fdaa6ae1a3ca84c2855806728693e8;0xb2b5618903d74bbac9e9049a035c3827afc4487cde3b994a1568b050f4c8e2e4,-0.00823353293413176,0.004654088050314531,-0.009559748427673043,-0.07496855345911946
2026-06-20,LINK,7.987,32372771.061265502,2992866.1805714862,35365637.24183699,0.08462638917279208,10.816645017881802,12,binance;bitget;bybit;coinbase;crypto_com;gate;htx;kraken;kucoin;mexc;okx;upbit,arbitrum;eth,arbitrum;eth,5,curve;uniswap-v4-ethereum;uniswap_v3;uniswap_v3_arbitrum,0x5d4f3c6fa16908609bac31ff148bd002aa6b8c83;0x7e13876b92f1a62c599c231f783f682e96b91761;0x91308bc9ce8ca2db82aa30c65619856cc939d907;0xa6cc3c2531fdaa6ae1a3ca84c2855806728693e8;0xb2b5618903d74bbac9e9049a035c3827afc4487cde3b994a1568b050f4c8e2e4,0.004654088050314531,-0.02554150494553642,-0.044071616376612055,-0.08639038437460878
2026-06-21,LINK,7.783,42395308.83051393,2838644.628116448,45233953.45863038,0.06275473203359479,14.93505330346507,12,binance;bitget;bybit;coinbase;crypto_com;gate;htx;kraken;kucoin;mexc;okx;upbit,arbitrum;eth,arbitrum;eth,5,curve;uniswap-v4-ethereum;uniswap_v3;uniswap_v3_arbitrum,0x5d4f3c6fa16908609bac31ff148bd002aa6b8c83;0x7e13876b92f1a62c599c231f783f682e96b91761;0x91308bc9ce8ca2db82aa30c65619856cc939d907;0xa6cc3c2531fdaa6ae1a3ca84c2855806728693e8;0xb2b5618903d74bbac9e9049a035c3827afc4487cde3b994a1568b050f4c8e2e4,-0.02554150494553642,0.01169214955672615,-0.045869202107156615,-0.06616985738147252
2026-06-22,LINK,7.874,53780468.031867765,3798382.2348618438,57578850.26672961,0.06596835847305269,14.158782530695964,12,binance;bitget;bybit;coinbase;crypto_com;gate;htx;kraken;kucoin;mexc;okx;upbit,arbitrum;eth,arbitrum;eth,5,curve;uniswap-v4-ethereum;uniswap_v3;uniswap_v3_arbitrum,0x5d4f3c6fa16908609bac31ff148bd002aa6b8c83;0x7e13876b92f1a62c599c231f783f682e96b91761;0x91308bc9ce8ca2db82aa30c65619856cc939d907;0xa6cc3c2531fdaa6ae1a3ca84c2855806728693e8;0xb2b5618903d74bbac9e9049a035c3827afc4487cde3b994a1568b050f4c8e2e4,0.01169214955672615,-0.030353060706121426,-0.0795021590043179,-0.0627381254762509
2026-06-23,LINK,7.635,62221009.536116816,6487337.174196702,68708346.71031351,0.09441847293384104,9.591147779955088,12,binance;bitget;bybit;coinbase;crypto_com;gate;htx;kraken;kucoin;mexc;okx;upbit,arbitrum;eth,arbitrum;eth,5,curve;uniswap-v4-ethereum;uniswap_v3;uniswap_v3_arbitrum,0x5d4f3c6fa16908609bac31ff148bd002aa6b8c83;0x7e13876b92f1a62c599c231f783f682e96b91761;0x91308bc9ce8ca2db82aa30c65619856cc939d907;0xa6cc3c2531fdaa6ae1a3ca84c2855806728693e8;0xb2b5618903d74bbac9e9049a035c3827afc4487cde3b994a1568b050f4c8e2e4,-0.030353060706121426,-0.027373935821872863,-0.03680419122462342,-0.05684348395546823
2026-06-24,LINK,7.426,85930446.59701148,4569146.635821655,90499593.23283313,0.050488035057421395,18.806672984256036,12,binance;bitget;bybit;coinbase;crypto_com;gate;htx;kraken;kucoin;mexc;okx;upbit,arbitrum;eth,arbitrum;eth,5,curve;uniswap-v4-ethereum;uniswap_v3;uniswap_v3_arbitrum,0x5d4f3c6fa16908609bac31ff148bd002aa6b8c83;0x7e13876b92f1a62c599c231f783f682e96b91761;0x91308bc9ce8ca2db82aa30c65619856cc939d907;0xa6cc3c2531fdaa6ae1a3ca84c2855806728693e8;0xb2b5618903d74bbac9e9049a035c3827afc4487cde3b994a1568b050f4c8e2e4,-0.027373935821872863,-0.023969835712361998,-0.017371397791543286,-0.00915701589011586
2026-06-25,LINK,7.248,65421068.41114732,8565345.181895358,73986413.59304267,0.11576916309267898,7.637878803697062,12,binance;bitget;bybit;coinbase;crypto_com;gate;htx;kraken;kucoin;mexc;okx;upbit,arbitrum;eth,arbitrum;eth,5,curve;uniswap-v4-ethereum;uniswap_v3;uniswap_v3_arbitrum,0x5d4f3c6fa16908609bac31ff148bd002aa6b8c83;0x7e13876b92f1a62c599c231f783f682e96b91761;0x91308bc9ce8ca2db82aa30c65619856cc939d907;0xa6cc3c2531fdaa6ae1a3ca84c2855806728693e8;0xb2b5618903d74bbac9e9049a035c3827afc4487cde3b994a1568b050f4c8e2e4,-0.023969835712361998,0.014624724061810035,0.0027593818984545937,0.06884657836644581
2026-06-26,LINK,7.354,62176093.2001447,3700688.5615606345,65876781.76170534,0.056175916045004375,16.801222844303368,12,binance;bitget;bybit;coinbase;crypto_com;gate;htx;kraken;kucoin;mexc;okx;upbit,arbitrum;eth,arbitrum;eth,5,curve;uniswap-v4-ethereum;uniswap_v3;uniswap_v3_arbitrum,0x5d4f3c6fa16908609bac31ff148bd002aa6b8c83;0x7e13876b92f1a62c599c231f783f682e96b91761;0x91308bc9ce8ca2db82aa30c65619856cc939d907;0xa6cc3c2531fdaa6ae1a3ca84c2855806728693e8;0xb2b5618903d74bbac9e9049a035c3827afc4487cde3b994a1568b050f4c8e2e4,0.014624724061810035,-0.0077508838727223806,0.003535490889311932,0.08444384008702732
2026-06-27,LINK,7.297,28345616.748451382,2170419.500858366,30516036.24930975,0.07112389968102294,13.059971465074446,12,binance;bitget;bybit;coinbase;crypto_com;gate;htx;kraken;kucoin;mexc;okx;upbit,arbitrum;eth,arbitrum;eth,5,curve;uniswap-v4-ethereum;uniswap_v3;uniswap_v3_arbitrum,0x5d4f3c6fa16908609bac31ff148bd002aa6b8c83;0x7e13876b92f1a62c599c231f783f682e96b91761;0x91308bc9ce8ca2db82aa30c65619856cc939d907;0xa6cc3c2531fdaa6ae1a3ca84c2855806728693e8;0xb2b5618903d74bbac9e9049a035c3827afc4487cde3b994a1568b050f4c8e2e4,-0.0077508838727223806,-0.003974235987392105,-0.013156091544470394,0.09716321776072356
2026-06-28,LINK,7.268,46654963.189865105,3096106.770690409,49751069.960555516,0.062231963516465406,15.068912878434547,12,binance;bitget;bybit;coinbase;crypto_com;gate;htx;kraken;kucoin;mexc;okx;upbit,arbitrum;eth,arbitrum;eth,5,curve;uniswap-v4-ethereum;uniswap_v3;uniswap_v3_arbitrum,0x5d4f3c6fa16908609bac31ff148bd002aa6b8c83;0x7e13876b92f1a62c599c231f783f682e96b91761;0x91308bc9ce8ca2db82aa30c65619856cc939d907;0xa6cc3c2531fdaa6ae1a3ca84c2855806728693e8;0xb2b5618903d74bbac9e9049a035c3827afc4487cde3b994a1568b050f4c8e2e4,-0.003974235987392105,0.015410016510732039,0.012383048981838174,0.10938359933957087
2026-06-29,LINK,7.38,61250043.91323096,4025639.8272564444,65275683.740487404,0.061671354424427595,15.214983590564811,12,binance;bitget;bybit;coinbase;crypto_com;gate;htx;kraken;kucoin;mexc;okx;upbit,arbitrum;eth,arbitrum;eth,5,curve;uniswap-v4-ethereum;uniswap_v3;uniswap_v3_arbitrum,0x5d4f3c6fa16908609bac31ff148bd002aa6b8c83;0x7e13876b92f1a62c599c231f783f682e96b91761;0x91308bc9ce8ca2db82aa30c65619856cc939d907;0xa6cc3c2531fdaa6ae1a3ca84c2855806728693e8;0xb2b5618903d74bbac9e9049a035c3827afc4487cde3b994a1568b050f4c8e2e4,0.015410016510732039,-0.024254742547425545,0.04972899728997282,0.08685636856368584
2026-06-30,LINK,7.201,45590215.01007805,3017672.446931821,48607887.457009874,0.06208195016911055,15.107741417207592,12,binance;bitget;bybit;coinbase;crypto_com;gate;htx;kraken;kucoin;mexc;okx;upbit,arbitrum;eth,arbitrum;eth,5,curve;uniswap-v4-ethereum;uniswap_v3;uniswap_v3_arbitrum,0x5d4f3c6fa16908609bac31ff148bd002aa6b8c83;0x7e13876b92f1a62c599c231f783f682e96b91761;0x91308bc9ce8ca2db82aa30c65619856cc939d907;0xa6cc3c2531fdaa6ae1a3ca84c2855806728693e8;0xb2b5618903d74bbac9e9049a035c3827afc4487cde3b994a1568b050f4c8e2e4,-0.024254742547425545,0.021802527426746376,0.10748507151784481,0.09165393695320101
2026-07-01,LINK,7.358,54857584.62339455,2933293.101122909,57790877.72451746,0.050757026309681326,18.701705807167457,12,binance;bitget;bybit;coinbase;crypto_com;gate;htx;kraken;kucoin;mexc;okx;upbit,arbitrum;eth,arbitrum;eth,5,curve;uniswap-v4-ethereum;uniswap_v3;uniswap_v3_arbitrum,0x5d4f3c6fa16908609bac31ff148bd002aa6b8c83;0x7e13876b92f1a62c599c231f783f682e96b91761;0x91308bc9ce8ca2db82aa30c65619856cc939d907;0xa6cc3c2531fdaa6ae1a3ca84c2855806728693e8;0xb2b5618903d74bbac9e9049a035c3827afc4487cde3b994a1568b050f4c8e2e4,0.021802527426746376,0.052867627072574086,0.08806740962218007,
2026-07-02,LINK,7.747,59998390.33634963,9643974.306176113,69642364.64252575,0.1384785590736132,6.2213345278124565,12,binance;bitget;bybit;coinbase;crypto_com;gate;htx;kraken;kucoin;mexc;okx;upbit,arbitrum;eth,arbitrum;eth,5,curve;uniswap-v4-ethereum;uniswap_v3;uniswap_v3_arbitrum,0x5d4f3c6fa16908609bac31ff148bd002aa6b8c83;0x7e13876b92f1a62c599c231f783f682e96b91761;0x91308bc9ce8ca2db82aa30c65619856cc939d907;0xa6cc3c2531fdaa6ae1a3ca84c2855806728693e8;0xb2b5618903d74bbac9e9049a035c3827afc4487cde3b994a1568b050f4c8e2e4,0.052867627072574086,0.029430747386084866,0.04078998321931082,
2026-07-03,LINK,7.975,41867912.68221371,5143839.249128184,47011751.931341894,0.10941602977571399,8.139428674663538,12,binance;bitget;bybit;coinbase;crypto_com;gate;htx;kraken;kucoin;mexc;okx;upbit,arbitrum;eth,arbitrum;eth,5,curve;uniswap-v4-ethereum;uniswap_v3;uniswap_v3_arbitrum,0x5d4f3c6fa16908609bac31ff148bd002aa6b8c83;0x7e13876b92f1a62c599c231f783f682e96b91761;0x91308bc9ce8ca2db82aa30c65619856cc939d907;0xa6cc3c2531fdaa6ae1a3ca84c2855806728693e8;0xb2b5618903d74bbac9e9049a035c3827afc4487cde3b994a1568b050f4c8e2e4,0.029430747386084866,0.003887147335423169,0.005768025078370043,
2026-07-04,LINK,8.006,32702706.68243325,3646833.6645550528,36349540.346988305,0.10032681650834703,8.967424810262983,12,binance;bitget;bybit;coinbase;crypto_com;gate;htx;kraken;kucoin;mexc;okx;upbit,arbitrum;eth,arbitrum;eth,5,curve;uniswap-v4-ethereum;uniswap_v3;uniswap_v3_arbitrum,0x5d4f3c6fa16908609bac31ff148bd002aa6b8c83;0x7e13876b92f1a62c599c231f783f682e96b91761;0x91308bc9ce8ca2db82aa30c65619856cc939d907;0xa6cc3c2531fdaa6ae1a3ca84c2855806728693e8;0xb2b5618903d74bbac9e9049a035c3827afc4487cde3b994a1568b050f4c8e2e4,0.003887147335423169,0.007119660254808924,-0.01811141643767178,
2026-07-05,LINK,8.063,30683923.942014385,2980596.218193201,33664520.160207585,0.08853820592150753,10.294559106907338,12,binance;bitget;bybit;coinbase;crypto_com;gate;htx;kraken;kucoin;mexc;okx;upbit,arbitrum;eth,arbitrum;eth,5,curve;uniswap-v4-ethereum;uniswap_v3;uniswap_v3_arbitrum,0x5d4f3c6fa16908609bac31ff148bd002aa6b8c83;0x7e13876b92f1a62c599c231f783f682e96b91761;0x91308bc9ce8ca2db82aa30c65619856cc939d907;0xa6cc3c2531fdaa6ae1a3ca84c2855806728693e8;0xb2b5618903d74bbac9e9049a035c3827afc4487cde3b994a1568b050f4c8e2e4,0.007119660254808924,-0.0052089792881061525,,
2026-07-06,LINK,8.021,46541387.799903624,3839707.3089036075,50381095.10880723,0.07621325619482971,12.12107696125231,12,binance;bitget;bybit;coinbase;crypto_com;gate;htx;kraken;kucoin;mexc;okx;upbit,arbitrum;eth,arbitrum;eth,5,curve;uniswap-v4-ethereum;uniswap_v3;uniswap_v3_arbitrum,0x5d4f3c6fa16908609bac31ff148bd002aa6b8c83;0x7e13876b92f1a62c599c231f783f682e96b91761;0x91308bc9ce8ca2db82aa30c65619856cc939d907;0xa6cc3c2531fdaa6ae1a3ca84c2855806728693e8;0xb2b5618903d74bbac9e9049a035c3827afc4487cde3b994a1568b050f4c8e2e4,-0.0052089792881061525,-0.01994763745168948,,
2026-07-07,LINK,7.861,36295048.48092125,357744.3544462038,36652792.835367456,0.009760357309007154,101.45526555438393,12,binance;bitget;bybit;coinbase;crypto_com;gate;htx;kraken;kucoin;mexc;okx;upbit,arbitrum;eth,arbitrum;eth,4,uniswap-v4-ethereum;uniswap_v3;uniswap_v3_arbitrum,0x5d4f3c6fa16908609bac31ff148bd002aa6b8c83;0x91308bc9ce8ca2db82aa30c65619856cc939d907;0xa6cc3c2531fdaa6ae1a3ca84c2855806728693e8;0xb2b5618903d74bbac9e9049a035c3827afc4487cde3b994a1568b050f4c8e2e4,-0.01994763745168948,,,
2026-01-17,MORPHO,1.308,2581502.52117882,343714.1053980965,2925216.626576917,0.11750039374017579,7.510609778987315,10,binance;bitget;bybit;coinbase;gate;htx;kraken;kucoin;mexc;okx,base;eth,base;eth,5,aerodrome-slipstream;uniswap-v3-base;uniswap-v4-ethereum;uniswap_v3,0x2043b296ffc6b2d3bf4a3f3167d2afb3b0fbdbee;0x2f42df4af5312b492e9d7f7b2110d9c7bf2d9e4f;0xb5f0b4ae66c14f7efaa9aa1468e8fc536a3e288c;0xc8219b876753a85025156b22176c2edea17aac53;0xd9f5cbaeb88b7f0d9b0549257ddd4c46f984e2fc4bccf056cc254b9fe3417fff,,0.005351681957186383,-0.1276758409785933,-0.08562691131498479
2026-01-18,MORPHO,1.315,6588788.675648503,512093.7719626181,7100882.447611121,0.07211692007870045,12.866371427242182,10,binance;bitget;bybit;coinbase;gate;htx;kraken;kucoin;mexc;okx,base;eth,base;eth,5,aerodrome-slipstream;uniswap-v3-base;uniswap-v4-ethereum;uniswap_v3,0x2043b296ffc6b2d3bf4a3f3167d2afb3b0fbdbee;0x2f42df4af5312b492e9d7f7b2110d9c7bf2d9e4f;0xb5f0b4ae66c14f7efaa9aa1468e8fc536a3e288c;0xc8219b876753a85025156b22176c2edea17aac53;0xd9f5cbaeb88b7f0d9b0549257ddd4c46f984e2fc4bccf056cc254b9fe3417fff,0.005351681957186383,-0.02129277566539922,-0.10190114068441058,-0.12775665399239544
2026-01-19,MORPHO,1.287,10172652.64086842,620561.1315873096,10793213.77245573,0.05749549158110636,16.39266805970941,10,binance;bitget;bybit;coinbase;gate;htx;kraken;kucoin;mexc;okx,base;eth,base;eth,5,aerodrome-slipstream;uniswap-v3-base;uniswap-v4-ethereum;uniswap_v3,0x2043b296ffc6b2d3bf4a3f3167d2afb3b0fbdbee;0x2f42df4af5312b492e9d7f7b2110d9c7bf2d9e4f;0xb5f0b4ae66c14f7efaa9aa1468e8fc536a3e288c;0xc8219b876753a85025156b22176c2edea17aac53;0xd9f5cbaeb88b7f0d9b0549257ddd4c46f984e2fc4bccf056cc254b9fe3417fff,-0.02129277566539922,-0.11344211344211341,-0.07148407148407143,-0.03263403263403253
2026-01-20,MORPHO,1.141,13245056.783219902,952930.6850321549,14197987.468252057,0.06711730709461403,13.899286686075149,10,binance;bitget;bybit;coinbase;gate;htx;kraken;kucoin;mexc;okx,base;eth,base;eth,5,aerodrome-slipstream;uniswap-v3-base;uniswap-v4-ethereum;uniswap_v3,0x2043b296ffc6b2d3bf4a3f3167d2afb3b0fbdbee;0x2f42df4af5312b492e9d7f7b2110d9c7bf2d9e4f;0xb5f0b4ae66c14f7efaa9aa1468e8fc536a3e288c;0xc8219b876753a85025156b22176c2edea17aac53;0xd9f5cbaeb88b7f0d9b0549257ddd4c46f984e2fc4bccf056cc254b9fe3417fff,-0.11344211344211341,0.03505696757230492,0.048203330411919376,0.048203330411919376
2026-01-21,MORPHO,1.181,10746425.227471396,791522.1334324206,11537947.360903816,0.0686016419276173,13.576910579707643,10,binance;bitget;bybit;coinbase;gate;htx;kraken;kucoin;mexc;okx,base;eth,base;eth,5,aerodrome-slipstream;uniswap-v3-base;uniswap-v4-ethereum;uniswap_v3,0x2043b296ffc6b2d3bf4a3f3167d2afb3b0fbdbee;0x2f42df4af5312b492e9d7f7b2110d9c7bf2d9e4f;0xb5f0b4ae66c14f7efaa9aa1468e8fc536a3e288c;0xc8219b876753a85025156b22176c2edea17aac53;0xd9f5cbaeb88b7f0d9b0549257ddd4c46f984e2fc4bccf056cc254b9fe3417fff,0.03505696757230492,0.011854360711261558,0.012701100762065876,0.022861981371718798
2026-01-22,MORPHO,1.195,8930589.962531978,586794.7594201143,9517384.721952092,0.061655042489420143,15.219273552063445,10,binance;bitget;bybit;coinbase;gate;htx;kraken;kucoin;mexc;okx,base;eth,base;eth,5,aerodrome-slipstream;uniswap-v3-base;uniswap-v4-ethereum;uniswap_v3,0x2043b296ffc6b2d3bf4a3f3167d2afb3b0fbdbee;0x2f42df4af5312b492e9d7f7b2110d9c7bf2d9e4f;0xb5f0b4ae66c14f7efaa9aa1468e8fc536a3e288c;0xc8219b876753a85025156b22176c2edea17aac53;0xd9f5cbaeb88b7f0d9b0549257ddd4c46f984e2fc4bccf056cc254b9fe3417fff,0.011854360711261558,0.0008368200836819106,-0.040167364016736484,0.007531380753138084
2026-01-23,MORPHO,1.196,6144308.352732391,327434.60539406346,6471742.958126455,0.05059450097332892,18.764993838503393,10,binance;bitget;bybit;coinbase;gate;htx;kraken;kucoin;mexc;okx,base;eth,base;eth,5,aerodrome-slipstream;uniswap-v3-base;uniswap-v4-ethereum;uniswap_v3,0x2043b296ffc6b2d3bf4a3f3167d2afb3b0fbdbee;0x2f42df4af5312b492e9d7f7b2110d9c7bf2d9e4f;0xb5f0b4ae66c14f7efaa9aa1468e8fc536a3e288c;0xc8219b876753a85025156b22176c2edea17aac53;0xd9f5cbaeb88b7f0d9b0549257ddd4c46f984e2fc4bccf056cc254b9fe3417fff,0.0008368200836819106,0.0,0.04096989966555187,0.010033444816053505
2026-01-24,MORPHO,1.196,3295882.3464014884,63958.411031787226,3359840.7574332757,0.019036143570282705,51.531648351355074,10,binance;bitget;bybit;coinbase;gate;htx;kraken;kucoin;mexc;okx,base;eth,base;eth,5,aerodrome-slipstream;uniswap-v3-base;uniswap-v4-ethereum;uniswap_v3,0x2043b296ffc6b2d3bf4a3f3167d2afb3b0fbdbee;0x2f42df4af5312b492e9d7f7b2110d9c7bf2d9e4f;0xb5f0b4ae66c14f7efaa9aa1468e8fc536a3e288c;0xc8219b876753a85025156b22176c2edea17aac53;0xd9f5cbaeb88b7f0d9b0549257ddd4c46f984e2fc4bccf056cc254b9fe3417fff,0.0,-0.04096989966555176,0.0,-0.04849498327759205
2026-01-25,MORPHO,1.147,12345397.117904833,600658.0004227326,12946055.118327565,0.046396990815556524,20.553121924982868,10,binance;bitget;bybit;coinbase;gate;htx;kraken;kucoin;mexc;okx,base;eth,base;eth,5,aerodrome-slipstream;uniswap-v3-base;uniswap-v4-ethereum;uniswap_v3,0x2043b296ffc6b2d3bf4a3f3167d2afb3b0fbdbee;0x2f42df4af5312b492e9d7f7b2110d9c7bf2d9e4f;0xb5f0b4ae66c14f7efaa9aa1468e8fc536a3e288c;0xc8219b876753a85025156b22176c2edea17aac53;0xd9f5cbaeb88b7f0d9b0549257ddd4c46f984e2fc4bccf056cc254b9fe3417fff,-0.04096989966555176,0.08544027898866613,0.053182214472536904,-0.03400174367916298
2026-01-26,MORPHO,1.245,8927571.032346077,951057.0219441032,9878628.054290181,0.09627420090293504,9.386998703922908,10,binance;bitget;bybit;coinbase;gate;htx;kraken;kucoin;mexc;okx,base;eth,base;eth,5,aerodrome-slipstream;uniswap-v3-base;uniswap-v4-ethereum;uniswap_v3,0x2043b296ffc6b2d3bf4a3f3167d2afb3b0fbdbee;0x2f42df4af5312b492e9d7f7b2110d9c7bf2d9e4f;0xb5f0b4ae66c14f7efaa9aa1468e8fc536a3e288c;0xc8219b876753a85025156b22176c2edea17aac53;0xd9f5cbaeb88b7f0d9b0549257ddd4c46f984e2fc4bccf056cc254b9fe3417fff,0.08544027898866613,-0.03935742971887557,-0.03293172690763069,-0.0072289156626507145
2026-01-27,MORPHO,1.196,8165944.925904565,651623.3200069827,8817568.245911548,0.07390057007033903,12.531695344815253,10,binance;bitget;bybit;coinbase;gate;htx;kraken;kucoin;mexc;okx,base;eth,base;eth,5,aerodrome-slipstream;uniswap-v3-base;uniswap-v4-ethereum;uniswap_v3,0x2043b296ffc6b2d3bf4a3f3167d2afb3b0fbdbee;0x2f42df4af5312b492e9d7f7b2110d9c7bf2d9e4f;0xb5f0b4ae66c14f7efaa9aa1468e8fc536a3e288c;0xc8219b876753a85025156b22176c2edea17aac53;0xd9f5cbaeb88b7f0d9b0549257ddd4c46f984e2fc4bccf056cc254b9fe3417fff,-0.03935742971887557,0.010033444816053505,0.010033444816053505,0.05100334448160537
2026-01-28,MORPHO,1.208,7930996.139848179,472031.1329408434,8403027.272789022,0.05617393798891873,16.801849679779743,10,binance;bitget;bybit;coinbase;gate;htx;kraken;kucoin;mexc;okx,base;eth,base;eth,5,aerodrome-slipstream;uniswap-v3-base;uniswap-v4-ethereum;uniswap_v3,0x2043b296ffc6b2d3bf4a3f3167d2afb3b0fbdbee;0x2f42df4af5312b492e9d7f7b2110d9c7bf2d9e4f;0xb5f0b4ae66c14f7efaa9aa1468e8fc536a3e288c;0xc8219b876753a85025156b22176c2edea17aac53;0xd9f5cbaeb88b7f0d9b0549257ddd4c46f984e2fc4bccf056cc254b9fe3417fff,0.010033444816053505,-0.0033112582781457123,-0.05794701986754969,-0.009105960264900625
2026-01-29,MORPHO,1.204,11172259.974125046,1046888.568468352,12219148.542593399,0.08567606530185938,10.671871210200143,10,binance;bitget;bybit;coinbase;gate;htx;kraken;kucoin;mexc;okx,base;eth,base;eth,5,aerodrome-slipstream;uniswap-v3-base;uniswap-v4-ethereum;uniswap_v3,0x2043b296ffc6b2d3bf4a3f3167d2afb3b0fbdbee;0x2f42df4af5312b492e9d7f7b2110d9c7bf2d9e4f;0xb5f0b4ae66c14f7efaa9aa1468e8fc536a3e288c;0xc8219b876753a85025156b22176c2edea17aac53;0xd9f5cbaeb88b7f0d9b0549257ddd4c46f984e2fc4bccf056cc254b9fe3417fff,-0.0033112582781457123,0.0033222591362125353,-0.07973421926910285,-0.14700996677740863
2026-01-30,MORPHO,1.208,12108623.264645686,880148.1173373668,12988771.381983053,0.06776223027208218,13.757483571375257,10,binance;bitget;bybit;coinbase;gate;htx;kraken;kucoin;mexc;okx,base;eth,base;eth,5,aerodrome-slipstream;uniswap-v3-base;uniswap-v4-ethereum;uniswap_v3,0x2043b296ffc6b2d3bf4a3f3167d2afb3b0fbdbee;0x2f42df4af5312b492e9d7f7b2110d9c7bf2d9e4f;0xb5f0b4ae66c14f7efaa9aa1468e8fc536a3e288c;0xc8219b876753a85025156b22176c2edea17aac53;0xd9f5cbaeb88b7f0d9b0549257ddd4c46f984e2fc4bccf056cc254b9fe3417fff,0.0033222591362125353,-0.05794701986754969,0.023178807947019875,-0.01490066225165565
2026-01-31,MORPHO,1.138,24843165.66251903,1084748.4282778744,25927914.090796903,0.04183708818531241,22.902237067040105,10,binance;bitget;bybit;coinbase;gate;htx;kraken;kucoin;mexc;okx,base;eth,base;eth,5,aerodrome-slipstream;uniswap-v3-base;uniswap-v4-ethereum;uniswap_v3,0x2043b296ffc6b2d3bf4a3f3167d2afb3b0fbdbee;0x2f42df4af5312b492e9d7f7b2110d9c7bf2d9e4f;0xb5f0b4ae66c14f7efaa9aa1468e8fc536a3e288c;0xc8219b876753a85025156b22176c2edea17aac53;0xd9f5cbaeb88b7f0d9b0549257ddd4c46f984e2fc4bccf056cc254b9fe3417fff,-0.05794701986754969,-0.026362038664323184,0.10456942003514946,0.032513181019332205
2026-02-01,MORPHO,1.108,27717367.509620994,668013.1722408462,28385380.68186184,0.023533704892945272,41.4922469517229,10,binance;bitget;bybit;coinbase;gate;htx;kraken;kucoin;mexc;okx,base;eth,base;eth,5,aerodrome-slipstream;uniswap-v3-base;uniswap-v4-ethereum;uniswap_v3,0x2043b296ffc6b2d3bf4a3f3167d2afb3b0fbdbee;0x2f42df4af5312b492e9d7f7b2110d9c7bf2d9e4f;0xb5f0b4ae66c14f7efaa9aa1468e8fc536a3e288c;0xc8219b876753a85025156b22176c2edea17aac53;0xd9f5cbaeb88b7f0d9b0549257ddd4c46f984e2fc4bccf056cc254b9fe3417fff,-0.026362038664323184,0.11552346570397098,0.08032490974729245,0.044223826714801406
2026-02-02,MORPHO,1.236,22134266.90146628,1457155.8027857032,23591422.704251982,0.0617663385991161,15.190048215263813,10,binance;bitget;bybit;coinbase;gate;htx;kraken;kucoin;mexc;okx,base;eth,base;eth,5,aerodrome-slipstream;uniswap-v3-base;uniswap-v4-ethereum;uniswap_v3,0x2043b296ffc6b2d3bf4a3f3167d2afb3b0fbdbee;0x2f42df4af5312b492e9d7f7b2110d9c7bf2d9e4f;0xb5f0b4ae66c14f7efaa9aa1468e8fc536a3e288c;0xc8219b876753a85025156b22176c2edea17aac53;0xd9f5cbaeb88b7f0d9b0549257ddd4c46f984e2fc4bccf056cc254b9fe3417fff,0.11552346570397098,0.016990291262135804,-0.16909385113268616,-0.06391585760517793
2026-02-03,MORPHO,1.257,21748334.2673323,1314056.3856047033,23062390.652937002,0.0569783248137529,16.550533527771062,10,binance;bitget;bybit;coinbase;gate;htx;kraken;kucoin;mexc;okx,base;eth,base;eth,5,aerodrome-slipstream;uniswap-v3-base;uniswap-v4-ethereum;uniswap_v3,0x2043b296ffc6b2d3bf4a3f3167d2afb3b0fbdbee;0x2f42df4af5312b492e9d7f7b2110d9c7bf2d9e4f;0xb5f0b4ae66c14f7efaa9aa1468e8fc536a3e288c;0xc8219b876753a85025156b22176c2edea17aac53;0xd9f5cbaeb88b7f0d9b0549257ddd4c46f984e2fc4bccf056cc254b9fe3417fff,0.016990291262135804,-0.04773269689737458,-0.05330151153540175,-0.08989657915672233
2026-02-04,MORPHO,1.197,20082831.321261495,1492870.4962403986,21575701.817501895,0.06919221024038272,13.452493951643836,10,binance;bitget;bybit;coinbase;gate;htx;kraken;kucoin;mexc;okx,base;eth,base;eth,5,aerodrome-slipstream;uniswap-v3-base;uniswap-v4-ethereum;uniswap_v3,0x2043b296ffc6b2d3bf4a3f3167d2afb3b0fbdbee;0x2f42df4af5312b492e9d7f7b2110d9c7bf2d9e4f;0xb5f0b4ae66c14f7efaa9aa1468e8fc536a3e288c;0xc8219b876753a85025156b22176c2edea17aac53;0xd9f5cbaeb88b7f0d9b0549257ddd4c46f984e2fc4bccf056cc254b9fe3417fff,-0.04773269689737458,-0.1420217209690895,-0.018379281537176273,-0.09774436090225558
2026-02-05,MORPHO,1.027,26757729.506196592,1494286.4702297235,28252015.976426315,0.052891321860944966,17.906693287588293,10,binance;bitget;bybit;coinbase;gate;htx;kraken;kucoin;mexc;okx,base;eth,base;eth,5,aerodrome-slipstream;uniswap-v3-base;uniswap-v4-ethereum;uniswap_v3,0x2043b296ffc6b2d3bf4a3f3167d2afb3b0fbdbee;0x2f42df4af5312b492e9d7f7b2110d9c7bf2d9e4f;0xb5f0b4ae66c14f7efaa9aa1468e8fc536a3e288c;0xc8219b876753a85025156b22176c2edea17aac53;0xd9f5cbaeb88b7f0d9b0549257ddd4c46f984e2fc4bccf056cc254b9fe3417fff,-0.1420217209690895,0.15871470301850055,0.1265822784810129,0.08081791626095436
2026-02-06,MORPHO,1.19,21918852.183186993,1802831.4569205765,23721683.64010757,0.07599930444534,12.158015159457374,10,binance;bitget;bybit;coinbase;gate;htx;kraken;kucoin;mexc;okx,base;eth,base;eth,5,aerodrome-slipstream;uniswap-v3-base;uniswap-v4-ethereum;uniswap_v3,0x2043b296ffc6b2d3bf4a3f3167d2afb3b0fbdbee;0x2f42df4af5312b492e9d7f7b2110d9c7bf2d9e4f;0xb5f0b4ae66c14f7efaa9aa1468e8fc536a3e288c;0xc8219b876753a85025156b22176c2edea17aac53;0xd9f5cbaeb88b7f0d9b0549257ddd4c46f984e2fc4bccf056cc254b9fe3417fff,0.15871470301850055,-0.012605042016806678,-0.02773109243697469,-0.003361344537815114
2026-02-07,MORPHO,1.175,12293148.673434809,839014.0941488696,13132162.76758368,0.06389001636653095,14.651897696552385,10,binance;bitget;bybit;coinbase;gate;htx;kraken;kucoin;mexc;okx,base;eth,base;eth,5,aerodrome-slipstream;uniswap-v3-base;uniswap-v4-ethereum;uniswap_v3,0x2043b296ffc6b2d3bf4a3f3167d2afb3b0fbdbee;0x2f42df4af5312b492e9d7f7b2110d9c7bf2d9e4f;0xb5f0b4ae66c14f7efaa9aa1468e8fc536a3e288c;0xc8219b876753a85025156b22176c2edea17aac53;0xd9f5cbaeb88b7f0d9b0549257ddd4c46f984e2fc4bccf056cc254b9fe3417fff,-0.012605042016806678,-0.015319148936170257,-0.026382978723404338,0.19234042553191477
2026-02-08,MORPHO,1.157,9587535.192416204,391291.1324122335,9978826.324828438,0.039212139752212875,24.502306334699995,10,binance;bitget;bybit;coinbase;gate;htx;kraken;kucoin;mexc;okx,base;eth,base;eth,5,aerodrome-slipstream;uniswap-v3-base;uniswap-v4-ethereum;uniswap_v3,0x2043b296ffc6b2d3bf4a3f3167d2afb3b0fbdbee;0x2f42df4af5312b492e9d7f7b2110d9c7bf2d9e4f;0xb5f0b4ae66c14f7efaa9aa1468e8fc536a3e288c;0xc8219b876753a85025156b22176c2edea17aac53;0xd9f5cbaeb88b7f0d9b0549257ddd4c46f984e2fc4bccf056cc254b9fe3417fff,-0.015319148936170257,0.0,-0.06655142610198783,0.15211754537597222
2026-02-09,MORPHO,1.157,9318728.830762573,446053.42795921647,9764782.25872179,0.045679813040460454,20.891508161696276,10,binance;bitget;bybit;coinbase;gate;htx;kraken;kucoin;mexc;okx,base;eth,base;eth,5,aerodrome-slipstream;uniswap-v3-base;uniswap-v4-ethereum;uniswap_v3,0x2043b296ffc6b2d3bf4a3f3167d2afb3b0fbdbee;0x2f42df4af5312b492e9d7f7b2110d9c7bf2d9e4f;0xb5f0b4ae66c14f7efaa9aa1468e8fc536a3e288c;0xc8219b876753a85025156b22176c2edea17aac53;0xd9f5cbaeb88b7f0d9b0549257ddd4c46f984e2fc4bccf056cc254b9fe3417fff,0.0,-0.011235955056179914,-0.04062229904926529,0.18496110630942098
2026-02-10,MORPHO,1.144,9034984.745574394,318462.432805846,9353447.17838024,0.03404760049770174,28.370645372425038,10,binance;bitget;bybit;coinbase;gate;htx;kraken;kucoin;mexc;okx,base;eth,base;eth,5,aerodrome-slipstream;uniswap-v3-base;uniswap-v4-ethereum;uniswap_v3,0x2043b296ffc6b2d3bf4a3f3167d2afb3b0fbdbee;0x2f42df4af5312b492e9d7f7b2110d9c7bf2d9e4f;0xb5f0b4ae66c14f7efaa9aa1468e8fc536a3e288c;0xc8219b876753a85025156b22176c2edea17aac53;0xd9f5cbaeb88b7f0d9b0549257ddd4c46f984e2fc4bccf056cc254b9fe3417fff,-0.011235955056179914,-0.055944055944055826,0.036713286713286664,0.31818181818181834
2026-02-11,MORPHO,1.08,10019662.107522527,408797.32470648986,10428459.432229016,0.03920016445028372,24.51009706268623,10,binance;bitget;bybit;coinbase;gate;htx;kraken;kucoin;mexc;okx,base;eth,base;eth,5,aerodrome-slipstream;uniswap-v3-base;uniswap-v4-ethereum;uniswap_v3,0x2043b296ffc6b2d3bf4a3f3167d2afb3b0fbdbee;0x2f42df4af5312b492e9d7f7b2110d9c7bf2d9e4f;0xb5f0b4ae66c14f7efaa9aa1468e8fc536a3e288c;0xc8219b876753a85025156b22176c2edea17aac53;0xd9f5cbaeb88b7f0d9b0549257ddd4c46f984e2fc4bccf056cc254b9fe3417fff,-0.055944055944055826,0.0277777777777779,0.29722222222222205,0.35277777777777786
2026-02-12,MORPHO,1.11,12390398.058998564,324767.3337961576,12715165.392794723,0.025541730977419522,38.151614308523655,10,binance;bitget;bybit;coinbase;gate;htx;kraken;kucoin;mexc;okx,base;eth,base;eth,5,aerodrome-slipstream;uniswap-v3-base;uniswap-v4-ethereum;uniswap_v3,0x2043b296ffc6b2d3bf4a3f3167d2afb3b0fbdbee;0x2f42df4af5312b492e9d7f7b2110d9c7bf2d9e4f;0xb5f0b4ae66c14f7efaa9aa1468e8fc536a3e288c;0xc8219b876753a85025156b22176c2edea17aac53;0xd9f5cbaeb88b7f0d9b0549257ddd4c46f984e2fc4bccf056cc254b9fe3417fff,0.0277777777777779,0.06846846846846821,0.20090090090090085,0.24504504504504476
2026-02-13,MORPHO,1.186,16876172.78923939,977608.3906767452,17853781.179916136,0.054756377980954805,17.26271270805781,10,binance;bitget;bybit;coinbase;gate;htx;kraken;kucoin;mexc;okx,base;eth,base;eth,5,aerodrome-slipstream;uniswap-v3-base;uniswap-v4-ethereum;uniswap_v3,0x2043b296ffc6b2d3bf4a3f3167d2afb3b0fbdbee;0x2f42df4af5312b492e9d7f7b2110d9c7bf2d9e4f;0xb5f0b4ae66c14f7efaa9aa1468e8fc536a3e288c;0xc8219b876753a85025156b22176c2edea17aac53;0xd9f5cbaeb88b7f0d9b0549257ddd4c46f984e2fc4bccf056cc254b9fe3417fff,0.06846846846846821,0.18128161888701522,0.15598650927487356,0.3305227655986511
2026-02-14,MORPHO,1.401,22701596.80958736,3377383.2766345274,26078980.08622189,0.12950595711443771,6.7216525191683,10,binance;bitget;bybit;coinbase;gate;htx;kraken;kucoin;mexc;okx,base;eth,base;eth,5,aerodrome-slipstream;uniswap-v3-base;uniswap-v4-ethereum;uniswap_v3,0x2043b296ffc6b2d3bf4a3f3167d2afb3b0fbdbee;0x2f42df4af5312b492e9d7f7b2110d9c7bf2d9e4f;0xb5f0b4ae66c14f7efaa9aa1468e8fc536a3e288c;0xc8219b876753a85025156b22176c2edea17aac53;0xd9f5cbaeb88b7f0d9b0549257ddd4c46f984e2fc4bccf056cc254b9fe3417fff,0.18128161888701522,-0.04853675945753033,0.07637401855817272,0.1541755888650964
2026-02-15,MORPHO,1.333,14834203.954149663,1251730.6372990452,16085934.59144871,0.07781522610221639,11.850955398965514,10,binance;bitget;bybit;coinbase;gate;htx;kraken;kucoin;mexc;okx,base;eth,base;eth,5,aerodrome-slipstream;uniswap-v3-base;uniswap-v4-ethereum;uniswap_v3,0x2043b296ffc6b2d3bf4a3f3167d2afb3b0fbdbee;0x2f42df4af5312b492e9d7f7b2110d9c7bf2d9e4f;0xb5f0b4ae66c14f7efaa9aa1468e8fc536a3e288c;0xc8219b876753a85025156b22176c2edea17aac53;0xd9f5cbaeb88b7f0d9b0549257ddd4c46f984e2fc4bccf056cc254b9fe3417fff,-0.04853675945753033,0.028507126781695424,0.09602400600150052,0.20180045011252834
2026-02-16,MORPHO,1.371,13580328.711693663,1370439.6479175468,14950768.35961121,0.09166349280213079,9.909468638279451,10,binance;bitget;bybit;coinbase;gate;htx;kraken;kucoin;mexc;okx,base;eth,base;eth,5,aerodrome-slipstream;uniswap-v3-base;uniswap-v4-ethereum;uniswap_v3,0x2043b296ffc6b2d3bf4a3f3167d2afb3b0fbdbee;0x2f42df4af5312b492e9d7f7b2110d9c7bf2d9e4f;0xb5f0b4ae66c14f7efaa9aa1468e8fc536a3e288c;0xc8219b876753a85025156b22176c2edea17aac53;0xd9f5cbaeb88b7f0d9b0549257ddd4c46f984e2fc4bccf056cc254b9fe3417fff,0.028507126781695424,0.09992706053975198,0.008023340627279385,0.14587892049598827
2026-02-17,MORPHO,1.508,16438758.356953891,1146249.3934243852,17585007.750378277,0.06518333171617327,14.341345305181449,10,binance;bitget;bybit;coinbase;gate;htx;kraken;kucoin;mexc;okx,base;eth,base;eth,5,aerodrome-slipstream;uniswap-v3-base;uniswap-v4-ethereum;uniswap_v3,0x2043b296ffc6b2d3bf4a3f3167d2afb3b0fbdbee;0x2f42df4af5312b492e9d7f7b2110d9c7bf2d9e4f;0xb5f0b4ae66c14f7efaa9aa1468e8fc536a3e288c;0xc8219b876753a85025156b22176c2edea17aac53;0xd9f5cbaeb88b7f0d9b0549257ddd4c46f984e2fc4bccf056cc254b9fe3417fff,0.09992706053975198,-0.03116710875331563,0.04641909814323619,0.1545092838196287
2026-02-18,MORPHO,1.461,13082445.174314314,1066137.1376894389,14148582.312003754,0.07535293036284779,12.270884027796782,10,binance;bitget;bybit;coinbase;gate;htx;kraken;kucoin;mexc;okx,base;eth,base;eth,5,aerodrome-slipstream;uniswap-v3-base;uniswap-v4-ethereum;uniswap_v3,0x2043b296ffc6b2d3bf4a3f3167d2afb3b0fbdbee;0x2f42df4af5312b492e9d7f7b2110d9c7bf2d9e4f;0xb5f0b4ae66c14f7efaa9aa1468e8fc536a3e288c;0xc8219b876753a85025156b22176c2edea17aac53;0xd9f5cbaeb88b7f0d9b0549257ddd4c46f984e2fc4bccf056cc254b9fe3417fff,-0.03116710875331563,-0.05407255304585912,0.10677618069815198,0.2532511978097194
2026-02-19,MORPHO,1.382,13230994.06243796,644495.0055860054,13875489.068023967,0.04644845327082868,20.529242193906086,10,binance;bitget;bybit;coinbase;gate;htx;kraken;kucoin;mexc;okx,base;eth,base;eth,5,aerodrome-slipstream;uniswap-v3-base;uniswap-v4-ethereum;uniswap_v3,0x2043b296ffc6b2d3bf4a3f3167d2afb3b0fbdbee;0x2f42df4af5312b492e9d7f7b2110d9c7bf2d9e4f;0xb5f0b4ae66c14f7efaa9aa1468e8fc536a3e288c;0xc8219b876753a85025156b22176c2edea17aac53;0xd9f5cbaeb88b7f0d9b0549257ddd4c46f984e2fc4bccf056cc254b9fe3417fff,-0.05407255304585912,0.14182344428364702,0.15918958031837938,0.34370477568740965
2026-02-20,MORPHO,1.578,22893791.532992303,2181963.782626857,25075755.31561916,0.08701487772405235,10.492287596740292,10,binance;bitget;bybit;coinbase;gate;htx;kraken;kucoin;mexc;okx,base;eth,base;eth,5,aerodrome-slipstream;uniswap-v3-base;uniswap-v4-ethereum;uniswap_v3,0x2043b296ffc6b2d3bf4a3f3167d2afb3b0fbdbee;0x2f42df4af5312b492e9d7f7b2110d9c7bf2d9e4f;0xb5f0b4ae66c14f7efaa9aa1468e8fc536a3e288c;0xc8219b876753a85025156b22176c2edea17aac53;0xd9f5cbaeb88b7f0d9b0549257ddd4c46f984e2fc4bccf056cc254b9fe3417fff,0.14182344428364702,0.024714828897338448,-0.004435994930291565,0.1628643852978453
2026-02-21,MORPHO,1.617,15054675.428818837,1246253.5448883101,16300928.973707147,0.07645291546871197,12.079945923177329,10,binance;bitget;bybit;coinbase;gate;htx;kraken;kucoin;mexc;okx,base;eth,base;eth,5,aerodrome-slipstream;uniswap-v3-base;uniswap-v4-ethereum;uniswap_v3,0x2043b296ffc6b2d3bf4a3f3167d2afb3b0fbdbee;0x2f42df4af5312b492e9d7f7b2110d9c7bf2d9e4f;0xb5f0b4ae66c14f7efaa9aa1468e8fc536a3e288c;0xc8219b876753a85025156b22176c2edea17aac53;0xd9f5cbaeb88b7f0d9b0549257ddd4c46f984e2fc4bccf056cc254b9fe3417fff,0.024714828897338448,-0.009276437847866359,0.0766852195423624,0.09090909090909083
2026-02-22,MORPHO,1.602,14181199.96333136,932657.1930699701,15113857.15640133,0.06170874737127921,15.20515798162879,10,binance;bitget;bybit;coinbase;gate;htx;kraken;kucoin;mexc;okx,base;eth,base;eth,5,aerodrome-slipstream;uniswap-v3-base;uniswap-v4-ethereum;uniswap_v3,0x2043b296ffc6b2d3bf4a3f3167d2afb3b0fbdbee;0x2f42df4af5312b492e9d7f7b2110d9c7bf2d9e4f;0xb5f0b4ae66c14f7efaa9aa1468e8fc536a3e288c;0xc8219b876753a85025156b22176c2edea17aac53;0xd9f5cbaeb88b7f0d9b0549257ddd4c46f984e2fc4bccf056cc254b9fe3417fff,-0.009276437847866359,-0.019350811485642994,0.1429463171036205,0.08863920099875156
2026-02-23,MORPHO,1.571,16252740.96282086,1519708.4730593339,17772449.43588019,0.08550923037042077,10.694643907658403,10,binance;bitget;bybit;coinbase;gate;htx;kraken;kucoin;mexc;okx,base;eth,base;eth,5,aerodrome-slipstream;uniswap-v3-base;uniswap-v4-ethereum;uniswap_v3,0x2043b296ffc6b2d3bf4a3f3167d2afb3b0fbdbee;0x2f42df4af5312b492e9d7f7b2110d9c7bf2d9e4f;0xb5f0b4ae66c14f7efaa9aa1468e8fc536a3e288c;0xc8219b876753a85025156b22176c2edea17aac53;0xd9f5cbaeb88b7f0d9b0549257ddd4c46f984e2fc4bccf056cc254b9fe3417fff,-0.019350811485642994,0.10821133036282626,0.18204964990451944,0.22851686823679196
2026-02-24,MORPHO,1.741,20830558.520220075,1076587.5869914335,21907146.107211508,0.04914321480866177,19.34868910984929,10,binance;bitget;bybit;coinbase;gate;htx;kraken;kucoin;mexc;okx,base;eth,base;eth,5,aerodrome-slipstream;uniswap-v3-base;uniswap-v4-ethereum;uniswap_v3,0x2043b296ffc6b2d3bf4a3f3167d2afb3b0fbdbee;0x2f42df4af5312b492e9d7f7b2110d9c7bf2d9e4f;0xb5f0b4ae66c14f7efaa9aa1468e8fc536a3e288c;0xc8219b876753a85025156b22176c2edea17aac53;0xd9f5cbaeb88b7f0d9b0549257ddd4c46f984e2fc4bccf056cc254b9fe3417fff,0.10821133036282626,0.05169442848937389,0.05399195864445705,0.1234922458357266
2026-02-25,MORPHO,1.831,32362385.48555931,3213815.279393064,35576200.76495238,0.09033610139054335,10.069771493422927,10,binance;bitget;bybit;coinbase;gate;htx;kraken;kucoin;mexc;okx,base;eth,base;eth,5,aerodrome-slipstream;uniswap-v3-base;uniswap-v4-ethereum;uniswap_v3,0x2043b296ffc6b2d3bf4a3f3167d2afb3b0fbdbee;0x2f42df4af5312b492e9d7f7b2110d9c7bf2d9e4f;0xb5f0b4ae66c14f7efaa9aa1468e8fc536a3e288c;0xc8219b876753a85025156b22176c2edea17aac53;0xd9f5cbaeb88b7f0d9b0549257ddd4c46f984e2fc4bccf056cc254b9fe3417fff,0.05169442848937389,0.01419989077007111,-0.03659202621518298,0.020753686510103897
2026-02-26,MORPHO,1.857,24517192.502011877,2025077.9679345847,26542270.469946463,0.07629633532020402,12.106789412665146,10,binance;bitget;bybit;coinbase;gate;htx;kraken;kucoin;mexc;okx,base;eth,base;eth,5,aerodrome-slipstream;uniswap-v3-base;uniswap-v4-ethereum;uniswap_v3,0x2043b296ffc6b2d3bf4a3f3167d2afb3b0fbdbee;0x2f42df4af5312b492e9d7f7b2110d9c7bf2d9e4f;0xb5f0b4ae66c14f7efaa9aa1468e8fc536a3e288c;0xc8219b876753a85025156b22176c2edea17aac53;0xd9f5cbaeb88b7f0d9b0549257ddd4c46f984e2fc4bccf056cc254b9fe3417fff,0.01419989077007111,-0.01184706515885836,-0.06085083467959074,0.04523424878836835
2026-02-27,MORPHO,1.835,16260056.93514893,1581924.3697541307,17841981.30490306,0.08866304379096118,10.278656328985017,10,binance;bitget;bybit;coinbase;gate;htx;kraken;kucoin;mexc;okx,base;eth,base;eth,5,aerodrome-slipstream;uniswap-v3-base;uniswap-v4-ethereum;uniswap_v3,0x2043b296ffc6b2d3bf4a3f3167d2afb3b0fbdbee;0x2f42df4af5312b492e9d7f7b2110d9c7bf2d9e4f;0xb5f0b4ae66c14f7efaa9aa1468e8fc536a3e288c;0xc8219b876753a85025156b22176c2edea17aac53;0xd9f5cbaeb88b7f0d9b0549257ddd4c46f984e2fc4bccf056cc254b9fe3417fff,-0.01184706515885836,-0.03869209809264307,0.05177111716621252,-0.0228882833787466
2026-02-28,MORPHO,1.764,16929650.076988295,1335903.858400804,18265553.935389098,0.07313787816817975,12.672805734130145,10,binance;bitget;bybit;coinbase;gate;htx;kraken;kucoin;mexc;okx,base;eth,base;eth,5,aerodrome-slipstream;uniswap-v3-base;uniswap-v4-ethereum;uniswap_v3,0x2043b296ffc6b2d3bf4a3f3167d2afb3b0fbdbee;0x2f42df4af5312b492e9d7f7b2110d9c7bf2d9e4f;0xb5f0b4ae66c14f7efaa9aa1468e8fc536a3e288c;0xc8219b876753a85025156b22176c2edea17aac53;0xd9f5cbaeb88b7f0d9b0549257ddd4c46f984e2fc4bccf056cc254b9fe3417fff,-0.03869209809264307,-0.0113378684807256,0.10884353741496589,0.035147392290249435
2026-03-01,MORPHO,1.744,17071358.493172433,1129161.616428102,18200520.109600537,0.062040074109337345,15.118613885561025,10,binance;bitget;bybit;coinbase;gate;htx;kraken;kucoin;mexc;okx,base;eth,base;eth,5,aerodrome-slipstream;uniswap-v3-base;uniswap-v4-ethereum;uniswap_v3,0x2043b296ffc6b2d3bf4a3f3167d2afb3b0fbdbee;0x2f42df4af5312b492e9d7f7b2110d9c7bf2d9e4f;0xb5f0b4ae66c14f7efaa9aa1468e8fc536a3e288c;0xc8219b876753a85025156b22176c2edea17aac53;0xd9f5cbaeb88b7f0d9b0549257ddd4c46f984e2fc4bccf056cc254b9fe3417fff,-0.0113378684807256,0.10665137614678888,0.07167431192660545,0.06823394495412849
2026-03-02,MORPHO,1.93,24183840.55131885,2422031.8482159255,26605872.399534777,0.091033731645585,9.984939120075042,10,binance;bitget;bybit;coinbase;gate;htx;kraken;kucoin;mexc;okx,base;eth,base;eth,5,aerodrome-slipstream;uniswap-v3-base;uniswap-v4-ethereum;uniswap_v3,0x2043b296ffc6b2d3bf4a3f3167d2afb3b0fbdbee;0x2f42df4af5312b492e9d7f7b2110d9c7bf2d9e4f;0xb5f0b4ae66c14f7efaa9aa1468e8fc536a3e288c;0xc8219b876753a85025156b22176c2edea17aac53;0xd9f5cbaeb88b7f0d9b0549257ddd4c46f984e2fc4bccf056cc254b9fe3417fff,0.10665137614678888,0.013471502590673534,0.005699481865285128,-0.013989637305699465
2026-03-03,MORPHO,1.956,20838675.732654363,1974718.1093634458,22813393.842017807,0.08655959402789082,10.552734404897796,10,binance;bitget;bybit;coinbase;gate;htx;kraken;kucoin;mexc;okx,base;eth,base;eth,5,aerodrome-slipstream;uniswap-v3-base;uniswap-v4-ethereum;uniswap_v3,0x2043b296ffc6b2d3bf4a3f3167d2afb3b0fbdbee;0x2f42df4af5312b492e9d7f7b2110d9c7bf2d9e4f;0xb5f0b4ae66c14f7efaa9aa1468e8fc536a3e288c;0xc8219b876753a85025156b22176c2edea17aac53;0xd9f5cbaeb88b7f0d9b0549257ddd4c46f984e2fc4bccf056cc254b9fe3417fff,0.013471502590673534,-0.04447852760736193,-0.08333333333333337,-0.0010224948875255935
2026-03-04,MORPHO,1.869,10315265.053272555,1514007.4845911525,11829272.537863707,0.12798821565274146,6.813219325701103,10,binance;bitget;bybit;coinbase;gate;htx;kraken;kucoin;mexc;okx,base;eth,base;eth,5,aerodrome-slipstream;uniswap-v3-base;uniswap-v4-ethereum;uniswap_v3,0x2043b296ffc6b2d3bf4a3f3167d2afb3b0fbdbee;0x2f42df4af5312b492e9d7f7b2110d9c7bf2d9e4f;0xb5f0b4ae66c14f7efaa9aa1468e8fc536a3e288c;0xc8219b876753a85025156b22176c2edea17aac53;0xd9f5cbaeb88b7f0d9b0549257ddd4c46f984e2fc4bccf056cc254b9fe3417fff,-0.04447852760736193,0.038523274478330594,-0.02300695559122523,0.029427501337613737
2026-03-05,MORPHO,1.941,9037280.93334312,1367378.8478103431,10404659.781153463,0.13141985192895517,6.609200477113568,10,binance;bitget;bybit;coinbase;gate;htx;kraken;kucoin;mexc;okx,base;eth,base;eth,5,aerodrome-slipstream;uniswap-v3-base;uniswap-v4-ethereum;uniswap_v3,0x2043b296ffc6b2d3bf4a3f3167d2afb3b0fbdbee;0x2f42df4af5312b492e9d7f7b2110d9c7bf2d9e4f;0xb5f0b4ae66c14f7efaa9aa1468e8fc536a3e288c;0xc8219b876753a85025156b22176c2edea17aac53;0xd9f5cbaeb88b7f0d9b0549257ddd4c46f984e2fc4bccf056cc254b9fe3417fff,0.038523274478330594,-0.07624935600206084,-0.040185471406491535,0.022153529108706715
2026-03-06,MORPHO,1.793,7474650.301337582,904624.6384774911,8379274.939815073,0.10795977515656692,8.262709176170164,10,binance;bitget;bybit;coinbase;gate;htx;kraken;kucoin;mexc;okx,base;eth,base;eth,5,aerodrome-slipstream;uniswap-v3-base;uniswap-v4-ethereum;uniswap_v3,0x2043b296ffc6b2d3bf4a3f3167d2afb3b0fbdbee;0x2f42df4af5312b492e9d7f7b2110d9c7bf2d9e4f;0xb5f0b4ae66c14f7efaa9aa1468e8fc536a3e288c;0xc8219b876753a85025156b22176c2edea17aac53;0xd9f5cbaeb88b7f0d9b0549257ddd4c46f984e2fc4bccf056cc254b9fe3417fff,-0.07624935600206084,0.01840490797546024,0.06134969325153383,0.03904071388733965
2026-03-07,MORPHO,1.826,5038662.147237452,925136.2377948985,5963798.38503235,0.15512533758967442,5.446400153178863,10,binance;bitget;bybit;coinbase;gate;htx;kraken;kucoin;mexc;okx,base;eth,base;eth,5,aerodrome-slipstream;uniswap-v3-base;uniswap-v4-ethereum;uniswap_v3,0x2043b296ffc6b2d3bf4a3f3167d2afb3b0fbdbee;0x2f42df4af5312b492e9d7f7b2110d9c7bf2d9e4f;0xb5f0b4ae66c14f7efaa9aa1468e8fc536a3e288c;0xc8219b876753a85025156b22176c2edea17aac53;0xd9f5cbaeb88b7f0d9b0549257ddd4c46f984e2fc4bccf056cc254b9fe3417fff,0.01840490797546024,0.02026286966045987,0.07009857612267245,0.037787513691128094
2026-03-08,MORPHO,1.863,8802953.33258266,1078431.358240869,9881384.690823529,0.10913767573914693,8.162738653058074,10,binance;bitget;bybit;coinbase;gate;htx;kraken;kucoin;mexc;okx,base;eth,base;eth,5,aerodrome-slipstream;uniswap-v3-base;uniswap-v4-ethereum;uniswap_v3,0x2043b296ffc6b2d3bf4a3f3167d2afb3b0fbdbee;0x2f42df4af5312b492e9d7f7b2110d9c7bf2d9e4f;0xb5f0b4ae66c14f7efaa9aa1468e8fc536a3e288c;0xc8219b876753a85025156b22176c2edea17aac53;0xd9f5cbaeb88b7f0d9b0549257ddd4c46f984e2fc4bccf056cc254b9fe3417fff,0.02026286966045987,0.021470746108427363,0.03274288781535151,0.03488996242619424
2026-03-09,MORPHO,1.903,8889517.098985612,1342768.1263225828,10232285.225308195,0.13122856690912257,6.6202920107518395,10,binance;bitget;bybit;coinbase;gate;htx;kraken;kucoin;mexc;okx,base;eth,base;eth,5,aerodrome-slipstream;uniswap-v3-base;uniswap-v4-ethereum;uniswap_v3,0x2043b296ffc6b2d3bf4a3f3167d2afb3b0fbdbee;0x2f42df4af5312b492e9d7f7b2110d9c7bf2d9e4f;0xb5f0b4ae66c14f7efaa9aa1468e8fc536a3e288c;0xc8219b876753a85025156b22176c2edea17aac53;0xd9f5cbaeb88b7f0d9b0549257ddd4c46f984e2fc4bccf056cc254b9fe3417fff,0.021470746108427363,0.026799789805570073,0.042564372044140875,-0.04151339989490277
2026-03-10,MORPHO,1.954,12800756.062116776,2417930.8794067944,15218686.94152357,0.15887907338507423,5.294095117085093,10,binance;bitget;bybit;coinbase;gate;htx;kraken;kucoin;mexc;okx,base;eth,base;eth,5,aerodrome-slipstream;uniswap-v3-base;uniswap-v4-ethereum;uniswap_v3,0x2043b296ffc6b2d3bf4a3f3167d2afb3b0fbdbee;0x2f42df4af5312b492e9d7f7b2110d9c7bf2d9e4f;0xb5f0b4ae66c14f7efaa9aa1468e8fc536a3e288c;0xc8219b876753a85025156b22176c2edea17aac53;0xd9f5cbaeb88b7f0d9b0549257ddd4c46f984e2fc4bccf056cc254b9fe3417fff,0.026799789805570073,-0.015353121801433,-0.04657113613101327,-0.0762538382804504
2026-03-11,MORPHO,1.924,6593534.392308764,879315.8537065681,7472850.246015333,0.11766806837530783,7.498482330911161,10,binance;bitget;bybit;coinbase;gate;htx;kraken;kucoin;mexc;okx,base;eth,base;eth,5,aerodrome-slipstream;uniswap-v3-base;uniswap-v4-ethereum;uniswap_v3,0x2043b296ffc6b2d3bf4a3f3167d2afb3b0fbdbee;0x2f42df4af5312b492e9d7f7b2110d9c7bf2d9e4f;0xb5f0b4ae66c14f7efaa9aa1468e8fc536a3e288c;0xc8219b876753a85025156b22176c2edea17aac53;0xd9f5cbaeb88b7f0d9b0549257ddd4c46f984e2fc4bccf056cc254b9fe3417fff,-0.015353121801433,0.031185031185031242,-0.015072765072765004,-0.09407484407484401
2026-03-12,MORPHO,1.984,5458645.89182331,866860.2751597454,6325506.166983056,0.1370420409491425,6.297030845965792,10,binance;bitget;bybit;coinbase;gate;htx;kraken;kucoin;mexc;okx,base;eth,base;eth,5,aerodrome-slipstream;uniswap-v3-base;uniswap-v4-ethereum;uniswap_v3,0x2043b296ffc6b2d3bf4a3f3167d2afb3b0fbdbee;0x2f42df4af5312b492e9d7f7b2110d9c7bf2d9e4f;0xb5f0b4ae66c14f7efaa9aa1468e8fc536a3e288c;0xc8219b876753a85025156b22176c2edea17aac53;0xd9f5cbaeb88b7f0d9b0549257ddd4c46f984e2fc4bccf056cc254b9fe3417fff,0.031185031185031242,-0.060987903225806495,-0.028225806451612878,-0.11794354838709675
2026-03-13,MORPHO,1.863,6537023.538415525,1335614.3228161286,7872637.861231654,0.16965270680025604,4.8943946068444975,10,binance;bitget;bybit;coinbase;gate;htx;kraken;kucoin;mexc;okx,base;eth,base;eth,5,aerodrome-slipstream;uniswap-v3-base;uniswap-v4-ethereum;uniswap_v3,0x2043b296ffc6b2d3bf4a3f3167d2afb3b0fbdbee;0x2f42df4af5312b492e9d7f7b2110d9c7bf2d9e4f;0xb5f0b4ae66c14f7efaa9aa1468e8fc536a3e288c;0xc8219b876753a85025156b22176c2edea17aac53;0xd9f5cbaeb88b7f0d9b0549257ddd4c46f984e2fc4bccf056cc254b9fe3417fff,-0.060987903225806495,0.01717659688674189,-0.020933977455716568,-0.0499194847020934
2026-03-14,MORPHO,1.895,3504409.544585284,884193.6908985344,4388603.235483818,0.20147496673871845,3.9633957815555507,10,binance;bitget;bybit;coinbase;gate;htx;kraken;kucoin;mexc;okx,base;eth,base;eth,5,aerodrome-slipstream;uniswap-v3-base;uniswap-v4-ethereum;uniswap_v3,0x2043b296ffc6b2d3bf4a3f3167d2afb3b0fbdbee;0x2f42df4af5312b492e9d7f7b2110d9c7bf2d9e4f;0xb5f0b4ae66c14f7efaa9aa1468e8fc536a3e288c;0xc8219b876753a85025156b22176c2edea17aac53;0xd9f5cbaeb88b7f0d9b0549257ddd4c46f984e2fc4bccf056cc254b9fe3417fff,0.01717659688674189,0.017414248021108136,-0.0474934036939314,-0.074934036939314
2026-03-15,MORPHO,1.928,6006323.48421353,1138479.888313918,7144803.372527448,0.15934376762438246,5.27573964710862,10,binance;bitget;bybit;coinbase;gate;htx;kraken;kucoin;mexc;okx,base;eth,base;eth,5,aerodrome-slipstream;uniswap-v3-base;uniswap-v4-ethereum;uniswap_v3,0x2043b296ffc6b2d3bf4a3f3167d2afb3b0fbdbee;0x2f42df4af5312b492e9d7f7b2110d9c7bf2d9e4f;0xb5f0b4ae66c14f7efaa9aa1468e8fc536a3e288c;0xc8219b876753a85025156b22176c2edea17aac53;0xd9f5cbaeb88b7f0d9b0549257ddd4c46f984e2fc4bccf056cc254b9fe3417fff,0.017414248021108136,-0.053941908713692865,-0.09595435684647291,-0.13537344398340245
2026-03-16,MORPHO,1.824,8107719.83035234,1159302.0738169344,9267021.904169274,0.12509974464346083,6.993621432641922,10,binance;bitget;bybit;coinbase;gate;htx;kraken;kucoin;mexc;okx,base;eth,base;eth,5,aerodrome-slipstream;uniswap-v3-base;uniswap-v4-ethereum;uniswap_v3,0x2043b296ffc6b2d3bf4a3f3167d2afb3b0fbdbee;0x2f42df4af5312b492e9d7f7b2110d9c7bf2d9e4f;0xb5f0b4ae66c14f7efaa9aa1468e8fc536a3e288c;0xc8219b876753a85025156b22176c2edea17aac53;0xd9f5cbaeb88b7f0d9b0549257ddd4c46f984e2fc4bccf056cc254b9fe3417fff,-0.053941908713692865,-0.01041666666666674,-0.040570175438596534,-0.06853070175438591
2026-03-17,MORPHO,1.805,10912995.516886853,1482831.5755884855,12395827.092475338,0.11962344783662007,7.359565102702818,10,binance;bitget;bybit;coinbase;gate;htx;kraken;kucoin;mexc;okx,base;eth,base;eth,5,aerodrome-slipstream;uniswap-v3-base;uniswap-v4-ethereum;uniswap_v3,0x2043b296ffc6b2d3bf4a3f3167d2afb3b0fbdbee;0x2f42df4af5312b492e9d7f7b2110d9c7bf2d9e4f;0xb5f0b4ae66c14f7efaa9aa1468e8fc536a3e288c;0xc8219b876753a85025156b22176c2edea17aac53;0xd9f5cbaeb88b7f0d9b0549257ddd4c46f984e2fc4bccf056cc254b9fe3417fff,-0.01041666666666674,-0.03434903047091409,-0.01939058171745145,-0.027146814404432118
2026-03-18,MORPHO,1.743,7143449.313326547,1312718.737706708,8456168.051033255,0.15523801440373547,5.441721145693404,10,binance;bitget;bybit;coinbase;gate;htx;kraken;kucoin;mexc;okx,base;eth,base;eth,5,aerodrome-slipstream;uniswap-v3-base;uniswap-v4-ethereum;uniswap_v3,0x2043b296ffc6b2d3bf4a3f3167d2afb3b0fbdbee;0x2f42df4af5312b492e9d7f7b2110d9c7bf2d9e4f;0xb5f0b4ae66c14f7efaa9aa1468e8fc536a3e288c;0xc8219b876753a85025156b22176c2edea17aac53;0xd9f5cbaeb88b7f0d9b0549257ddd4c46f984e2fc4bccf056cc254b9fe3417fff,-0.03434903047091409,0.004016064257028162,0.005737234652897216,-0.021227768215720144
2026-03-19,MORPHO,1.75,6907672.808439049,1269395.4344038896,8177068.242842939,0.1552384542607848,5.441702893537587,10,binance;bitget;bybit;coinbase;gate;htx;kraken;kucoin;mexc;okx,base;eth,base;eth,5,aerodrome-slipstream;uniswap-v3-base;uniswap-v4-ethereum;uniswap_v3,0x2043b296ffc6b2d3bf4a3f3167d2afb3b0fbdbee;0x2f42df4af5312b492e9d7f7b2110d9c7bf2d9e4f;0xb5f0b4ae66c14f7efaa9aa1468e8fc536a3e288c;0xc8219b876753a85025156b22176c2edea17aac53;0xd9f5cbaeb88b7f0d9b0549257ddd4c46f984e2fc4bccf056cc254b9fe3417fff,0.004016064257028162,0.011428571428571344,-0.047428571428571376,-0.10914285714285721
2026-03-20,MORPHO,1.77,3532897.8550006356,721394.8043824483,4254292.659383084,0.16956868324311708,4.897315358439518,10,binance;bitget;bybit;coinbase;gate;htx;kraken;kucoin;mexc;okx,base;eth,base;eth,5,aerodrome-slipstream;uniswap-v3-base;uniswap-v4-ethereum;uniswap_v3,0x2043b296ffc6b2d3bf4a3f3167d2afb3b0fbdbee;0x2f42df4af5312b492e9d7f7b2110d9c7bf2d9e4f;0xb5f0b4ae66c14f7efaa9aa1468e8fc536a3e288c;0xc8219b876753a85025156b22176c2edea17aac53;0xd9f5cbaeb88b7f0d9b0549257ddd4c46f984e2fc4bccf056cc254b9fe3417fff,0.011428571428571344,-0.009604519774011333,-0.04011299435028248,-0.15649717514124284
2026-03-21,MORPHO,1.753,3555094.1851906534,708895.5435568702,4263989.728747523,0.1662517005558305,5.014976067352652,10,binance;bitget;bybit;coinbase;gate;htx;kraken;kucoin;mexc;okx,base;eth,base;eth,5,aerodrome-slipstream;uniswap-v3-base;uniswap-v4-ethereum;uniswap_v3,0x2043b296ffc6b2d3bf4a3f3167d2afb3b0fbdbee;0x2f42df4af5312b492e9d7f7b2110d9c7bf2d9e4f;0xb5f0b4ae66c14f7efaa9aa1468e8fc536a3e288c;0xc8219b876753a85025156b22176c2edea17aac53;0xd9f5cbaeb88b7f0d9b0549257ddd4c46f984e2fc4bccf056cc254b9fe3417fff,-0.009604519774011333,-0.04905875641756985,0.0017113519680547196,-0.14603536794067307
2026-03-22,MORPHO,1.667,5061700.889985902,957048.7408006928,6018749.630786595,0.15901122317919303,5.288864270121861,10,binance;bitget;bybit;coinbase;gate;htx;kraken;kucoin;mexc;okx,base;eth,base;eth,5,aerodrome-slipstream;uniswap-v3-base;uniswap-v4-ethereum;uniswap_v3,0x2043b296ffc6b2d3bf4a3f3167d2afb3b0fbdbee;0x2f42df4af5312b492e9d7f7b2110d9c7bf2d9e4f;0xb5f0b4ae66c14f7efaa9aa1468e8fc536a3e288c;0xc8219b876753a85025156b22176c2edea17aac53;0xd9f5cbaeb88b7f0d9b0549257ddd4c46f984e2fc4bccf056cc254b9fe3417fff,-0.04905875641756985,0.01919616076784636,0.02339532093581287,-0.1151769646070786
2026-03-23,MORPHO,1.699,7384923.916334629,1012014.0285870979,8396937.944921726,0.12052179439996226,7.297254492257321,10,binance;bitget;bybit;coinbase;gate;htx;kraken;kucoin;mexc;okx,base;eth,base;eth,5,aerodrome-slipstream;uniswap-v3-base;uniswap-v4-ethereum;uniswap_v3,0x2043b296ffc6b2d3bf4a3f3167d2afb3b0fbdbee;0x2f42df4af5312b492e9d7f7b2110d9c7bf2d9e4f;0xb5f0b4ae66c14f7efaa9aa1468e8fc536a3e288c;0xc8219b876753a85025156b22176c2edea17aac53;0xd9f5cbaeb88b7f0d9b0549257ddd4c46f984e2fc4bccf056cc254b9fe3417fff,0.01919616076784636,0.03354914655679808,-0.0824014125956446,-0.1347851677457328
2026-03-24,MORPHO,1.756,5454469.054568291,1110273.058060941,6564742.112629232,0.16912668296976982,4.912727562798254,10,binance;bitget;bybit;coinbase;gate;htx;kraken;kucoin;mexc;okx,base;eth,base;eth,5,aerodrome-slipstream;uniswap-v3-base;uniswap-v4-ethereum;uniswap_v3,0x2043b296ffc6b2d3bf4a3f3167d2afb3b0fbdbee;0x2f42df4af5312b492e9d7f7b2110d9c7bf2d9e4f;0xb5f0b4ae66c14f7efaa9aa1468e8fc536a3e288c;0xc8219b876753a85025156b22176c2edea17aac53;0xd9f5cbaeb88b7f0d9b0549257ddd4c46f984e2fc4bccf056cc254b9fe3417fff,0.03354914655679808,-0.028473804100227817,-0.14977220956719817,-0.12357630979498868
2026-03-25,MORPHO,1.706,4784786.988236431,1121337.4579593714,5906124.446195803,0.18986011354393942,4.26703572084702,10,binance;bitget;bybit;coinbase;gate;htx;kraken;kucoin;mexc;okx,base;eth,base;eth,5,aerodrome-slipstream;uniswap-v3-base;uniswap-v4-ethereum;uniswap_v3,0x2043b296ffc6b2d3bf4a3f3167d2afb3b0fbdbee;0x2f42df4af5312b492e9d7f7b2110d9c7bf2d9e4f;0xb5f0b4ae66c14f7efaa9aa1468e8fc536a3e288c;0xc8219b876753a85025156b22176c2edea17aac53;0xd9f5cbaeb88b7f0d9b0549257ddd4c46f984e2fc4bccf056cc254b9fe3417fff,-0.028473804100227817,-0.08616647127784294,-0.12250879249706903,-0.10316529894490034
2026-03-26,MORPHO,1.559,5924623.966978983,790400.9491931091,6715024.916172092,0.11770633155649973,7.495719701535292,10,binance;bitget;bybit;coinbase;gate;htx;kraken;kucoin;mexc;okx,base;eth,base;eth,5,aerodrome-slipstream;uniswap-v3-base;uniswap-v4-ethereum;uniswap_v3,0x2043b296ffc6b2d3bf4a3f3167d2afb3b0fbdbee;0x2f42df4af5312b492e9d7f7b2110d9c7bf2d9e4f;0xb5f0b4ae66c14f7efaa9aa1468e8fc536a3e288c;0xc8219b876753a85025156b22176c2edea17aac53;0xd9f5cbaeb88b7f0d9b0549257ddd4c46f984e2fc4bccf056cc254b9fe3417fff,-0.08616647127784294,-0.042334830019242986,-0.05388069275176388,-0.034637588197562574
2026-03-27,MORPHO,1.493,5512688.185374942,812126.8974935415,6324815.082868483,0.12840326347141504,6.787964051416955,10,binance;bitget;bybit;coinbase;gate;htx;kraken;kucoin;mexc;okx,base;eth,base;eth,5,aerodrome-slipstream;uniswap-v3-base;uniswap-v4-ethereum;uniswap_v3,0x2043b296ffc6b2d3bf4a3f3167d2afb3b0fbdbee;0x2f42df4af5312b492e9d7f7b2110d9c7bf2d9e4f;0xb5f0b4ae66c14f7efaa9aa1468e8fc536a3e288c;0xc8219b876753a85025156b22176c2edea17aac53;0xd9f5cbaeb88b7f0d9b0549257ddd4c46f984e2fc4bccf056cc254b9fe3417fff,-0.042334830019242986,0.0026791694574681557,-0.015405224380442117,0.005358338914936311
2026-03-28,MORPHO,1.497,2997639.8180790492,388304.95759440894,3385944.7756734584,0.11468142079109243,7.719808257534879,10,binance;bitget;bybit;coinbase;gate;htx;kraken;kucoin;mexc;okx,base;eth,base;eth,5,aerodrome-slipstream;uniswap-v3-base;uniswap-v4-ethereum;uniswap_v3,0x2043b296ffc6b2d3bf4a3f3167d2afb3b0fbdbee;0x2f42df4af5312b492e9d7f7b2110d9c7bf2d9e4f;0xb5f0b4ae66c14f7efaa9aa1468e8fc536a3e288c;0xc8219b876753a85025156b22176c2edea17aac53;0xd9f5cbaeb88b7f0d9b0549257ddd4c46f984e2fc4bccf056cc254b9fe3417fff,0.0026791694574681557,-0.014696058784235189,0.028056112224448704,-0.009352037408149605
2026-03-29,MORPHO,1.475,5227844.0671042,202009.7688294251,5429853.835933625,0.03720353713622403,25.879164643362053,10,binance;bitget;bybit;coinbase;gate;htx;kraken;kucoin;mexc;okx,base;eth,base;eth,5,aerodrome-slipstream;uniswap-v3-base;uniswap-v4-ethereum;uniswap_v3,0x2043b296ffc6b2d3bf4a3f3167d2afb3b0fbdbee;0x2f42df4af5312b492e9d7f7b2110d9c7bf2d9e4f;0xb5f0b4ae66c14f7efaa9aa1468e8fc536a3e288c;0xc8219b876753a85025156b22176c2edea17aac53;0xd9f5cbaeb88b7f0d9b0549257ddd4c46f984e2fc4bccf056cc254b9fe3417fff,-0.014696058784235189,-0.003389830508474634,0.037288135593220195,0.014237288135593218
2026-03-30,MORPHO,1.47,3175384.298167169,536649.8317616448,3712034.129928814,0.14457028491059057,5.917050766127006,10,binance;bitget;bybit;coinbase;gate;htx;kraken;kucoin;mexc;okx,base;eth,base;eth,5,aerodrome-slipstream;uniswap-v3-base;uniswap-v4-ethereum;uniswap_v3,0x2043b296ffc6b2d3bf4a3f3167d2afb3b0fbdbee;0x2f42df4af5312b492e9d7f7b2110d9c7bf2d9e4f;0xb5f0b4ae66c14f7efaa9aa1468e8fc536a3e288c;0xc8219b876753a85025156b22176c2edea17aac53;0xd9f5cbaeb88b7f0d9b0549257ddd4c46f984e2fc4bccf056cc254b9fe3417fff,-0.003389830508474634,0.04693877551020398,0.023809523809523725,0.07006802721088423
2026-03-31,MORPHO,1.539,6172453.820753307,449360.8408988304,6621814.6616521375,0.06786067926381908,13.736074127881073,10,binance;bitget;bybit;coinbase;gate;htx;kraken;kucoin;mexc;okx,base;eth,base;eth,5,aerodrome-slipstream;uniswap-v3-base;uniswap-v4-ethereum;uniswap_v3,0x2043b296ffc6b2d3bf4a3f3167d2afb3b0fbdbee;0x2f42df4af5312b492e9d7f7b2110d9c7bf2d9e4f;0xb5f0b4ae66c14f7efaa9aa1468e8fc536a3e288c;0xc8219b876753a85025156b22176c2edea17aac53;0xd9f5cbaeb88b7f0d9b0549257ddd4c46f984e2fc4bccf056cc254b9fe3417fff,0.04693877551020398,-0.005847953216374213,-0.024691358024691357,0.1364522417153997
2026-04-01,MORPHO,1.53,6996969.882797444,1698334.721620455,8695304.6044179,0.1953162998749425,4.1199003904962455,10,binance;bitget;bybit;coinbase;gate;htx;kraken;kucoin;mexc;okx,base;eth,base;eth,5,aerodrome-slipstream;uniswap-v3-base;uniswap-v4-ethereum;uniswap_v3,0x2043b296ffc6b2d3bf4a3f3167d2afb3b0fbdbee;0x2f42df4af5312b492e9d7f7b2110d9c7bf2d9e4f;0xb5f0b4ae66c14f7efaa9aa1468e8fc536a3e288c;0xc8219b876753a85025156b22176c2edea17aac53;0xd9f5cbaeb88b7f0d9b0549257ddd4c46f984e2fc4bccf056cc254b9fe3417fff,-0.005847953216374213,-0.016339869281045805,-0.030718954248366015,0.11111111111111116
2026-04-02,MORPHO,1.505,8080951.035489579,752238.0053815177,8833189.040871097,0.08516041057209557,10.742545547656965,10,binance;bitget;bybit;coinbase;gate;htx;kraken;kucoin;mexc;okx,base;eth,base;eth,5,aerodrome-slipstream;uniswap-v3-base;uniswap-v4-ethereum;uniswap_v3,0x2043b296ffc6b2d3bf4a3f3167d2afb3b0fbdbee;0x2f42df4af5312b492e9d7f7b2110d9c7bf2d9e4f;0xb5f0b4ae66c14f7efaa9aa1468e8fc536a3e288c;0xc8219b876753a85025156b22176c2edea17aac53;0xd9f5cbaeb88b7f0d9b0549257ddd4c46f984e2fc4bccf056cc254b9fe3417fff,-0.016339869281045805,-0.0026578073089701393,-0.005980066445182675,0.22259136212624608
2026-04-03,MORPHO,1.501,2088322.8357805714,260899.46408945156,2349222.299870023,0.11105780159837854,8.004320143273933,10,binance;bitget;bybit;coinbase;gate;htx;kraken;kucoin;mexc;okx,base;eth,base;eth,5,aerodrome-slipstream;uniswap-v3-base;uniswap-v4-ethereum;uniswap_v3,0x2043b296ffc6b2d3bf4a3f3167d2afb3b0fbdbee;0x2f42df4af5312b492e9d7f7b2110d9c7bf2d9e4f;0xb5f0b4ae66c14f7efaa9aa1468e8fc536a3e288c;0xc8219b876753a85025156b22176c2edea17aac53;0xd9f5cbaeb88b7f0d9b0549257ddd4c46f984e2fc4bccf056cc254b9fe3417fff,-0.0026578073089701393,-0.011992005329780064,0.0479680213191207,0.2145236508994004
2026-04-04,MORPHO,1.483,2319409.3072816934,213041.6914786518,2532450.9987603454,0.084124704321204,10.887114588620856,10,binance;bitget;bybit;coinbase;gate;htx;kraken;kucoin;mexc;okx,base;eth,base;eth,5,aerodrome-slipstream;uniswap-v3-base;uniswap-v4-ethereum;uniswap_v3,0x2043b296ffc6b2d3bf4a3f3167d2afb3b0fbdbee;0x2f42df4af5312b492e9d7f7b2110d9c7bf2d9e4f;0xb5f0b4ae66c14f7efaa9aa1468e8fc536a3e288c;0xc8219b876753a85025156b22176c2edea17aac53;0xd9f5cbaeb88b7f0d9b0549257ddd4c46f984e2fc4bccf056cc254b9fe3417fff,-0.011992005329780064,0.008766014834794333,0.17936614969656106,0.21645313553607548
2026-04-05,MORPHO,1.496,3126443.05020523,258327.05218256026,3384770.10238779,0.07632041301721589,12.102654459881213,10,binance;bitget;bybit;coinbase;gate;htx;kraken;kucoin;mexc;okx,base;eth,base;eth,5,aerodrome-slipstream;uniswap-v3-base;uniswap-v4-ethereum;uniswap_v3,0x2043b296ffc6b2d3bf4a3f3167d2afb3b0fbdbee;0x2f42df4af5312b492e9d7f7b2110d9c7bf2d9e4f;0xb5f0b4ae66c14f7efaa9aa1468e8fc536a3e288c;0xc8219b876753a85025156b22176c2edea17aac53;0xd9f5cbaeb88b7f0d9b0549257ddd4c46f984e2fc4bccf056cc254b9fe3417fff,0.008766014834794333,0.05147058823529416,0.13636363636363624,0.12767379679144386
2026-04-06,MORPHO,1.573,14209800.71565408,1355982.6521614508,15565783.367815532,0.08711303633873882,10.479338133864402,10,binance;bitget;bybit;coinbase;gate;htx;kraken;kucoin;mexc;okx,base;eth,base;eth,5,aerodrome-slipstream;uniswap-v3-base;uniswap-v4-ethereum;uniswap_v3,0x2043b296ffc6b2d3bf4a3f3167d2afb3b0fbdbee;0x2f42df4af5312b492e9d7f7b2110d9c7bf2d9e4f;0xb5f0b4ae66c14f7efaa9aa1468e8fc536a3e288c;0xc8219b876753a85025156b22176c2edea17aac53;0xd9f5cbaeb88b7f0d9b0549257ddd4c46f984e2fc4bccf056cc254b9fe3417fff,0.05147058823529416,0.1118881118881121,0.1697393515575334,0.15193897012078827
2026-04-07,MORPHO,1.749,7886703.144658344,1612464.1549045395,9499167.299562883,0.1697479477994602,4.891087420870605,10,binance;bitget;bybit;coinbase;gate;htx;kraken;kucoin;mexc;okx,base;eth,base;eth,5,aerodrome-slipstream;uniswap-v3-base;uniswap-v4-ethereum;uniswap_v3,0x2043b296ffc6b2d3bf4a3f3167d2afb3b0fbdbee;0x2f42df4af5312b492e9d7f7b2110d9c7bf2d9e4f;0xb5f0b4ae66c14f7efaa9aa1468e8fc536a3e288c;0xc8219b876753a85025156b22176c2edea17aac53;0xd9f5cbaeb88b7f0d9b0549257ddd4c46f984e2fc4bccf056cc254b9fe3417fff,0.1118881118881121,-0.028016009148084664,0.04230989136649499,-0.014293882218410547
2026-04-08,MORPHO,1.7,5822916.748212471,1371106.9921149863,7194023.740327457,0.19058972302648758,4.246872623142555,10,binance;bitget;bybit;coinbase;gate;htx;kraken;kucoin;mexc;okx,base;eth,base;eth,5,aerodrome-slipstream;uniswap-v3-base;uniswap-v4-ethereum;uniswap_v3,0x2043b296ffc6b2d3bf4a3f3167d2afb3b0fbdbee;0x2f42df4af5312b492e9d7f7b2110d9c7bf2d9e4f;0xb5f0b4ae66c14f7efaa9aa1468e8fc536a3e288c;0xc8219b876753a85025156b22176c2edea17aac53;0xd9f5cbaeb88b7f0d9b0549257ddd4c46f984e2fc4bccf056cc254b9fe3417fff,-0.028016009148084664,0.08235294117647074,0.06117647058823539,0.07058823529411762
2026-04-09,MORPHO,1.84,10964133.922771664,2002087.3093988032,12966221.232170468,0.15440792452556862,5.476351541364113,10,binance;bitget;bybit;coinbase;gate;htx;kraken;kucoin;mexc;okx,base;eth,base;eth,5,aerodrome-slipstream;uniswap-v3-base;uniswap-v4-ethereum;uniswap_v3,0x2043b296ffc6b2d3bf4a3f3167d2afb3b0fbdbee;0x2f42df4af5312b492e9d7f7b2110d9c7bf2d9e4f;0xb5f0b4ae66c14f7efaa9aa1468e8fc536a3e288c;0xc8219b876753a85025156b22176c2edea17aac53;0xd9f5cbaeb88b7f0d9b0549257ddd4c46f984e2fc4bccf056cc254b9fe3417fff,0.08235294117647074,-0.009239130434782639,-0.08315217391304353,-0.021739130434782594
2026-04-10,MORPHO,1.823,6167972.22852532,1729554.8255118923,7897527.054037212,0.2189995442469228,3.5662195482584944,10,binance;bitget;bybit;coinbase;gate;htx;kraken;kucoin;mexc;okx,base;eth,base;eth,5,aerodrome-slipstream;uniswap-v3-base;uniswap-v4-ethereum;uniswap_v3,0x2043b296ffc6b2d3bf4a3f3167d2afb3b0fbdbee;0x2f42df4af5312b492e9d7f7b2110d9c7bf2d9e4f;0xb5f0b4ae66c14f7efaa9aa1468e8fc536a3e288c;0xc8219b876753a85025156b22176c2edea17aac53;0xd9f5cbaeb88b7f0d9b0549257ddd4c46f984e2fc4bccf056cc254b9fe3417fff,-0.009239130434782639,-0.010422380691168298,-0.0060340098738342896,0.06198573779484362
2026-04-11,MORPHO,1.804,4427761.963846327,1284945.7105039863,5712707.674350313,0.22492761467093955,3.4458747382483987,10,binance;bitget;bybit;coinbase;gate;htx;kraken;kucoin;mexc;okx,base;eth,base;eth,5,aerodrome-slipstream;uniswap-v3-base;uniswap-v4-ethereum;uniswap_v3,0x2043b296ffc6b2d3bf4a3f3167d2afb3b0fbdbee;0x2f42df4af5312b492e9d7f7b2110d9c7bf2d9e4f;0xb5f0b4ae66c14f7efaa9aa1468e8fc536a3e288c;0xc8219b876753a85025156b22176c2edea17aac53;0xd9f5cbaeb88b7f0d9b0549257ddd4c46f984e2fc4bccf056cc254b9fe3417fff,-0.010422380691168298,-0.06485587583148555,-0.04434589800443467,0.06707317073170738
2026-04-12,MORPHO,1.687,4931120.35700504,1075314.1788257828,6006434.535830823,0.17902703715675194,4.58574847621716,10,binance;bitget;bybit;coinbase;gate;htx;kraken;kucoin;mexc;okx,base;eth,base;eth,5,aerodrome-slipstream;uniswap-v3-base;uniswap-v4-ethereum;uniswap_v3,0x2043b296ffc6b2d3bf4a3f3167d2afb3b0fbdbee;0x2f42df4af5312b492e9d7f7b2110d9c7bf2d9e4f;0xb5f0b4ae66c14f7efaa9aa1468e8fc536a3e288c;0xc8219b876753a85025156b22176c2edea17aac53;0xd9f5cbaeb88b7f0d9b0549257ddd4c46f984e2fc4bccf056cc254b9fe3417fff,-0.06485587583148555,0.07409602845287488,0.07883817427385886,0.12744516893894486
2026-04-13,MORPHO,1.812,5689994.992142464,1251855.5364267726,6941850.528569236,0.18033455650978827,4.5452488938010145,10,binance;bitget;bybit;coinbase;gate;htx;kraken;kucoin;mexc;okx,base;eth,base;eth,5,aerodrome-slipstream;uniswap-v3-base;uniswap-v4-ethereum;uniswap_v3,0x2043b296ffc6b2d3bf4a3f3167d2afb3b0fbdbee;0x2f42df4af5312b492e9d7f7b2110d9c7bf2d9e4f;0xb5f0b4ae66c14f7efaa9aa1468e8fc536a3e288c;0xc8219b876753a85025156b22176c2edea17aac53;0xd9f5cbaeb88b7f0d9b0549257ddd4c46f984e2fc4bccf056cc254b9fe3417fff,0.07409602845287488,-0.04856512141280356,-0.0066225165562914245,0.05905077262693159
2026-04-14,MORPHO,1.724,4661627.628754774,1020917.3561717712,5682544.984926545,0.17965847325095446,4.5661165427091115,10,binance;bitget;bybit;coinbase;gate;htx;kraken;kucoin;mexc;okx,base;eth,base;eth,5,aerodrome-slipstream;uniswap-v3-base;uniswap-v4-ethereum;uniswap_v3,0x2043b296ffc6b2d3bf4a3f3167d2afb3b0fbdbee;0x2f42df4af5312b492e9d7f7b2110d9c7bf2d9e4f;0xb5f0b4ae66c14f7efaa9aa1468e8fc536a3e288c;0xc8219b876753a85025156b22176c2edea17aac53;0xd9f5cbaeb88b7f0d9b0549257ddd4c46f984e2fc4bccf056cc254b9fe3417fff,-0.04856512141280356,0.05568445475638062,0.12296983758700697,0.13167053364269155
2026-04-15,MORPHO,1.82,8555131.344249886,1473592.7635464729,10028724.107796358,0.14693721232204382,5.805627956302108,10,binance;bitget;bybit;coinbase;gate;htx;kraken;kucoin;mexc;okx,base;eth,base;eth,5,aerodrome-slipstream;uniswap-v3-base;uniswap-v4-ethereum;uniswap_v3,0x2043b296ffc6b2d3bf4a3f3167d2afb3b0fbdbee;0x2f42df4af5312b492e9d7f7b2110d9c7bf2d9e4f;0xb5f0b4ae66c14f7efaa9aa1468e8fc536a3e288c;0xc8219b876753a85025156b22176c2edea17aac53;0xd9f5cbaeb88b7f0d9b0549257ddd4c46f984e2fc4bccf056cc254b9fe3417fff,0.05568445475638062,-0.01098901098901095,0.05769230769230771,0.07747252747252742
2026-04-16,MORPHO,1.8,9432438.562475404,3400839.8389771506,12833278.401452554,0.2650016412479777,2.7735615345274063,10,binance;bitget;bybit;coinbase;gate;htx;kraken;kucoin;mexc;okx,base;eth,base;eth,5,aerodrome-slipstream;uniswap-v3-base;uniswap-v4-ethereum;uniswap_v3,0x2043b296ffc6b2d3bf4a3f3167d2afb3b0fbdbee;0x2f42df4af5312b492e9d7f7b2110d9c7bf2d9e4f;0xb5f0b4ae66c14f7efaa9aa1468e8fc536a3e288c;0xc8219b876753a85025156b22176c2edea17aac53;0xd9f5cbaeb88b7f0d9b0549257ddd4c46f984e2fc4bccf056cc254b9fe3417fff,-0.01098901098901095,0.0755555555555556,0.05666666666666664,0.06555555555555559
2026-04-17,MORPHO,1.936,9666106.17915589,3672291.953322537,13338398.132478427,0.275317314481764,2.632172578329563,10,binance;bitget;bybit;coinbase;gate;htx;kraken;kucoin;mexc;okx,base;eth,base;eth,5,aerodrome-slipstream;uniswap-v3-base;uniswap-v4-ethereum;uniswap_v3,0x2043b296ffc6b2d3bf4a3f3167d2afb3b0fbdbee;0x2f42df4af5312b492e9d7f7b2110d9c7bf2d9e4f;0xb5f0b4ae66c14f7efaa9aa1468e8fc536a3e288c;0xc8219b876753a85025156b22176c2edea17aac53;0xd9f5cbaeb88b7f0d9b0549257ddd4c46f984e2fc4bccf056cc254b9fe3417fff,0.0755555555555556,-0.005681818181818121,-0.008780991735537147,-0.04338842975206603
2026-04-18,MORPHO,1.925,8763904.399135329,1623860.5304315563,10387764.929566884,0.15632434324823163,5.396956348711941,10,binance;bitget;bybit;coinbase;gate;htx;kraken;kucoin;mexc;okx,base;eth,base;eth,5,aerodrome-slipstream;uniswap-v3-base;uniswap-v4-ethereum;uniswap_v3,0x2043b296ffc6b2d3bf4a3f3167d2afb3b0fbdbee;0x2f42df4af5312b492e9d7f7b2110d9c7bf2d9e4f;0xb5f0b4ae66c14f7efaa9aa1468e8fc536a3e288c;0xc8219b876753a85025156b22176c2edea17aac53;0xd9f5cbaeb88b7f0d9b0549257ddd4c46f984e2fc4bccf056cc254b9fe3417fff,-0.005681818181818121,-0.01194805194805204,0.013506493506493467,-0.03116883116883118
2026-04-19,MORPHO,1.902,10759507.193929072,4571734.205665914,15331241.399594987,0.2981972618203434,2.3534848505834893,10,binance;bitget;bybit;coinbase;gate;htx;kraken;kucoin;mexc;okx,base;eth,base;eth,5,aerodrome-slipstream;uniswap-v3-base;uniswap-v4-ethereum;uniswap_v3,0x2043b296ffc6b2d3bf4a3f3167d2afb3b0fbdbee;0x2f42df4af5312b492e9d7f7b2110d9c7bf2d9e4f;0xb5f0b4ae66c14f7efaa9aa1468e8fc536a3e288c;0xc8219b876753a85025156b22176c2edea17aac53;0xd9f5cbaeb88b7f0d9b0549257ddd4c46f984e2fc4bccf056cc254b9fe3417fff,-0.01194805194805204,0.008937960042061155,0.031019978969505813,0.02786540483701372
2026-04-20,MORPHO,1.919,5257284.084457701,1079658.4788489179,6336942.5633066185,0.1703752981919962,4.869395449997091,10,binance;bitget;bybit;coinbase;gate;htx;kraken;kucoin;mexc;okx,base;eth,base;eth,5,aerodrome-slipstream;uniswap-v3-base;uniswap-v4-ethereum;uniswap_v3,0x2043b296ffc6b2d3bf4a3f3167d2afb3b0fbdbee;0x2f42df4af5312b492e9d7f7b2110d9c7bf2d9e4f;0xb5f0b4ae66c14f7efaa9aa1468e8fc536a3e288c;0xc8219b876753a85025156b22176c2edea17aac53;0xd9f5cbaeb88b7f0d9b0549257ddd4c46f984e2fc4bccf056cc254b9fe3417fff,0.008937960042061155,0.016675351745701006,-0.0005211047420532466,0.01875977071391355
2026-04-21,MORPHO,1.951,5762027.084529297,1738866.8727026677,7500893.957231965,0.23182128458517193,3.313667753974492,10,binance;bitget;bybit;coinbase;gate;htx;kraken;kucoin;mexc;okx,base;eth,base;eth,5,aerodrome-slipstream;uniswap-v3-base;uniswap-v4-ethereum;uniswap_v3,0x2043b296ffc6b2d3bf4a3f3167d2afb3b0fbdbee;0x2f42df4af5312b492e9d7f7b2110d9c7bf2d9e4f;0xb5f0b4ae66c14f7efaa9aa1468e8fc536a3e288c;0xc8219b876753a85025156b22176c2edea17aac53;0xd9f5cbaeb88b7f0d9b0549257ddd4c46f984e2fc4bccf056cc254b9fe3417fff,0.016675351745701006,0.005125576627370565,-0.050743208610968704,0.0056381342901075104
2026-04-22,MORPHO,1.961,5204671.051051329,1080573.3785672681,6285244.429618597,0.17192225229541944,4.816582709035642,10,binance;bitget;bybit;coinbase;gate;htx;kraken;kucoin;mexc;okx,base;eth,base;eth,5,aerodrome-slipstream;uniswap-v3-base;uniswap-v4-ethereum;uniswap_v3,0x2043b296ffc6b2d3bf4a3f3167d2afb3b0fbdbee;0x2f42df4af5312b492e9d7f7b2110d9c7bf2d9e4f;0xb5f0b4ae66c14f7efaa9aa1468e8fc536a3e288c;0xc8219b876753a85025156b22176c2edea17aac53;0xd9f5cbaeb88b7f0d9b0549257ddd4c46f984e2fc4bccf056cc254b9fe3417fff,0.005125576627370565,-0.021927587965323903,-0.048954614992350876,0.0010198878123406363
2026-04-23,MORPHO,1.918,6701932.299495694,1220910.2304489808,7922842.529944675,0.15410002481237076,5.489291622227711,10,binance;bitget;bybit;coinbase;gate;htx;kraken;kucoin;mexc;okx,base;eth,base;eth,5,aerodrome-slipstream;uniswap-v3-base;uniswap-v4-ethereum;uniswap_v3,0x2043b296ffc6b2d3bf4a3f3167d2afb3b0fbdbee;0x2f42df4af5312b492e9d7f7b2110d9c7bf2d9e4f;0xb5f0b4ae66c14f7efaa9aa1468e8fc536a3e288c;0xc8219b876753a85025156b22176c2edea17aac53;0xd9f5cbaeb88b7f0d9b0549257ddd4c46f984e2fc4bccf056cc254b9fe3417fff,-0.021927587965323903,-0.03441084462982269,0.01929092805005217,0.0432742440041709
2026-04-24,MORPHO,1.852,4254293.824886537,826542.9025941043,5080836.727480642,0.16267850098854678,5.147093770371071,10,binance;bitget;bybit;coinbase;gate;htx;kraken;kucoin;mexc;okx,base;eth,base;eth,5,aerodrome-slipstream;uniswap-v3-base;uniswap-v4-ethereum;uniswap_v3,0x2043b296ffc6b2d3bf4a3f3167d2afb3b0fbdbee;0x2f42df4af5312b492e9d7f7b2110d9c7bf2d9e4f;0xb5f0b4ae66c14f7efaa9aa1468e8fc536a3e288c;0xc8219b876753a85025156b22176c2edea17aac53;0xd9f5cbaeb88b7f0d9b0549257ddd4c46f984e2fc4bccf056cc254b9fe3417fff,-0.03441084462982269,0.007019438444924253,0.05561555075593949,0.06317494600431961
2026-04-25,MORPHO,1.865,4131580.0434502023,981320.628389433,5112900.671839636,0.19193031341177044,4.210224389383367,10,binance;bitget;bybit;coinbase;gate;htx;kraken;kucoin;mexc;okx,base;eth,base;eth,5,aerodrome-slipstream;uniswap-v3-base;uniswap-v4-ethereum;uniswap_v3,0x2043b296ffc6b2d3bf4a3f3167d2afb3b0fbdbee;0x2f42df4af5312b492e9d7f7b2110d9c7bf2d9e4f;0xb5f0b4ae66c14f7efaa9aa1468e8fc536a3e288c;0xc8219b876753a85025156b22176c2edea17aac53;0xd9f5cbaeb88b7f0d9b0549257ddd4c46f984e2fc4bccf056cc254b9fe3417fff,0.007019438444924253,0.04825737265415553,0.0520107238605898,0.05951742627345835
2026-04-26,MORPHO,1.955,4923461.29014999,1090550.4266496494,6014011.716799639,0.18133493548130075,4.514657158289942,10,binance;bitget;bybit;coinbase;gate;htx;kraken;kucoin;mexc;okx,base;eth,base;eth,5,aerodrome-slipstream;uniswap-v3-base;uniswap-v4-ethereum;uniswap_v3,0x2043b296ffc6b2d3bf4a3f3167d2afb3b0fbdbee;0x2f42df4af5312b492e9d7f7b2110d9c7bf2d9e4f;0xb5f0b4ae66c14f7efaa9aa1468e8fc536a3e288c;0xc8219b876753a85025156b22176c2edea17aac53;0xd9f5cbaeb88b7f0d9b0549257ddd4c46f984e2fc4bccf056cc254b9fe3417fff,0.04825737265415553,0.0,0.004092071611253134,-0.015856777493606256
2026-04-27,MORPHO,1.955,4195874.251170682,1002558.8957300674,5198433.146900749,0.19285789917829038,4.185164850704585,10,binance;bitget;bybit;coinbase;gate;htx;kraken;kucoin;mexc;okx,base;eth,base;eth,5,aerodrome-slipstream;uniswap-v3-base;uniswap-v4-ethereum;uniswap_v3,0x2043b296ffc6b2d3bf4a3f3167d2afb3b0fbdbee;0x2f42df4af5312b492e9d7f7b2110d9c7bf2d9e4f;0xb5f0b4ae66c14f7efaa9aa1468e8fc536a3e288c;0xc8219b876753a85025156b22176c2edea17aac53;0xd9f5cbaeb88b7f0d9b0549257ddd4c46f984e2fc4bccf056cc254b9fe3417fff,0.0,0.003580562659846409,0.0235294117647058,0.02455242966751925
2026-04-28,MORPHO,1.962,5272239.7068855,534859.3168731589,5807099.023758659,0.0921043906234218,9.85724571034406,10,binance;bitget;bybit;coinbase;gate;htx;kraken;kucoin;mexc;okx,base;eth,base;eth,5,aerodrome-slipstream;uniswap-v3-base;uniswap-v4-ethereum;uniswap_v3,0x2043b296ffc6b2d3bf4a3f3167d2afb3b0fbdbee;0x2f42df4af5312b492e9d7f7b2110d9c7bf2d9e4f;0xb5f0b4ae66c14f7efaa9aa1468e8fc536a3e288c;0xc8219b876753a85025156b22176c2edea17aac53;0xd9f5cbaeb88b7f0d9b0549257ddd4c46f984e2fc4bccf056cc254b9fe3417fff,0.003580562659846409,0.0005096839959226607,0.0035677879714577365,0.13251783893985736
2026-04-29,MORPHO,1.963,6214480.523298993,1390924.8336085984,7605405.356907591,0.1828863510010409,4.467876604932145,10,binance;bitget;bybit;coinbase;gate;htx;kraken;kucoin;mexc;okx,base;eth,base;eth,5,aerodrome-slipstream;uniswap-v3-base;uniswap-v4-ethereum;uniswap_v3,0x2043b296ffc6b2d3bf4a3f3167d2afb3b0fbdbee;0x2f42df4af5312b492e9d7f7b2110d9c7bf2d9e4f;0xb5f0b4ae66c14f7efaa9aa1468e8fc536a3e288c;0xc8219b876753a85025156b22176c2edea17aac53;0xd9f5cbaeb88b7f0d9b0549257ddd4c46f984e2fc4bccf056cc254b9fe3417fff,0.0005096839959226607,0.019358125318390096,0.0066225165562914245,0.14365766683647485
2026-04-30,MORPHO,2.001,5319230.774102641,1618907.5085554705,6938138.282658111,0.23333456939045633,3.2856915827445383,10,binance;bitget;bybit;coinbase;gate;htx;kraken;kucoin;mexc;okx,base;eth,base;eth,5,aerodrome-slipstream;uniswap-v3-base;uniswap-v4-ethereum;uniswap_v3,0x2043b296ffc6b2d3bf4a3f3167d2afb3b0fbdbee;0x2f42df4af5312b492e9d7f7b2110d9c7bf2d9e4f;0xb5f0b4ae66c14f7efaa9aa1468e8fc536a3e288c;0xc8219b876753a85025156b22176c2edea17aac53;0xd9f5cbaeb88b7f0d9b0549257ddd4c46f984e2fc4bccf056cc254b9fe3417fff,0.019358125318390096,-0.015992003998000937,-0.03848075962018993,0.048975512243878194
2026-05-01,MORPHO,1.969,3156984.68671557,802181.3045231267,3959165.9912386965,0.20261370861900888,3.935500202902765,10,binance;bitget;bybit;coinbase;gate;htx;kraken;kucoin;mexc;okx,base;eth,base;eth,5,aerodrome-slipstream;uniswap-v3-base;uniswap-v4-ethereum;uniswap_v3,0x2043b296ffc6b2d3bf4a3f3167d2afb3b0fbdbee;0x2f42df4af5312b492e9d7f7b2110d9c7bf2d9e4f;0xb5f0b4ae66c14f7efaa9aa1468e8fc536a3e288c;0xc8219b876753a85025156b22176c2edea17aac53;0xd9f5cbaeb88b7f0d9b0549257ddd4c46f984e2fc4bccf056cc254b9fe3417fff,-0.015992003998000937,0.003555104113763363,0.017267648552564685,0.06754697816150323
2026-05-02,MORPHO,1.976,2829081.392922917,498856.9533755417,3327938.3462984585,0.14989969809098228,5.67112751216514,10,binance;bitget;bybit;coinbase;gate;htx;kraken;kucoin;mexc;okx,base;eth,base;eth,5,aerodrome-slipstream;uniswap-v3-base;uniswap-v4-ethereum;uniswap_v3,0x2043b296ffc6b2d3bf4a3f3167d2afb3b0fbdbee;0x2f42df4af5312b492e9d7f7b2110d9c7bf2d9e4f;0xb5f0b4ae66c14f7efaa9aa1468e8fc536a3e288c;0xc8219b876753a85025156b22176c2edea17aac53;0xd9f5cbaeb88b7f0d9b0549257ddd4c46f984e2fc4bccf056cc254b9fe3417fff,0.003555104113763363,-0.02631578947368418,0.12449392712550611,0.07439271255060742
2026-05-03,MORPHO,1.924,7266304.549234546,340438.5733056132,7606743.122540159,0.04475484025440953,21.343951946102045,10,binance;bitget;bybit;coinbase;gate;htx;kraken;kucoin;mexc;okx,base;eth,base;eth,5,aerodrome-slipstream;uniswap-v3-base;uniswap-v4-ethereum;uniswap_v3,0x2043b296ffc6b2d3bf4a3f3167d2afb3b0fbdbee;0x2f42df4af5312b492e9d7f7b2110d9c7bf2d9e4f;0xb5f0b4ae66c14f7efaa9aa1468e8fc536a3e288c;0xc8219b876753a85025156b22176c2edea17aac53;0xd9f5cbaeb88b7f0d9b0549257ddd4c46f984e2fc4bccf056cc254b9fe3417fff,-0.02631578947368418,0.041060291060291076,0.16683991683991684,0.1424116424116424
2026-05-04,MORPHO,2.003,10439302.33469932,1142495.0149125953,11581797.349611916,0.0986457438707368,9.137284800755092,10,binance;bitget;bybit;coinbase;gate;htx;kraken;kucoin;mexc;okx,base;eth,base;eth,5,aerodrome-slipstream;uniswap-v3-base;uniswap-v4-ethereum;uniswap_v3,0x2043b296ffc6b2d3bf4a3f3167d2afb3b0fbdbee;0x2f42df4af5312b492e9d7f7b2110d9c7bf2d9e4f;0xb5f0b4ae66c14f7efaa9aa1468e8fc536a3e288c;0xc8219b876753a85025156b22176c2edea17aac53;0xd9f5cbaeb88b7f0d9b0549257ddd4c46f984e2fc4bccf056cc254b9fe3417fff,0.041060291060291076,0.10933599600599098,0.04792810783824275,0.06590114827758353
2026-05-05,MORPHO,2.222,19719690.791185312,3276253.463642297,22995944.254827607,0.14247092562657013,6.018975946159677,10,binance;bitget;bybit;coinbase;gate;htx;kraken;kucoin;mexc;okx,base;eth,base;eth,5,aerodrome-slipstream;uniswap-v3-base;uniswap-v4-ethereum;uniswap_v3,0x2043b296ffc6b2d3bf4a3f3167d2afb3b0fbdbee;0x2f42df4af5312b492e9d7f7b2110d9c7bf2d9e4f;0xb5f0b4ae66c14f7efaa9aa1468e8fc536a3e288c;0xc8219b876753a85025156b22176c2edea17aac53;0xd9f5cbaeb88b7f0d9b0549257ddd4c46f984e2fc4bccf056cc254b9fe3417fff,0.10933599600599098,0.01035103510351032,-0.054005400540054094,-0.08460846084608464
2026-05-06,MORPHO,2.245,13770168.909741627,1928382.241418964,15698551.15116059,0.12283823028320669,7.140788073016637,10,binance;bitget;bybit;coinbase;gate;htx;kraken;kucoin;mexc;okx,base;eth,base;eth,5,aerodrome-slipstream;uniswap-v3-base;uniswap-v4-ethereum;uniswap_v3,0x2043b296ffc6b2d3bf4a3f3167d2afb3b0fbdbee;0x2f42df4af5312b492e9d7f7b2110d9c7bf2d9e4f;0xb5f0b4ae66c14f7efaa9aa1468e8fc536a3e288c;0xc8219b876753a85025156b22176c2edea17aac53;0xd9f5cbaeb88b7f0d9b0549257ddd4c46f984e2fc4bccf056cc254b9fe3417fff,0.01035103510351032,-0.06503340757238307,-0.054342984409799455,-0.1180400890868597
2026-05-07,MORPHO,2.099,9874317.849143391,1160839.6581392516,11035157.507282643,0.10519466146026067,8.506185828429796,10,binance;bitget;bybit;coinbase;gate;htx;kraken;kucoin;mexc;okx,base;eth,base;eth,5,aerodrome-slipstream;uniswap-v3-base;uniswap-v4-ethereum;uniswap_v3,0x2043b296ffc6b2d3bf4a3f3167d2afb3b0fbdbee;0x2f42df4af5312b492e9d7f7b2110d9c7bf2d9e4f;0xb5f0b4ae66c14f7efaa9aa1468e8fc536a3e288c;0xc8219b876753a85025156b22176c2edea17aac53;0xd9f5cbaeb88b7f0d9b0549257ddd4c46f984e2fc4bccf056cc254b9fe3417fff,-0.06503340757238307,0.0014292520247736196,0.04716531681753211,-0.06955693187232026
2026-05-08,MORPHO,2.102,6810979.560301215,1062090.9207542588,7873070.481055474,0.13490174174229844,6.4128027339357185,10,binance;bitget;bybit;coinbase;gate;htx;kraken;kucoin;mexc;okx,base;eth,base;eth,5,aerodrome-slipstream;uniswap-v3-base;uniswap-v4-ethereum;uniswap_v3,0x2043b296ffc6b2d3bf4a3f3167d2afb3b0fbdbee;0x2f42df4af5312b492e9d7f7b2110d9c7bf2d9e4f;0xb5f0b4ae66c14f7efaa9aa1468e8fc536a3e288c;0xc8219b876753a85025156b22176c2edea17aac53;0xd9f5cbaeb88b7f0d9b0549257ddd4c46f984e2fc4bccf056cc254b9fe3417fff,0.0014292520247736196,0.00999048525214108,0.015699333967649887,-0.12511893434823973
2026-05-09,MORPHO,2.123,4545999.438571163,1161890.8070306203,5707890.2456017835,0.20355871557374733,3.912587491925443,10,binance;bitget;bybit;coinbase;gate;htx;kraken;kucoin;mexc;okx,base;eth,base;eth,5,aerodrome-slipstream;uniswap-v3-base;uniswap-v4-ethereum;uniswap_v3,0x2043b296ffc6b2d3bf4a3f3167d2afb3b0fbdbee;0x2f42df4af5312b492e9d7f7b2110d9c7bf2d9e4f;0xb5f0b4ae66c14f7efaa9aa1468e8fc536a3e288c;0xc8219b876753a85025156b22176c2edea17aac53;0xd9f5cbaeb88b7f0d9b0549257ddd4c46f984e2fc4bccf056cc254b9fe3417fff,0.00999048525214108,0.035327366933584514,-0.04192180876118723,-0.16297691945360349
2026-05-10,MORPHO,2.198,6151532.451133014,853609.4587499592,7005141.909882973,0.12185469898128296,7.206495181228926,10,binance;bitget;bybit;coinbase;gate;htx;kraken;kucoin;mexc;okx,base;eth,base;eth,5,aerodrome-slipstream;uniswap-v3-base;uniswap-v4-ethereum;uniswap_v3,0x2043b296ffc6b2d3bf4a3f3167d2afb3b0fbdbee;0x2f42df4af5312b492e9d7f7b2110d9c7bf2d9e4f;0xb5f0b4ae66c14f7efaa9aa1468e8fc536a3e288c;0xc8219b876753a85025156b22176c2edea17aac53;0xd9f5cbaeb88b7f0d9b0549257ddd4c46f984e2fc4bccf056cc254b9fe3417fff,0.035327366933584514,-0.02866242038216571,-0.0991810737033667,-0.20655141037306646
2026-05-11,MORPHO,2.135,4272824.513117562,509678.71192814555,4782503.225045708,0.10657153543754785,8.383368606770345,10,binance;bitget;bybit;coinbase;gate;htx;kraken;kucoin;mexc;okx,base;eth,base;eth,5,aerodrome-slipstream;uniswap-v3-base;uniswap-v4-ethereum;uniswap_v3,0x2043b296ffc6b2d3bf4a3f3167d2afb3b0fbdbee;0x2f42df4af5312b492e9d7f7b2110d9c7bf2d9e4f;0xb5f0b4ae66c14f7efaa9aa1468e8fc536a3e288c;0xc8219b876753a85025156b22176c2edea17aac53;0xd9f5cbaeb88b7f0d9b0549257ddd4c46f984e2fc4bccf056cc254b9fe3417fff,-0.02866242038216571,-0.04730679156908668,-0.08524590163934409,-0.19812646370023412
2026-05-12,MORPHO,2.034,5314831.218366648,780874.5982784121,6095705.81664506,0.12810240877211296,6.806254461451574,10,binance;bitget;bybit;coinbase;gate;htx;kraken;kucoin;mexc;okx,base;eth,base;eth,5,aerodrome-slipstream;uniswap-v3-base;uniswap-v4-ethereum;uniswap_v3,0x2043b296ffc6b2d3bf4a3f3167d2afb3b0fbdbee;0x2f42df4af5312b492e9d7f7b2110d9c7bf2d9e4f;0xb5f0b4ae66c14f7efaa9aa1468e8fc536a3e288c;0xc8219b876753a85025156b22176c2edea17aac53;0xd9f5cbaeb88b7f0d9b0549257ddd4c46f984e2fc4bccf056cc254b9fe3417fff,-0.04730679156908668,-0.02654867256637161,-0.09587020648967548,-0.12438544739429691
2026-05-13,MORPHO,1.98,4914428.607321422,718269.754142337,5632698.361463759,0.12751788007261258,6.8420375199977395,10,binance;bitget;bybit;coinbase;gate;htx;kraken;kucoin;mexc;okx,base;eth,base;eth,5,aerodrome-slipstream;uniswap-v3-base;uniswap-v4-ethereum;uniswap_v3,0x2043b296ffc6b2d3bf4a3f3167d2afb3b0fbdbee;0x2f42df4af5312b492e9d7f7b2110d9c7bf2d9e4f;0xb5f0b4ae66c14f7efaa9aa1468e8fc536a3e288c;0xc8219b876753a85025156b22176c2edea17aac53;0xd9f5cbaeb88b7f0d9b0549257ddd4c46f984e2fc4bccf056cc254b9fe3417fff,-0.02654867256637161,-0.013636363636363558,-0.10252525252525257,-0.058080808080808066
2026-05-14,MORPHO,1.953,7200006.362332452,917387.26894424,8117393.631276692,0.1130150034131035,7.848382690789312,10,binance;bitget;bybit;coinbase;gate;htx;kraken;kucoin;mexc;okx,base;eth,base;eth,5,aerodrome-slipstream;uniswap-v3-base;uniswap-v4-ethereum;uniswap_v3,0x2043b296ffc6b2d3bf4a3f3167d2afb3b0fbdbee;0x2f42df4af5312b492e9d7f7b2110d9c7bf2d9e4f;0xb5f0b4ae66c14f7efaa9aa1468e8fc536a3e288c;0xc8219b876753a85025156b22176c2edea17aac53;0xd9f5cbaeb88b7f0d9b0549257ddd4c46f984e2fc4bccf056cc254b9fe3417fff,-0.013636363636363558,-0.05837173579109067,-0.10701484895033286,0.02406554019457241
2026-05-15,MORPHO,1.839,6773897.81620218,1570148.6668016496,8344046.483003831,0.18817592519407933,4.314176077352234,10,binance;bitget;bybit;coinbase;gate;htx;kraken;kucoin;mexc;okx,base;eth,base;eth,5,aerodrome-slipstream;uniswap-v3-base;uniswap-v4-ethereum;uniswap_v3,0x2043b296ffc6b2d3bf4a3f3167d2afb3b0fbdbee;0x2f42df4af5312b492e9d7f7b2110d9c7bf2d9e4f;0xb5f0b4ae66c14f7efaa9aa1468e8fc536a3e288c;0xc8219b876753a85025156b22176c2edea17aac53;0xd9f5cbaeb88b7f0d9b0549257ddd4c46f984e2fc4bccf056cc254b9fe3417fff,-0.05837173579109067,-0.033713974986405715,-0.06905927134312129,0.059815116911364985
2026-05-16,MORPHO,1.777,3213985.1708432185,554255.2619540796,3768240.432797298,0.1470859601022423,5.798745436375305,10,binance;bitget;bybit;coinbase;gate;htx;kraken;kucoin;mexc;okx,base;eth,base;eth,5,aerodrome-slipstream;uniswap-v3-base;uniswap-v4-ethereum;uniswap_v3,0x2043b296ffc6b2d3bf4a3f3167d2afb3b0fbdbee;0x2f42df4af5312b492e9d7f7b2110d9c7bf2d9e4f;0xb5f0b4ae66c14f7efaa9aa1468e8fc536a3e288c;0xc8219b876753a85025156b22176c2edea17aac53;0xd9f5cbaeb88b7f0d9b0549257ddd4c46f984e2fc4bccf056cc254b9fe3417fff,-0.033713974986405715,-0.01857062464828363,0.0022509848058525073,0.18064153066966804
2026-05-17,MORPHO,1.744,5061694.325506629,397878.97898721125,5459573.304493841,0.07287730318772573,12.721693260576412,10,binance;bitget;bybit;coinbase;gate;htx;kraken;kucoin;mexc;okx,base;eth,base;eth,5,aerodrome-slipstream;uniswap-v3-base;uniswap-v4-ethereum;uniswap_v3,0x2043b296ffc6b2d3bf4a3f3167d2afb3b0fbdbee;0x2f42df4af5312b492e9d7f7b2110d9c7bf2d9e4f;0xb5f0b4ae66c14f7efaa9aa1468e8fc536a3e288c;0xc8219b876753a85025156b22176c2edea17aac53;0xd9f5cbaeb88b7f0d9b0549257ddd4c46f984e2fc4bccf056cc254b9fe3417fff,-0.01857062464828363,-0.01834862385321101,0.06938073394495414,0.28727064220183496
2026-05-18,MORPHO,1.712,6786894.077182975,1619865.0975820317,8406759.174765006,0.19268603559436587,4.189789685149555,10,binance;bitget;bybit;coinbase;gate;htx;kraken;kucoin;mexc;okx,base;eth,base;eth,5,aerodrome-slipstream;uniswap-v3-base;uniswap-v4-ethereum;uniswap_v3,0x2043b296ffc6b2d3bf4a3f3167d2afb3b0fbdbee;0x2f42df4af5312b492e9d7f7b2110d9c7bf2d9e4f;0xb5f0b4ae66c14f7efaa9aa1468e8fc536a3e288c;0xc8219b876753a85025156b22176c2edea17aac53;0xd9f5cbaeb88b7f0d9b0549257ddd4c46f984e2fc4bccf056cc254b9fe3417fff,-0.01834862385321101,0.04030373831775691,0.16822429906542058,0.3084112149532712
2026-05-19,MORPHO,1.781,4959340.231928415,890127.0331843222,5849467.265112737,0.15217232490438884,5.571497153824183,10,binance;bitget;bybit;coinbase;gate;htx;kraken;kucoin;mexc;okx,base;eth,base;eth,5,aerodrome-slipstream;uniswap-v3-base;uniswap-v4-ethereum;uniswap_v3,0x2043b296ffc6b2d3bf4a3f3167d2afb3b0fbdbee;0x2f42df4af5312b492e9d7f7b2110d9c7bf2d9e4f;0xb5f0b4ae66c14f7efaa9aa1468e8fc536a3e288c;0xc8219b876753a85025156b22176c2edea17aac53;0xd9f5cbaeb88b7f0d9b0549257ddd4c46f984e2fc4bccf056cc254b9fe3417fff,0.04030373831775691,0.047164514317799,0.094329028635598,0.25659741718135876
2026-05-20,MORPHO,1.865,7261138.335074144,1468909.097806387,8730047.432880532,0.16825900536049113,4.9432183011989315,10,binance;bitget;bybit;coinbase;gate;htx;kraken;kucoin;mexc;okx,base;eth,base;eth,5,aerodrome-slipstream;uniswap-v3-base;uniswap-v4-ethereum;uniswap_v3,0x2043b296ffc6b2d3bf4a3f3167d2afb3b0fbdbee;0x2f42df4af5312b492e9d7f7b2110d9c7bf2d9e4f;0xb5f0b4ae66c14f7efaa9aa1468e8fc536a3e288c;0xc8219b876753a85025156b22176c2edea17aac53;0xd9f5cbaeb88b7f0d9b0549257ddd4c46f984e2fc4bccf056cc254b9fe3417fff,0.047164514317799,0.07238605898123329,0.12493297587131358,0.1431635388739947
2026-05-21,MORPHO,2.0,7163993.818093311,1848091.0983105623,9012084.916403873,0.2050680963898433,3.876428940457695,10,binance;bitget;bybit;coinbase;gate;htx;kraken;kucoin;mexc;okx,base;eth,base;eth,5,aerodrome-slipstream;uniswap-v3-base;uniswap-v4-ethereum;uniswap_v3,0x2043b296ffc6b2d3bf4a3f3167d2afb3b0fbdbee;0x2f42df4af5312b492e9d7f7b2110d9c7bf2d9e4f;0xb5f0b4ae66c14f7efaa9aa1468e8fc536a3e288c;0xc8219b876753a85025156b22176c2edea17aac53;0xd9f5cbaeb88b7f0d9b0549257ddd4c46f984e2fc4bccf056cc254b9fe3417fff,0.07238605898123329,-0.025499999999999967,0.12250000000000005,0.026000000000000023
2026-05-22,MORPHO,1.949,6965145.583605086,1291337.1827308566,8256482.766335943,0.15640281936952743,5.393746634690359,10,binance;bitget;bybit;coinbase;gate;htx;kraken;kucoin;mexc;okx,base;eth,base;eth,5,aerodrome-slipstream;uniswap-v3-base;uniswap-v4-ethereum;uniswap_v3,0x2043b296ffc6b2d3bf4a3f3167d2afb3b0fbdbee;0x2f42df4af5312b492e9d7f7b2110d9c7bf2d9e4f;0xb5f0b4ae66c14f7efaa9aa1468e8fc536a3e288c;0xc8219b876753a85025156b22176c2edea17aac53;0xd9f5cbaeb88b7f0d9b0549257ddd4c46f984e2fc4bccf056cc254b9fe3417fff,-0.025499999999999967,0.07644946126218555,0.1493073370959468,0.04720369420215498
2026-05-23,MORPHO,2.098,6817817.145559569,1096500.8670587137,7914318.012618283,0.13854647555360994,6.217794577625718,10,binance;bitget;bybit;coinbase;gate;htx;kraken;kucoin;mexc;okx,base;eth,base;eth,5,aerodrome-slipstream;uniswap-v3-base;uniswap-v4-ethereum;uniswap_v3,0x2043b296ffc6b2d3bf4a3f3167d2afb3b0fbdbee;0x2f42df4af5312b492e9d7f7b2110d9c7bf2d9e4f;0xb5f0b4ae66c14f7efaa9aa1468e8fc536a3e288c;0xc8219b876753a85025156b22176c2edea17aac53;0xd9f5cbaeb88b7f0d9b0549257ddd4c46f984e2fc4bccf056cc254b9fe3417fff,0.07644946126218555,0.07006673021925658,0.06673021925643474,0.040991420400381395
2026-05-24,MORPHO,2.245,11240240.512651328,1696836.062602485,12937076.575253813,0.13116070332676336,6.624234809939067,10,binance;bitget;bybit;coinbase;gate;htx;kraken;kucoin;mexc;okx,base;eth,base;eth,5,aerodrome-slipstream;uniswap-v3-base;uniswap-v4-ethereum;uniswap_v3,0x2043b296ffc6b2d3bf4a3f3167d2afb3b0fbdbee;0x2f42df4af5312b492e9d7f7b2110d9c7bf2d9e4f;0xb5f0b4ae66c14f7efaa9aa1468e8fc536a3e288c;0xc8219b876753a85025156b22176c2edea17aac53;0xd9f5cbaeb88b7f0d9b0549257ddd4c46f984e2fc4bccf056cc254b9fe3417fff,0.07006673021925658,-0.00222717149220486,-0.05033407572383075,-0.053452115812917644
2026-05-25,MORPHO,2.24,13945290.826500654,1937175.1948367534,15882466.021337409,0.1219694216398286,7.198776271588502,10,binance;bitget;bybit;coinbase;gate;htx;kraken;kucoin;mexc;okx,base;eth,base;eth,5,aerodrome-slipstream;uniswap-v3-base;uniswap-v4-ethereum;uniswap_v3,0x2043b296ffc6b2d3bf4a3f3167d2afb3b0fbdbee;0x2f42df4af5312b492e9d7f7b2110d9c7bf2d9e4f;0xb5f0b4ae66c14f7efaa9aa1468e8fc536a3e288c;0xc8219b876753a85025156b22176c2edea17aac53;0xd9f5cbaeb88b7f0d9b0549257ddd4c46f984e2fc4bccf056cc254b9fe3417fff,-0.00222717149220486,-0.0008928571428572507,-0.08392857142857146,-0.07500000000000007
2026-05-26,MORPHO,2.238,9855211.80531759,2698091.281420029,12553303.086737618,0.21493078457338635,3.6526606320490043,10,binance;bitget;bybit;coinbase;gate;htx;kraken;kucoin;mexc;okx,base;eth,base;eth,5,aerodrome-slipstream;uniswap-v3-base;uniswap-v4-ethereum;uniswap_v3,0x2043b296ffc6b2d3bf4a3f3167d2afb3b0fbdbee;0x2f42df4af5312b492e9d7f7b2110d9c7bf2d9e4f;0xb5f0b4ae66c14f7efaa9aa1468e8fc536a3e288c;0xc8219b876753a85025156b22176c2edea17aac53;0xd9f5cbaeb88b7f0d9b0549257ddd4c46f984e2fc4bccf056cc254b9fe3417fff,-0.0008928571428572507,-0.04736371760500446,-0.08802502234137621,-0.1394101876675603
2026-05-27,MORPHO,2.132,6722819.322587724,1586895.647830321,8309714.970418045,0.1909687219693514,4.236459613320814,10,binance;bitget;bybit;coinbase;gate;htx;kraken;kucoin;mexc;okx,base;eth,base;eth,5,aerodrome-slipstream;uniswap-v3-base;uniswap-v4-ethereum;uniswap_v3,0x2043b296ffc6b2d3bf4a3f3167d2afb3b0fbdbee;0x2f42df4af5312b492e9d7f7b2110d9c7bf2d9e4f;0xb5f0b4ae66c14f7efaa9aa1468e8fc536a3e288c;0xc8219b876753a85025156b22176c2edea17aac53;0xd9f5cbaeb88b7f0d9b0549257ddd4c46f984e2fc4bccf056cc254b9fe3417fff,-0.04736371760500446,-0.03752345215759856,0.024390243902439046,-0.1238273921200751
2026-05-28,MORPHO,2.052,5086367.351382677,1105631.024635459,6191998.376018137,0.17855802884535843,4.600420246944245,10,binance;bitget;bybit;coinbase;gate;htx;kraken;kucoin;mexc;okx,base;eth,base;eth,5,aerodrome-slipstream;uniswap-v3-base;uniswap-v4-ethereum;uniswap_v3,0x2043b296ffc6b2d3bf4a3f3167d2afb3b0fbdbee;0x2f42df4af5312b492e9d7f7b2110d9c7bf2d9e4f;0xb5f0b4ae66c14f7efaa9aa1468e8fc536a3e288c;0xc8219b876753a85025156b22176c2edea17aac53;0xd9f5cbaeb88b7f0d9b0549257ddd4c46f984e2fc4bccf056cc254b9fe3417fff,-0.03752345215759856,-0.005360623781676455,0.03557504873294337,-0.11988304093567248
2026-05-29,MORPHO,2.041,3993843.4179970617,1394682.7855584864,5388526.203555549,0.2588245343667853,2.863621362041669,10,binance;bitget;bybit;coinbase;gate;htx;kraken;kucoin;mexc;okx,base;eth,base;eth,5,aerodrome-slipstream;uniswap-v3-base;uniswap-v4-ethereum;uniswap_v3,0x2043b296ffc6b2d3bf4a3f3167d2afb3b0fbdbee;0x2f42df4af5312b492e9d7f7b2110d9c7bf2d9e4f;0xb5f0b4ae66c14f7efaa9aa1468e8fc536a3e288c;0xc8219b876753a85025156b22176c2edea17aac53;0xd9f5cbaeb88b7f0d9b0549257ddd4c46f984e2fc4bccf056cc254b9fe3417fff,-0.005360623781676455,0.07006369426751613,0.015188633023027975,-0.19010289073983333
2026-05-30,MORPHO,2.184,5456020.587373038,1257410.3703043426,6713430.95767738,0.1872977287219118,4.339093040923837,10,binance;bitget;bybit;coinbase;gate;htx;kraken;kucoin;mexc;okx,base;eth,base;eth,5,aerodrome-slipstream;uniswap-v3-base;uniswap-v4-ethereum;uniswap_v3,0x2043b296ffc6b2d3bf4a3f3167d2afb3b0fbdbee;0x2f42df4af5312b492e9d7f7b2110d9c7bf2d9e4f;0xb5f0b4ae66c14f7efaa9aa1468e8fc536a3e288c;0xc8219b876753a85025156b22176c2edea17aac53;0xd9f5cbaeb88b7f0d9b0549257ddd4c46f984e2fc4bccf056cc254b9fe3417fff,0.07006369426751613,-0.02701465201465214,-0.11813186813186827,-0.24404761904761907
2026-05-31,MORPHO,2.125,5798688.201552149,940244.0514613523,6738932.253013501,0.13952418812949127,6.167216046237861,10,binance;bitget;bybit;coinbase;gate;htx;kraken;kucoin;mexc;okx,base;eth,base;eth,5,aerodrome-slipstream;uniswap-v3-base;uniswap-v4-ethereum;uniswap_v3,0x2043b296ffc6b2d3bf4a3f3167d2afb3b0fbdbee;0x2f42df4af5312b492e9d7f7b2110d9c7bf2d9e4f;0xb5f0b4ae66c14f7efaa9aa1468e8fc536a3e288c;0xc8219b876753a85025156b22176c2edea17aac53;0xd9f5cbaeb88b7f0d9b0549257ddd4c46f984e2fc4bccf056cc254b9fe3417fff,-0.02701465201465214,-0.024941176470588244,-0.12094117647058822,-0.19152941176470595
2026-06-01,MORPHO,2.072,7658356.703944143,2386458.321559073,10044815.025503216,0.23758111179747865,3.209088813644539,10,binance;bitget;bybit;coinbase;gate;htx;kraken;kucoin;mexc;okx,base;eth,base;eth,5,aerodrome-slipstream;uniswap-v3-base;uniswap-v4-ethereum;uniswap_v3,0x2043b296ffc6b2d3bf4a3f3167d2afb3b0fbdbee;0x2f42df4af5312b492e9d7f7b2110d9c7bf2d9e4f;0xb5f0b4ae66c14f7efaa9aa1468e8fc536a3e288c;0xc8219b876753a85025156b22176c2edea17aac53;0xd9f5cbaeb88b7f0d9b0549257ddd4c46f984e2fc4bccf056cc254b9fe3417fff,-0.024941176470588244,-0.07046332046332049,-0.1283783783783784,-0.1307915057915059
2026-06-02,MORPHO,1.926,7888411.1217245525,1892746.2084652972,9781157.33018985,0.19350943294034095,4.167706735558986,10,binance;bitget;bybit;coinbase;gate;htx;kraken;kucoin;mexc;okx,base;eth,base;eth,5,aerodrome-slipstream;uniswap-v3-base;uniswap-v4-ethereum;uniswap_v3,0x2043b296ffc6b2d3bf4a3f3167d2afb3b0fbdbee;0x2f42df4af5312b492e9d7f7b2110d9c7bf2d9e4f;0xb5f0b4ae66c14f7efaa9aa1468e8fc536a3e288c;0xc8219b876753a85025156b22176c2edea17aac53;0xd9f5cbaeb88b7f0d9b0549257ddd4c46f984e2fc4bccf056cc254b9fe3417fff,-0.07046332046332049,-0.030114226375908548,-0.14174454828660432,-0.012980269989615767
2026-06-03,MORPHO,1.868,8244525.181681345,2462325.231525598,10706850.413206942,0.229976616511641,3.34826816381735,10,binance;bitget;bybit;coinbase;gate;htx;kraken;kucoin;mexc;okx,base;eth,base;eth,5,aerodrome-slipstream;uniswap-v3-base;uniswap-v4-ethereum;uniswap_v3,0x2043b296ffc6b2d3bf4a3f3167d2afb3b0fbdbee;0x2f42df4af5312b492e9d7f7b2110d9c7bf2d9e4f;0xb5f0b4ae66c14f7efaa9aa1468e8fc536a3e288c;0xc8219b876753a85025156b22176c2edea17aac53;0xd9f5cbaeb88b7f0d9b0549257ddd4c46f984e2fc4bccf056cc254b9fe3417fff,-0.030114226375908548,-0.03319057815845827,-0.11616702355460384,0.06905781584582438
2026-06-04,MORPHO,1.806,7632451.4524138,1785892.3422189131,9418343.794632714,0.18961851267700058,4.273746671051138,10,binance;bitget;bybit;coinbase;gate;htx;kraken;kucoin;mexc;okx,base;eth,base;eth,5,aerodrome-slipstream;uniswap-v3-base;uniswap-v4-ethereum;uniswap_v3,0x2043b296ffc6b2d3bf4a3f3167d2afb3b0fbdbee;0x2f42df4af5312b492e9d7f7b2110d9c7bf2d9e4f;0xb5f0b4ae66c14f7efaa9aa1468e8fc536a3e288c;0xc8219b876753a85025156b22176c2edea17aac53;0xd9f5cbaeb88b7f0d9b0549257ddd4c46f984e2fc4bccf056cc254b9fe3417fff,-0.03319057815845827,-0.08471760797342198,-0.04872646733111852,0.08582502768549283
2026-06-05,MORPHO,1.653,9751150.138013642,2098229.706757582,11849379.844771225,0.17707506504515233,4.647322505543116,10,binance;bitget;bybit;coinbase;gate;htx;kraken;kucoin;mexc;okx,base;eth,base;eth,5,aerodrome-slipstream;uniswap-v3-base;uniswap-v4-ethereum;uniswap_v3,0x2043b296ffc6b2d3bf4a3f3167d2afb3b0fbdbee;0x2f42df4af5312b492e9d7f7b2110d9c7bf2d9e4f;0xb5f0b4ae66c14f7efaa9aa1468e8fc536a3e288c;0xc8219b876753a85025156b22176c2edea17aac53;0xd9f5cbaeb88b7f0d9b0549257ddd4c46f984e2fc4bccf056cc254b9fe3417fff,-0.08471760797342198,-0.001209921355111887,0.08953418027828186,0.1851179673321235
2026-06-06,MORPHO,1.651,4212964.832934117,465668.7993713676,4678633.632305484,0.09953093915197216,9.047127139764214,10,binance;bitget;bybit;coinbase;gate;htx;kraken;kucoin;mexc;okx,base;eth,base;eth,5,aerodrome-slipstream;uniswap-v3-base;uniswap-v4-ethereum;uniswap_v3,0x2043b296ffc6b2d3bf4a3f3167d2afb3b0fbdbee;0x2f42df4af5312b492e9d7f7b2110d9c7bf2d9e4f;0xb5f0b4ae66c14f7efaa9aa1468e8fc536a3e288c;0xc8219b876753a85025156b22176c2edea17aac53;0xd9f5cbaeb88b7f0d9b0549257ddd4c46f984e2fc4bccf056cc254b9fe3417fff,-0.001209921355111887,0.04058146577831612,0.15142337976983655,0.18715929739551784
2026-06-07,MORPHO,1.718,7149195.239884403,780619.0229482625,7929814.262832665,0.09844102233353094,9.158366667626332,10,binance;bitget;bybit;coinbase;gate;htx;kraken;kucoin;mexc;okx,base;eth,base;eth,5,aerodrome-slipstream;uniswap-v3-base;uniswap-v4-ethereum;uniswap_v3,0x2043b296ffc6b2d3bf4a3f3167d2afb3b0fbdbee;0x2f42df4af5312b492e9d7f7b2110d9c7bf2d9e4f;0xb5f0b4ae66c14f7efaa9aa1468e8fc536a3e288c;0xc8219b876753a85025156b22176c2edea17aac53;0xd9f5cbaeb88b7f0d9b0549257ddd4c46f984e2fc4bccf056cc254b9fe3417fff,0.04058146577831612,0.04831199068684522,0.16239813736903375,0.14260768335273588
2026-06-08,MORPHO,1.801,9650136.411237707,1164866.6441007797,10815003.055338487,0.10770839713501328,8.284327188960882,10,binance;bitget;bybit;coinbase;gate;htx;kraken;kucoin;mexc;okx,base;eth,base;eth,5,aerodrome-slipstream;uniswap-v3-base;uniswap-v4-ethereum;uniswap_v3,0x2043b296ffc6b2d3bf4a3f3167d2afb3b0fbdbee;0x2f42df4af5312b492e9d7f7b2110d9c7bf2d9e4f;0xb5f0b4ae66c14f7efaa9aa1468e8fc536a3e288c;0xc8219b876753a85025156b22176c2edea17aac53;0xd9f5cbaeb88b7f0d9b0549257ddd4c46f984e2fc4bccf056cc254b9fe3417fff,0.04831199068684522,0.05552470849528035,0.08883953359244878,0.08883953359244878
2026-06-09,MORPHO,1.901,15166161.148124997,1652486.9137102119,16818648.061835207,0.09825325481778925,9.177779879704758,10,binance;bitget;bybit;coinbase;gate;htx;kraken;kucoin;mexc;okx,base;eth,base;eth,5,aerodrome-slipstream;uniswap-v3-base;uniswap-v4-ethereum;uniswap_v3,0x2043b296ffc6b2d3bf4a3f3167d2afb3b0fbdbee;0x2f42df4af5312b492e9d7f7b2110d9c7bf2d9e4f;0xb5f0b4ae66c14f7efaa9aa1468e8fc536a3e288c;0xc8219b876753a85025156b22176c2edea17aac53;0xd9f5cbaeb88b7f0d9b0549257ddd4c46f984e2fc4bccf056cc254b9fe3417fff,0.05552470849528035,0.05049973698053667,0.030510257759074122,0.025249868490268224
2026-06-10,MORPHO,1.997,17282166.776590955,1061212.8864796043,18343379.66307056,0.05785263708061769,16.285296755038136,10,binance;bitget;bybit;coinbase;gate;htx;kraken;kucoin;mexc;okx,base;eth,base;eth,5,aerodrome-slipstream;uniswap-v3-base;uniswap-v4-ethereum;uniswap_v3,0x2043b296ffc6b2d3bf4a3f3167d2afb3b0fbdbee;0x2f42df4af5312b492e9d7f7b2110d9c7bf2d9e4f;0xb5f0b4ae66c14f7efaa9aa1468e8fc536a3e288c;0xc8219b876753a85025156b22176c2edea17aac53;0xd9f5cbaeb88b7f0d9b0549257ddd4c46f984e2fc4bccf056cc254b9fe3417fff,0.05049973698053667,-0.018027040560841257,-0.01852779168753138,-0.006009013520280382
2026-06-11,MORPHO,1.961,11201235.75390356,1074159.5964755623,12275395.350379122,0.08750509175595612,10.427906421593278,10,binance;bitget;bybit;coinbase;gate;htx;kraken;kucoin;mexc;okx,base;eth,base;eth,5,aerodrome-slipstream;uniswap-v3-base;uniswap-v4-ethereum;uniswap_v3,0x2043b296ffc6b2d3bf4a3f3167d2afb3b0fbdbee;0x2f42df4af5312b492e9d7f7b2110d9c7bf2d9e4f;0xb5f0b4ae66c14f7efaa9aa1468e8fc536a3e288c;0xc8219b876753a85025156b22176c2edea17aac53;0xd9f5cbaeb88b7f0d9b0549257ddd4c46f984e2fc4bccf056cc254b9fe3417fff,-0.018027040560841257,-0.0010198878123406363,0.0010198878123406363,-0.007139214686384454
2026-06-12,MORPHO,1.959,5853521.187342425,584187.9261588546,6437709.11350128,0.0907446912961142,10.01992839158869,10,binance;bitget;bybit;coinbase;gate;htx;kraken;kucoin;mexc;okx,base;eth,base;eth,5,aerodrome-slipstream;uniswap-v3-base;uniswap-v4-ethereum;uniswap_v3,0x2043b296ffc6b2d3bf4a3f3167d2afb3b0fbdbee;0x2f42df4af5312b492e9d7f7b2110d9c7bf2d9e4f;0xb5f0b4ae66c14f7efaa9aa1468e8fc536a3e288c;0xc8219b876753a85025156b22176c2edea17aac53;0xd9f5cbaeb88b7f0d9b0549257ddd4c46f984e2fc4bccf056cc254b9fe3417fff,-0.0010198878123406363,0.0005104645227156368,0.0010209290454312736,-0.012761613067891808
2026-06-13,MORPHO,1.96,4207733.291707762,362193.7414253362,4569927.033133098,0.0792559134531782,11.617355051882246,10,binance;bitget;bybit;coinbase;gate;htx;kraken;kucoin;mexc;okx,base;eth,base;eth,5,aerodrome-slipstream;uniswap-v3-base;uniswap-v4-ethereum;uniswap_v3,0x2043b296ffc6b2d3bf4a3f3167d2afb3b0fbdbee;0x2f42df4af5312b492e9d7f7b2110d9c7bf2d9e4f;0xb5f0b4ae66c14f7efaa9aa1468e8fc536a3e288c;0xc8219b876753a85025156b22176c2edea17aac53;0xd9f5cbaeb88b7f0d9b0549257ddd4c46f984e2fc4bccf056cc254b9fe3417fff,0.0005104645227156368,0.001530612244897922,-0.005612244897959084,-0.0709183673469388
2026-06-14,MORPHO,1.963,6453047.747342112,426172.7757841485,6879220.52312626,0.06195073618463889,15.141858218110357,10,binance;bitget;bybit;coinbase;gate;htx;kraken;kucoin;mexc;okx,base;eth,base;eth,5,aerodrome-slipstream;uniswap-v3-base;uniswap-v4-ethereum;uniswap_v3,0x2043b296ffc6b2d3bf4a3f3167d2afb3b0fbdbee;0x2f42df4af5312b492e9d7f7b2110d9c7bf2d9e4f;0xb5f0b4ae66c14f7efaa9aa1468e8fc536a3e288c;0xc8219b876753a85025156b22176c2edea17aac53;0xd9f5cbaeb88b7f0d9b0549257ddd4c46f984e2fc4bccf056cc254b9fe3417fff,0.001530612244897922,-0.0010188487009679115,0.011207335710647026,-0.08303616912888434
2026-06-15,MORPHO,1.961,6379682.66167756,426787.7147711396,6806470.376448699,0.0627032354754503,14.948140353802351,10,binance;bitget;bybit;coinbase;gate;htx;kraken;kucoin;mexc;okx,base;eth,base;eth,5,aerodrome-slipstream;uniswap-v3-base;uniswap-v4-ethereum;uniswap_v3,0x2043b296ffc6b2d3bf4a3f3167d2afb3b0fbdbee;0x2f42df4af5312b492e9d7f7b2110d9c7bf2d9e4f;0xb5f0b4ae66c14f7efaa9aa1468e8fc536a3e288c;0xc8219b876753a85025156b22176c2edea17aac53;0xd9f5cbaeb88b7f0d9b0549257ddd4c46f984e2fc4bccf056cc254b9fe3417fff,-0.0010188487009679115,-0.006119326874043818,-0.007139214686384454,-0.09026007139214687
2026-06-16,MORPHO,1.949,5815553.82851977,368842.291780832,6184396.120300602,0.059640793475386866,15.767047212621167,10,binance;bitget;bybit;coinbase;gate;htx;kraken;kucoin;mexc;okx,base;eth,base;eth,5,aerodrome-slipstream;uniswap-v3-base;uniswap-v4-ethereum;uniswap_v3,0x2043b296ffc6b2d3bf4a3f3167d2afb3b0fbdbee;0x2f42df4af5312b492e9d7f7b2110d9c7bf2d9e4f;0xb5f0b4ae66c14f7efaa9aa1468e8fc536a3e288c;0xc8219b876753a85025156b22176c2edea17aac53;0xd9f5cbaeb88b7f0d9b0549257ddd4c46f984e2fc4bccf056cc254b9fe3417fff,-0.006119326874043818,0.018471010774756325,-0.007696254489481857,-0.15546434068753212
2026-06-17,MORPHO,1.985,7196369.0279440805,461764.66755615926,7658133.69550024,0.06029728468014114,15.584494729815738,10,binance;bitget;bybit;coinbase;gate;htx;kraken;kucoin;mexc;okx,base;eth,base;eth,5,aerodrome-slipstream;uniswap-v3-base;uniswap-v4-ethereum;uniswap_v3,0x2043b296ffc6b2d3bf4a3f3167d2afb3b0fbdbee;0x2f42df4af5312b492e9d7f7b2110d9c7bf2d9e4f;0xb5f0b4ae66c14f7efaa9aa1468e8fc536a3e288c;0xc8219b876753a85025156b22176c2edea17aac53;0xd9f5cbaeb88b7f0d9b0549257ddd4c46f984e2fc4bccf056cc254b9fe3417fff,0.018471010774756325,-0.019143576826196496,-0.0826196473551638,-0.13047858942065493
2026-06-18,MORPHO,1.947,7003603.6188702155,656053.0172113006,7659656.636081516,0.08565044732173797,10.675362257520883,10,binance;bitget;bybit;coinbase;gate;htx;kraken;kucoin;mexc;okx,base;eth,base;eth,5,aerodrome-slipstream;uniswap-v3-base;uniswap-v4-ethereum;uniswap_v3,0x2043b296ffc6b2d3bf4a3f3167d2afb3b0fbdbee;0x2f42df4af5312b492e9d7f7b2110d9c7bf2d9e4f;0xb5f0b4ae66c14f7efaa9aa1468e8fc536a3e288c;0xc8219b876753a85025156b22176c2edea17aac53;0xd9f5cbaeb88b7f0d9b0549257ddd4c46f984e2fc4bccf056cc254b9fe3417fff,-0.019143576826196496,-0.00667693888032872,-0.07550077041602465,-0.12788906009244994
2026-06-19,MORPHO,1.934,5128080.694094013,620185.6729183,5748266.367012314,0.10789090715722073,8.268621669319922,10,binance;bitget;bybit;coinbase;gate;htx;kraken;kucoin;mexc;okx,base;eth,base;eth,5,aerodrome-slipstream;uniswap-v3-base;uniswap-v4-ethereum;uniswap_v3,0x2043b296ffc6b2d3bf4a3f3167d2afb3b0fbdbee;0x2f42df4af5312b492e9d7f7b2110d9c7bf2d9e4f;0xb5f0b4ae66c14f7efaa9aa1468e8fc536a3e288c;0xc8219b876753a85025156b22176c2edea17aac53;0xd9f5cbaeb88b7f0d9b0549257ddd4c46f984e2fc4bccf056cc254b9fe3417fff,-0.00667693888032872,-0.05842812823164423,-0.07755946225439503,-0.07238883143743535
2026-06-20,MORPHO,1.821,4714769.903955478,472170.17783211026,5186940.081787588,0.09103058265315166,9.985319118633347,10,binance;bitget;bybit;coinbase;gate;htx;kraken;kucoin;mexc;okx,base;eth,base;eth,5,aerodrome-slipstream;uniswap-v3-base;uniswap-v4-ethereum;uniswap_v3,0x2043b296ffc6b2d3bf4a3f3167d2afb3b0fbdbee;0x2f42df4af5312b492e9d7f7b2110d9c7bf2d9e4f;0xb5f0b4ae66c14f7efaa9aa1468e8fc536a3e288c;0xc8219b876753a85025156b22176c2edea17aac53;0xd9f5cbaeb88b7f0d9b0549257ddd4c46f984e2fc4bccf056cc254b9fe3417fff,-0.05842812823164423,-0.011532125205930721,-0.09610104338275671,-0.04008786381109275
2026-06-21,MORPHO,1.8,4344149.693814583,409504.4117566381,4753654.105571222,0.08614518487508466,10.60830987187567,10,binance;bitget;bybit;coinbase;gate;htx;kraken;kucoin;mexc;okx,base;eth,base;eth,5,aerodrome-slipstream;uniswap-v3-base;uniswap-v4-ethereum;uniswap_v3,0x2043b296ffc6b2d3bf4a3f3167d2afb3b0fbdbee;0x2f42df4af5312b492e9d7f7b2110d9c7bf2d9e4f;0xb5f0b4ae66c14f7efaa9aa1468e8fc536a3e288c;0xc8219b876753a85025156b22176c2edea17aac53;0xd9f5cbaeb88b7f0d9b0549257ddd4c46f984e2fc4bccf056cc254b9fe3417fff,-0.011532125205930721,-0.008888888888888946,-0.0411111111111111,-0.025555555555555554
2026-06-22,MORPHO,1.784,4776679.280533675,476320.80647529865,5253000.087008974,0.09067595632698967,10.028281812588396,10,binance;bitget;bybit;coinbase;gate;htx;kraken;kucoin;mexc;okx,base;eth,base;eth,5,aerodrome-slipstream;uniswap-v3-base;uniswap-v4-ethereum;uniswap_v3,0x2043b296ffc6b2d3bf4a3f3167d2afb3b0fbdbee;0x2f42df4af5312b492e9d7f7b2110d9c7bf2d9e4f;0xb5f0b4ae66c14f7efaa9aa1468e8fc536a3e288c;0xc8219b876753a85025156b22176c2edea17aac53;0xd9f5cbaeb88b7f0d9b0549257ddd4c46f984e2fc4bccf056cc254b9fe3417fff,-0.008888888888888946,-0.07735426008968616,-0.04820627802690591,0.05717488789237657
2026-06-23,MORPHO,1.646,7081770.2971857,551671.2307408999,7633441.527926601,0.07227031591486431,12.836939652761687,10,binance;bitget;bybit;coinbase;gate;htx;kraken;kucoin;mexc;okx,base;eth,base;eth,5,aerodrome-slipstream;uniswap-v3-base;uniswap-v4-ethereum;uniswap_v3,0x2043b296ffc6b2d3bf4a3f3167d2afb3b0fbdbee;0x2f42df4af5312b492e9d7f7b2110d9c7bf2d9e4f;0xb5f0b4ae66c14f7efaa9aa1468e8fc536a3e288c;0xc8219b876753a85025156b22176c2edea17aac53;0xd9f5cbaeb88b7f0d9b0549257ddd4c46f984e2fc4bccf056cc254b9fe3417fff,-0.07735426008968616,0.048602673147023046,0.08991494532199273,0.15431348724179839
2026-06-24,MORPHO,1.726,9901377.315686582,905023.8096807724,10806401.125367355,0.08374886321370074,10.94046058211339,10,binance;bitget;bybit;coinbase;gate;htx;kraken;kucoin;mexc;okx,base;eth,base;eth,5,aerodrome-slipstream;uniswap-v3-base;uniswap-v4-ethereum;uniswap_v3,0x2043b296ffc6b2d3bf4a3f3167d2afb3b0fbdbee;0x2f42df4af5312b492e9d7f7b2110d9c7bf2d9e4f;0xb5f0b4ae66c14f7efaa9aa1468e8fc536a3e288c;0xc8219b876753a85025156b22176c2edea17aac53;0xd9f5cbaeb88b7f0d9b0549257ddd4c46f984e2fc4bccf056cc254b9fe3417fff,0.048602673147023046,-0.016222479721900385,0.012746234067207318,0.20220162224797233
2026-06-25,MORPHO,1.698,7234374.279605799,563828.7817078715,7798203.061313671,0.07230239803641249,12.830799906475939,10,binance;bitget;bybit;coinbase;gate;htx;kraken;kucoin;mexc;okx,base;eth,base;eth,5,aerodrome-slipstream;uniswap-v3-base;uniswap-v4-ethereum;uniswap_v3,0x2043b296ffc6b2d3bf4a3f3167d2afb3b0fbdbee;0x2f42df4af5312b492e9d7f7b2110d9c7bf2d9e4f;0xb5f0b4ae66c14f7efaa9aa1468e8fc536a3e288c;0xc8219b876753a85025156b22176c2edea17aac53;0xd9f5cbaeb88b7f0d9b0549257ddd4c46f984e2fc4bccf056cc254b9fe3417fff,-0.016222479721900385,0.05653710247349819,0.03297997644287398,0.22320376914016493
2026-06-26,MORPHO,1.794,5988244.130109211,501484.0864135009,6489728.216522712,0.07727351125995276,11.941045174405751,10,binance;bitget;bybit;coinbase;gate;htx;kraken;kucoin;mexc;okx,base;eth,base;eth,5,aerodrome-slipstream;uniswap-v3-base;uniswap-v4-ethereum;uniswap_v3,0x2043b296ffc6b2d3bf4a3f3167d2afb3b0fbdbee;0x2f42df4af5312b492e9d7f7b2110d9c7bf2d9e4f;0xb5f0b4ae66c14f7efaa9aa1468e8fc536a3e288c;0xc8219b876753a85025156b22176c2edea17aac53;0xd9f5cbaeb88b7f0d9b0549257ddd4c46f984e2fc4bccf056cc254b9fe3417fff,0.05653710247349819,-0.02564102564102566,0.0512820512820511,0.10144927536231885
2026-06-27,MORPHO,1.748,2798441.7709915703,274108.53039428574,3072550.3013858562,0.08921205627476649,10.20924728962725,10,binance;bitget;bybit;coinbase;gate;htx;kraken;kucoin;mexc;okx,base;eth,base;eth,5,aerodrome-slipstream;uniswap-v3-base;uniswap-v4-ethereum;uniswap_v3,0x2043b296ffc6b2d3bf4a3f3167d2afb3b0fbdbee;0x2f42df4af5312b492e9d7f7b2110d9c7bf2d9e4f;0xb5f0b4ae66c14f7efaa9aa1468e8fc536a3e288c;0xc8219b876753a85025156b22176c2edea17aac53;0xd9f5cbaeb88b7f0d9b0549257ddd4c46f984e2fc4bccf056cc254b9fe3417fff,-0.02564102564102566,0.003432494279176135,0.08695652173913038,0.11956521739130443
2026-06-28,MORPHO,1.754,3500803.4336069496,288957.1404060462,3789760.5740129957,0.07624680629891827,12.115303427655661,10,binance;bitget;bybit;coinbase;gate;htx;kraken;kucoin;mexc;okx,base;eth,base;eth,5,aerodrome-slipstream;uniswap-v3-base;uniswap-v4-ethereum;uniswap_v3,0x2043b296ffc6b2d3bf4a3f3167d2afb3b0fbdbee;0x2f42df4af5312b492e9d7f7b2110d9c7bf2d9e4f;0xb5f0b4ae66c14f7efaa9aa1468e8fc536a3e288c;0xc8219b876753a85025156b22176c2edea17aac53;0xd9f5cbaeb88b7f0d9b0549257ddd4c46f984e2fc4bccf056cc254b9fe3417fff,0.003432494279176135,0.07525655644241724,0.1830102622576968,0.10490307867730908
2026-06-29,MORPHO,1.886,9762513.442572651,397244.649659184,10159758.092231836,0.03909981379998779,24.575569364995598,10,binance;bitget;bybit;coinbase;gate;htx;kraken;kucoin;mexc;okx,base;eth,base;eth,5,aerodrome-slipstream;uniswap-v3-base;uniswap-v4-ethereum;uniswap_v3,0x2043b296ffc6b2d3bf4a3f3167d2afb3b0fbdbee;0x2f42df4af5312b492e9d7f7b2110d9c7bf2d9e4f;0xb5f0b4ae66c14f7efaa9aa1468e8fc536a3e288c;0xc8219b876753a85025156b22176c2edea17aac53;0xd9f5cbaeb88b7f0d9b0549257ddd4c46f984e2fc4bccf056cc254b9fe3417fff,0.07525655644241724,0.007423117709437932,0.10127253446447515,0.06468716861081658
2026-06-30,MORPHO,1.9,8010112.918032464,453512.10267980525,8463625.02071227,0.05358367148473211,17.66240166624147,10,binance;bitget;bybit;coinbase;gate;htx;kraken;kucoin;mexc;okx,base;eth,base;eth,5,aerodrome-slipstream;uniswap-v3-base;uniswap-v4-ethereum;uniswap_v3,0x2043b296ffc6b2d3bf4a3f3167d2afb3b0fbdbee;0x2f42df4af5312b492e9d7f7b2110d9c7bf2d9e4f;0xb5f0b4ae66c14f7efaa9aa1468e8fc536a3e288c;0xc8219b876753a85025156b22176c2edea17aac53;0xd9f5cbaeb88b7f0d9b0549257ddd4c46f984e2fc4bccf056cc254b9fe3417fff,0.007423117709437932,0.09210526315789491,0.040000000000000036,0.061578947368420955
2026-07-01,MORPHO,2.075,20394096.490190707,1175078.5726479893,21569175.062838696,0.05447953244500851,17.355517294672037,10,binance;bitget;bybit;coinbase;gate;htx;kraken;kucoin;mexc;okx,base;eth,base;eth,5,aerodrome-slipstream;uniswap-v3-base;uniswap-v4-ethereum;uniswap_v3,0x2043b296ffc6b2d3bf4a3f3167d2afb3b0fbdbee;0x2f42df4af5312b492e9d7f7b2110d9c7bf2d9e4f;0xb5f0b4ae66c14f7efaa9aa1468e8fc536a3e288c;0xc8219b876753a85025156b22176c2edea17aac53;0xd9f5cbaeb88b7f0d9b0549257ddd4c46f984e2fc4bccf056cc254b9fe3417fff,0.09210526315789491,0.0009638554216866435,-0.05686746987951807,
2026-07-02,MORPHO,2.077,11325213.378951032,869184.366016906,12194397.744967937,0.07127735081263674,13.029702122749354,10,binance;bitget;bybit;coinbase;gate;htx;kraken;kucoin;mexc;okx,base;eth,base;eth,5,aerodrome-slipstream;uniswap-v3-base;uniswap-v4-ethereum;uniswap_v3,0x2043b296ffc6b2d3bf4a3f3167d2afb3b0fbdbee;0x2f42df4af5312b492e9d7f7b2110d9c7bf2d9e4f;0xb5f0b4ae66c14f7efaa9aa1468e8fc536a3e288c;0xc8219b876753a85025156b22176c2edea17aac53;0xd9f5cbaeb88b7f0d9b0549257ddd4c46f984e2fc4bccf056cc254b9fe3417fff,0.0009638554216866435,-0.04862782859894077,-0.06692344727973043,
2026-07-03,MORPHO,1.976,8276522.993286317,672239.5707860172,8948762.564072335,0.07512095286614684,12.311865223299751,10,binance;bitget;bybit;coinbase;gate;htx;kraken;kucoin;mexc;okx,base;eth,base;eth,5,aerodrome-slipstream;uniswap-v3-base;uniswap-v4-ethereum;uniswap_v3,0x2043b296ffc6b2d3bf4a3f3167d2afb3b0fbdbee;0x2f42df4af5312b492e9d7f7b2110d9c7bf2d9e4f;0xb5f0b4ae66c14f7efaa9aa1468e8fc536a3e288c;0xc8219b876753a85025156b22176c2edea17aac53;0xd9f5cbaeb88b7f0d9b0549257ddd4c46f984e2fc4bccf056cc254b9fe3417fff,-0.04862782859894077,-0.009615384615384581,0.0161943319838056,
2026-07-04,MORPHO,1.957,6021251.096884317,398429.9826724892,6419681.079556806,0.06206382805234236,15.11244474247764,10,binance;bitget;bybit;coinbase;gate;htx;kraken;kucoin;mexc;okx,base;eth,base;eth,5,aerodrome-slipstream;uniswap-v3-base;uniswap-v4-ethereum;uniswap_v3,0x2043b296ffc6b2d3bf4a3f3167d2afb3b0fbdbee;0x2f42df4af5312b492e9d7f7b2110d9c7bf2d9e4f;0xb5f0b4ae66c14f7efaa9aa1468e8fc536a3e288c;0xc8219b876753a85025156b22176c2edea17aac53;0xd9f5cbaeb88b7f0d9b0549257ddd4c46f984e2fc4bccf056cc254b9fe3417fff,-0.009615384615384581,-0.009708737864077777,0.03065917220235037,
2026-07-05,MORPHO,1.938,6312937.375440839,586159.2964713335,6899096.671912172,0.08496174562355742,10.770002989707043,10,binance;bitget;bybit;coinbase;gate;htx;kraken;kucoin;mexc;okx,base;eth,base;eth,5,aerodrome-slipstream;uniswap-v3-base;uniswap-v4-ethereum;uniswap_v3,0x2043b296ffc6b2d3bf4a3f3167d2afb3b0fbdbee;0x2f42df4af5312b492e9d7f7b2110d9c7bf2d9e4f;0xb5f0b4ae66c14f7efaa9aa1468e8fc536a3e288c;0xc8219b876753a85025156b22176c2edea17aac53;0xd9f5cbaeb88b7f0d9b0549257ddd4c46f984e2fc4bccf056cc254b9fe3417fff,-0.009708737864077777,0.03611971104231171,,
2026-07-06,MORPHO,2.008,7939121.807929845,760794.4742195486,8699916.282149393,0.08744848220902506,10.435304247016374,10,binance;bitget;bybit;coinbase;gate;htx;kraken;kucoin;mexc;okx,base;eth,base;eth,5,aerodrome-slipstream;uniswap-v3-base;uniswap-v4-ethereum;uniswap_v3,0x2043b296ffc6b2d3bf4a3f3167d2afb3b0fbdbee;0x2f42df4af5312b492e9d7f7b2110d9c7bf2d9e4f;0xb5f0b4ae66c14f7efaa9aa1468e8fc536a3e288c;0xc8219b876753a85025156b22176c2edea17aac53;0xd9f5cbaeb88b7f0d9b0549257ddd4c46f984e2fc4bccf056cc254b9fe3417fff,0.03611971104231171,0.004482071713147295,,
2026-07-07,MORPHO,2.017,9530041.114894072,994434.0486317052,10524475.163525777,0.0944877566986022,9.583381751667657,10,binance;bitget;bybit;coinbase;gate;htx;kraken;kucoin;mexc;okx,base;eth,base;eth,5,aerodrome-slipstream;uniswap-v3-base;uniswap-v4-ethereum;uniswap_v3,0x2043b296ffc6b2d3bf4a3f3167d2afb3b0fbdbee;0x2f42df4af5312b492e9d7f7b2110d9c7bf2d9e4f;0xb5f0b4ae66c14f7efaa9aa1468e8fc536a3e288c;0xc8219b876753a85025156b22176c2edea17aac53;0xd9f5cbaeb88b7f0d9b0549257ddd4c46f984e2fc4bccf056cc254b9fe3417fff,0.004482071713147295,,,
2026-01-17,ONDO,0.3852,27383674.068326376,85720.14342136828,27469394.211747743,0.003120569123606979,319.4543659792826,12,binance;bitget;bybit;coinbase;crypto_com;gate;htx;kraken;kucoin;mexc;okx;upbit,eth,eth,4,uniswap-v4-ethereum;uniswap_v3,0x39f9ff86479579952e7218c27ab9d2a9ff9bfe3e;0x3dedf9153bf7ea7a8d784a41562e7ee061f8330b695f70ff534f9f9d3be2363a;0x6f97cb801cc6ce9988dad323855e390adaea7e04da1ed818bb59c83d1a17971a;0x7b1e5d984a43ee732de195628d20d05cfabc3cc7,,-0.07814122533748691,-0.14537902388369672,-0.10799584631360326
2026-01-18,ONDO,0.3551,58226912.754932255,111059.45355051196,58337972.208482765,0.0019037249555678437,524.285964800372,12,binance;bitget;bybit;coinbase;crypto_com;gate;htx;kraken;kucoin;mexc;okx;upbit,eth,eth,4,uniswap-v4-ethereum;uniswap_v3,0x39f9ff86479579952e7218c27ab9d2a9ff9bfe3e;0x3dedf9153bf7ea7a8d784a41562e7ee061f8330b695f70ff534f9f9d3be2363a;0x6f97cb801cc6ce9988dad323855e390adaea7e04da1ed818bb59c83d1a17971a;0x7b1e5d984a43ee732de195628d20d05cfabc3cc7,-0.07814122533748691,-0.018023092086736137,-0.042241622078287855,-0.09152351450295704
2026-01-19,ONDO,0.3487,72350157.97057165,1681355.8918150505,74031513.8623867,0.02271135363975448,43.03084095566972,12,binance;bitget;bybit;coinbase;crypto_com;gate;htx;kraken;kucoin;mexc;okx;upbit,eth,eth,4,uniswap-v4-ethereum;uniswap_v3,0x39f9ff86479579952e7218c27ab9d2a9ff9bfe3e;0x3dedf9153bf7ea7a8d784a41562e7ee061f8330b695f70ff534f9f9d3be2363a;0x6f97cb801cc6ce9988dad323855e390adaea7e04da1ed818bb59c83d1a17971a;0x7b1e5d984a43ee732de195628d20d05cfabc3cc7,-0.018023092086736137,-0.055921995985087514,-0.018353885861772334,-0.048178950387152364
2026-01-20,ONDO,0.3292,39249686.108159505,1921547.7035226144,41171233.81168212,0.04667209421781733,20.426079475521895,12,binance;bitget;bybit;coinbase;crypto_com;gate;htx;kraken;kucoin;mexc;okx;upbit,eth,eth,4,uniswap-v4-ethereum;uniswap_v3,0x39f9ff86479579952e7218c27ab9d2a9ff9bfe3e;0x3dedf9153bf7ea7a8d784a41562e7ee061f8330b695f70ff534f9f9d3be2363a;0x6f97cb801cc6ce9988dad323855e390adaea7e04da1ed818bb59c83d1a17971a;0x7b1e5d984a43ee732de195628d20d05cfabc3cc7,-0.055921995985087514,0.03311057108140947,0.05407047387606312,0.03523693803159178
2026-01-21,ONDO,0.3401,43130366.60203112,1846085.3831614703,44976451.98519259,0.04104559834486832,23.363148311249407,12,binance;bitget;bybit;coinbase;crypto_com;gate;htx;kraken;kucoin;mexc;okx;upbit,eth,eth,4,uniswap-v4-ethereum;uniswap_v3,0x39f9ff86479579952e7218c27ab9d2a9ff9bfe3e;0x3dedf9153bf7ea7a8d784a41562e7ee061f8330b695f70ff534f9f9d3be2363a;0x6f97cb801cc6ce9988dad323855e390adaea7e04da1ed818bb59c83d1a17971a;0x7b1e5d984a43ee732de195628d20d05cfabc3cc7,0.03311057108140947,0.006468685680682151,0.010291090855630625,0.018229932372831437
2026-01-22,ONDO,0.3423,27298109.37027967,1166011.1649962673,28464120.535275936,0.04096424351320517,23.41153343104314,12,binance;bitget;bybit;coinbase;crypto_com;gate;htx;kraken;kucoin;mexc;okx;upbit,eth,eth,4,uniswap-v4-ethereum;uniswap_v3,0x39f9ff86479579952e7218c27ab9d2a9ff9bfe3e;0x3dedf9153bf7ea7a8d784a41562e7ee061f8330b695f70ff534f9f9d3be2363a;0x6f97cb801cc6ce9988dad323855e390adaea7e04da1ed818bb59c83d1a17971a;0x7b1e5d984a43ee732de195628d20d05cfabc3cc7,0.006468685680682151,0.01373064563248616,-0.05755185509786731,-0.079462459830558
2026-01-23,ONDO,0.347,38838014.29664838,2430129.7362267836,41268144.032875165,0.058886334560887585,15.981868670497992,12,binance;bitget;bybit;coinbase;crypto_com;gate;htx;kraken;kucoin;mexc;okx;upbit,eth,eth,5,uniswap-v4-ethereum;uniswap_v3,0x39f9ff86479579952e7218c27ab9d2a9ff9bfe3e;0x3dedf9153bf7ea7a8d784a41562e7ee061f8330b695f70ff534f9f9d3be2363a;0x51769cfa6e95836b5f819092c404a4bc66f7e959558a4a5f5c4d950ad4bac87a;0x6f97cb801cc6ce9988dad323855e390adaea7e04da1ed818bb59c83d1a17971a;0x7b1e5d984a43ee732de195628d20d05cfabc3cc7,0.01373064563248616,-0.009798270893371597,-0.043515850144092205,-0.10201729106628243
2026-01-24,ONDO,0.3436,18490121.891358078,758695.1524808208,19248817.0438389,0.03941515734462558,24.370950349291302,12,binance;bitget;bybit;coinbase;crypto_com;gate;htx;kraken;kucoin;mexc;okx;upbit,eth,eth,5,uniswap-v4-ethereum;uniswap_v3,0x39f9ff86479579952e7218c27ab9d2a9ff9bfe3e;0x3dedf9153bf7ea7a8d784a41562e7ee061f8330b695f70ff534f9f9d3be2363a;0x51769cfa6e95836b5f819092c404a4bc66f7e959558a4a5f5c4d950ad4bac87a;0x6f97cb801cc6ce9988dad323855e390adaea7e04da1ed818bb59c83d1a17971a;0x7b1e5d984a43ee732de195628d20d05cfabc3cc7,-0.009798270893371597,-0.06111757857974398,-0.008149010477299212,-0.16239813736903375
2026-01-25,ONDO,0.3226,36193473.04471221,1257858.0920180934,37451331.1367303,0.03358647219843282,28.773892122158077,12,binance;bitget;bybit;coinbase;crypto_com;gate;htx;kraken;kucoin;mexc;okx;upbit,eth,eth,5,uniswap-v4-ethereum;uniswap_v3,0x39f9ff86479579952e7218c27ab9d2a9ff9bfe3e;0x3dedf9153bf7ea7a8d784a41562e7ee061f8330b695f70ff534f9f9d3be2363a;0x51769cfa6e95836b5f819092c404a4bc66f7e959558a4a5f5c4d950ad4bac87a;0x6f97cb801cc6ce9988dad323855e390adaea7e04da1ed818bb59c83d1a17971a;0x7b1e5d984a43ee732de195628d20d05cfabc3cc7,-0.06111757857974398,0.028828270303781656,0.07346559206447623,-0.14786112833230014
2026-01-26,ONDO,0.3319,29834374.14855366,1397667.013314248,31232041.161867905,0.04475106209262748,21.345838360889875,12,binance;bitget;bybit;coinbase;crypto_com;gate;htx;kraken;kucoin;mexc;okx;upbit,eth,eth,5,uniswap-v4-ethereum;uniswap_v3,0x39f9ff86479579952e7218c27ab9d2a9ff9bfe3e;0x3dedf9153bf7ea7a8d784a41562e7ee061f8330b695f70ff534f9f9d3be2363a;0x51769cfa6e95836b5f819092c404a4bc66f7e959558a4a5f5c4d950ad4bac87a;0x6f97cb801cc6ce9988dad323855e390adaea7e04da1ed818bb59c83d1a17971a;0x7b1e5d984a43ee732de195628d20d05cfabc3cc7,0.028828270303781656,0.026815305815004686,-0.05061765592045797,-0.1434166917746309
2026-01-27,ONDO,0.3408,30892150.557559595,1218502.7681168958,32110653.32567649,0.03794699396983462,25.352548525844618,12,binance;bitget;bybit;coinbase;crypto_com;gate;htx;kraken;kucoin;mexc;okx;upbit,eth,eth,5,uniswap-v4-ethereum;uniswap_v3,0x39f9ff86479579952e7218c27ab9d2a9ff9bfe3e;0x3dedf9153bf7ea7a8d784a41562e7ee061f8330b695f70ff534f9f9d3be2363a;0x51769cfa6e95836b5f819092c404a4bc66f7e959558a4a5f5c4d950ad4bac87a;0x6f97cb801cc6ce9988dad323855e390adaea7e04da1ed818bb59c83d1a17971a;0x7b1e5d984a43ee732de195628d20d05cfabc3cc7,0.026815305815004686,0.01613849765258224,-0.08568075117370888,-0.18163145539906111
2026-01-28,ONDO,0.3463,36385018.339474395,2455575.62075435,38840593.96022874,0.06322188644356891,14.817307205671376,12,binance;bitget;bybit;coinbase;crypto_com;gate;htx;kraken;kucoin;mexc;okx;upbit,eth,eth,5,uniswap-v4-ethereum;uniswap_v3,0x39f9ff86479579952e7218c27ab9d2a9ff9bfe3e;0x3dedf9153bf7ea7a8d784a41562e7ee061f8330b695f70ff534f9f9d3be2363a;0x51769cfa6e95836b5f819092c404a4bc66f7e959558a4a5f5c4d950ad4bac87a;0x6f97cb801cc6ce9988dad323855e390adaea7e04da1ed818bb59c83d1a17971a;0x7b1e5d984a43ee732de195628d20d05cfabc3cc7,0.01613849765258224,-0.09009529309846953,-0.16892867455963034,-0.2203291943401674
2026-01-29,ONDO,0.3151,43343350.253781974,2443037.4243423436,45786387.678124316,0.05335728691935159,17.741582597921045,12,binance;bitget;bybit;coinbase;crypto_com;gate;htx;kraken;kucoin;mexc;okx;upbit,eth,eth,5,uniswap-v4-ethereum;uniswap_v3,0x39f9ff86479579952e7218c27ab9d2a9ff9bfe3e;0x3dedf9153bf7ea7a8d784a41562e7ee061f8330b695f70ff534f9f9d3be2363a;0x51769cfa6e95836b5f819092c404a4bc66f7e959558a4a5f5c4d950ad4bac87a;0x6f97cb801cc6ce9988dad323855e390adaea7e04da1ed818bb59c83d1a17971a;0x7b1e5d984a43ee732de195628d20d05cfabc3cc7,-0.09009529309846953,-0.011107584893684574,-0.1275785464931768,-0.2856236115518883
2026-01-30,ONDO,0.3116,42826582.744845636,1818372.7378733957,44644955.482719034,0.040729634920954126,23.55214739687075,12,binance;bitget;bybit;coinbase;crypto_com;gate;htx;kraken;kucoin;mexc;okx;upbit,eth,eth,5,uniswap-v4-ethereum;uniswap_v3,0x39f9ff86479579952e7218c27ab9d2a9ff9bfe3e;0x3dedf9153bf7ea7a8d784a41562e7ee061f8330b695f70ff534f9f9d3be2363a;0x51769cfa6e95836b5f819092c404a4bc66f7e959558a4a5f5c4d950ad4bac87a;0x6f97cb801cc6ce9988dad323855e390adaea7e04da1ed818bb59c83d1a17971a;0x7b1e5d984a43ee732de195628d20d05cfabc3cc7,-0.011107584893684574,-0.07637997432605903,-0.08761232349165593,-0.1713735558408216
2026-01-31,ONDO,0.2878,58295628.69633889,2642121.8461269177,60937750.542465806,0.043357718698291914,22.063944091675545,12,binance;bitget;bybit;coinbase;crypto_com;gate;htx;kraken;kucoin;mexc;okx;upbit,eth,eth,5,uniswap-v4-ethereum;uniswap_v3,0x39f9ff86479579952e7218c27ab9d2a9ff9bfe3e;0x3dedf9153bf7ea7a8d784a41562e7ee061f8330b695f70ff534f9f9d3be2363a;0x51769cfa6e95836b5f819092c404a4bc66f7e959558a4a5f5c4d950ad4bac87a;0x6f97cb801cc6ce9988dad323855e390adaea7e04da1ed818bb59c83d1a17971a;0x7b1e5d984a43ee732de195628d20d05cfabc3cc7,-0.07637997432605903,-0.04482279360667141,-0.030924252953439924,-0.08790826963168863
2026-02-01,ONDO,0.2749,37112374.49470487,2188207.910626418,39300582.40533129,0.055678765471159485,16.96016832517561,12,binance;bitget;bybit;coinbase;crypto_com;gate;htx;kraken;kucoin;mexc;okx;upbit,eth,eth,4,uniswap-v4-ethereum;uniswap_v3,0x3dedf9153bf7ea7a8d784a41562e7ee061f8330b695f70ff534f9f9d3be2363a;0x51769cfa6e95836b5f819092c404a4bc66f7e959558a4a5f5c4d950ad4bac87a;0x6f97cb801cc6ce9988dad323855e390adaea7e04da1ed818bb59c83d1a17971a;0x7b1e5d984a43ee732de195628d20d05cfabc3cc7,-0.04482279360667141,0.03419425245543839,-0.017824663514004913,-0.06184066933430321
2026-02-02,ONDO,0.2843,42689931.30006187,4890129.930901643,47580061.23096351,0.10277687342947994,8.729815343002695,12,binance;bitget;bybit;coinbase;crypto_com;gate;htx;kraken;kucoin;mexc;okx;upbit,eth,eth,4,uniswap-v4-ethereum;uniswap_v3,0x39f9ff86479579952e7218c27ab9d2a9ff9bfe3e;0x3dedf9153bf7ea7a8d784a41562e7ee061f8330b695f70ff534f9f9d3be2363a;0x6f97cb801cc6ce9988dad323855e390adaea7e04da1ed818bb59c83d1a17971a;0x7b1e5d984a43ee732de195628d20d05cfabc3cc7,0.03419425245543839,-0.018994020400984968,-0.20823074217376014,-0.11853675694688715
2026-02-03,ONDO,0.2789,55524401.36566311,2611013.5791776325,58135414.944840744,0.04491261620227496,21.265458674156392,12,binance;bitget;bybit;coinbase;crypto_com;gate;htx;kraken;kucoin;mexc;okx;upbit,eth,eth,4,uniswap-v4-ethereum;uniswap_v3,0x39f9ff86479579952e7218c27ab9d2a9ff9bfe3e;0x3dedf9153bf7ea7a8d784a41562e7ee061f8330b695f70ff534f9f9d3be2363a;0x6f97cb801cc6ce9988dad323855e390adaea7e04da1ed818bb59c83d1a17971a;0x7b1e5d984a43ee732de195628d20d05cfabc3cc7,-0.018994020400984968,-0.0319110792398708,-0.07422015059160991,-0.11222660451774824
2026-02-04,ONDO,0.27,41905213.02594435,1427510.0950336047,43332723.12097795,0.03294300455220013,29.35545827082776,12,binance;bitget;bybit;coinbase;crypto_com;gate;htx;kraken;kucoin;mexc;okx;upbit,eth,eth,4,uniswap-v4-ethereum;uniswap_v3,0x39f9ff86479579952e7218c27ab9d2a9ff9bfe3e;0x3dedf9153bf7ea7a8d784a41562e7ee061f8330b695f70ff534f9f9d3be2363a;0x6f97cb801cc6ce9988dad323855e390adaea7e04da1ed818bb59c83d1a17971a;0x7b1e5d984a43ee732de195628d20d05cfabc3cc7,-0.0319110792398708,-0.1662962962962964,-0.02777777777777779,-0.10629629629629644
2026-02-05,ONDO,0.2251,79114447.86601403,3241801.680625274,82356249.54663931,0.039363153354736044,24.404468767736144,12,binance;bitget;bybit;coinbase;crypto_com;gate;htx;kraken;kucoin;mexc;okx;upbit,eth,eth,3,uniswap-v4-ethereum;uniswap_v3,0x3dedf9153bf7ea7a8d784a41562e7ee061f8330b695f70ff534f9f9d3be2363a;0x6f97cb801cc6ce9988dad323855e390adaea7e04da1ed818bb59c83d1a17971a;0x7b1e5d984a43ee732de195628d20d05cfabc3cc7,-0.1662962962962964,0.14704575744113724,0.1457130164371392,0.1163927143491783
2026-02-06,ONDO,0.2582,89072397.9435732,4115117.420222408,93187515.36379561,0.044159535793580965,21.645165580417178,12,binance;bitget;bybit;coinbase;crypto_com;gate;htx;kraken;kucoin;mexc;okx;upbit,eth,eth,4,uniswap-v4-ethereum;uniswap_v3,0x39f9ff86479579952e7218c27ab9d2a9ff9bfe3e;0x3dedf9153bf7ea7a8d784a41562e7ee061f8330b695f70ff534f9f9d3be2363a;0x6f97cb801cc6ce9988dad323855e390adaea7e04da1ed818bb59c83d1a17971a;0x7b1e5d984a43ee732de195628d20d05cfabc3cc7,0.14704575744113724,0.016653756777691875,-0.029434546862896926,0.020139426800929616
2026-02-07,ONDO,0.2625,40055116.96905573,2172292.7968999417,42227409.76595567,0.05144271952600973,18.439096712108977,12,binance;bitget;bybit;coinbase;crypto_com;gate;htx;kraken;kucoin;mexc;okx;upbit,eth,eth,4,uniswap-v4-ethereum;uniswap_v3,0x39f9ff86479579952e7218c27ab9d2a9ff9bfe3e;0x3dedf9153bf7ea7a8d784a41562e7ee061f8330b695f70ff534f9f9d3be2363a;0x6f97cb801cc6ce9988dad323855e390adaea7e04da1ed818bb59c83d1a17971a;0x7b1e5d984a43ee732de195628d20d05cfabc3cc7,0.016653756777691875,-0.017523809523809497,-0.0567619047619049,0.12152380952380937
2026-02-08,ONDO,0.2579,24537172.197916854,915702.4461031299,25452874.644019984,0.035976386121803705,26.79601032228037,12,binance;bitget;bybit;coinbase;crypto_com;gate;htx;kraken;kucoin;mexc;okx;upbit,eth,eth,3,uniswap-v4-ethereum;uniswap_v3,0x3dedf9153bf7ea7a8d784a41562e7ee061f8330b695f70ff534f9f9d3be2363a;0x6f97cb801cc6ce9988dad323855e390adaea7e04da1ed818bb59c83d1a17971a;0x7b1e5d984a43ee732de195628d20d05cfabc3cc7,-0.017523809523809497,-0.028305544784800407,-0.06436603334625834,0.06901899961225277
2026-02-09,ONDO,0.2506,37704955.688639596,1108299.4487615118,38813255.13740111,0.028554663731193617,34.02054898680464,12,binance;bitget;bybit;coinbase;crypto_com;gate;htx;kraken;kucoin;mexc;okx;upbit,eth,eth,3,uniswap-v4-ethereum;uniswap_v3,0x3dedf9153bf7ea7a8d784a41562e7ee061f8330b695f70ff534f9f9d3be2363a;0x6f97cb801cc6ce9988dad323855e390adaea7e04da1ed818bb59c83d1a17971a;0x7b1e5d984a43ee732de195628d20d05cfabc3cc7,-0.028305544784800407,-0.011971268954509173,0.0027932960893854997,0.11133280127693546
2026-02-10,ONDO,0.2476,20208371.682311837,650132.7405722009,20858504.422884036,0.031168713124941735,31.083454841123455,12,binance;bitget;bybit;coinbase;crypto_com;gate;htx;kraken;kucoin;mexc;okx;upbit,eth,eth,4,uniswap-v4-ethereum;uniswap_v3,0x39f9ff86479579952e7218c27ab9d2a9ff9bfe3e;0x3dedf9153bf7ea7a8d784a41562e7ee061f8330b695f70ff534f9f9d3be2363a;0x6f97cb801cc6ce9988dad323855e390adaea7e04da1ed818bb59c83d1a17971a;0x7b1e5d984a43ee732de195628d20d05cfabc3cc7,-0.011971268954509173,-0.025444264943457195,0.06381260096930541,0.10904684975767376
2026-02-11,ONDO,0.2413,28613605.985032164,1134847.2129055709,29748453.197937734,0.03814810825136422,25.213619648209917,12,binance;bitget;bybit;coinbase;crypto_com;gate;htx;kraken;kucoin;mexc;okx;upbit,eth,eth,3,uniswap-v4-ethereum;uniswap_v3,0x3dedf9153bf7ea7a8d784a41562e7ee061f8330b695f70ff534f9f9d3be2363a;0x6f97cb801cc6ce9988dad323855e390adaea7e04da1ed818bb59c83d1a17971a;0x7b1e5d984a43ee732de195628d20d05cfabc3cc7,-0.025444264943457195,0.04144218814753442,0.2200580190634065,0.09697472026523002
2026-02-12,ONDO,0.2513,23468186.40156524,1383984.465157332,24852170.86672257,0.055688674948332496,16.956972417242678,12,binance;bitget;bybit;coinbase;crypto_com;gate;htx;kraken;kucoin;mexc;okx;upbit,eth,eth,3,uniswap-v4-ethereum;uniswap_v3,0x3dedf9153bf7ea7a8d784a41562e7ee061f8330b695f70ff534f9f9d3be2363a;0x6f97cb801cc6ce9988dad323855e390adaea7e04da1ed818bb59c83d1a17971a;0x7b1e5d984a43ee732de195628d20d05cfabc3cc7,0.04144218814753442,0.04814962196577799,0.09709510545165134,0.04257859132510933
2026-02-13,ONDO,0.2634,18051551.14041575,1037459.0146121457,19089010.155027896,0.05434849718170887,17.39977279696618,12,binance;bitget;bybit;coinbase;crypto_com;gate;htx;kraken;kucoin;mexc;okx;upbit,eth,eth,3,uniswap-v4-ethereum;uniswap_v3,0x3dedf9153bf7ea7a8d784a41562e7ee061f8330b695f70ff534f9f9d3be2363a;0x6f97cb801cc6ce9988dad323855e390adaea7e04da1ed818bb59c83d1a17971a;0x7b1e5d984a43ee732de195628d20d05cfabc3cc7,0.04814962196577799,0.11769172361427471,0.05732725892179191,0.015945330296127436
2026-02-14,ONDO,0.2944,34541792.82498877,2785377.766281097,37327170.591269866,0.07462065091353443,12.401116014904977,12,binance;bitget;bybit;coinbase;crypto_com;gate;htx;kraken;kucoin;mexc;okx;upbit,eth,eth,4,uniswap-v4-ethereum;uniswap_v3,0x39f9ff86479579952e7218c27ab9d2a9ff9bfe3e;0x3dedf9153bf7ea7a8d784a41562e7ee061f8330b695f70ff534f9f9d3be2363a;0x6f97cb801cc6ce9988dad323855e390adaea7e04da1ed818bb59c83d1a17971a;0x7b1e5d984a43ee732de195628d20d05cfabc3cc7,0.11769172361427471,-0.06351902173913038,-0.06725543478260865,-0.09239130434782605
2026-02-15,ONDO,0.2757,29977821.706353754,1435833.4107347429,31413655.117088497,0.045707301661743714,20.878342488919756,12,binance;bitget;bybit;coinbase;crypto_com;gate;htx;kraken;kucoin;mexc;okx;upbit,eth,eth,4,uniswap-v4-ethereum;uniswap_v3,0x39f9ff86479579952e7218c27ab9d2a9ff9bfe3e;0x3dedf9153bf7ea7a8d784a41562e7ee061f8330b695f70ff534f9f9d3be2363a;0x6f97cb801cc6ce9988dad323855e390adaea7e04da1ed818bb59c83d1a17971a;0x7b1e5d984a43ee732de195628d20d05cfabc3cc7,-0.06351902173913038,0.010155966630395419,-0.03989844033369605,-0.04787812840043526
2026-02-16,ONDO,0.2785,15358187.9915052,788838.861526345,16147026.853031546,0.04885350527414546,19.46936027186622,12,binance;bitget;bybit;coinbase;crypto_com;gate;htx;kraken;kucoin;mexc;okx;upbit,eth,eth,3,uniswap-v4-ethereum;uniswap_v3,0x3dedf9153bf7ea7a8d784a41562e7ee061f8330b695f70ff534f9f9d3be2363a;0x6f97cb801cc6ce9988dad323855e390adaea7e04da1ed818bb59c83d1a17971a;0x7b1e5d984a43ee732de195628d20d05cfabc3cc7,0.010155966630395419,-0.014003590664272925,-0.05924596050269304,-0.1070017953321365
2026-02-17,ONDO,0.2746,12490673.790917344,544647.7951548826,13035321.586072227,0.041782459416791005,22.933488213911424,12,binance;bitget;bybit;coinbase;crypto_com;gate;htx;kraken;kucoin;mexc;okx;upbit,eth,eth,4,uniswap-v4-ethereum;uniswap_v3,0x39f9ff86479579952e7218c27ab9d2a9ff9bfe3e;0x3dedf9153bf7ea7a8d784a41562e7ee061f8330b695f70ff534f9f9d3be2363a;0x6f97cb801cc6ce9988dad323855e390adaea7e04da1ed818bb59c83d1a17971a;0x7b1e5d984a43ee732de195628d20d05cfabc3cc7,-0.014003590664272925,-0.03605243991260021,-0.025491624180626338,-0.10269482884195191
2026-02-18,ONDO,0.2647,16127301.58601343,486790.62886859,16614092.21488202,0.029299863186780007,33.12985219846339,12,binance;bitget;bybit;coinbase;crypto_com;gate;htx;kraken;kucoin;mexc;okx;upbit,eth,eth,4,uniswap-v4-ethereum;uniswap_v3,0x39f9ff86479579952e7218c27ab9d2a9ff9bfe3e;0x3dedf9153bf7ea7a8d784a41562e7ee061f8330b695f70ff534f9f9d3be2363a;0x6f97cb801cc6ce9988dad323855e390adaea7e04da1ed818bb59c83d1a17971a;0x7b1e5d984a43ee732de195628d20d05cfabc3cc7,-0.03605243991260021,-0.010200226671703727,0.009444654325651669,0.04155647903286752
2026-02-19,ONDO,0.262,15068874.174940681,462013.60186610755,15530887.776806789,0.029748048437775742,32.61565052214127,12,binance;bitget;bybit;coinbase;crypto_com;gate;htx;kraken;kucoin;mexc;okx;upbit,eth,eth,3,uniswap-v4-ethereum;uniswap_v3,0x3dedf9153bf7ea7a8d784a41562e7ee061f8330b695f70ff534f9f9d3be2363a;0x6f97cb801cc6ce9988dad323855e390adaea7e04da1ed818bb59c83d1a17971a;0x7b1e5d984a43ee732de195628d20d05cfabc3cc7,-0.010200226671703727,0.021374045801526798,0.001908396946564972,0.01526717557251911
2026-02-20,ONDO,0.2676,17716782.887073316,1237701.3666189415,18954484.25369226,0.06529860428029542,14.314263007942438,12,binance;bitget;bybit;coinbase;crypto_com;gate;htx;kraken;kucoin;mexc;okx;upbit,eth,eth,3,uniswap-v4-ethereum;uniswap_v3,0x3dedf9153bf7ea7a8d784a41562e7ee061f8330b695f70ff534f9f9d3be2363a;0x6f97cb801cc6ce9988dad323855e390adaea7e04da1ed818bb59c83d1a17971a;0x7b1e5d984a43ee732de195628d20d05cfabc3cc7,0.021374045801526798,-0.001494768310911887,-0.070627802690583,-0.03998505231689087
2026-02-21,ONDO,0.2672,13114300.918512808,565518.1275466724,13679819.04605948,0.041339591236009214,23.189886017279758,12,binance;bitget;bybit;coinbase;crypto_com;gate;htx;kraken;kucoin;mexc;okx;upbit,eth,eth,2,uniswap-v4-ethereum;uniswap_v3,0x3dedf9153bf7ea7a8d784a41562e7ee061f8330b695f70ff534f9f9d3be2363a;0x7b1e5d984a43ee732de195628d20d05cfabc3cc7,-0.001494768310911887,-0.01758982035928136,-0.07784431137724546,-0.021706586826347185
2026-02-22,ONDO,0.2625,12637179.964591568,609946.0732430248,13247126.037834592,0.046043652902598035,20.71852007735847,12,binance;bitget;bybit;coinbase;crypto_com;gate;htx;kraken;kucoin;mexc;okx;upbit,eth,eth,3,uniswap-v4-ethereum;uniswap_v3,0x3dedf9153bf7ea7a8d784a41562e7ee061f8330b695f70ff534f9f9d3be2363a;0x6f97cb801cc6ce9988dad323855e390adaea7e04da1ed818bb59c83d1a17971a;0x7b1e5d984a43ee732de195628d20d05cfabc3cc7,-0.01758982035928136,-0.0525714285714286,0.05028571428571427,-0.040380952380952406
2026-02-23,ONDO,0.2487,21211340.588247836,1272133.1655884222,22483473.75383626,0.05658081039952127,16.673836640707798,12,binance;bitget;bybit;coinbase;crypto_com;gate;htx;kraken;kucoin;mexc;okx;upbit,eth,eth,3,uniswap-v4-ethereum;uniswap_v3,0x3dedf9153bf7ea7a8d784a41562e7ee061f8330b695f70ff534f9f9d3be2363a;0x6f97cb801cc6ce9988dad323855e390adaea7e04da1ed818bb59c83d1a17971a;0x7b1e5d984a43ee732de195628d20d05cfabc3cc7,-0.0525714285714286,-0.009248090068355475,0.06956172094893454,0.03659026940088439
2026-02-24,ONDO,0.2464,26185684.497462217,1091387.258820358,27277071.756282575,0.040011159136573556,23.993027484822758,12,binance;bitget;bybit;coinbase;crypto_com;gate;htx;kraken;kucoin;mexc;okx;upbit,eth,eth,3,uniswap-v4-ethereum;uniswap_v3,0x3dedf9153bf7ea7a8d784a41562e7ee061f8330b695f70ff534f9f9d3be2363a;0x6f97cb801cc6ce9988dad323855e390adaea7e04da1ed818bb59c83d1a17971a;0x7b1e5d984a43ee732de195628d20d05cfabc3cc7,-0.009248090068355475,0.11891233766233755,0.042613636363636465,0.038149350649350655
2026-02-25,ONDO,0.2757,39352138.603507824,1943413.3925283817,41295551.99603621,0.047061082818675534,20.24897983866967,12,binance;bitget;bybit;coinbase;crypto_com;gate;htx;kraken;kucoin;mexc;okx;upbit,eth,eth,4,uniswap-v4-ethereum;uniswap_v3,0x39f9ff86479579952e7218c27ab9d2a9ff9bfe3e;0x3dedf9153bf7ea7a8d784a41562e7ee061f8330b695f70ff534f9f9d3be2363a;0x6f97cb801cc6ce9988dad323855e390adaea7e04da1ed818bb59c83d1a17971a;0x7b1e5d984a43ee732de195628d20d05cfabc3cc7,0.11891233766233755,-0.03518317011244099,-0.05186797243380481,-0.023576351106274984
2026-02-26,ONDO,0.266,29096830.28384904,1158494.7210292395,30255325.00487828,0.03829060573113815,25.116066353758256,12,binance;bitget;bybit;coinbase;crypto_com;gate;htx;kraken;kucoin;mexc;okx;upbit,eth,eth,4,uniswap-v4-ethereum;uniswap_v3,0x39f9ff86479579952e7218c27ab9d2a9ff9bfe3e;0x3dedf9153bf7ea7a8d784a41562e7ee061f8330b695f70ff534f9f9d3be2363a;0x6f97cb801cc6ce9988dad323855e390adaea7e04da1ed818bb59c83d1a17971a;0x7b1e5d984a43ee732de195628d20d05cfabc3cc7,-0.03518317011244099,-0.03421052631578947,-0.0530075187969925,-0.004135338345864659
2026-02-27,ONDO,0.2569,21074950.415351097,724540.3447832542,21799490.76013435,0.03323657202618016,29.087338706660503,12,binance;bitget;bybit;coinbase;crypto_com;gate;htx;kraken;kucoin;mexc;okx;upbit,eth,eth,4,uniswap-v4-ethereum;uniswap_v3,0x39f9ff86479579952e7218c27ab9d2a9ff9bfe3e;0x3dedf9153bf7ea7a8d784a41562e7ee061f8330b695f70ff534f9f9d3be2363a;0x6f97cb801cc6ce9988dad323855e390adaea7e04da1ed818bb59c83d1a17971a;0x7b1e5d984a43ee732de195628d20d05cfabc3cc7,-0.03421052631578947,0.01751654340210207,0.0035033086804201474,-0.005060334760607299
2026-02-28,ONDO,0.2614,28549870.01586529,1117156.1794932506,29667026.19535854,0.03765649351359766,25.555844867470274,12,binance;bitget;bybit;coinbase;crypto_com;gate;htx;kraken;kucoin;mexc;okx;upbit,eth,eth,4,uniswap-v4-ethereum;uniswap_v3,0x39f9ff86479579952e7218c27ab9d2a9ff9bfe3e;0x3dedf9153bf7ea7a8d784a41562e7ee061f8330b695f70ff534f9f9d3be2363a;0x6f97cb801cc6ce9988dad323855e390adaea7e04da1ed818bb59c83d1a17971a;0x7b1e5d984a43ee732de195628d20d05cfabc3cc7,0.01751654340210207,-0.03634276970160677,-0.021423106350420773,-0.04705432287681721
2026-03-01,ONDO,0.2519,25234819.12250121,837757.6336828544,26072576.756184064,0.03213175442983976,30.121861154003195,12,binance;bitget;bybit;coinbase;crypto_com;gate;htx;kraken;kucoin;mexc;okx;upbit,eth,eth,4,uniswap-v4-ethereum;uniswap_v3,0x39f9ff86479579952e7218c27ab9d2a9ff9bfe3e;0x3dedf9153bf7ea7a8d784a41562e7ee061f8330b695f70ff534f9f9d3be2363a;0x6f97cb801cc6ce9988dad323855e390adaea7e04da1ed818bb59c83d1a17971a;0x7b1e5d984a43ee732de195628d20d05cfabc3cc7,-0.03634276970160677,0.023421992854307128,0.0686780468439856,-0.032552600238189844
2026-03-02,ONDO,0.2578,25694207.104991548,806177.2848688023,26500384.38986035,0.030421343064641133,31.871658489079156,12,binance;bitget;bybit;coinbase;crypto_com;gate;htx;kraken;kucoin;mexc;okx;upbit,eth,eth,4,uniswap-v4-ethereum;uniswap_v3,0x39f9ff86479579952e7218c27ab9d2a9ff9bfe3e;0x3dedf9153bf7ea7a8d784a41562e7ee061f8330b695f70ff534f9f9d3be2363a;0x6f97cb801cc6ce9988dad323855e390adaea7e04da1ed818bb59c83d1a17971a;0x7b1e5d984a43ee732de195628d20d05cfabc3cc7,0.023421992854307128,-0.007757951900698057,0.027540729247478968,-0.027152831652443532
2026-03-03,ONDO,0.2558,19051159.040382735,474328.1981295528,19525487.23851229,0.024292771408745313,40.164508699900885,12,binance;bitget;bybit;coinbase;crypto_com;gate;htx;kraken;kucoin;mexc;okx;upbit,eth,eth,4,uniswap-v4-ethereum;uniswap_v3,0x39f9ff86479579952e7218c27ab9d2a9ff9bfe3e;0x3dedf9153bf7ea7a8d784a41562e7ee061f8330b695f70ff534f9f9d3be2363a;0x6f97cb801cc6ce9988dad323855e390adaea7e04da1ed818bb59c83d1a17971a;0x7b1e5d984a43ee732de195628d20d05cfabc3cc7,-0.007757951900698057,0.05238467552775594,-0.0007818608287726292,-0.0015637216575450363
2026-03-04,ONDO,0.2692,37459693.33759649,1621222.488571714,39080915.8261682,0.04148373840016715,23.10583131041948,12,binance;bitget;bybit;coinbase;crypto_com;gate;htx;kraken;kucoin;mexc;okx;upbit,eth,eth,4,uniswap-v4-ethereum;uniswap_v3,0x39f9ff86479579952e7218c27ab9d2a9ff9bfe3e;0x3dedf9153bf7ea7a8d784a41562e7ee061f8330b695f70ff534f9f9d3be2363a;0x6f97cb801cc6ce9988dad323855e390adaea7e04da1ed818bb59c83d1a17971a;0x7b1e5d984a43ee732de195628d20d05cfabc3cc7,0.05238467552775594,-0.01597325408618122,-0.07466567607726604,-0.050520059435364084
2026-03-05,ONDO,0.2649,22118540.78435517,696670.7840485246,22815211.568403695,0.030535363740099138,31.748913964525556,12,binance;bitget;bybit;coinbase;crypto_com;gate;htx;kraken;kucoin;mexc;okx;upbit,eth,eth,4,uniswap-v4-ethereum;uniswap_v3,0x39f9ff86479579952e7218c27ab9d2a9ff9bfe3e;0x3dedf9153bf7ea7a8d784a41562e7ee061f8330b695f70ff534f9f9d3be2363a;0x6f97cb801cc6ce9988dad323855e390adaea7e04da1ed818bb59c83d1a17971a;0x7b1e5d984a43ee732de195628d20d05cfabc3cc7,-0.01597325408618122,-0.035107587768969495,-0.08003020007550032,-0.020762551906379767
2026-03-06,ONDO,0.2556,21102064.14063669,717006.9974683219,21819071.138105012,0.03286148126700659,29.430764574328997,12,binance;bitget;bybit;coinbase;crypto_com;gate;htx;kraken;kucoin;mexc;okx;upbit,eth,eth,4,uniswap-v4-ethereum;uniswap_v3,0x39f9ff86479579952e7218c27ab9d2a9ff9bfe3e;0x3dedf9153bf7ea7a8d784a41562e7ee061f8330b695f70ff534f9f9d3be2363a;0x6f97cb801cc6ce9988dad323855e390adaea7e04da1ed818bb59c83d1a17971a;0x7b1e5d984a43ee732de195628d20d05cfabc3cc7,-0.035107587768969495,-0.02543035993740217,-0.018779342723004633,0.029733959311424085
2026-03-07,ONDO,0.2491,12346696.834169496,446377.59948113613,12793074.433650631,0.0348921286901133,27.659759021333386,12,binance;bitget;bybit;coinbase;crypto_com;gate;htx;kraken;kucoin;mexc;okx;upbit,eth,eth,4,uniswap-v4-ethereum;uniswap_v3,0x39f9ff86479579952e7218c27ab9d2a9ff9bfe3e;0x3dedf9153bf7ea7a8d784a41562e7ee061f8330b695f70ff534f9f9d3be2363a;0x6f97cb801cc6ce9988dad323855e390adaea7e04da1ed818bb59c83d1a17971a;0x7b1e5d984a43ee732de195628d20d05cfabc3cc7,-0.02543035993740217,-0.02167804094741066,0.025291047771979214,0.054596547571256426
2026-03-08,ONDO,0.2437,14773548.0097724,606372.4515403564,15379920.461312756,0.03942624105668485,24.363817934412154,12,binance;bitget;bybit;coinbase;crypto_com;gate;htx;kraken;kucoin;mexc;okx;upbit,eth,eth,4,uniswap-v4-ethereum;uniswap_v3,0x39f9ff86479579952e7218c27ab9d2a9ff9bfe3e;0x3dedf9153bf7ea7a8d784a41562e7ee061f8330b695f70ff534f9f9d3be2363a;0x6f97cb801cc6ce9988dad323855e390adaea7e04da1ed818bb59c83d1a17971a;0x7b1e5d984a43ee732de195628d20d05cfabc3cc7,-0.02167804094741066,0.029134181370537693,0.048830529339351614,0.10915059499384472
2026-03-09,ONDO,0.2508,18275319.29120051,741806.3738512864,19017125.6650518,0.039007281484947046,24.636239233587734,12,binance;bitget;bybit;coinbase;crypto_com;gate;htx;kraken;kucoin;mexc;okx;upbit,eth,eth,4,uniswap-v4-ethereum;uniswap_v3,0x39f9ff86479579952e7218c27ab9d2a9ff9bfe3e;0x3dedf9153bf7ea7a8d784a41562e7ee061f8330b695f70ff534f9f9d3be2363a;0x6f97cb801cc6ce9988dad323855e390adaea7e04da1ed818bb59c83d1a17971a;0x7b1e5d984a43ee732de195628d20d05cfabc3cc7,0.029134181370537693,0.018341307814992103,0.03429027113237648,0.15311004784688986
2026-03-10,ONDO,0.2554,21207612.36811034,1044614.3433727243,22252226.711483065,0.04694426121560501,20.301858291202254,12,binance;bitget;bybit;coinbase;crypto_com;gate;htx;kraken;kucoin;mexc;okx;upbit,eth,eth,4,uniswap-v4-ethereum;uniswap_v3,0x39f9ff86479579952e7218c27ab9d2a9ff9bfe3e;0x3dedf9153bf7ea7a8d784a41562e7ee061f8330b695f70ff534f9f9d3be2363a;0x6f97cb801cc6ce9988dad323855e390adaea7e04da1ed818bb59c83d1a17971a;0x7b1e5d984a43ee732de195628d20d05cfabc3cc7,0.018341307814992103,0.000783085356303781,0.030540328895849456,0.10101801096319485
2026-03-11,ONDO,0.2556,14443183.93422524,659098.9946467495,15102282.92887199,0.04364234187314212,21.91352748454154,12,binance;bitget;bybit;coinbase;crypto_com;gate;htx;kraken;kucoin;mexc;okx;upbit,eth,eth,4,uniswap-v4-ethereum;uniswap_v3,0x39f9ff86479579952e7218c27ab9d2a9ff9bfe3e;0x3dedf9153bf7ea7a8d784a41562e7ee061f8330b695f70ff534f9f9d3be2363a;0x6f97cb801cc6ce9988dad323855e390adaea7e04da1ed818bb59c83d1a17971a;0x7b1e5d984a43ee732de195628d20d05cfabc3cc7,0.000783085356303781,0.014866979655712154,0.02777777777777768,0.04538341158059467
2026-03-12,ONDO,0.2594,15450292.794823818,816742.7918058591,16267035.586629678,0.05020845915387081,18.916962536837882,12,binance;bitget;bybit;coinbase;crypto_com;gate;htx;kraken;kucoin;mexc;okx;upbit,eth,eth,4,uniswap-v4-ethereum;uniswap_v3,0x39f9ff86479579952e7218c27ab9d2a9ff9bfe3e;0x3dedf9153bf7ea7a8d784a41562e7ee061f8330b695f70ff534f9f9d3be2363a;0x6f97cb801cc6ce9988dad323855e390adaea7e04da1ed818bb59c83d1a17971a;0x7b1e5d984a43ee732de195628d20d05cfabc3cc7,0.014866979655712154,0.014649190439475657,0.042020046260601296,-0.0065535851966076475
2026-03-13,ONDO,0.2632,27001165.494786017,1279317.7015710818,28280483.196357097,0.04523676956608277,21.105910956775556,12,binance;bitget;bybit;coinbase;crypto_com;gate;htx;kraken;kucoin;mexc;okx;upbit,eth,eth,4,uniswap-v4-ethereum;uniswap_v3,0x39f9ff86479579952e7218c27ab9d2a9ff9bfe3e;0x3dedf9153bf7ea7a8d784a41562e7ee061f8330b695f70ff534f9f9d3be2363a;0x6f97cb801cc6ce9988dad323855e390adaea7e04da1ed818bb59c83d1a17971a;0x7b1e5d984a43ee732de195628d20d05cfabc3cc7,0.014649190439475657,-0.0018996960486322712,0.09878419452887544,-0.011398176291793294
2026-03-14,ONDO,0.2627,11702626.5942509,407983.31676527066,12110609.911016172,0.033688090010574684,28.68408121938941,12,binance;bitget;bybit;coinbase;crypto_com;gate;htx;kraken;kucoin;mexc;okx;upbit,eth,eth,4,uniswap-v4-ethereum;uniswap_v3,0x39f9ff86479579952e7218c27ab9d2a9ff9bfe3e;0x3dedf9153bf7ea7a8d784a41562e7ee061f8330b695f70ff534f9f9d3be2363a;0x6f97cb801cc6ce9988dad323855e390adaea7e04da1ed818bb59c83d1a17971a;0x7b1e5d984a43ee732de195628d20d05cfabc3cc7,-0.0018996960486322712,0.028930338789493693,0.07042253521126773,-0.03768557289684038
2026-03-15,ONDO,0.2703,16736646.875429984,867592.7834660911,17604239.658896074,0.04928317270593759,19.290901439458683,12,binance;bitget;bybit;coinbase;crypto_com;gate;htx;kraken;kucoin;mexc;okx;upbit,eth,eth,4,uniswap-v4-ethereum;uniswap_v3,0x39f9ff86479579952e7218c27ab9d2a9ff9bfe3e;0x3dedf9153bf7ea7a8d784a41562e7ee061f8330b695f70ff534f9f9d3be2363a;0x6f97cb801cc6ce9988dad323855e390adaea7e04da1ed818bb59c83d1a17971a;0x7b1e5d984a43ee732de195628d20d05cfabc3cc7,0.028930338789493693,0.06992230854606007,-0.01146873843877172,-0.09137994820569728
2026-03-16,ONDO,0.2892,32690716.776963618,1645095.8934754923,34335812.67043911,0.04791195447346474,19.871617761989523,12,binance;bitget;bybit;coinbase;crypto_com;gate;htx;kraken;kucoin;mexc;okx;upbit,eth,eth,4,uniswap-v4-ethereum;uniswap_v3,0x39f9ff86479579952e7218c27ab9d2a9ff9bfe3e;0x3dedf9153bf7ea7a8d784a41562e7ee061f8330b695f70ff534f9f9d3be2363a;0x6f97cb801cc6ce9988dad323855e390adaea7e04da1ed818bb59c83d1a17971a;0x7b1e5d984a43ee732de195628d20d05cfabc3cc7,0.06992230854606007,-0.02766251728907332,-0.1089211618257262,-0.12102351313969584
2026-03-17,ONDO,0.2812,23091540.950841036,692375.2520110535,23783916.20285209,0.029111070107454638,33.35119342259851,12,binance;bitget;bybit;coinbase;crypto_com;gate;htx;kraken;kucoin;mexc;okx;upbit,eth,eth,4,uniswap-v4-ethereum;uniswap_v3,0x39f9ff86479579952e7218c27ab9d2a9ff9bfe3e;0x3dedf9153bf7ea7a8d784a41562e7ee061f8330b695f70ff534f9f9d3be2363a;0x6f97cb801cc6ce9988dad323855e390adaea7e04da1ed818bb59c83d1a17971a;0x7b1e5d984a43ee732de195628d20d05cfabc3cc7,-0.02766251728907332,-0.049786628733997196,-0.0746799431009958,-0.08961593172119486
2026-03-18,ONDO,0.2672,23174531.369860865,751949.5308215936,23926480.90068246,0.031427502186506064,30.81926435214336,12,binance;bitget;bybit;coinbase;crypto_com;gate;htx;kraken;kucoin;mexc;okx;upbit,eth,eth,4,uniswap-v4-ethereum;uniswap_v3,0x39f9ff86479579952e7218c27ab9d2a9ff9bfe3e;0x3dedf9153bf7ea7a8d784a41562e7ee061f8330b695f70ff534f9f9d3be2363a;0x6f97cb801cc6ce9988dad323855e390adaea7e04da1ed818bb59c83d1a17971a;0x7b1e5d984a43ee732de195628d20d05cfabc3cc7,-0.049786628733997196,-0.03555389221556893,-0.053892215568862145,-0.006736526946107713
2026-03-19,ONDO,0.2577,18282527.047528233,514439.7578408148,18796966.80536905,0.02736823250088804,35.53871326793033,12,binance;bitget;bybit;coinbase;crypto_com;gate;htx;kraken;kucoin;mexc;okx;upbit,eth,eth,4,uniswap-v4-ethereum;uniswap_v3,0x39f9ff86479579952e7218c27ab9d2a9ff9bfe3e;0x3dedf9153bf7ea7a8d784a41562e7ee061f8330b695f70ff534f9f9d3be2363a;0x6f97cb801cc6ce9988dad323855e390adaea7e04da1ed818bb59c83d1a17971a;0x7b1e5d984a43ee732de195628d20d05cfabc3cc7,-0.03555389221556893,0.009701202949165655,-0.04695382227396183,0.044237485448195724
2026-03-20,ONDO,0.2602,15722809.923950989,498763.9628068466,16221573.886757836,0.030746952563832464,31.52354840447819,12,binance;bitget;bybit;coinbase;crypto_com;gate;htx;kraken;kucoin;mexc;okx;upbit,eth,eth,5,uniswap-v4-ethereum;uniswap_v3,0x39f9ff86479579952e7218c27ab9d2a9ff9bfe3e;0x3dedf9153bf7ea7a8d784a41562e7ee061f8330b695f70ff534f9f9d3be2363a;0x51769cfa6e95836b5f819092c404a4bc66f7e959558a4a5f5c4d950ad4bac87a;0x6f97cb801cc6ce9988dad323855e390adaea7e04da1ed818bb59c83d1a17971a;0x7b1e5d984a43ee732de195628d20d05cfabc3cc7,0.009701202949165655,-0.028439661798616345,-0.02305918524212147,0.03343581860107614
2026-03-21,ONDO,0.2528,9095443.662977928,256679.07920343784,9352122.742181366,0.027446076819086732,35.43507983277863,12,binance;bitget;bybit;coinbase;crypto_com;gate;htx;kraken;kucoin;mexc;okx;upbit,eth,eth,5,uniswap-v4-ethereum;uniswap_v3,0x39f9ff86479579952e7218c27ab9d2a9ff9bfe3e;0x3dedf9153bf7ea7a8d784a41562e7ee061f8330b695f70ff534f9f9d3be2363a;0x51769cfa6e95836b5f819092c404a4bc66f7e959558a4a5f5c4d950ad4bac87a;0x6f97cb801cc6ce9988dad323855e390adaea7e04da1ed818bb59c83d1a17971a;0x7b1e5d984a43ee732de195628d20d05cfabc3cc7,-0.028439661798616345,-0.02848101265822789,0.012658227848101111,0.0625
2026-03-22,ONDO,0.2456,16435231.356243836,312959.6403845585,16748190.996628394,0.01868617574564088,52.5154979602116,12,binance;bitget;bybit;coinbase;crypto_com;gate;htx;kraken;kucoin;mexc;okx;upbit,eth,eth,5,uniswap-v4-ethereum;uniswap_v3,0x39f9ff86479579952e7218c27ab9d2a9ff9bfe3e;0x3dedf9153bf7ea7a8d784a41562e7ee061f8330b695f70ff534f9f9d3be2363a;0x51769cfa6e95836b5f819092c404a4bc66f7e959558a4a5f5c4d950ad4bac87a;0x6f97cb801cc6ce9988dad323855e390adaea7e04da1ed818bb59c83d1a17971a;0x7b1e5d984a43ee732de195628d20d05cfabc3cc7,-0.02848101265822789,0.035016286644951045,0.08061889250814347,0.04885993485342022
2026-03-23,ONDO,0.2542,26194131.523194827,1155623.0738376323,27349754.597032458,0.042253507969794414,22.666674036031893,12,binance;bitget;bybit;coinbase;crypto_com;gate;htx;kraken;kucoin;mexc;okx;upbit,eth,eth,5,uniswap-v4-ethereum;uniswap_v3,0x39f9ff86479579952e7218c27ab9d2a9ff9bfe3e;0x3dedf9153bf7ea7a8d784a41562e7ee061f8330b695f70ff534f9f9d3be2363a;0x51769cfa6e95836b5f819092c404a4bc66f7e959558a4a5f5c4d950ad4bac87a;0x6f97cb801cc6ce9988dad323855e390adaea7e04da1ed818bb59c83d1a17971a;0x7b1e5d984a43ee732de195628d20d05cfabc3cc7,0.035016286644951045,0.007081038552321006,0.05861526357199076,0.0306845003933911
2026-03-24,ONDO,0.256,28629023.83796612,1636122.9424494826,30265146.780415606,0.054059640097572824,17.498088374156566,12,binance;bitget;bybit;coinbase;crypto_com;gate;htx;kraken;kucoin;mexc;okx;upbit,eth,eth,5,uniswap-v4-ethereum;uniswap_v3,0x39f9ff86479579952e7218c27ab9d2a9ff9bfe3e;0x3dedf9153bf7ea7a8d784a41562e7ee061f8330b695f70ff534f9f9d3be2363a;0x51769cfa6e95836b5f819092c404a4bc66f7e959558a4a5f5c4d950ad4bac87a;0x6f97cb801cc6ce9988dad323855e390adaea7e04da1ed818bb59c83d1a17971a;0x7b1e5d984a43ee732de195628d20d05cfabc3cc7,0.007081038552321006,0.03671875000000013,0.05039062499999991,0.06601562499999991
2026-03-25,ONDO,0.2654,32975318.501631297,1015262.273170487,33990580.77480178,0.02986892986315582,32.47960588415753,12,binance;bitget;bybit;coinbase;crypto_com;gate;htx;kraken;kucoin;mexc;okx;upbit,eth,eth,5,uniswap-v4-ethereum;uniswap_v3,0x39f9ff86479579952e7218c27ab9d2a9ff9bfe3e;0x3dedf9153bf7ea7a8d784a41562e7ee061f8330b695f70ff534f9f9d3be2363a;0x51769cfa6e95836b5f819092c404a4bc66f7e959558a4a5f5c4d950ad4bac87a;0x6f97cb801cc6ce9988dad323855e390adaea7e04da1ed818bb59c83d1a17971a;0x7b1e5d984a43ee732de195628d20d05cfabc3cc7,0.03671875000000013,0.013941220798794118,0.012057272042200307,0.01808590806330046
2026-03-26,ONDO,0.2691,50295146.749191664,3549909.6611518906,53845056.41034356,0.0659282373872666,14.168007512864897,12,binance;bitget;bybit;coinbase;crypto_com;gate;htx;kraken;kucoin;mexc;okx;upbit,eth,eth,5,uniswap-v4-ethereum;uniswap_v3,0x39f9ff86479579952e7218c27ab9d2a9ff9bfe3e;0x3dedf9153bf7ea7a8d784a41562e7ee061f8330b695f70ff534f9f9d3be2363a;0x51769cfa6e95836b5f819092c404a4bc66f7e959558a4a5f5c4d950ad4bac87a;0x6f97cb801cc6ce9988dad323855e390adaea7e04da1ed818bb59c83d1a17971a;0x7b1e5d984a43ee732de195628d20d05cfabc3cc7,0.013941220798794118,-0.0007432181345226052,-0.042735042735042805,-0.042363433667781614
2026-03-27,ONDO,0.2689,98051450.52550237,6671072.57494731,104722523.10044968,0.06370236676353211,14.698003870281205,12,binance;bitget;bybit;coinbase;crypto_com;gate;htx;kraken;kucoin;mexc;okx;upbit,eth,eth,5,uniswap-v4-ethereum;uniswap_v3,0x39f9ff86479579952e7218c27ab9d2a9ff9bfe3e;0x3dedf9153bf7ea7a8d784a41562e7ee061f8330b695f70ff534f9f9d3be2363a;0x51769cfa6e95836b5f819092c404a4bc66f7e959558a4a5f5c4d950ad4bac87a;0x6f97cb801cc6ce9988dad323855e390adaea7e04da1ed818bb59c83d1a17971a;0x7b1e5d984a43ee732de195628d20d05cfabc3cc7,-0.0007432181345226052,-0.0011156563778355055,-0.025660096690219292,-0.03570100409074006
2026-03-28,ONDO,0.2686,39592523.303092584,3425084.152615835,43017607.45570842,0.07962051716015014,11.559576798384542,12,binance;bitget;bybit;coinbase;crypto_com;gate;htx;kraken;kucoin;mexc;okx;upbit,eth,eth,5,uniswap-v4-ethereum;uniswap_v3,0x39f9ff86479579952e7218c27ab9d2a9ff9bfe3e;0x3dedf9153bf7ea7a8d784a41562e7ee061f8330b695f70ff534f9f9d3be2363a;0x51769cfa6e95836b5f819092c404a4bc66f7e959558a4a5f5c4d950ad4bac87a;0x6f97cb801cc6ce9988dad323855e390adaea7e04da1ed818bb59c83d1a17971a;0x7b1e5d984a43ee732de195628d20d05cfabc3cc7,-0.0011156563778355055,-0.04095309009679826,0.016008935219657294,-0.04839910647803425
2026-03-29,ONDO,0.2576,22943467.77275914,1181635.0475050907,24125102.82026423,0.04897948233872641,19.416712309948892,12,binance;bitget;bybit;coinbase;crypto_com;gate;htx;kraken;kucoin;mexc;okx;upbit,eth,eth,5,uniswap-v4-ethereum;uniswap_v3,0x39f9ff86479579952e7218c27ab9d2a9ff9bfe3e;0x3dedf9153bf7ea7a8d784a41562e7ee061f8330b695f70ff534f9f9d3be2363a;0x51769cfa6e95836b5f819092c404a4bc66f7e959558a4a5f5c4d950ad4bac87a;0x6f97cb801cc6ce9988dad323855e390adaea7e04da1ed818bb59c83d1a17971a;0x7b1e5d984a43ee732de195628d20d05cfabc3cc7,-0.04095309009679826,0.017080745341614856,0.048913043478260976,0.0038819875776396895
2026-03-30,ONDO,0.262,24966004.92730123,1653436.9569009177,26619441.88420215,0.062113885185631316,15.099459839155706,12,binance;bitget;bybit;coinbase;crypto_com;gate;htx;kraken;kucoin;mexc;okx;upbit,eth,eth,5,uniswap-v4-ethereum;uniswap_v3,0x39f9ff86479579952e7218c27ab9d2a9ff9bfe3e;0x3dedf9153bf7ea7a8d784a41562e7ee061f8330b695f70ff534f9f9d3be2363a;0x51769cfa6e95836b5f819092c404a4bc66f7e959558a4a5f5c4d950ad4bac87a;0x6f97cb801cc6ce9988dad323855e390adaea7e04da1ed818bb59c83d1a17971a;0x7b1e5d984a43ee732de195628d20d05cfabc3cc7,0.017080745341614856,0.04160305343511439,-0.016412213740458093,-0.022900763358778664
2026-03-31,ONDO,0.2729,33191519.65293853,2655687.6432968476,35847207.296235375,0.07408352961363728,12.498276947861841,12,binance;bitget;bybit;coinbase;crypto_com;gate;htx;kraken;kucoin;mexc;okx;upbit,eth,eth,5,uniswap-v4-ethereum;uniswap_v3,0x39f9ff86479579952e7218c27ab9d2a9ff9bfe3e;0x3dedf9153bf7ea7a8d784a41562e7ee061f8330b695f70ff534f9f9d3be2363a;0x51769cfa6e95836b5f819092c404a4bc66f7e959558a4a5f5c4d950ad4bac87a;0x6f97cb801cc6ce9988dad323855e390adaea7e04da1ed818bb59c83d1a17971a;0x7b1e5d984a43ee732de195628d20d05cfabc3cc7,0.04160305343511439,-0.009893733968486584,-0.049835104433858524,-0.011725906925613705
2026-04-01,ONDO,0.2702,28910464.604100242,1342531.821767795,30252996.425868038,0.04437682148469279,21.534286290534283,12,binance;bitget;bybit;coinbase;crypto_com;gate;htx;kraken;kucoin;mexc;okx;upbit,eth,eth,5,uniswap-v4-ethereum;uniswap_v3,0x39f9ff86479579952e7218c27ab9d2a9ff9bfe3e;0x3dedf9153bf7ea7a8d784a41562e7ee061f8330b695f70ff534f9f9d3be2363a;0x51769cfa6e95836b5f819092c404a4bc66f7e959558a4a5f5c4d950ad4bac87a;0x6f97cb801cc6ce9988dad323855e390adaea7e04da1ed818bb59c83d1a17971a;0x7b1e5d984a43ee732de195628d20d05cfabc3cc7,-0.009893733968486584,-0.04626202812731317,-0.05403404885270169,-0.0532938564026646
2026-04-02,ONDO,0.2577,26889251.16661712,1091049.384803313,27980300.551420435,0.03899348339015341,24.645310781660477,12,binance;bitget;bybit;coinbase;crypto_com;gate;htx;kraken;kucoin;mexc;okx;upbit,eth,eth,5,uniswap-v4-ethereum;uniswap_v3,0x39f9ff86479579952e7218c27ab9d2a9ff9bfe3e;0x3dedf9153bf7ea7a8d784a41562e7ee061f8330b695f70ff534f9f9d3be2363a;0x51769cfa6e95836b5f819092c404a4bc66f7e959558a4a5f5c4d950ad4bac87a;0x6f97cb801cc6ce9988dad323855e390adaea7e04da1ed818bb59c83d1a17971a;0x7b1e5d984a43ee732de195628d20d05cfabc3cc7,-0.04626202812731317,0.0062087698874659925,0.0034924330616996624,-0.012805587892898651
2026-04-03,ONDO,0.2593,13853098.881626343,670507.2045817627,14523606.086208105,0.04616671648912932,20.660626443629923,12,binance;bitget;bybit;coinbase;crypto_com;gate;htx;kraken;kucoin;mexc;okx;upbit,eth,eth,5,uniswap-v4-ethereum;uniswap_v3,0x39f9ff86479579952e7218c27ab9d2a9ff9bfe3e;0x3dedf9153bf7ea7a8d784a41562e7ee061f8330b695f70ff534f9f9d3be2363a;0x51769cfa6e95836b5f819092c404a4bc66f7e959558a4a5f5c4d950ad4bac87a;0x6f97cb801cc6ce9988dad323855e390adaea7e04da1ed818bb59c83d1a17971a;0x7b1e5d984a43ee732de195628d20d05cfabc3cc7,0.0062087698874659925,-0.014269186270728818,-0.012726571538758114,-0.010412649440802113
2026-04-04,ONDO,0.2556,12249880.510141067,410958.5252052612,12660839.03534633,0.03245902771988126,29.808070057733023,12,binance;bitget;bybit;coinbase;crypto_com;gate;htx;kraken;kucoin;mexc;okx;upbit,eth,eth,5,uniswap-v4-ethereum;uniswap_v3,0x39f9ff86479579952e7218c27ab9d2a9ff9bfe3e;0x3dedf9153bf7ea7a8d784a41562e7ee061f8330b695f70ff534f9f9d3be2363a;0x51769cfa6e95836b5f819092c404a4bc66f7e959558a4a5f5c4d950ad4bac87a;0x6f97cb801cc6ce9988dad323855e390adaea7e04da1ed818bb59c83d1a17971a;0x7b1e5d984a43ee732de195628d20d05cfabc3cc7,-0.014269186270728818,0.011737089201877993,0.055164319248826255,0.0023474178403755097
2026-04-05,ONDO,0.2586,17517934.50453815,420677.59652056673,17938612.101058714,0.023450955634172994,41.64218548700799,12,binance;bitget;bybit;coinbase;crypto_com;gate;htx;kraken;kucoin;mexc;okx;upbit,eth,eth,5,uniswap-v4-ethereum;uniswap_v3,0x39f9ff86479579952e7218c27ab9d2a9ff9bfe3e;0x3dedf9153bf7ea7a8d784a41562e7ee061f8330b695f70ff534f9f9d3be2363a;0x51769cfa6e95836b5f819092c404a4bc66f7e959558a4a5f5c4d950ad4bac87a;0x6f97cb801cc6ce9988dad323855e390adaea7e04da1ed818bb59c83d1a17971a;0x7b1e5d984a43ee732de195628d20d05cfabc3cc7,0.011737089201877993,-0.010054137664346485,-0.010827532869296053,-0.062258313998453274
2026-04-06,ONDO,0.256,30357752.439310208,1763004.094175489,32120756.533485696,0.05488675499711745,17.219331786922332,12,binance;bitget;bybit;coinbase;crypto_com;gate;htx;kraken;kucoin;mexc;okx;upbit,eth,eth,5,uniswap-v4-ethereum;uniswap_v3,0x39f9ff86479579952e7218c27ab9d2a9ff9bfe3e;0x3dedf9153bf7ea7a8d784a41562e7ee061f8330b695f70ff534f9f9d3be2363a;0x51769cfa6e95836b5f819092c404a4bc66f7e959558a4a5f5c4d950ad4bac87a;0x6f97cb801cc6ce9988dad323855e390adaea7e04da1ed818bb59c83d1a17971a;0x7b1e5d984a43ee732de195628d20d05cfabc3cc7,-0.010054137664346485,0.053515624999999956,-0.006249999999999978,0.006249999999999867
2026-04-07,ONDO,0.2697,35777200.204345256,1167228.654815498,36944428.85916075,0.03159417240594509,30.651406694603896,12,binance;bitget;bybit;coinbase;crypto_com;gate;htx;kraken;kucoin;mexc;okx;upbit,eth,eth,5,uniswap-v4-ethereum;uniswap_v3,0x39f9ff86479579952e7218c27ab9d2a9ff9bfe3e;0x3dedf9153bf7ea7a8d784a41562e7ee061f8330b695f70ff534f9f9d3be2363a;0x51769cfa6e95836b5f819092c404a4bc66f7e959558a4a5f5c4d950ad4bac87a;0x6f97cb801cc6ce9988dad323855e390adaea7e04da1ed818bb59c83d1a17971a;0x7b1e5d984a43ee732de195628d20d05cfabc3cc7,0.053515624999999956,-0.051538746755654286,-0.048572487949573584,-0.06859473489061929
2026-04-08,ONDO,0.2558,30055770.86107921,903668.0983480304,30959438.959427238,0.02918877501405305,33.25974538220758,12,binance;bitget;bybit;coinbase;crypto_com;gate;htx;kraken;kucoin;mexc;okx;upbit,eth,eth,5,uniswap-v4-ethereum;uniswap_v3,0x39f9ff86479579952e7218c27ab9d2a9ff9bfe3e;0x3dedf9153bf7ea7a8d784a41562e7ee061f8330b695f70ff534f9f9d3be2363a;0x51769cfa6e95836b5f819092c404a4bc66f7e959558a4a5f5c4d950ad4bac87a;0x6f97cb801cc6ce9988dad323855e390adaea7e04da1ed818bb59c83d1a17971a;0x7b1e5d984a43ee732de195628d20d05cfabc3cc7,-0.051538746755654286,-0.005473025801407405,0.0015637216575448143,0.01133698201720068
2026-04-09,ONDO,0.2544,33090249.045319133,1202370.156483334,34292619.20180247,0.03506206829544638,27.520850269687973,12,binance;bitget;bybit;coinbase;crypto_com;gate;htx;kraken;kucoin;mexc;okx;upbit,eth,eth,5,uniswap-v4-ethereum;uniswap_v3,0x39f9ff86479579952e7218c27ab9d2a9ff9bfe3e;0x3dedf9153bf7ea7a8d784a41562e7ee061f8330b695f70ff534f9f9d3be2363a;0x51769cfa6e95836b5f819092c404a4bc66f7e959558a4a5f5c4d950ad4bac87a;0x6f97cb801cc6ce9988dad323855e390adaea7e04da1ed818bb59c83d1a17971a;0x7b1e5d984a43ee732de195628d20d05cfabc3cc7,-0.005473025801407405,0.00864779874213828,-0.04677672955974854,0.05974842767295585
2026-04-10,ONDO,0.2566,28043495.34257858,1049004.7555102876,29092500.098088868,0.03605756645092177,26.733430134868016,12,binance;bitget;bybit;coinbase;crypto_com;gate;htx;kraken;kucoin;mexc;okx;upbit,eth,eth,5,uniswap-v4-ethereum;uniswap_v3,0x39f9ff86479579952e7218c27ab9d2a9ff9bfe3e;0x3dedf9153bf7ea7a8d784a41562e7ee061f8330b695f70ff534f9f9d3be2363a;0x51769cfa6e95836b5f819092c404a4bc66f7e959558a4a5f5c4d950ad4bac87a;0x6f97cb801cc6ce9988dad323855e390adaea7e04da1ed818bb59c83d1a17971a;0x7b1e5d984a43ee732de195628d20d05cfabc3cc7,0.00864779874213828,-0.001558846453624363,0.0038971161340608518,0.054169914263445085
2026-04-11,ONDO,0.2562,22342223.38518294,735635.4197388282,23077858.80492177,0.03187624233067674,30.371326319653114,12,binance;bitget;bybit;coinbase;crypto_com;gate;htx;kraken;kucoin;mexc;okx;upbit,eth,eth,5,uniswap-v4-ethereum;uniswap_v3,0x39f9ff86479579952e7218c27ab9d2a9ff9bfe3e;0x3dedf9153bf7ea7a8d784a41562e7ee061f8330b695f70ff534f9f9d3be2363a;0x51769cfa6e95836b5f819092c404a4bc66f7e959558a4a5f5c4d950ad4bac87a;0x6f97cb801cc6ce9988dad323855e390adaea7e04da1ed818bb59c83d1a17971a;0x7b1e5d984a43ee732de195628d20d05cfabc3cc7,-0.001558846453624363,-0.05347384855581572,-0.01951600312256052,0.007416081186573109
2026-04-12,ONDO,0.2425,26156478.54551256,126484.63830092814,26282963.18381349,0.004812419262483479,206.79569390301702,12,binance;bitget;bybit;coinbase;crypto_com;gate;htx;kraken;kucoin;mexc;okx;upbit,eth,eth,5,uniswap-v4-ethereum;uniswap_v3,0x39f9ff86479579952e7218c27ab9d2a9ff9bfe3e;0x3dedf9153bf7ea7a8d784a41562e7ee061f8330b695f70ff534f9f9d3be2363a;0x51769cfa6e95836b5f819092c404a4bc66f7e959558a4a5f5c4d950ad4bac87a;0x6f97cb801cc6ce9988dad323855e390adaea7e04da1ed818bb59c83d1a17971a;0x7b1e5d984a43ee732de195628d20d05cfabc3cc7,-0.05347384855581572,0.06226804123711349,0.06680412371134015,0.0321649484536084
2026-04-13,ONDO,0.2576,32335978.231463388,707005.1224028373,33042983.353866223,0.02139652811706887,45.73655438530048,12,binance;bitget;bybit;coinbase;crypto_com;gate;htx;kraken;kucoin;mexc;okx;upbit,eth,eth,5,uniswap-v4-ethereum;uniswap_v3,0x39f9ff86479579952e7218c27ab9d2a9ff9bfe3e;0x3dedf9153bf7ea7a8d784a41562e7ee061f8330b695f70ff534f9f9d3be2363a;0x51769cfa6e95836b5f819092c404a4bc66f7e959558a4a5f5c4d950ad4bac87a;0x6f97cb801cc6ce9988dad323855e390adaea7e04da1ed818bb59c83d1a17971a;0x7b1e5d984a43ee732de195628d20d05cfabc3cc7,0.06226804123711349,-0.024844720496894457,0.04658385093167716,-0.008928571428571286
2026-04-14,ONDO,0.2512,28247905.609605946,174469.45212633512,28422375.06173228,0.006138454360249428,161.90745867162664,12,binance;bitget;bybit;coinbase;crypto_com;gate;htx;kraken;kucoin;mexc;okx;upbit,eth,eth,5,uniswap-v4-ethereum;uniswap_v3,0x39f9ff86479579952e7218c27ab9d2a9ff9bfe3e;0x3dedf9153bf7ea7a8d784a41562e7ee061f8330b695f70ff534f9f9d3be2363a;0x51769cfa6e95836b5f819092c404a4bc66f7e959558a4a5f5c4d950ad4bac87a;0x6f97cb801cc6ce9988dad323855e390adaea7e04da1ed818bb59c83d1a17971a;0x7b1e5d984a43ee732de195628d20d05cfabc3cc7,-0.024844720496894457,0.029856687898089262,0.07683121019108285,0.027468152866242157
2026-04-15,ONDO,0.2587,25450223.972954266,38402.76408386674,25488626.73703813,0.0015066627355040188,662.7185459196171,12,binance;bitget;bybit;coinbase;crypto_com;gate;htx;kraken;kucoin;mexc;okx;upbit,eth,eth,5,uniswap-v4-ethereum;uniswap_v3,0x39f9ff86479579952e7218c27ab9d2a9ff9bfe3e;0x3dedf9153bf7ea7a8d784a41562e7ee061f8330b695f70ff534f9f9d3be2363a;0x51769cfa6e95836b5f819092c404a4bc66f7e959558a4a5f5c4d950ad4bac87a;0x6f97cb801cc6ce9988dad323855e390adaea7e04da1ed818bb59c83d1a17971a;0x7b1e5d984a43ee732de195628d20d05cfabc3cc7,0.029856687898089262,0.042133745651333765,-0.0023192887514494887,0.008890606880556762
2026-04-16,ONDO,0.2696,39274936.17163749,1193533.6939399687,40468469.86557746,0.029492928640605466,32.906432697335234,12,binance;bitget;bybit;coinbase;crypto_com;gate;htx;kraken;kucoin;mexc;okx;upbit,eth,eth,5,uniswap-v4-ethereum;uniswap_v3,0x39f9ff86479579952e7218c27ab9d2a9ff9bfe3e;0x3dedf9153bf7ea7a8d784a41562e7ee061f8330b695f70ff534f9f9d3be2363a;0x51769cfa6e95836b5f819092c404a4bc66f7e959558a4a5f5c4d950ad4bac87a;0x6f97cb801cc6ce9988dad323855e390adaea7e04da1ed818bb59c83d1a17971a;0x7b1e5d984a43ee732de195628d20d05cfabc3cc7,0.042133745651333765,0.003338278931750871,-0.07158753709198806,-0.027077151335311633
2026-04-17,ONDO,0.2705,41468943.946879454,408272.5690573921,41877216.515936844,0.009749276647888461,101.57171235535553,12,binance;bitget;bybit;coinbase;crypto_com;gate;htx;kraken;kucoin;mexc;okx;upbit,eth,eth,5,uniswap-v4-ethereum;uniswap_v3,0x39f9ff86479579952e7218c27ab9d2a9ff9bfe3e;0x3dedf9153bf7ea7a8d784a41562e7ee061f8330b695f70ff534f9f9d3be2363a;0x51769cfa6e95836b5f819092c404a4bc66f7e959558a4a5f5c4d950ad4bac87a;0x6f97cb801cc6ce9988dad323855e390adaea7e04da1ed818bb59c83d1a17971a;0x7b1e5d984a43ee732de195628d20d05cfabc3cc7,0.003338278931750871,-0.04584103512014792,-0.05619223659889094,-0.031053604436229287
2026-04-18,ONDO,0.2581,25340760.11407943,86432.91906665658,25427193.033146087,0.0033992316396853303,293.1841292382683,12,binance;bitget;bybit;coinbase;crypto_com;gate;htx;kraken;kucoin;mexc;okx;upbit,eth,eth,5,uniswap-v4-ethereum;uniswap_v3,0x39f9ff86479579952e7218c27ab9d2a9ff9bfe3e;0x3dedf9153bf7ea7a8d784a41562e7ee061f8330b695f70ff534f9f9d3be2363a;0x51769cfa6e95836b5f819092c404a4bc66f7e959558a4a5f5c4d950ad4bac87a;0x6f97cb801cc6ce9988dad323855e390adaea7e04da1ed818bb59c83d1a17971a;0x7b1e5d984a43ee732de195628d20d05cfabc3cc7,-0.04584103512014792,-0.030220844633862765,0.0,0.012010848508330119
2026-04-19,ONDO,0.2503,32206238.415964358,64464.43599765698,32270702.851962015,0.001997614873570615,499.59699355990523,12,binance;bitget;bybit;coinbase;crypto_com;gate;htx;kraken;kucoin;mexc;okx;upbit,eth,eth,5,uniswap-v4-ethereum;uniswap_v3,0x39f9ff86479579952e7218c27ab9d2a9ff9bfe3e;0x3dedf9153bf7ea7a8d784a41562e7ee061f8330b695f70ff534f9f9d3be2363a;0x51769cfa6e95836b5f819092c404a4bc66f7e959558a4a5f5c4d950ad4bac87a;0x6f97cb801cc6ce9988dad323855e390adaea7e04da1ed818bb59c83d1a17971a;0x7b1e5d984a43ee732de195628d20d05cfabc3cc7,-0.030220844633862765,0.019976028765481546,0.042748701558130264,0.06751897722732703
2026-04-20,ONDO,0.2553,38299486.889560476,39662.00943716681,38339148.89899764,0.0010345041707017068,965.6466586806484,12,binance;bitget;bybit;coinbase;crypto_com;gate;htx;kraken;kucoin;mexc;okx;upbit,eth,eth,5,uniswap-v4-ethereum;uniswap_v3,0x39f9ff86479579952e7218c27ab9d2a9ff9bfe3e;0x3dedf9153bf7ea7a8d784a41562e7ee061f8330b695f70ff534f9f9d3be2363a;0x51769cfa6e95836b5f819092c404a4bc66f7e959558a4a5f5c4d950ad4bac87a;0x6f97cb801cc6ce9988dad323855e390adaea7e04da1ed818bb59c83d1a17971a;0x7b1e5d984a43ee732de195628d20d05cfabc3cc7,0.019976028765481546,0.010967489228358662,0.027418723070896878,0.04347826086956519
2026-04-21,ONDO,0.2581,28345078.082292065,59997.95838146146,28405076.040673528,0.002112226642011088,472.43404353989325,12,binance;bitget;bybit;coinbase;crypto_com;gate;htx;kraken;kucoin;mexc;okx;upbit,eth,eth,5,uniswap-v4-ethereum;uniswap_v3,0x39f9ff86479579952e7218c27ab9d2a9ff9bfe3e;0x3dedf9153bf7ea7a8d784a41562e7ee061f8330b695f70ff534f9f9d3be2363a;0x51769cfa6e95836b5f819092c404a4bc66f7e959558a4a5f5c4d950ad4bac87a;0x6f97cb801cc6ce9988dad323855e390adaea7e04da1ed818bb59c83d1a17971a;0x7b1e5d984a43ee732de195628d20d05cfabc3cc7,0.010967489228358662,0.011235955056179803,0.01549786904300654,0.024409143742735395
2026-04-22,ONDO,0.261,31114891.656028617,158775.78964989854,31273667.445678517,0.005076980175915972,195.96748172147102,12,binance;bitget;bybit;coinbase;crypto_com;gate;htx;kraken;kucoin;mexc;okx;upbit,eth,eth,5,uniswap-v4-ethereum;uniswap_v3,0x39f9ff86479579952e7218c27ab9d2a9ff9bfe3e;0x3dedf9153bf7ea7a8d784a41562e7ee061f8330b695f70ff534f9f9d3be2363a;0x51769cfa6e95836b5f819092c404a4bc66f7e959558a4a5f5c4d950ad4bac87a;0x6f97cb801cc6ce9988dad323855e390adaea7e04da1ed818bb59c83d1a17971a;0x7b1e5d984a43ee732de195628d20d05cfabc3cc7,0.011235955056179803,0.00498084291187717,0.0007662835249040434,0.009578544061302763
2026-04-23,ONDO,0.2623,23834361.97387024,102311.26837462894,23936673.24224487,0.0042742476090647345,232.95930499656149,12,binance;bitget;bybit;coinbase;crypto_com;gate;htx;kraken;kucoin;mexc;okx;upbit,eth,eth,4,uniswap-v4-ethereum;uniswap_v3,0x39f9ff86479579952e7218c27ab9d2a9ff9bfe3e;0x3dedf9153bf7ea7a8d784a41562e7ee061f8330b695f70ff534f9f9d3be2363a;0x51769cfa6e95836b5f819092c404a4bc66f7e959558a4a5f5c4d950ad4bac87a;0x7b1e5d984a43ee732de195628d20d05cfabc3cc7,0.00498084291187717,-0.0007624857033929899,0.01868089973313003,0.001143728555089707
2026-04-24,ONDO,0.2621,19366856.736312695,127196.44898888255,19494053.185301576,0.006524884680461838,152.2594136099305,12,binance;bitget;bybit;coinbase;crypto_com;gate;htx;kraken;kucoin;mexc;okx;upbit,eth,eth,5,uniswap-v4-ethereum;uniswap_v3,0x39f9ff86479579952e7218c27ab9d2a9ff9bfe3e;0x3dedf9153bf7ea7a8d784a41562e7ee061f8330b695f70ff534f9f9d3be2363a;0x51769cfa6e95836b5f819092c404a4bc66f7e959558a4a5f5c4d950ad4bac87a;0x6f97cb801cc6ce9988dad323855e390adaea7e04da1ed818bb59c83d1a17971a;0x7b1e5d984a43ee732de195628d20d05cfabc3cc7,-0.0007624857033929899,-0.0034338038916444935,0.016405951926745654,0.0221289584128197
2026-04-25,ONDO,0.2612,15022984.835166313,62203.359801650055,15085188.194967963,0.004123472574402454,241.51404173457206,12,binance;bitget;bybit;coinbase;crypto_com;gate;htx;kraken;kucoin;mexc;okx;upbit,eth,eth,5,uniswap-v4-ethereum;uniswap_v3,0x39f9ff86479579952e7218c27ab9d2a9ff9bfe3e;0x3dedf9153bf7ea7a8d784a41562e7ee061f8330b695f70ff534f9f9d3be2363a;0x51769cfa6e95836b5f819092c404a4bc66f7e959558a4a5f5c4d950ad4bac87a;0x6f97cb801cc6ce9988dad323855e390adaea7e04da1ed818bb59c83d1a17971a;0x7b1e5d984a43ee732de195628d20d05cfabc3cc7,-0.0034338038916444935,0.02297090352220521,0.012251148545176171,0.08575803981623298
2026-04-26,ONDO,0.2672,27958955.601694718,142941.6650645052,28101897.266759224,0.0050865485596086795,195.59696320228042,12,binance;bitget;bybit;coinbase;crypto_com;gate;htx;kraken;kucoin;mexc;okx;upbit,eth,eth,5,uniswap-v4-ethereum;uniswap_v3,0x39f9ff86479579952e7218c27ab9d2a9ff9bfe3e;0x3dedf9153bf7ea7a8d784a41562e7ee061f8330b695f70ff534f9f9d3be2363a;0x51769cfa6e95836b5f819092c404a4bc66f7e959558a4a5f5c4d950ad4bac87a;0x6f97cb801cc6ce9988dad323855e390adaea7e04da1ed818bb59c83d1a17971a;0x7b1e5d984a43ee732de195628d20d05cfabc3cc7,0.02297090352220521,-0.0029940119760477613,-0.01384730538922152,0.07522455089820368
2026-04-27,ONDO,0.2664,26023827.874088116,139909.4192268075,26163737.293314923,0.0053474554364431595,186.00483096781943,12,binance;bitget;bybit;coinbase;crypto_com;gate;htx;kraken;kucoin;mexc;okx;upbit,eth,eth,5,uniswap-v4-ethereum;uniswap_v3,0x39f9ff86479579952e7218c27ab9d2a9ff9bfe3e;0x3dedf9153bf7ea7a8d784a41562e7ee061f8330b695f70ff534f9f9d3be2363a;0x51769cfa6e95836b5f819092c404a4bc66f7e959558a4a5f5c4d950ad4bac87a;0x6f97cb801cc6ce9988dad323855e390adaea7e04da1ed818bb59c83d1a17971a;0x7b1e5d984a43ee732de195628d20d05cfabc3cc7,-0.0029940119760477613,-0.007507507507507505,-0.014264264264264304,0.1794294294294292
2026-04-28,ONDO,0.2644,22180664.371930413,48555.82291864206,22229220.194849055,0.0021843241685056227,456.8075060553568,12,binance;bitget;bybit;coinbase;crypto_com;gate;htx;kraken;kucoin;mexc;okx;upbit,eth,eth,4,uniswap-v4-ethereum;uniswap_v3,0x39f9ff86479579952e7218c27ab9d2a9ff9bfe3e;0x3dedf9153bf7ea7a8d784a41562e7ee061f8330b695f70ff534f9f9d3be2363a;0x51769cfa6e95836b5f819092c404a4bc66f7e959558a4a5f5c4d950ad4bac87a;0x7b1e5d984a43ee732de195628d20d05cfabc3cc7,-0.007507507507507505,-0.0034039334341906535,0.013237518910741208,0.21482602118003014
2026-04-29,ONDO,0.2635,29381407.19399296,474768.8696988918,29856176.063691854,0.015901864615417344,61.88570706547642,12,binance;bitget;bybit;coinbase;crypto_com;gate;htx;kraken;kucoin;mexc;okx;upbit,eth,eth,5,uniswap-v4-ethereum;uniswap_v3,0x39f9ff86479579952e7218c27ab9d2a9ff9bfe3e;0x3dedf9153bf7ea7a8d784a41562e7ee061f8330b695f70ff534f9f9d3be2363a;0x51769cfa6e95836b5f819092c404a4bc66f7e959558a4a5f5c4d950ad4bac87a;0x6f97cb801cc6ce9988dad323855e390adaea7e04da1ed818bb59c83d1a17971a;0x7b1e5d984a43ee732de195628d20d05cfabc3cc7,-0.0034039334341906535,-0.0034155597722960174,0.07628083491461113,0.22808349146110052
2026-04-30,ONDO,0.2626,23027857.36583964,50601.24312043948,23078458.60896008,0.0021925746419127765,455.0848150317071,12,binance;bitget;bybit;coinbase;crypto_com;gate;htx;kraken;kucoin;mexc;okx;upbit,eth,eth,5,uniswap-v4-ethereum;uniswap_v3,0x39f9ff86479579952e7218c27ab9d2a9ff9bfe3e;0x3dedf9153bf7ea7a8d784a41562e7ee061f8330b695f70ff534f9f9d3be2363a;0x51769cfa6e95836b5f819092c404a4bc66f7e959558a4a5f5c4d950ad4bac87a;0x6f97cb801cc6ce9988dad323855e390adaea7e04da1ed818bb59c83d1a17971a;0x7b1e5d984a43ee732de195628d20d05cfabc3cc7,-0.0034155597722960174,0.020182787509520184,0.09405940594059414,0.34272658035034276
2026-05-01,ONDO,0.2679,29736502.54160522,88357.95447941225,29824860.49608463,0.002962560528690881,336.5458460056807,12,binance;bitget;bybit;coinbase;crypto_com;gate;htx;kraken;kucoin;mexc;okx;upbit,eth,eth,5,uniswap-v4-ethereum;uniswap_v3,0x39f9ff86479579952e7218c27ab9d2a9ff9bfe3e;0x3dedf9153bf7ea7a8d784a41562e7ee061f8330b695f70ff534f9f9d3be2363a;0x51769cfa6e95836b5f819092c404a4bc66f7e959558a4a5f5c4d950ad4bac87a;0x6f97cb801cc6ce9988dad323855e390adaea7e04da1ed818bb59c83d1a17971a;0x7b1e5d984a43ee732de195628d20d05cfabc3cc7,0.020182787509520184,0.058603956700261195,0.17282568122433717,0.6860768943635682
2026-05-02,ONDO,0.2836,39938608.702137545,556905.8830521677,40495514.585189715,0.013752285623648872,71.71518548744857,12,binance;bitget;bybit;coinbase;crypto_com;gate;htx;kraken;kucoin;mexc;okx;upbit,eth,eth,5,uniswap-v4-ethereum;uniswap_v3,0x39f9ff86479579952e7218c27ab9d2a9ff9bfe3e;0x3dedf9153bf7ea7a8d784a41562e7ee061f8330b695f70ff534f9f9d3be2363a;0x51769cfa6e95836b5f819092c404a4bc66f7e959558a4a5f5c4d950ad4bac87a;0x6f97cb801cc6ce9988dad323855e390adaea7e04da1ed818bb59c83d1a17971a;0x7b1e5d984a43ee732de195628d20d05cfabc3cc7,0.058603956700261195,0.013046544428772844,0.13258110014104352,0.4753173483779971
2026-05-03,ONDO,0.2873,42150865.71298911,234849.03720353308,42385714.75019264,0.005540759158779213,179.4806834845946,12,binance;bitget;bybit;coinbase;crypto_com;gate;htx;kraken;kucoin;mexc;okx;upbit,eth,eth,5,uniswap-v4-ethereum;uniswap_v3,0x39f9ff86479579952e7218c27ab9d2a9ff9bfe3e;0x3dedf9153bf7ea7a8d784a41562e7ee061f8330b695f70ff534f9f9d3be2363a;0x51769cfa6e95836b5f819092c404a4bc66f7e959558a4a5f5c4d950ad4bac87a;0x6f97cb801cc6ce9988dad323855e390adaea7e04da1ed818bb59c83d1a17971a;0x7b1e5d984a43ee732de195628d20d05cfabc3cc7,0.013046544428772844,0.09363035154890342,0.12634876435781406,0.4751131221719458
2026-05-04,ONDO,0.3142,139623955.21794266,1557259.631048938,141181214.8489916,0.011030218380785245,89.66003640889016,12,binance;bitget;bybit;coinbase;crypto_com;gate;htx;kraken;kucoin;mexc;okx;upbit,eth,eth,5,uniswap-v4-ethereum;uniswap_v3,0x39f9ff86479579952e7218c27ab9d2a9ff9bfe3e;0x3dedf9153bf7ea7a8d784a41562e7ee061f8330b695f70ff534f9f9d3be2363a;0x51769cfa6e95836b5f819092c404a4bc66f7e959558a4a5f5c4d950ad4bac87a;0x6f97cb801cc6ce9988dad323855e390adaea7e04da1ed818bb59c83d1a17971a;0x7b1e5d984a43ee732de195628d20d05cfabc3cc7,0.09363035154890342,0.022278803309993656,0.1222151495862509,0.3647358370464673
2026-05-05,ONDO,0.3212,81644696.91769849,677696.6583767033,82322393.5760752,0.008232227331320669,120.4738077258094,12,binance;bitget;bybit;coinbase;crypto_com;gate;htx;kraken;kucoin;mexc;okx;upbit,eth,eth,5,uniswap-v4-ethereum;uniswap_v3,0x39f9ff86479579952e7218c27ab9d2a9ff9bfe3e;0x3dedf9153bf7ea7a8d784a41562e7ee061f8330b695f70ff534f9f9d3be2363a;0x51769cfa6e95836b5f819092c404a4bc66f7e959558a4a5f5c4d950ad4bac87a;0x6f97cb801cc6ce9988dad323855e390adaea7e04da1ed818bb59c83d1a17971a;0x7b1e5d984a43ee732de195628d20d05cfabc3cc7,0.022278803309993656,0.007471980074719831,0.4062889165628891,0.21046077210460767
2026-05-06,ONDO,0.3236,87592712.68938237,979648.4817211075,88572361.17110348,0.01106043091510939,89.41239059085157,12,binance;bitget;bybit;coinbase;crypto_com;gate;htx;kraken;kucoin;mexc;okx;upbit,eth,eth,5,uniswap-v4-ethereum;uniswap_v3,0x39f9ff86479579952e7218c27ab9d2a9ff9bfe3e;0x3dedf9153bf7ea7a8d784a41562e7ee061f8330b695f70ff534f9f9d3be2363a;0x51769cfa6e95836b5f819092c404a4bc66f7e959558a4a5f5c4d950ad4bac87a;0x6f97cb801cc6ce9988dad323855e390adaea7e04da1ed818bb59c83d1a17971a;0x7b1e5d984a43ee732de195628d20d05cfabc3cc7,0.007471980074719831,0.08961681087762674,0.2929542645241039,0.19159456118665008
2026-05-07,ONDO,0.3526,145205681.48914936,715322.9481725377,145921004.4373219,0.0049021246182539375,202.99318211461235,12,binance;bitget;bybit;coinbase;crypto_com;gate;htx;kraken;kucoin;mexc;okx;upbit,eth,eth,5,uniswap-v4-ethereum;uniswap_v3,0x39f9ff86479579952e7218c27ab9d2a9ff9bfe3e;0x3dedf9153bf7ea7a8d784a41562e7ee061f8330b695f70ff534f9f9d3be2363a;0x51769cfa6e95836b5f819092c404a4bc66f7e959558a4a5f5c4d950ad4bac87a;0x6f97cb801cc6ce9988dad323855e390adaea7e04da1ed818bb59c83d1a17971a;0x7b1e5d984a43ee732de195628d20d05cfabc3cc7,0.08961681087762674,0.2810550198525239,0.20192853091321616,0.10124787294384552
2026-05-08,ONDO,0.4517,265299158.08275795,2667711.088864924,267966869.17162287,0.009955376562452404,99.44823455213033,12,binance;bitget;bybit;coinbase;crypto_com;gate;htx;kraken;kucoin;mexc;okx;upbit,eth,eth,5,uniswap-v4-ethereum;uniswap_v3,0x39f9ff86479579952e7218c27ab9d2a9ff9bfe3e;0x3dedf9153bf7ea7a8d784a41562e7ee061f8330b695f70ff534f9f9d3be2363a;0x51769cfa6e95836b5f819092c404a4bc66f7e959558a4a5f5c4d950ad4bac87a;0x6f97cb801cc6ce9988dad323855e390adaea7e04da1ed818bb59c83d1a17971a;0x7b1e5d984a43ee732de195628d20d05cfabc3cc7,0.2810550198525239,-0.0737214965685189,-0.05069736550808057,-0.195926499889307
2026-05-09,ONDO,0.4184,239117950.44571766,1149688.6336644809,240267639.07938215,0.004785033215749186,207.98496518449585,12,binance;bitget;bybit;coinbase;crypto_com;gate;htx;kraken;kucoin;mexc;okx;upbit,eth,eth,5,uniswap-v4-ethereum;uniswap_v3,0x39f9ff86479579952e7218c27ab9d2a9ff9bfe3e;0x3dedf9153bf7ea7a8d784a41562e7ee061f8330b695f70ff534f9f9d3be2363a;0x51769cfa6e95836b5f819092c404a4bc66f7e959558a4a5f5c4d950ad4bac87a;0x6f97cb801cc6ce9988dad323855e390adaea7e04da1ed818bb59c83d1a17971a;0x7b1e5d984a43ee732de195628d20d05cfabc3cc7,-0.0737214965685189,0.012906309751434142,-0.07074569789674956,-0.17710325047801145
2026-05-10,ONDO,0.4238,124074235.80420345,438285.0220877224,124512520.82629117,0.003520007619949955,283.09029410402735,12,binance;bitget;bybit;coinbase;crypto_com;gate;htx;kraken;kucoin;mexc;okx;upbit,eth,eth,5,uniswap-v4-ethereum;uniswap_v3,0x39f9ff86479579952e7218c27ab9d2a9ff9bfe3e;0x3dedf9153bf7ea7a8d784a41562e7ee061f8330b695f70ff534f9f9d3be2363a;0x51769cfa6e95836b5f819092c404a4bc66f7e959558a4a5f5c4d950ad4bac87a;0x6f97cb801cc6ce9988dad323855e390adaea7e04da1ed818bb59c83d1a17971a;0x7b1e5d984a43ee732de195628d20d05cfabc3cc7,0.012906309751434142,0.011798017932987293,-0.09013685700802265,-0.18334119867862197
2026-05-11,ONDO,0.4288,193981916.84182262,1284089.0661462855,195266005.9079689,0.006576101457984916,151.06578036988276,12,binance;bitget;bybit;coinbase;crypto_com;gate;htx;kraken;kucoin;mexc;okx;upbit,eth,eth,5,uniswap-v4-ethereum;uniswap_v3,0x39f9ff86479579952e7218c27ab9d2a9ff9bfe3e;0x3dedf9153bf7ea7a8d784a41562e7ee061f8330b695f70ff534f9f9d3be2363a;0x51769cfa6e95836b5f819092c404a4bc66f7e959558a4a5f5c4d950ad4bac87a;0x6f97cb801cc6ce9988dad323855e390adaea7e04da1ed818bb59c83d1a17971a;0x7b1e5d984a43ee732de195628d20d05cfabc3cc7,0.011798017932987293,-0.09328358208955234,-0.09444962686567171,-0.09934701492537323
2026-05-12,ONDO,0.3888,139012124.0673836,894841.152228254,139906965.21961185,0.006395972858274944,155.3483807949913,12,binance;bitget;bybit;coinbase;crypto_com;gate;htx;kraken;kucoin;mexc;okx;upbit,eth,eth,5,uniswap-v4-ethereum;uniswap_v3,0x39f9ff86479579952e7218c27ab9d2a9ff9bfe3e;0x3dedf9153bf7ea7a8d784a41562e7ee061f8330b695f70ff534f9f9d3be2363a;0x51769cfa6e95836b5f819092c404a4bc66f7e959558a4a5f5c4d950ad4bac87a;0x6f97cb801cc6ce9988dad323855e390adaea7e04da1ed818bb59c83d1a17971a;0x7b1e5d984a43ee732de195628d20d05cfabc3cc7,-0.09328358208955234,-0.008230452674897082,-0.06584362139917688,-0.050668724279835375
2026-05-13,ONDO,0.3856,89260257.1003986,649832.4083951508,89910089.50879376,0.007227580485631629,137.3588881490828,12,binance;bitget;bybit;coinbase;crypto_com;gate;htx;kraken;kucoin;mexc;okx;upbit,eth,eth,5,uniswap-v4-ethereum;uniswap_v3,0x39f9ff86479579952e7218c27ab9d2a9ff9bfe3e;0x3dedf9153bf7ea7a8d784a41562e7ee061f8330b695f70ff534f9f9d3be2363a;0x51769cfa6e95836b5f819092c404a4bc66f7e959558a4a5f5c4d950ad4bac87a;0x6f97cb801cc6ce9988dad323855e390adaea7e04da1ed818bb59c83d1a17971a;0x7b1e5d984a43ee732de195628d20d05cfabc3cc7,-0.008230452674897082,0.007002074688796656,-0.10710580912863077,0.042271784232364995
2026-05-14,ONDO,0.3883,91194427.64715517,596424.0984315078,91790851.74558668,0.0064976420535305035,152.90198348286182,12,binance;bitget;bybit;coinbase;crypto_com;gate;htx;kraken;kucoin;mexc;okx;upbit,eth,eth,5,uniswap-v4-ethereum;uniswap_v3,0x39f9ff86479579952e7218c27ab9d2a9ff9bfe3e;0x3dedf9153bf7ea7a8d784a41562e7ee061f8330b695f70ff534f9f9d3be2363a;0x51769cfa6e95836b5f819092c404a4bc66f7e959558a4a5f5c4d950ad4bac87a;0x6f97cb801cc6ce9988dad323855e390adaea7e04da1ed818bb59c83d1a17971a;0x7b1e5d984a43ee732de195628d20d05cfabc3cc7,0.007002074688796656,-0.0646407416945659,-0.10867885655421061,0.06721607004893126
2026-05-15,ONDO,0.3632,63441584.75734709,346688.4712918878,63788273.22863898,0.005434987557183713,182.9930615256417,12,binance;bitget;bybit;coinbase;crypto_com;gate;htx;kraken;kucoin;mexc;okx;upbit,eth,eth,5,uniswap-v4-ethereum;uniswap_v3,0x39f9ff86479579952e7218c27ab9d2a9ff9bfe3e;0x3dedf9153bf7ea7a8d784a41562e7ee061f8330b695f70ff534f9f9d3be2363a;0x51769cfa6e95836b5f819092c404a4bc66f7e959558a4a5f5c4d950ad4bac87a;0x6f97cb801cc6ce9988dad323855e390adaea7e04da1ed818bb59c83d1a17971a;0x7b1e5d984a43ee732de195628d20d05cfabc3cc7,-0.0646407416945659,-0.05203744493392082,0.06332599118942728,0.05726872246696035
2026-05-16,ONDO,0.3443,41798101.71607246,120653.83506778973,41918755.55114025,0.002878278075802939,346.4299472336546,12,binance;bitget;bybit;coinbase;crypto_com;gate;htx;kraken;kucoin;mexc;okx;upbit,eth,eth,5,uniswap-v4-ethereum;uniswap_v3,0x39f9ff86479579952e7218c27ab9d2a9ff9bfe3e;0x3dedf9153bf7ea7a8d784a41562e7ee061f8330b695f70ff534f9f9d3be2363a;0x51769cfa6e95836b5f819092c404a4bc66f7e959558a4a5f5c4d950ad4bac87a;0x6f97cb801cc6ce9988dad323855e390adaea7e04da1ed818bb59c83d1a17971a;0x7b1e5d984a43ee732de195628d20d05cfabc3cc7,-0.05203744493392082,0.005227998838222447,0.0720302062155096,0.23874528027882658
2026-05-17,ONDO,0.3461,50428730.02730487,233716.6231576829,50662446.65046255,0.0046132123221401715,215.76869178570084,12,binance;bitget;bybit;coinbase;crypto_com;gate;htx;kraken;kucoin;mexc;okx;upbit,eth,eth,5,uniswap-v4-ethereum;uniswap_v3,0x39f9ff86479579952e7218c27ab9d2a9ff9bfe3e;0x3dedf9153bf7ea7a8d784a41562e7ee061f8330b695f70ff534f9f9d3be2363a;0x51769cfa6e95836b5f819092c404a4bc66f7e959558a4a5f5c4d950ad4bac87a;0x6f97cb801cc6ce9988dad323855e390adaea7e04da1ed818bb59c83d1a17971a;0x7b1e5d984a43ee732de195628d20d05cfabc3cc7,0.005227998838222447,0.11586246749494356,0.1612250794568042,0.2715978041028604
2026-05-18,ONDO,0.3862,96354346.63714197,454393.83176902146,96808740.46891099,0.0046937273387514505,212.0502962419636,12,binance;bitget;bybit;coinbase;crypto_com;gate;htx;kraken;kucoin;mexc;okx;upbit,eth,eth,5,uniswap-v4-ethereum;uniswap_v3,0x39f9ff86479579952e7218c27ab9d2a9ff9bfe3e;0x3dedf9153bf7ea7a8d784a41562e7ee061f8330b695f70ff534f9f9d3be2363a;0x51769cfa6e95836b5f819092c404a4bc66f7e959558a4a5f5c4d950ad4bac87a;0x6f97cb801cc6ce9988dad323855e390adaea7e04da1ed818bb59c83d1a17971a;0x7b1e5d984a43ee732de195628d20d05cfabc3cc7,0.11586246749494356,-0.044277576385292616,0.07301916105644746,0.10771620921802172
2026-05-19,ONDO,0.3691,133166448.24035391,806977.2754948231,133973425.51584874,0.00602341301931822,165.0188329760572,12,binance;bitget;bybit;coinbase;crypto_com;gate;htx;kraken;kucoin;mexc;okx;upbit,eth,eth,5,uniswap-v4-ethereum;uniswap_v3,0x39f9ff86479579952e7218c27ab9d2a9ff9bfe3e;0x3dedf9153bf7ea7a8d784a41562e7ee061f8330b695f70ff534f9f9d3be2363a;0x51769cfa6e95836b5f819092c404a4bc66f7e959558a4a5f5c4d950ad4bac87a;0x6f97cb801cc6ce9988dad323855e390adaea7e04da1ed818bb59c83d1a17971a;0x7b1e5d984a43ee732de195628d20d05cfabc3cc7,-0.044277576385292616,0.08886480628555948,0.04036846383094028,0.09888918992143059
2026-05-20,ONDO,0.4019,136998205.7237392,3217116.6660145293,140215322.38975373,0.022944116314706137,42.584158408360466,12,binance;bitget;bybit;coinbase;crypto_com;gate;htx;kraken;kucoin;mexc;okx;upbit,eth,eth,5,uniswap-v4-ethereum;uniswap_v3,0x39f9ff86479579952e7218c27ab9d2a9ff9bfe3e;0x3dedf9153bf7ea7a8d784a41562e7ee061f8330b695f70ff534f9f9d3be2363a;0x51769cfa6e95836b5f819092c404a4bc66f7e959558a4a5f5c4d950ad4bac87a;0x6f97cb801cc6ce9988dad323855e390adaea7e04da1ed818bb59c83d1a17971a;0x7b1e5d984a43ee732de195628d20d05cfabc3cc7,0.08886480628555948,0.031102264244837086,0.06120925603383931,-0.046031351082358674
2026-05-21,ONDO,0.4144,161018597.57168677,938257.7974614509,161956855.36914822,0.005793257687813709,171.6144518141373,12,binance;bitget;bybit;coinbase;crypto_com;gate;htx;kraken;kucoin;mexc;okx;upbit,eth,eth,5,uniswap-v4-ethereum;uniswap_v3,0x39f9ff86479579952e7218c27ab9d2a9ff9bfe3e;0x3dedf9153bf7ea7a8d784a41562e7ee061f8330b695f70ff534f9f9d3be2363a;0x51769cfa6e95836b5f819092c404a4bc66f7e959558a4a5f5c4d950ad4bac87a;0x6f97cb801cc6ce9988dad323855e390adaea7e04da1ed818bb59c83d1a17971a;0x7b1e5d984a43ee732de195628d20d05cfabc3cc7,0.031102264244837086,-0.07335907335907332,0.062017374517374435,-0.10883204633204624
2026-05-22,ONDO,0.384,267620722.62421587,1229342.7280754086,268850065.3522913,0.0045725959800847465,217.6941519336826,12,binance;bitget;bybit;coinbase;crypto_com;gate;htx;kraken;kucoin;mexc;okx;upbit,eth,eth,5,uniswap-v4-ethereum;uniswap_v3,0x39f9ff86479579952e7218c27ab9d2a9ff9bfe3e;0x3dedf9153bf7ea7a8d784a41562e7ee061f8330b695f70ff534f9f9d3be2363a;0x51769cfa6e95836b5f819092c404a4bc66f7e959558a4a5f5c4d950ad4bac87a;0x6f97cb801cc6ce9988dad323855e390adaea7e04da1ed818bb59c83d1a17971a;0x7b1e5d984a43ee732de195628d20d05cfabc3cc7,-0.07335907335907332,0.11067708333333326,0.11406249999999996,-0.07578125000000002
2026-05-23,ONDO,0.4265,193634949.71834904,822024.9067336711,194456974.6250827,0.0042272842530773356,235.55849480006702,12,binance;bitget;bybit;coinbase;crypto_com;gate;htx;kraken;kucoin;mexc;okx;upbit,eth,eth,5,uniswap-v4-ethereum;uniswap_v3,0x39f9ff86479579952e7218c27ab9d2a9ff9bfe3e;0x3dedf9153bf7ea7a8d784a41562e7ee061f8330b695f70ff534f9f9d3be2363a;0x51769cfa6e95836b5f819092c404a4bc66f7e959558a4a5f5c4d950ad4bac87a;0x6f97cb801cc6ce9988dad323855e390adaea7e04da1ed818bb59c83d1a17971a;0x7b1e5d984a43ee732de195628d20d05cfabc3cc7,0.11067708333333326,0.03188745603751464,-0.049003516998827656,-0.11817116060961308
2026-05-24,ONDO,0.4401,183138061.27577454,1401634.5007003688,184539695.7764749,0.007595300809415602,130.66035488157868,12,binance;bitget;bybit;coinbase;crypto_com;gate;htx;kraken;kucoin;mexc;okx;upbit,eth,eth,5,uniswap-v4-ethereum;uniswap_v3,0x39f9ff86479579952e7218c27ab9d2a9ff9bfe3e;0x3dedf9153bf7ea7a8d784a41562e7ee061f8330b695f70ff534f9f9d3be2363a;0x51769cfa6e95836b5f819092c404a4bc66f7e959558a4a5f5c4d950ad4bac87a;0x6f97cb801cc6ce9988dad323855e390adaea7e04da1ed818bb59c83d1a17971a;0x7b1e5d984a43ee732de195628d20d05cfabc3cc7,0.03188745603751464,-0.027948193592365334,-0.12883435582822078,-0.17223358327652805
2026-05-25,ONDO,0.4278,133780070.74630028,1119559.0470136474,134899629.79331392,0.008299200292313453,119.49353730216384,12,binance;bitget;bybit;coinbase;crypto_com;gate;htx;kraken;kucoin;mexc;okx;upbit,eth,eth,5,uniswap-v4-ethereum;uniswap_v3,0x39f9ff86479579952e7218c27ab9d2a9ff9bfe3e;0x3dedf9153bf7ea7a8d784a41562e7ee061f8330b695f70ff534f9f9d3be2363a;0x51769cfa6e95836b5f819092c404a4bc66f7e959558a4a5f5c4d950ad4bac87a;0x6f97cb801cc6ce9988dad323855e390adaea7e04da1ed818bb59c83d1a17971a;0x7b1e5d984a43ee732de195628d20d05cfabc3cc7,-0.027948193592365334,-0.05189340813464238,-0.13674614305750354,-0.16619915848527345
2026-05-26,ONDO,0.4056,155954290.0004704,1701091.4584342686,157655381.45890465,0.01078993588859943,91.67895660590467,12,binance;bitget;bybit;coinbase;crypto_com;gate;htx;kraken;kucoin;mexc;okx;upbit,eth,eth,5,uniswap-v4-ethereum;uniswap_v3,0x39f9ff86479579952e7218c27ab9d2a9ff9bfe3e;0x3dedf9153bf7ea7a8d784a41562e7ee061f8330b695f70ff534f9f9d3be2363a;0x51769cfa6e95836b5f819092c404a4bc66f7e959558a4a5f5c4d950ad4bac87a;0x6f97cb801cc6ce9988dad323855e390adaea7e04da1ed818bb59c83d1a17971a;0x7b1e5d984a43ee732de195628d20d05cfabc3cc7,-0.05189340813464238,-0.05473372781065089,-0.125,-0.04142011834319537
2026-05-27,ONDO,0.3834,101490349.88961138,700184.0380359528,102190533.92764734,0.0068517504618548645,144.94810560705767,12,binance;bitget;bybit;coinbase;crypto_com;gate;htx;kraken;kucoin;mexc;okx;upbit,eth,eth,5,uniswap-v4-ethereum;uniswap_v3,0x39f9ff86479579952e7218c27ab9d2a9ff9bfe3e;0x3dedf9153bf7ea7a8d784a41562e7ee061f8330b695f70ff534f9f9d3be2363a;0x51769cfa6e95836b5f819092c404a4bc66f7e959558a4a5f5c4d950ad4bac87a;0x6f97cb801cc6ce9988dad323855e390adaea7e04da1ed818bb59c83d1a17971a;0x7b1e5d984a43ee732de195628d20d05cfabc3cc7,-0.05473372781065089,-0.036776212832550836,-0.019040166927490998,0.07929055816379749
2026-05-28,ONDO,0.3693,124086635.7097316,1464756.3958074164,125551392.10553901,0.01166658824918593,84.7148618465881,12,binance;bitget;bybit;coinbase;crypto_com;gate;htx;kraken;kucoin;mexc;okx;upbit,eth,eth,5,uniswap-v4-ethereum;uniswap_v3,0x39f9ff86479579952e7218c27ab9d2a9ff9bfe3e;0x3dedf9153bf7ea7a8d784a41562e7ee061f8330b695f70ff534f9f9d3be2363a;0x51769cfa6e95836b5f819092c404a4bc66f7e959558a4a5f5c4d950ad4bac87a;0x6f97cb801cc6ce9988dad323855e390adaea7e04da1ed818bb59c83d1a17971a;0x7b1e5d984a43ee732de195628d20d05cfabc3cc7,-0.036776212832550836,-0.038992688870836734,-0.013539128080151674,0.0029786081776332907
2026-05-29,ONDO,0.3549,80465189.82570682,311202.61940941674,80776392.44511624,0.00385264320414983,258.5620583091789,12,binance;bitget;bybit;coinbase;crypto_com;gate;htx;kraken;kucoin;mexc;okx;upbit,eth,eth,5,uniswap-v4-ethereum;uniswap_v3,0x39f9ff86479579952e7218c27ab9d2a9ff9bfe3e;0x3dedf9153bf7ea7a8d784a41562e7ee061f8330b695f70ff534f9f9d3be2363a;0x51769cfa6e95836b5f819092c404a4bc66f7e959558a4a5f5c4d950ad4bac87a;0x6f97cb801cc6ce9988dad323855e390adaea7e04da1ed818bb59c83d1a17971a;0x7b1e5d984a43ee732de195628d20d05cfabc3cc7,-0.038992688870836734,0.059735136658213506,0.005071851225697532,-0.029867568329106753
2026-05-30,ONDO,0.3761,103884500.77214287,565188.460834052,104449689.23297693,0.0054111071558421665,183.8050632152679,12,binance;bitget;bybit;coinbase;crypto_com;gate;htx;kraken;kucoin;mexc;okx;upbit,eth,eth,5,uniswap-v4-ethereum;uniswap_v3,0x39f9ff86479579952e7218c27ab9d2a9ff9bfe3e;0x3dedf9153bf7ea7a8d784a41562e7ee061f8330b695f70ff534f9f9d3be2363a;0x51769cfa6e95836b5f819092c404a4bc66f7e959558a4a5f5c4d950ad4bac87a;0x6f97cb801cc6ce9988dad323855e390adaea7e04da1ed818bb59c83d1a17971a;0x7b1e5d984a43ee732de195628d20d05cfabc3cc7,0.059735136658213506,-0.03137463440574306,0.033767614996011774,-0.13666578037755917
2026-05-31,ONDO,0.3643,99321888.35386537,791636.5287373845,100113524.88260275,0.007907388433937275,125.46400367890826,12,binance;bitget;bybit;coinbase;crypto_com;gate;htx;kraken;kucoin;mexc;okx;upbit,eth,eth,5,uniswap-v4-ethereum;uniswap_v3,0x39f9ff86479579952e7218c27ab9d2a9ff9bfe3e;0x3dedf9153bf7ea7a8d784a41562e7ee061f8330b695f70ff534f9f9d3be2363a;0x51769cfa6e95836b5f819092c404a4bc66f7e959558a4a5f5c4d950ad4bac87a;0x6f97cb801cc6ce9988dad323855e390adaea7e04da1ed818bb59c83d1a17971a;0x7b1e5d984a43ee732de195628d20d05cfabc3cc7,-0.03137463440574306,-0.020861926983255508,0.13587702443041438,-0.04062585780949779
2026-06-01,ONDO,0.3567,103983315.10443406,1015216.4840944712,104998531.58852853,0.009668863637759552,102.424770217539,12,binance;bitget;bybit;coinbase;crypto_com;gate;htx;kraken;kucoin;mexc;okx;upbit,eth,eth,5,uniswap-v4-ethereum;uniswap_v3,0x39f9ff86479579952e7218c27ab9d2a9ff9bfe3e;0x3dedf9153bf7ea7a8d784a41562e7ee061f8330b695f70ff534f9f9d3be2363a;0x51769cfa6e95836b5f819092c404a4bc66f7e959558a4a5f5c4d950ad4bac87a;0x6f97cb801cc6ce9988dad323855e390adaea7e04da1ed818bb59c83d1a17971a;0x7b1e5d984a43ee732de195628d20d05cfabc3cc7,-0.020861926983255508,0.08999158957106812,0.038407625455564975,0.02242781048500153
2026-06-02,ONDO,0.3888,208477534.81567237,2216840.3325143717,210694375.14818674,0.010521592382118465,94.04264788849912,12,binance;bitget;bybit;coinbase;crypto_com;gate;htx;kraken;kucoin;mexc;okx;upbit,eth,eth,5,uniswap-v4-ethereum;uniswap_v3,0x39f9ff86479579952e7218c27ab9d2a9ff9bfe3e;0x3dedf9153bf7ea7a8d784a41562e7ee061f8330b695f70ff534f9f9d3be2363a;0x51769cfa6e95836b5f819092c404a4bc66f7e959558a4a5f5c4d950ad4bac87a;0x6f97cb801cc6ce9988dad323855e390adaea7e04da1ed818bb59c83d1a17971a;0x7b1e5d984a43ee732de195628d20d05cfabc3cc7,0.08999158957106812,0.06430041152263377,-0.11445473251028804,-0.07998971193415627
2026-06-03,ONDO,0.4138,204568559.04184216,1562320.0353967638,206130879.07723892,0.0075792624685375246,130.9389589885726,12,binance;bitget;bybit;coinbase;crypto_com;gate;htx;kraken;kucoin;mexc;okx;upbit,eth,eth,5,uniswap-v4-ethereum;uniswap_v3,0x39f9ff86479579952e7218c27ab9d2a9ff9bfe3e;0x3dedf9153bf7ea7a8d784a41562e7ee061f8330b695f70ff534f9f9d3be2363a;0x51769cfa6e95836b5f819092c404a4bc66f7e959558a4a5f5c4d950ad4bac87a;0x6f97cb801cc6ce9988dad323855e390adaea7e04da1ed818bb59c83d1a17971a;0x7b1e5d984a43ee732de195628d20d05cfabc3cc7,0.06430041152263377,-0.1048815853069115,-0.21532141130981153,-0.19478008699854998
2026-06-04,ONDO,0.3704,230551318.54887035,1218658.7200267105,231769977.26889706,0.005258052550149046,189.18448188990692,12,binance;bitget;bybit;coinbase;crypto_com;gate;htx;kraken;kucoin;mexc;okx;upbit,eth,eth,5,uniswap-v4-ethereum;uniswap_v3,0x39f9ff86479579952e7218c27ab9d2a9ff9bfe3e;0x3dedf9153bf7ea7a8d784a41562e7ee061f8330b695f70ff534f9f9d3be2363a;0x51769cfa6e95836b5f819092c404a4bc66f7e959558a4a5f5c4d950ad4bac87a;0x6f97cb801cc6ce9988dad323855e390adaea7e04da1ed818bb59c83d1a17971a;0x7b1e5d984a43ee732de195628d20d05cfabc3cc7,-0.1048815853069115,-0.0704643628509719,-0.05642548596112318,-0.012419006479481576
2026-06-05,ONDO,0.3443,151038373.10217625,1013903.7146868194,152052276.81686306,0.006668125830881174,148.9671759895168,12,binance;bitget;bybit;coinbase;crypto_com;gate;htx;kraken;kucoin;mexc;okx;upbit,eth,eth,5,uniswap-v4-ethereum;uniswap_v3,0x39f9ff86479579952e7218c27ab9d2a9ff9bfe3e;0x3dedf9153bf7ea7a8d784a41562e7ee061f8330b695f70ff534f9f9d3be2363a;0x51769cfa6e95836b5f819092c404a4bc66f7e959558a4a5f5c4d950ad4bac87a;0x6f97cb801cc6ce9988dad323855e390adaea7e04da1ed818bb59c83d1a17971a;0x7b1e5d984a43ee732de195628d20d05cfabc3cc7,-0.0704643628509719,-0.05692709846064481,0.05925065349985492,0.027882660470519793
2026-06-06,ONDO,0.3247,72798679.67854741,378782.0209373211,73177461.69948474,0.005176211529348363,192.19148653994262,12,binance;bitget;bybit;coinbase;crypto_com;gate;htx;kraken;kucoin;mexc;okx;upbit,eth,eth,5,uniswap-v4-ethereum;uniswap_v3,0x39f9ff86479579952e7218c27ab9d2a9ff9bfe3e;0x3dedf9153bf7ea7a8d784a41562e7ee061f8330b695f70ff534f9f9d3be2363a;0x51769cfa6e95836b5f819092c404a4bc66f7e959558a4a5f5c4d950ad4bac87a;0x6f97cb801cc6ce9988dad323855e390adaea7e04da1ed818bb59c83d1a17971a;0x7b1e5d984a43ee732de195628d20d05cfabc3cc7,-0.05692709846064481,0.0763781952571605,0.10163227594702806,0.12411456729288584
2026-06-07,ONDO,0.3495,98163922.88703972,896394.8557769292,99060317.74281666,0.009048980219346522,109.50969012641025,12,binance;bitget;bybit;coinbase;crypto_com;gate;htx;kraken;kucoin;mexc;okx;upbit,eth,eth,5,uniswap-v4-ethereum;uniswap_v3,0x39f9ff86479579952e7218c27ab9d2a9ff9bfe3e;0x3dedf9153bf7ea7a8d784a41562e7ee061f8330b695f70ff534f9f9d3be2363a;0x51769cfa6e95836b5f819092c404a4bc66f7e959558a4a5f5c4d950ad4bac87a;0x6f97cb801cc6ce9988dad323855e390adaea7e04da1ed818bb59c83d1a17971a;0x7b1e5d984a43ee732de195628d20d05cfabc3cc7,0.0763781952571605,0.04349070100143071,-0.0466380543633762,0.05264663805436354
2026-06-08,ONDO,0.3647,96826339.06443045,978770.5392586348,97805109.60368907,0.010007355885849514,98.92649521078874,12,binance;bitget;bybit;coinbase;crypto_com;gate;htx;kraken;kucoin;mexc;okx;upbit,eth,eth,5,uniswap-v4-ethereum;uniswap_v3,0x39f9ff86479579952e7218c27ab9d2a9ff9bfe3e;0x3dedf9153bf7ea7a8d784a41562e7ee061f8330b695f70ff534f9f9d3be2363a;0x51769cfa6e95836b5f819092c404a4bc66f7e959558a4a5f5c4d950ad4bac87a;0x6f97cb801cc6ce9988dad323855e390adaea7e04da1ed818bb59c83d1a17971a;0x7b1e5d984a43ee732de195628d20d05cfabc3cc7,0.04349070100143071,-0.019193857965451033,0.0030161776802850593,0.014806690430490654
2026-06-09,ONDO,0.3577,77844186.27029014,979924.3141676419,78824110.58445778,0.012431783966882583,79.43897824028564,12,binance;bitget;bybit;coinbase;crypto_com;gate;htx;kraken;kucoin;mexc;okx;upbit,eth,eth,5,uniswap-v4-ethereum;uniswap_v3,0x39f9ff86479579952e7218c27ab9d2a9ff9bfe3e;0x3dedf9153bf7ea7a8d784a41562e7ee061f8330b695f70ff534f9f9d3be2363a;0x51769cfa6e95836b5f819092c404a4bc66f7e959558a4a5f5c4d950ad4bac87a;0x6f97cb801cc6ce9988dad323855e390adaea7e04da1ed818bb59c83d1a17971a;0x7b1e5d984a43ee732de195628d20d05cfabc3cc7,-0.019193857965451033,-0.06849315068493156,-0.010623427453173129,0.03382722952194572
2026-06-10,ONDO,0.3332,66031159.112976305,578122.1639436112,66609281.276919916,0.008679303437311374,114.21661930853917,12,binance;bitget;bybit;coinbase;crypto_com;gate;htx;kraken;kucoin;mexc;okx;upbit,eth,eth,5,uniswap-v4-ethereum;uniswap_v3,0x39f9ff86479579952e7218c27ab9d2a9ff9bfe3e;0x3dedf9153bf7ea7a8d784a41562e7ee061f8330b695f70ff534f9f9d3be2363a;0x51769cfa6e95836b5f819092c404a4bc66f7e959558a4a5f5c4d950ad4bac87a;0x6f97cb801cc6ce9988dad323855e390adaea7e04da1ed818bb59c83d1a17971a;0x7b1e5d984a43ee732de195628d20d05cfabc3cc7,-0.06849315068493156,0.09783913565426183,0.09543817527010812,0.09543817527010812
2026-06-11,ONDO,0.3658,61901433.498425394,607280.3869658166,62508713.88539121,0.009715131686747805,101.93221257763061,12,binance;bitget;bybit;coinbase;crypto_com;gate;htx;kraken;kucoin;mexc;okx;upbit,eth,eth,5,uniswap-v4-ethereum;uniswap_v3,0x39f9ff86479579952e7218c27ab9d2a9ff9bfe3e;0x3dedf9153bf7ea7a8d784a41562e7ee061f8330b695f70ff534f9f9d3be2363a;0x51769cfa6e95836b5f819092c404a4bc66f7e959558a4a5f5c4d950ad4bac87a;0x6f97cb801cc6ce9988dad323855e390adaea7e04da1ed818bb59c83d1a17971a;0x7b1e5d984a43ee732de195628d20d05cfabc3cc7,0.09783913565426183,-0.032531437944231856,0.005740841990158563,0.0016402405686166688
2026-06-12,ONDO,0.3539,53292651.467552885,523259.34290636523,53815910.81045925,0.009723134571656614,101.8474914782159,12,binance;bitget;bybit;coinbase;crypto_com;gate;htx;kraken;kucoin;mexc;okx;upbit,eth,eth,5,uniswap-v4-ethereum;uniswap_v3,0x39f9ff86479579952e7218c27ab9d2a9ff9bfe3e;0x3dedf9153bf7ea7a8d784a41562e7ee061f8330b695f70ff534f9f9d3be2363a;0x51769cfa6e95836b5f819092c404a4bc66f7e959558a4a5f5c4d950ad4bac87a;0x6f97cb801cc6ce9988dad323855e390adaea7e04da1ed818bb59c83d1a17971a;0x7b1e5d984a43ee732de195628d20d05cfabc3cc7,-0.032531437944231856,0.031364792314213075,0.04577564283695956,0.005086182537439976
2026-06-13,ONDO,0.365,42178115.62399989,380880.9846098676,42558996.60860976,0.008949482247258026,110.73830757710967,12,binance;bitget;bybit;coinbase;crypto_com;gate;htx;kraken;kucoin;mexc;okx;upbit,eth,eth,5,uniswap-v4-ethereum;uniswap_v3,0x39f9ff86479579952e7218c27ab9d2a9ff9bfe3e;0x3dedf9153bf7ea7a8d784a41562e7ee061f8330b695f70ff534f9f9d3be2363a;0x51769cfa6e95836b5f819092c404a4bc66f7e959558a4a5f5c4d950ad4bac87a;0x6f97cb801cc6ce9988dad323855e390adaea7e04da1ed818bb59c83d1a17971a;0x7b1e5d984a43ee732de195628d20d05cfabc3cc7,0.031364792314213075,0.007945205479451989,0.01315068493150684,-0.05863013698630126
2026-06-14,ONDO,0.3679,62994400.14295335,413184.1852522416,63407584.32820559,0.006516321188228029,152.46082108514483,12,binance;bitget;bybit;coinbase;crypto_com;gate;htx;kraken;kucoin;mexc;okx;upbit,eth,eth,5,uniswap-v4-ethereum;uniswap_v3,0x39f9ff86479579952e7218c27ab9d2a9ff9bfe3e;0x3dedf9153bf7ea7a8d784a41562e7ee061f8330b695f70ff534f9f9d3be2363a;0x51769cfa6e95836b5f819092c404a4bc66f7e959558a4a5f5c4d950ad4bac87a;0x6f97cb801cc6ce9988dad323855e390adaea7e04da1ed818bb59c83d1a17971a;0x7b1e5d984a43ee732de195628d20d05cfabc3cc7,0.007945205479451989,0.00597988583854292,-0.007882576787170414,-0.1035607502038598
2026-06-15,ONDO,0.3701,99369291.16700268,723945.3915954077,100093236.55859809,0.007232710385697087,137.2607551904099,12,binance;bitget;bybit;coinbase;crypto_com;gate;htx;kraken;kucoin;mexc;okx;upbit,eth,eth,5,uniswap-v4-ethereum;uniswap_v3,0x39f9ff86479579952e7218c27ab9d2a9ff9bfe3e;0x3dedf9153bf7ea7a8d784a41562e7ee061f8330b695f70ff534f9f9d3be2363a;0x51769cfa6e95836b5f819092c404a4bc66f7e959558a4a5f5c4d950ad4bac87a;0x6f97cb801cc6ce9988dad323855e390adaea7e04da1ed818bb59c83d1a17971a;0x7b1e5d984a43ee732de195628d20d05cfabc3cc7,0.00597988583854292,-0.0008105917319642941,-0.009997298027560109,-0.1107808700351256
2026-06-16,ONDO,0.3698,79162840.92215544,645837.5108842257,79808678.43303967,0.008092321832218915,122.57392856257671,12,binance;bitget;bybit;coinbase;crypto_com;gate;htx;kraken;kucoin;mexc;okx;upbit,eth,eth,5,uniswap-v4-ethereum;uniswap_v3,0x39f9ff86479579952e7218c27ab9d2a9ff9bfe3e;0x3dedf9153bf7ea7a8d784a41562e7ee061f8330b695f70ff534f9f9d3be2363a;0x51769cfa6e95836b5f819092c404a4bc66f7e959558a4a5f5c4d950ad4bac87a;0x6f97cb801cc6ce9988dad323855e390adaea7e04da1ed818bb59c83d1a17971a;0x7b1e5d984a43ee732de195628d20d05cfabc3cc7,-0.0008105917319642941,-0.012979989183342422,-0.038128718226068115,-0.14872904272579768
2026-06-17,ONDO,0.365,82402394.8836346,667096.5662476728,83069491.44988227,0.008030584449287828,123.52393799167163,12,binance;bitget;bybit;coinbase;crypto_com;gate;htx;kraken;kucoin;mexc;okx;upbit,eth,eth,5,uniswap-v4-ethereum;uniswap_v3,0x39f9ff86479579952e7218c27ab9d2a9ff9bfe3e;0x3dedf9153bf7ea7a8d784a41562e7ee061f8330b695f70ff534f9f9d3be2363a;0x51769cfa6e95836b5f819092c404a4bc66f7e959558a4a5f5c4d950ad4bac87a;0x6f97cb801cc6ce9988dad323855e390adaea7e04da1ed818bb59c83d1a17971a;0x7b1e5d984a43ee732de195628d20d05cfabc3cc7,-0.012979989183342422,0.003835616438356171,-0.05863013698630126,-0.13835616438356158
2026-06-18,ONDO,0.3664,94011011.60839911,995821.9035249751,95006833.51192409,0.010481581868529401,94.40544667236406,12,binance;bitget;bybit;coinbase;crypto_com;gate;htx;kraken;kucoin;mexc;okx;upbit,eth,eth,5,uniswap-v4-ethereum;uniswap_v3,0x39f9ff86479579952e7218c27ab9d2a9ff9bfe3e;0x3dedf9153bf7ea7a8d784a41562e7ee061f8330b695f70ff534f9f9d3be2363a;0x51769cfa6e95836b5f819092c404a4bc66f7e959558a4a5f5c4d950ad4bac87a;0x6f97cb801cc6ce9988dad323855e390adaea7e04da1ed818bb59c83d1a17971a;0x7b1e5d984a43ee732de195628d20d05cfabc3cc7,0.003835616438356171,-0.029203056768558944,-0.09989082969432317,-0.14274017467248912
2026-06-19,ONDO,0.3557,46312356.08705415,476310.21834870864,46788666.30540286,0.010180034097140045,97.23149809301107,12,binance;bitget;bybit;coinbase;crypto_com;gate;htx;kraken;kucoin;mexc;okx;upbit,eth,eth,5,uniswap-v4-ethereum;uniswap_v3,0x39f9ff86479579952e7218c27ab9d2a9ff9bfe3e;0x3dedf9153bf7ea7a8d784a41562e7ee061f8330b695f70ff534f9f9d3be2363a;0x51769cfa6e95836b5f819092c404a4bc66f7e959558a4a5f5c4d950ad4bac87a;0x6f97cb801cc6ce9988dad323855e390adaea7e04da1ed818bb59c83d1a17971a;0x7b1e5d984a43ee732de195628d20d05cfabc3cc7,-0.029203056768558944,-0.03401743041889227,-0.07478211976384597,-0.10823727860556653
2026-06-20,ONDO,0.3436,42644824.84571515,346984.86781751795,42991809.71353267,0.008070952819376115,122.90110837958039,12,binance;bitget;bybit;coinbase;crypto_com;gate;htx;kraken;kucoin;mexc;okx;upbit,eth,eth,5,uniswap-v4-ethereum;uniswap_v3,0x39f9ff86479579952e7218c27ab9d2a9ff9bfe3e;0x3dedf9153bf7ea7a8d784a41562e7ee061f8330b695f70ff534f9f9d3be2363a;0x51769cfa6e95836b5f819092c404a4bc66f7e959558a4a5f5c4d950ad4bac87a;0x6f97cb801cc6ce9988dad323855e390adaea7e04da1ed818bb59c83d1a17971a;0x7b1e5d984a43ee732de195628d20d05cfabc3cc7,-0.03401743041889227,-0.04016298020954612,-0.08381839348079156,-0.09458672875436558
2026-06-21,ONDO,0.3298,37193088.27172935,135089.36793148465,37328177.639660835,0.003618964987670694,275.32209855769804,12,binance;bitget;bybit;coinbase;crypto_com;gate;htx;kraken;kucoin;mexc;okx;upbit,eth,eth,5,uniswap-v4-ethereum;uniswap_v3,0x39f9ff86479579952e7218c27ab9d2a9ff9bfe3e;0x3dedf9153bf7ea7a8d784a41562e7ee061f8330b695f70ff534f9f9d3be2363a;0x51769cfa6e95836b5f819092c404a4bc66f7e959558a4a5f5c4d950ad4bac87a;0x6f97cb801cc6ce9988dad323855e390adaea7e04da1ed818bb59c83d1a17971a;0x7b1e5d984a43ee732de195628d20d05cfabc3cc7,-0.04016298020954612,-0.0021224984839295358,-0.046391752577319534,-0.06064281382656145
2026-06-22,ONDO,0.3291,40362117.5592524,308796.7644532851,40670914.32370569,0.007592570011963021,130.70770877639296,12,binance;bitget;bybit;coinbase;crypto_com;gate;htx;kraken;kucoin;mexc;okx;upbit,eth,eth,5,uniswap-v4-ethereum;uniswap_v3,0x39f9ff86479579952e7218c27ab9d2a9ff9bfe3e;0x3dedf9153bf7ea7a8d784a41562e7ee061f8330b695f70ff534f9f9d3be2363a;0x51769cfa6e95836b5f819092c404a4bc66f7e959558a4a5f5c4d950ad4bac87a;0x6f97cb801cc6ce9988dad323855e390adaea7e04da1ed818bb59c83d1a17971a;0x7b1e5d984a43ee732de195628d20d05cfabc3cc7,-0.0021224984839295358,-0.043451838347006944,-0.04557885141294449,-0.03555150410209662
2026-06-23,ONDO,0.3148,43358370.84242502,557127.6461985533,43915498.488623574,0.012686355964805425,77.82484164674291,12,binance;bitget;bybit;coinbase;crypto_com;gate;htx;kraken;kucoin;mexc;okx;upbit,eth,eth,5,uniswap-v4-ethereum;uniswap_v3,0x39f9ff86479579952e7218c27ab9d2a9ff9bfe3e;0x3dedf9153bf7ea7a8d784a41562e7ee061f8330b695f70ff534f9f9d3be2363a;0x51769cfa6e95836b5f819092c404a4bc66f7e959558a4a5f5c4d950ad4bac87a;0x6f97cb801cc6ce9988dad323855e390adaea7e04da1ed818bb59c83d1a17971a;0x7b1e5d984a43ee732de195628d20d05cfabc3cc7,-0.043451838347006944,-0.000952986022871749,0.007623888182973104,-0.020330368487928907
2026-06-24,ONDO,0.3145,50317191.25545013,356621.73376254697,50673812.98921268,0.007037594227189175,141.0940122032869,12,binance;bitget;bybit;coinbase;crypto_com;gate;htx;kraken;kucoin;mexc;okx;upbit,eth,eth,5,uniswap-v4-ethereum;uniswap_v3,0x39f9ff86479579952e7218c27ab9d2a9ff9bfe3e;0x3dedf9153bf7ea7a8d784a41562e7ee061f8330b695f70ff534f9f9d3be2363a;0x51769cfa6e95836b5f819092c404a4bc66f7e959558a4a5f5c4d950ad4bac87a;0x6f97cb801cc6ce9988dad323855e390adaea7e04da1ed818bb59c83d1a17971a;0x7b1e5d984a43ee732de195628d20d05cfabc3cc7,-0.000952986022871749,-0.0012718600953895987,-0.010810810810810811,0.03243243243243232
2026-06-25,ONDO,0.3141,55351386.3664678,822167.2266861273,56173553.59315393,0.014636197535958054,67.3237567368991,12,binance;bitget;bybit;coinbase;crypto_com;gate;htx;kraken;kucoin;mexc;okx;upbit,eth,eth,5,uniswap-v4-ethereum;uniswap_v3,0x39f9ff86479579952e7218c27ab9d2a9ff9bfe3e;0x3dedf9153bf7ea7a8d784a41562e7ee061f8330b695f70ff534f9f9d3be2363a;0x51769cfa6e95836b5f819092c404a4bc66f7e959558a4a5f5c4d950ad4bac87a;0x6f97cb801cc6ce9988dad323855e390adaea7e04da1ed818bb59c83d1a17971a;0x7b1e5d984a43ee732de195628d20d05cfabc3cc7,-0.0012718600953895987,0.009869468322190267,-0.013689907672715607,0.04552690226042677
2026-06-26,ONDO,0.3172,37806815.33021545,563082.6085639735,38369897.93877942,0.01467511353463573,67.14257331909782,12,binance;bitget;bybit;coinbase;crypto_com;gate;htx;kraken;kucoin;mexc;okx;upbit,eth,eth,5,uniswap-v4-ethereum;uniswap_v3,0x39f9ff86479579952e7218c27ab9d2a9ff9bfe3e;0x3dedf9153bf7ea7a8d784a41562e7ee061f8330b695f70ff534f9f9d3be2363a;0x51769cfa6e95836b5f819092c404a4bc66f7e959558a4a5f5c4d950ad4bac87a;0x6f97cb801cc6ce9988dad323855e390adaea7e04da1ed818bb59c83d1a17971a;0x7b1e5d984a43ee732de195628d20d05cfabc3cc7,0.009869468322190267,-0.019230769230769162,0.0006305170239597757,0.05327868852459017
2026-06-27,ONDO,0.3111,22029236.946244515,189582.64645182627,22218819.592696343,0.008532525576387727,116.19859390370013,12,binance;bitget;bybit;coinbase;crypto_com;gate;htx;kraken;kucoin;mexc;okx;upbit,eth,eth,5,uniswap-v4-ethereum;uniswap_v3,0x39f9ff86479579952e7218c27ab9d2a9ff9bfe3e;0x3dedf9153bf7ea7a8d784a41562e7ee061f8330b695f70ff534f9f9d3be2363a;0x51769cfa6e95836b5f819092c404a4bc66f7e959558a4a5f5c4d950ad4bac87a;0x6f97cb801cc6ce9988dad323855e390adaea7e04da1ed818bb59c83d1a17971a;0x7b1e5d984a43ee732de195628d20d05cfabc3cc7,-0.019230769230769162,-0.004178720668595148,-0.00867888138862094,0.07939569270331082
2026-06-28,ONDO,0.3098,17960155.40492002,806909.4947297459,18767064.899649765,0.042996041152114556,22.25795522574105,12,binance;bitget;bybit;coinbase;crypto_com;gate;htx;kraken;kucoin;mexc;okx;upbit,eth,eth,5,uniswap-v4-ethereum;uniswap_v3,0x39f9ff86479579952e7218c27ab9d2a9ff9bfe3e;0x3dedf9153bf7ea7a8d784a41562e7ee061f8330b695f70ff534f9f9d3be2363a;0x51769cfa6e95836b5f819092c404a4bc66f7e959558a4a5f5c4d950ad4bac87a;0x6f97cb801cc6ce9988dad323855e390adaea7e04da1ed818bb59c83d1a17971a;0x7b1e5d984a43ee732de195628d20d05cfabc3cc7,-0.004178720668595148,0.024531956100710017,0.04809554551323414,0.07488702388637836
2026-06-29,ONDO,0.3174,29599083.81714998,596171.8067995317,30195255.623949513,0.019743890041012773,49.648580291055175,12,binance;bitget;bybit;coinbase;crypto_com;gate;htx;kraken;kucoin;mexc;okx;upbit,eth,eth,5,uniswap-v4-ethereum;uniswap_v3,0x39f9ff86479579952e7218c27ab9d2a9ff9bfe3e;0x3dedf9153bf7ea7a8d784a41562e7ee061f8330b695f70ff534f9f9d3be2363a;0x51769cfa6e95836b5f819092c404a4bc66f7e959558a4a5f5c4d950ad4bac87a;0x6f97cb801cc6ce9988dad323855e390adaea7e04da1ed818bb59c83d1a17971a;0x7b1e5d984a43ee732de195628d20d05cfabc3cc7,0.024531956100710017,-0.02835538752362954,0.03465658475110267,0.04946439823566484
2026-06-30,ONDO,0.3084,23077885.191447396,233718.2815431861,23311603.472990584,0.010025834636985743,98.74231933877667,12,binance;bitget;bybit;coinbase;crypto_com;gate;htx;kraken;kucoin;mexc;okx;upbit,eth,eth,5,uniswap-v4-ethereum;uniswap_v3,0x39f9ff86479579952e7218c27ab9d2a9ff9bfe3e;0x3dedf9153bf7ea7a8d784a41562e7ee061f8330b695f70ff534f9f9d3be2363a;0x51769cfa6e95836b5f819092c404a4bc66f7e959558a4a5f5c4d950ad4bac87a;0x6f97cb801cc6ce9988dad323855e390adaea7e04da1ed818bb59c83d1a17971a;0x7b1e5d984a43ee732de195628d20d05cfabc3cc7,-0.02835538752362954,0.052853437094682265,0.08333333333333326,0.062905317769131
2026-07-01,ONDO,0.3247,36040126.31031313,851217.3054169938,36891343.61573012,0.023073632510745495,42.33951316656775,12,binance;bitget;bybit;coinbase;crypto_com;gate;htx;kraken;kucoin;mexc;okx;upbit,eth,eth,5,uniswap-v4-ethereum;uniswap_v3,0x39f9ff86479579952e7218c27ab9d2a9ff9bfe3e;0x3dedf9153bf7ea7a8d784a41562e7ee061f8330b695f70ff534f9f9d3be2363a;0x51769cfa6e95836b5f819092c404a4bc66f7e959558a4a5f5c4d950ad4bac87a;0x6f97cb801cc6ce9988dad323855e390adaea7e04da1ed818bb59c83d1a17971a;0x7b1e5d984a43ee732de195628d20d05cfabc3cc7,0.052853437094682265,0.011395133969818394,0.03418540190945496,
2026-07-02,ONDO,0.3284,37097980.59118812,252941.84342892634,37350922.43461704,0.006772037394034971,146.66604816459406,12,binance;bitget;bybit;coinbase;crypto_com;gate;htx;kraken;kucoin;mexc;okx;upbit,eth,eth,5,uniswap-v4-ethereum;uniswap_v3,0x39f9ff86479579952e7218c27ab9d2a9ff9bfe3e;0x3dedf9153bf7ea7a8d784a41562e7ee061f8330b695f70ff534f9f9d3be2363a;0x51769cfa6e95836b5f819092c404a4bc66f7e959558a4a5f5c4d950ad4bac87a;0x6f97cb801cc6ce9988dad323855e390adaea7e04da1ed818bb59c83d1a17971a;0x7b1e5d984a43ee732de195628d20d05cfabc3cc7,0.011395133969818394,0.01735688185140072,0.014007308160779441,
2026-07-03,ONDO,0.3341,26839632.892982583,135368.0498211384,26975000.942803722,0.005018277853193229,198.27154877717265,12,binance;bitget;bybit;coinbase;crypto_com;gate;htx;kraken;kucoin;mexc;okx;upbit,eth,eth,5,uniswap-v4-ethereum;uniswap_v3,0x39f9ff86479579952e7218c27ab9d2a9ff9bfe3e;0x3dedf9153bf7ea7a8d784a41562e7ee061f8330b695f70ff534f9f9d3be2363a;0x51769cfa6e95836b5f819092c404a4bc66f7e959558a4a5f5c4d950ad4bac87a;0x6f97cb801cc6ce9988dad323855e390adaea7e04da1ed818bb59c83d1a17971a;0x7b1e5d984a43ee732de195628d20d05cfabc3cc7,0.01735688185140072,0.005088296917090673,-0.002993115833582749,
2026-07-04,ONDO,0.3358,27964540.21928882,525026.6534496224,28489566.87273844,0.018428734132564805,53.263086808167316,12,binance;bitget;bybit;coinbase;crypto_com;gate;htx;kraken;kucoin;mexc;okx;upbit,eth,eth,5,uniswap-v4-ethereum;uniswap_v3,0x39f9ff86479579952e7218c27ab9d2a9ff9bfe3e;0x3dedf9153bf7ea7a8d784a41562e7ee061f8330b695f70ff534f9f9d3be2363a;0x51769cfa6e95836b5f819092c404a4bc66f7e959558a4a5f5c4d950ad4bac87a;0x6f97cb801cc6ce9988dad323855e390adaea7e04da1ed818bb59c83d1a17971a;0x7b1e5d984a43ee732de195628d20d05cfabc3cc7,0.005088296917090673,-0.008338296605121975,-0.0238237045860632,
2026-07-05,ONDO,0.333,28967403.282925963,315557.14241578785,29282960.42534175,0.010776135262017487,91.79764736479207,12,binance;bitget;bybit;coinbase;crypto_com;gate;htx;kraken;kucoin;mexc;okx;upbit,eth,eth,5,uniswap-v4-ethereum;uniswap_v3,0x39f9ff86479579952e7218c27ab9d2a9ff9bfe3e;0x3dedf9153bf7ea7a8d784a41562e7ee061f8330b695f70ff534f9f9d3be2363a;0x51769cfa6e95836b5f819092c404a4bc66f7e959558a4a5f5c4d950ad4bac87a;0x6f97cb801cc6ce9988dad323855e390adaea7e04da1ed818bb59c83d1a17971a;0x7b1e5d984a43ee732de195628d20d05cfabc3cc7,-0.008338296605121975,0.00030030030030037125,,
2026-07-06,ONDO,0.3331,40070771.589919105,1296421.0681532875,41367192.65807239,0.03133935335832619,30.908763035607485,12,binance;bitget;bybit;coinbase;crypto_com;gate;htx;kraken;kucoin;mexc;okx;upbit,eth,eth,5,uniswap-v4-ethereum;uniswap_v3,0x39f9ff86479579952e7218c27ab9d2a9ff9bfe3e;0x3dedf9153bf7ea7a8d784a41562e7ee061f8330b695f70ff534f9f9d3be2363a;0x51769cfa6e95836b5f819092c404a4bc66f7e959558a4a5f5c4d950ad4bac87a;0x6f97cb801cc6ce9988dad323855e390adaea7e04da1ed818bb59c83d1a17971a;0x7b1e5d984a43ee732de195628d20d05cfabc3cc7,0.00030030030030037125,-0.015911137796457586,,
2026-07-07,ONDO,0.3278,28325541.151600875,559109.4267514229,28884650.5783523,0.019356627674438596,50.66189156598546,12,binance;bitget;bybit;coinbase;crypto_com;gate;htx;kraken;kucoin;mexc;okx;upbit,eth,eth,5,uniswap-v4-ethereum;uniswap_v3,0x39f9ff86479579952e7218c27ab9d2a9ff9bfe3e;0x3dedf9153bf7ea7a8d784a41562e7ee061f8330b695f70ff534f9f9d3be2363a;0x51769cfa6e95836b5f819092c404a4bc66f7e959558a4a5f5c4d950ad4bac87a;0x6f97cb801cc6ce9988dad323855e390adaea7e04da1ed818bb59c83d1a17971a;0x7b1e5d984a43ee732de195628d20d05cfabc3cc7,-0.015911137796457586,,,
2026-01-17,OP,0.3467,15293645.097824214,1998996.367051571,17292641.464875784,0.1155980924667792,7.650661777030464,12,binance;bitget;bybit;coinbase;crypto_com;gate;htx;kraken;kucoin;mexc;okx;upbit,optimism,optimism,5,uniswap-v4-optimism;uniswap_v3_optimism;velodrome-finance-slipstream,0x4dc22588ade05c40338a9d95a6da9dcee68bcd60;0x68f5c0a2de713a54991e01858fd27a3832401849;0xb533c12fb4e7b53b5524eab9b47d93ff6c7a456f;0xe46d7b8fd3eb5448cbfd2719a9ddf52da7874c858a9b7f76f7c541d5af612d2a;0xebd5311bea1948e1441333976eadcfe5fbda777c,,-0.06662820882607445,-0.1346985866743583,-0.12344966830112492
2026-01-18,OP,0.3236,17501729.61862145,1748892.5792551155,19250622.197876565,0.09084862615235505,10.00732110492215,12,binance;bitget;bybit;coinbase;crypto_com;gate;htx;kraken;kucoin;mexc;okx;upbit,optimism,optimism,5,uniswap-v4-optimism;uniswap_v3_optimism;velodrome-finance-slipstream,0x4dc22588ade05c40338a9d95a6da9dcee68bcd60;0x68f5c0a2de713a54991e01858fd27a3832401849;0xb533c12fb4e7b53b5524eab9b47d93ff6c7a456f;0xe46d7b8fd3eb5448cbfd2719a9ddf52da7874c858a9b7f76f7c541d5af612d2a;0xebd5311bea1948e1441333976eadcfe5fbda777c,-0.06662820882607445,-0.012360939431396822,-0.045735475896168,-0.11433868974042016
2026-01-19,OP,0.3196,29933762.705451123,2268030.422524807,32201793.12797593,0.07043180525727966,13.198131033942829,12,binance;bitget;bybit;coinbase;crypto_com;gate;htx;kraken;kucoin;mexc;okx;upbit,optimism,optimism,5,uniswap-v4-optimism;uniswap_v3_optimism;velodrome-finance-slipstream,0x4dc22588ade05c40338a9d95a6da9dcee68bcd60;0x68f5c0a2de713a54991e01858fd27a3832401849;0xb533c12fb4e7b53b5524eab9b47d93ff6c7a456f;0xe46d7b8fd3eb5448cbfd2719a9ddf52da7874c858a9b7f76f7c541d5af612d2a;0xebd5311bea1948e1441333976eadcfe5fbda777c,-0.012360939431396822,-0.06132665832290363,-0.03785982478097627,-0.06789737171464327
2026-01-20,OP,0.3,25904187.070593085,3019288.7635937794,28923475.834186863,0.10438886325083556,8.579565950412778,12,binance;bitget;bybit;coinbase;crypto_com;gate;htx;kraken;kucoin;mexc;okx;upbit,optimism,optimism,5,uniswap-v4-optimism;uniswap_v3_optimism;velodrome-finance-slipstream,0x4dc22588ade05c40338a9d95a6da9dcee68bcd60;0x68f5c0a2de713a54991e01858fd27a3832401849;0xb533c12fb4e7b53b5524eab9b47d93ff6c7a456f;0xe46d7b8fd3eb5448cbfd2719a9ddf52da7874c858a9b7f76f7c541d5af612d2a;0xebd5311bea1948e1441333976eadcfe5fbda777c,-0.06132665832290363,0.029333333333333433,0.014666666666666828,0.006333333333333302
2026-01-21,OP,0.3088,29483620.47688186,3012479.6152270045,32496100.092108868,0.09270280454233752,9.787160161301252,12,binance;bitget;bybit;coinbase;crypto_com;gate;htx;kraken;kucoin;mexc;okx;upbit,optimism,optimism,5,uniswap-v4-optimism;uniswap_v3_optimism;velodrome-finance-slipstream,0x4dc22588ade05c40338a9d95a6da9dcee68bcd60;0x68f5c0a2de713a54991e01858fd27a3832401849;0xb533c12fb4e7b53b5524eab9b47d93ff6c7a456f;0xe46d7b8fd3eb5448cbfd2719a9ddf52da7874c858a9b7f76f7c541d5af612d2a;0xebd5311bea1948e1441333976eadcfe5fbda777c,0.029333333333333433,-0.004209844559585618,-0.01586787564766845,-0.02396373056994827
2026-01-22,OP,0.3075,19549257.57202465,2351823.1320999097,21901080.704124562,0.10738388501792051,8.312384254239984,12,binance;bitget;bybit;coinbase;crypto_com;gate;htx;kraken;kucoin;mexc;okx;upbit,optimism,optimism,5,uniswap-v4-optimism;uniswap_v3_optimism;velodrome-finance-slipstream,0x4dc22588ade05c40338a9d95a6da9dcee68bcd60;0x68f5c0a2de713a54991e01858fd27a3832401849;0xb533c12fb4e7b53b5524eab9b47d93ff6c7a456f;0xe46d7b8fd3eb5448cbfd2719a9ddf52da7874c858a9b7f76f7c541d5af612d2a;0xebd5311bea1948e1441333976eadcfe5fbda777c,-0.004209844559585618,-0.010081300813008065,-0.06796747967479666,-0.12292682926829268
2026-01-23,OP,0.3044,16474190.19440781,2149382.9434627546,18623573.137870565,0.11541195277355443,7.664613811379341,12,binance;bitget;bybit;coinbase;crypto_com;gate;htx;kraken;kucoin;mexc;okx;upbit,optimism,optimism,5,uniswap-v4-optimism;uniswap_v3_optimism;velodrome-finance-slipstream,0x4dc22588ade05c40338a9d95a6da9dcee68bcd60;0x68f5c0a2de713a54991e01858fd27a3832401849;0xb533c12fb4e7b53b5524eab9b47d93ff6c7a456f;0xe46d7b8fd3eb5448cbfd2719a9ddf52da7874c858a9b7f76f7c541d5af612d2a;0xebd5311bea1948e1441333976eadcfe5fbda777c,-0.010081300813008065,-0.0016425755584756896,-0.021353482260183965,-0.13666228646517753
2026-01-24,OP,0.3039,7160352.202222771,757562.5239617582,7917914.726184529,0.09567702484298049,9.451830015002466,12,binance;bitget;bybit;coinbase;crypto_com;gate;htx;kraken;kucoin;mexc;okx;upbit,optimism,optimism,5,uniswap-v4-optimism;uniswap_v3_optimism;velodrome-finance-slipstream,0x4dc22588ade05c40338a9d95a6da9dcee68bcd60;0x68f5c0a2de713a54991e01858fd27a3832401849;0xb533c12fb4e7b53b5524eab9b47d93ff6c7a456f;0xe46d7b8fd3eb5448cbfd2719a9ddf52da7874c858a9b7f76f7c541d5af612d2a;0xebd5311bea1948e1441333976eadcfe5fbda777c,-0.0016425755584756896,-0.056926620598881206,-0.006581112207963202,-0.22836459361632122
2026-01-25,OP,0.2866,18120334.59931218,2127258.0160671556,20247592.615379333,0.10506226870899052,8.518164915797472,12,binance;bitget;bybit;coinbase;crypto_com;gate;htx;kraken;kucoin;mexc;okx;upbit,optimism,optimism,5,uniswap-v4-optimism;uniswap_v3_optimism;velodrome-finance-slipstream,0x4dc22588ade05c40338a9d95a6da9dcee68bcd60;0x68f5c0a2de713a54991e01858fd27a3832401849;0xb533c12fb4e7b53b5524eab9b47d93ff6c7a456f;0xe46d7b8fd3eb5448cbfd2719a9ddf52da7874c858a9b7f76f7c541d5af612d2a;0xebd5311bea1948e1441333976eadcfe5fbda777c,-0.056926620598881206,0.039427773900907015,0.051639916259595076,-0.20586182833217037
2026-01-26,OP,0.2979,13570594.107772935,1856830.49925764,15427424.607030574,0.12035907136512251,7.308472212837119,12,binance;bitget;bybit;coinbase;crypto_com;gate;htx;kraken;kucoin;mexc;okx;upbit,optimism,optimism,5,uniswap-v4-optimism;uniswap_v3_optimism;velodrome-finance-slipstream,0x4dc22588ade05c40338a9d95a6da9dcee68bcd60;0x68f5c0a2de713a54991e01858fd27a3832401849;0xb533c12fb4e7b53b5524eab9b47d93ff6c7a456f;0xe46d7b8fd3eb5448cbfd2719a9ddf52da7874c858a9b7f76f7c541d5af612d2a;0xebd5311bea1948e1441333976eadcfe5fbda777c,0.039427773900907015,0.013427324605572277,-0.09466263846928502,-0.2279288351795904
2026-01-27,OP,0.3019,12518064.924555767,1289339.6640028409,13807404.588558609,0.0933803058882798,9.708896169138706,12,binance;bitget;bybit;coinbase;crypto_com;gate;htx;kraken;kucoin;mexc;okx;upbit,optimism,optimism,5,uniswap-v4-optimism;uniswap_v3_optimism;velodrome-finance-slipstream,0x4dc22588ade05c40338a9d95a6da9dcee68bcd60;0x68f5c0a2de713a54991e01858fd27a3832401849;0xb533c12fb4e7b53b5524eab9b47d93ff6c7a456f;0xe46d7b8fd3eb5448cbfd2719a9ddf52da7874c858a9b7f76f7c541d5af612d2a;0xebd5311bea1948e1441333976eadcfe5fbda777c,0.013427324605572277,-0.001656177542232573,-0.12951308380258375,-0.2944683670089434
2026-01-28,OP,0.3014,17829558.762663055,1720923.7980497237,19550482.560712777,0.0880246199911181,10.360458018460092,12,binance;bitget;bybit;coinbase;crypto_com;gate;htx;kraken;kucoin;mexc;okx;upbit,optimism,optimism,5,uniswap-v4-optimism;uniswap_v3_optimism;velodrome-finance-slipstream,0x4dc22588ade05c40338a9d95a6da9dcee68bcd60;0x68f5c0a2de713a54991e01858fd27a3832401849;0xb533c12fb4e7b53b5524eab9b47d93ff6c7a456f;0xe46d7b8fd3eb5448cbfd2719a9ddf52da7874c858a9b7f76f7c541d5af612d2a;0xebd5311bea1948e1441333976eadcfe5fbda777c,-0.001656177542232573,-0.10517584605175845,-0.22196416721964174,-0.2730590577305906
2026-01-29,OP,0.2697,29460024.038697716,1649490.4739035214,31109514.512601238,0.05302205771277394,17.860075280689877,12,binance;bitget;bybit;coinbase;crypto_com;gate;htx;kraken;kucoin;mexc;okx;upbit,optimism,optimism,5,uniswap-v4-optimism;uniswap_v3_optimism;velodrome-finance-slipstream,0x4dc22588ade05c40338a9d95a6da9dcee68bcd60;0x68f5c0a2de713a54991e01858fd27a3832401849;0xb533c12fb4e7b53b5524eab9b47d93ff6c7a456f;0xe46d7b8fd3eb5448cbfd2719a9ddf52da7874c858a9b7f76f7c541d5af612d2a;0xebd5311bea1948e1441333976eadcfe5fbda777c,-0.10517584605175845,-0.025583982202447175,-0.1560993696700037,-0.325176121616611
2026-01-30,OP,0.2628,23922159.953300823,1635729.7064988082,25557889.65979963,0.06400096910472505,14.624763405749306,12,binance;bitget;bybit;coinbase;crypto_com;gate;htx;kraken;kucoin;mexc;okx;upbit,optimism,optimism,5,uniswap-v4-optimism;uniswap_v3_optimism;velodrome-finance-slipstream,0x4dc22588ade05c40338a9d95a6da9dcee68bcd60;0x68f5c0a2de713a54991e01858fd27a3832401849;0xb533c12fb4e7b53b5524eab9b47d93ff6c7a456f;0xe46d7b8fd3eb5448cbfd2719a9ddf52da7874c858a9b7f76f7c541d5af612d2a;0xebd5311bea1948e1441333976eadcfe5fbda777c,-0.025583982202447175,-0.10768645357686446,-0.1248097412480973,-0.24885844748858443
2026-01-31,OP,0.2345,37351027.333023466,1917815.2359066461,39268842.56893011,0.04883808919349306,19.475821567016485,12,binance;bitget;bybit;coinbase;crypto_com;gate;htx;kraken;kucoin;mexc;okx;upbit,optimism,optimism,5,uniswap-v4-optimism;uniswap_v3_optimism;velodrome-finance-slipstream,0x4dc22588ade05c40338a9d95a6da9dcee68bcd60;0x68f5c0a2de713a54991e01858fd27a3832401849;0xb533c12fb4e7b53b5524eab9b47d93ff6c7a456f;0xe46d7b8fd3eb5448cbfd2719a9ddf52da7874c858a9b7f76f7c541d5af612d2a;0xebd5311bea1948e1441333976eadcfe5fbda777c,-0.10768645357686446,-0.02942430703624732,-0.09168443496801704,-0.16247334754797438
2026-02-01,OP,0.2276,19077835.47500502,1314588.7862702461,20392424.261275265,0.06446456632263282,14.512397849621623,12,binance;bitget;bybit;coinbase;crypto_com;gate;htx;kraken;kucoin;mexc;okx;upbit,optimism,optimism,5,uniswap-v4-optimism;uniswap_v3_optimism;velodrome-finance-slipstream,0x4dc22588ade05c40338a9d95a6da9dcee68bcd60;0x68f5c0a2de713a54991e01858fd27a3832401849;0xb533c12fb4e7b53b5524eab9b47d93ff6c7a456f;0xe46d7b8fd3eb5448cbfd2719a9ddf52da7874c858a9b7f76f7c541d5af612d2a;0xebd5311bea1948e1441333976eadcfe5fbda777c,-0.02942430703624732,0.010544815465729496,-0.03734622144112476,-0.16344463971880485
2026-02-02,OP,0.23,19973921.948078252,1942688.7508363985,21916610.69891465,0.0886400172693036,10.281586249716405,12,binance;bitget;bybit;coinbase;crypto_com;gate;htx;kraken;kucoin;mexc;okx;upbit,optimism,optimism,5,uniswap-v4-optimism;uniswap_v3_optimism;velodrome-finance-slipstream,0x4dc22588ade05c40338a9d95a6da9dcee68bcd60;0x68f5c0a2de713a54991e01858fd27a3832401849;0xb533c12fb4e7b53b5524eab9b47d93ff6c7a456f;0xe46d7b8fd3eb5448cbfd2719a9ddf52da7874c858a9b7f76f7c541d5af612d2a;0xebd5311bea1948e1441333976eadcfe5fbda777c,0.010544815465729496,-0.07391304347826089,-0.20869565217391306,-0.17826086956521747
2026-02-03,OP,0.213,27823167.52896355,1539819.331044173,29362986.860007726,0.052440827576073365,18.069111725007552,12,binance;bitget;bybit;coinbase;crypto_com;gate;htx;kraken;kucoin;mexc;okx;upbit,optimism,optimism,5,uniswap-v4-optimism;uniswap_v3_optimism;velodrome-finance-slipstream,0x4dc22588ade05c40338a9d95a6da9dcee68bcd60;0x68f5c0a2de713a54991e01858fd27a3832401849;0xb533c12fb4e7b53b5524eab9b47d93ff6c7a456f;0xe46d7b8fd3eb5448cbfd2719a9ddf52da7874c858a9b7f76f7c541d5af612d2a;0xebd5311bea1948e1441333976eadcfe5fbda777c,-0.07391304347826089,0.028638497652582195,-0.07323943661971832,-0.14131455399061033
2026-02-04,OP,0.2191,26448705.698391456,2600655.6006160993,29049361.299007557,0.08952539692171986,10.170014704032981,12,binance;bitget;bybit;coinbase;crypto_com;gate;htx;kraken;kucoin;mexc;okx;upbit,optimism,optimism,5,uniswap-v4-optimism;uniswap_v3_optimism;velodrome-finance-slipstream,0x4dc22588ade05c40338a9d95a6da9dcee68bcd60;0x68f5c0a2de713a54991e01858fd27a3832401849;0xb533c12fb4e7b53b5524eab9b47d93ff6c7a456f;0xe46d7b8fd3eb5448cbfd2719a9ddf52da7874c858a9b7f76f7c541d5af612d2a;0xebd5311bea1948e1441333976eadcfe5fbda777c,0.028638497652582195,-0.1693290734824281,-0.1036056595162026,-0.18849840255591044
2026-02-05,OP,0.182,44092970.592180565,3953037.7029650775,48046008.295145646,0.08227609000692936,11.15419935385577,12,binance;bitget;bybit;coinbase;crypto_com;gate;htx;kraken;kucoin;mexc;okx;upbit,optimism,optimism,5,uniswap-v4-optimism;uniswap_v3_optimism;velodrome-finance-slipstream,0x4dc22588ade05c40338a9d95a6da9dcee68bcd60;0x68f5c0a2de713a54991e01858fd27a3832401849;0xb533c12fb4e7b53b5524eab9b47d93ff6c7a456f;0xe46d7b8fd3eb5448cbfd2719a9ddf52da7874c858a9b7f76f7c541d5af612d2a;0xebd5311bea1948e1441333976eadcfe5fbda777c,-0.1693290734824281,0.08461538461538454,0.04615384615384621,0.00439560439560438
2026-02-06,OP,0.1974,42489084.03875969,2029216.412557836,44518300.45131753,0.04558162355674072,20.938665672037427,12,binance;bitget;bybit;coinbase;crypto_com;gate;htx;kraken;kucoin;mexc;okx;upbit,optimism,optimism,5,uniswap-v4-optimism;uniswap_v3_optimism;velodrome-finance-slipstream,0x4dc22588ade05c40338a9d95a6da9dcee68bcd60;0x68f5c0a2de713a54991e01858fd27a3832401849;0xb533c12fb4e7b53b5524eab9b47d93ff6c7a456f;0xe46d7b8fd3eb5448cbfd2719a9ddf52da7874c858a9b7f76f7c541d5af612d2a;0xebd5311bea1948e1441333976eadcfe5fbda777c,0.08461538461538454,-0.005065856129685908,-0.04255319148936165,-0.04103343465045595
2026-02-07,OP,0.1964,23871969.207469963,1758293.3240054674,25630262.53147543,0.06860223619817325,13.576784306436764,12,binance;bitget;bybit;coinbase;crypto_com;gate;htx;kraken;kucoin;mexc;okx;upbit,optimism,optimism,5,uniswap-v4-optimism;uniswap_v3_optimism;velodrome-finance-slipstream,0x4dc22588ade05c40338a9d95a6da9dcee68bcd60;0x68f5c0a2de713a54991e01858fd27a3832401849;0xb533c12fb4e7b53b5524eab9b47d93ff6c7a456f;0xe46d7b8fd3eb5448cbfd2719a9ddf52da7874c858a9b7f76f7c541d5af612d2a;0xebd5311bea1948e1441333976eadcfe5fbda777c,-0.005065856129685908,-0.03054989816700604,-0.06873727087576365,0.004073319755600879
2026-02-08,OP,0.1904,9695596.92739751,390290.2216265384,10085887.149024049,0.0386966675176714,24.84201855478473,12,binance;bitget;bybit;coinbase;crypto_com;gate;htx;kraken;kucoin;mexc;okx;upbit,optimism,optimism,5,uniswap-v4-optimism;uniswap_v3_optimism;velodrome-finance-slipstream,0x4dc22588ade05c40338a9d95a6da9dcee68bcd60;0x68f5c0a2de713a54991e01858fd27a3832401849;0xb533c12fb4e7b53b5524eab9b47d93ff6c7a456f;0xe46d7b8fd3eb5448cbfd2719a9ddf52da7874c858a9b7f76f7c541d5af612d2a;0xebd5311bea1948e1441333976eadcfe5fbda777c,-0.03054989816700604,-0.007352941176470673,-0.06617647058823528,-0.005777310924369838
2026-02-09,OP,0.189,10538241.118083386,464094.6942574059,11002335.812340792,0.042181469660001934,22.707092428508666,12,binance;bitget;bybit;coinbase;crypto_com;gate;htx;kraken;kucoin;mexc;okx;upbit,optimism,optimism,5,uniswap-v4-optimism;uniswap_v3_optimism;velodrome-finance-slipstream,0x4dc22588ade05c40338a9d95a6da9dcee68bcd60;0x68f5c0a2de713a54991e01858fd27a3832401849;0xb533c12fb4e7b53b5524eab9b47d93ff6c7a456f;0xe46d7b8fd3eb5448cbfd2719a9ddf52da7874c858a9b7f76f7c541d5af612d2a;0xebd5311bea1948e1441333976eadcfe5fbda777c,-0.007352941176470673,-0.032275132275132234,-0.032804232804232836,0.006878306878306928
2026-02-10,OP,0.1829,8957713.681408903,384332.11679045786,9342045.798199361,0.04114003774896246,23.307221254925068,12,binance;bitget;bybit;coinbase;crypto_com;gate;htx;kraken;kucoin;mexc;okx;upbit,optimism,optimism,5,uniswap-v4-optimism;uniswap_v3_optimism;velodrome-finance-slipstream,0x4dc22588ade05c40338a9d95a6da9dcee68bcd60;0x68f5c0a2de713a54991e01858fd27a3832401849;0xb533c12fb4e7b53b5524eab9b47d93ff6c7a456f;0xe46d7b8fd3eb5448cbfd2719a9ddf52da7874c858a9b7f76f7c541d5af612d2a;0xebd5311bea1948e1441333976eadcfe5fbda777c,-0.032275132275132234,-0.02788408966648437,0.03499179879715686,0.021869874248223065
2026-02-11,OP,0.1778,14445186.655076064,706158.2289573972,15151344.884033462,0.0466069668641461,20.4560197172857,12,binance;bitget;bybit;coinbase;crypto_com;gate;htx;kraken;kucoin;mexc;okx;upbit,optimism,optimism,5,uniswap-v4-optimism;uniswap_v3_optimism;velodrome-finance-slipstream,0x4dc22588ade05c40338a9d95a6da9dcee68bcd60;0x68f5c0a2de713a54991e01858fd27a3832401849;0xb533c12fb4e7b53b5524eab9b47d93ff6c7a456f;0xe46d7b8fd3eb5448cbfd2719a9ddf52da7874c858a9b7f76f7c541d5af612d2a;0xebd5311bea1948e1441333976eadcfe5fbda777c,-0.02788408966648437,0.028121484814398023,0.10911136107986485,-0.06917885264341961
2026-02-12,OP,0.1828,10879459.432148049,856338.0025377701,11735797.434685819,0.0729680285727167,12.70463228293806,12,binance;bitget;bybit;coinbase;crypto_com;gate;htx;kraken;kucoin;mexc;okx;upbit,optimism,optimism,5,uniswap-v4-optimism;uniswap_v3_optimism;velodrome-finance-slipstream,0x4dc22588ade05c40338a9d95a6da9dcee68bcd60;0x68f5c0a2de713a54991e01858fd27a3832401849;0xb533c12fb4e7b53b5524eab9b47d93ff6c7a456f;0xe46d7b8fd3eb5448cbfd2719a9ddf52da7874c858a9b7f76f7c541d5af612d2a;0xebd5311bea1948e1441333976eadcfe5fbda777c,0.028121484814398023,0.035557986870897285,0.035557986870897285,-0.23577680525164113
2026-02-13,OP,0.1893,8448189.856181683,608608.1219452778,9056797.978126962,0.06719903915435951,13.881165156289667,12,binance;bitget;bybit;coinbase;crypto_com;gate;htx;kraken;kucoin;mexc;okx;upbit,optimism,optimism,5,uniswap-v4-optimism;uniswap_v3_optimism;velodrome-finance-slipstream,0x4dc22588ade05c40338a9d95a6da9dcee68bcd60;0x68f5c0a2de713a54991e01858fd27a3832401849;0xb533c12fb4e7b53b5524eab9b47d93ff6c7a456f;0xe46d7b8fd3eb5448cbfd2719a9ddf52da7874c858a9b7f76f7c541d5af612d2a;0xebd5311bea1948e1441333976eadcfe5fbda777c,0.035557986870897285,0.04173269941891178,0.00528262017960901,-0.3206550449022716
2026-02-14,OP,0.1972,7880560.441531635,978190.0405518748,8858750.48208351,0.11042076899335039,8.056267304751522,12,binance;bitget;bybit;coinbase;crypto_com;gate;htx;kraken;kucoin;mexc;okx;upbit,optimism,optimism,5,uniswap-v4-optimism;uniswap_v3_optimism;velodrome-finance-slipstream,0x4dc22588ade05c40338a9d95a6da9dcee68bcd60;0x68f5c0a2de713a54991e01858fd27a3832401849;0xb533c12fb4e7b53b5524eab9b47d93ff6c7a456f;0xe46d7b8fd3eb5448cbfd2719a9ddf52da7874c858a9b7f76f7c541d5af612d2a;0xebd5311bea1948e1441333976eadcfe5fbda777c,0.04173269941891178,-0.040060851926977614,-0.05223123732251511,-0.34787018255578095
2026-02-15,OP,0.1893,9328029.778813127,1002231.1912888739,10330260.970102001,0.09701896149473345,9.30726349358299,12,binance;bitget;bybit;coinbase;crypto_com;gate;htx;kraken;kucoin;mexc;okx;upbit,optimism,optimism,5,uniswap-v4-optimism;uniswap_v3_optimism;velodrome-finance-slipstream,0x4dc22588ade05c40338a9d95a6da9dcee68bcd60;0x68f5c0a2de713a54991e01858fd27a3832401849;0xb533c12fb4e7b53b5524eab9b47d93ff6c7a456f;0xe46d7b8fd3eb5448cbfd2719a9ddf52da7874c858a9b7f76f7c541d5af612d2a;0xebd5311bea1948e1441333976eadcfe5fbda777c,-0.040060851926977614,0.00528262017960901,-0.1257263602746962,-0.3539355520338088
2026-02-16,OP,0.1903,7172798.806390654,620555.9911924092,7793354.797583063,0.0796262979564155,11.558664984618062,12,binance;bitget;bybit;coinbase;crypto_com;gate;htx;kraken;kucoin;mexc;okx;upbit,optimism,optimism,5,uniswap-v4-optimism;uniswap_v3_optimism;velodrome-finance-slipstream,0x4dc22588ade05c40338a9d95a6da9dcee68bcd60;0x68f5c0a2de713a54991e01858fd27a3832401849;0xb533c12fb4e7b53b5524eab9b47d93ff6c7a456f;0xe46d7b8fd3eb5448cbfd2719a9ddf52da7874c858a9b7f76f7c541d5af612d2a;0xebd5311bea1948e1441333976eadcfe5fbda777c,0.00528262017960901,-0.01786652653704668,-0.2658959537572255,-0.35890698896479245
2026-02-17,OP,0.1869,10497375.142391719,672793.8569939596,11170168.99938568,0.06023130509761857,15.602661994112061,12,binance;bitget;bybit;coinbase;crypto_com;gate;htx;kraken;kucoin;mexc;okx;upbit,optimism,optimism,5,uniswap-v4-optimism;uniswap_v3_optimism;velodrome-finance-slipstream,0x4dc22588ade05c40338a9d95a6da9dcee68bcd60;0x68f5c0a2de713a54991e01858fd27a3832401849;0xb533c12fb4e7b53b5524eab9b47d93ff6c7a456f;0xe46d7b8fd3eb5448cbfd2719a9ddf52da7874c858a9b7f76f7c541d5af612d2a;0xebd5311bea1948e1441333976eadcfe5fbda777c,-0.01786652653704668,-0.11449973247726053,-0.31193151417870524,-0.36971642589620124
2026-02-18,OP,0.1655,24295148.57326233,1294809.2415308657,25589957.814793196,0.05059833435060821,18.763496424027633,12,binance;bitget;bybit;coinbase;crypto_com;gate;htx;kraken;kucoin;mexc;okx;upbit,optimism,optimism,5,uniswap-v4-optimism;uniswap_v3_optimism;velodrome-finance-slipstream,0x4dc22588ade05c40338a9d95a6da9dcee68bcd60;0x68f5c0a2de713a54991e01858fd27a3832401849;0xb533c12fb4e7b53b5524eab9b47d93ff6c7a456f;0xe46d7b8fd3eb5448cbfd2719a9ddf52da7874c858a9b7f76f7c541d5af612d2a;0xebd5311bea1948e1441333976eadcfe5fbda777c,-0.11449973247726053,-0.155891238670695,-0.22296072507552878,-0.25015105740181276
2026-02-19,OP,0.1397,84385892.88852672,1292550.494243105,85678443.38276982,0.015086064162821152,65.28634143453067,12,binance;bitget;bybit;coinbase;crypto_com;gate;htx;kraken;kucoin;mexc;okx;upbit,optimism,optimism,5,uniswap-v4-optimism;uniswap_v3_optimism;velodrome-finance-slipstream,0x4dc22588ade05c40338a9d95a6da9dcee68bcd60;0x68f5c0a2de713a54991e01858fd27a3832401849;0xb533c12fb4e7b53b5524eab9b47d93ff6c7a456f;0xe46d7b8fd3eb5448cbfd2719a9ddf52da7874c858a9b7f76f7c541d5af612d2a;0xebd5311bea1948e1441333976eadcfe5fbda777c,-0.155891238670695,-0.07945597709377239,-0.12455261274158902,-0.14531138153185386
2026-02-20,OP,0.1286,77753212.94308332,1097385.0590069597,78850598.00209028,0.013917269961324438,70.85317255316322,12,binance;bitget;bybit;coinbase;crypto_com;gate;htx;kraken;kucoin;mexc;okx;upbit,optimism,optimism,5,uniswap-v4-optimism;uniswap_v3_optimism;velodrome-finance-slipstream,0x4dc22588ade05c40338a9d95a6da9dcee68bcd60;0x68f5c0a2de713a54991e01858fd27a3832401849;0xb533c12fb4e7b53b5524eab9b47d93ff6c7a456f;0xe46d7b8fd3eb5448cbfd2719a9ddf52da7874c858a9b7f76f7c541d5af612d2a;0xebd5311bea1948e1441333976eadcfe5fbda777c,-0.07945597709377239,0.0,-0.051321928460342114,-0.06842923794712275
2026-02-21,OP,0.1286,42713691.948509246,1052065.1602651952,43765757.10877444,0.024038545880753666,40.59985404111506,12,binance;bitget;bybit;coinbase;crypto_com;gate;htx;kraken;kucoin;mexc;okx;upbit,optimism,optimism,5,uniswap-v4-optimism;uniswap_v3_optimism;velodrome-finance-slipstream,0x4dc22588ade05c40338a9d95a6da9dcee68bcd60;0x68f5c0a2de713a54991e01858fd27a3832401849;0xb533c12fb4e7b53b5524eab9b47d93ff6c7a456f;0xe46d7b8fd3eb5448cbfd2719a9ddf52da7874c858a9b7f76f7c541d5af612d2a;0xebd5311bea1948e1441333976eadcfe5fbda777c,0.0,-0.048989113530326533,-0.0839813374805598,-0.045878693623639055
2026-02-22,OP,0.1223,26484002.10119912,296708.9105069173,26780711.01170604,0.011079202130862907,89.25920713318682,12,binance;bitget;bybit;coinbase;crypto_com;gate;htx;kraken;kucoin;mexc;okx;upbit,optimism,optimism,5,uniswap-v4-optimism;uniswap_v3_optimism;velodrome-finance-slipstream,0x4dc22588ade05c40338a9d95a6da9dcee68bcd60;0x68f5c0a2de713a54991e01858fd27a3832401849;0xb533c12fb4e7b53b5524eab9b47d93ff6c7a456f;0xe46d7b8fd3eb5448cbfd2719a9ddf52da7874c858a9b7f76f7c541d5af612d2a;0xebd5311bea1948e1441333976eadcfe5fbda777c,-0.048989113530326533,-0.002452984464431762,0.014717906786590351,-0.006541291905151292
2026-02-23,OP,0.122,35283396.402523786,1103913.7983839922,36387310.20090778,0.03033787857054771,31.96209382849891,12,binance;bitget;bybit;coinbase;crypto_com;gate;htx;kraken;kucoin;mexc;okx;upbit,optimism,optimism,5,uniswap-v4-optimism;uniswap_v3_optimism;velodrome-finance-slipstream,0x4dc22588ade05c40338a9d95a6da9dcee68bcd60;0x68f5c0a2de713a54991e01858fd27a3832401849;0xb533c12fb4e7b53b5524eab9b47d93ff6c7a456f;0xe46d7b8fd3eb5448cbfd2719a9ddf52da7874c858a9b7f76f7c541d5af612d2a;0xebd5311bea1948e1441333976eadcfe5fbda777c,-0.002452984464431762,-0.03442622950819674,-0.021311475409836023,0.020491803278688492
2026-02-24,OP,0.1178,22677403.276731793,751960.6900452814,23429363.966777075,0.03209479741368842,30.15769783838861,12,binance;bitget;bybit;coinbase;crypto_com;gate;htx;kraken;kucoin;mexc;okx;upbit,optimism,optimism,5,uniswap-v4-optimism;uniswap_v3_optimism;velodrome-finance-slipstream,0x4dc22588ade05c40338a9d95a6da9dcee68bcd60;0x68f5c0a2de713a54991e01858fd27a3832401849;0xb533c12fb4e7b53b5524eab9b47d93ff6c7a456f;0xe46d7b8fd3eb5448cbfd2719a9ddf52da7874c858a9b7f76f7c541d5af612d2a;0xebd5311bea1948e1441333976eadcfe5fbda777c,-0.03442622950819674,0.05348047538200329,0.01697792869269943,0.07385398981324287
2026-02-25,OP,0.1241,45622643.07368052,779694.3169140188,46402337.39059454,0.016802910386838787,58.51349956512711,12,binance;bitget;bybit;coinbase;crypto_com;gate;htx;kraken;kucoin;mexc;okx;upbit,optimism,optimism,5,uniswap-v4-optimism;uniswap_v3_optimism;velodrome-finance-slipstream,0x4dc22588ade05c40338a9d95a6da9dcee68bcd60;0x68f5c0a2de713a54991e01858fd27a3832401849;0xb533c12fb4e7b53b5524eab9b47d93ff6c7a456f;0xe46d7b8fd3eb5448cbfd2719a9ddf52da7874c858a9b7f76f7c541d5af612d2a;0xebd5311bea1948e1441333976eadcfe5fbda777c,0.05348047538200329,-0.03787268331990323,-0.011281224818694535,0.036261079774375427
2026-02-26,OP,0.1194,25901090.92035724,500939.033458447,26402029.953815684,0.018973504474266763,51.70507624757842,12,binance;bitget;bybit;coinbase;crypto_com;gate;htx;kraken;kucoin;mexc;okx;upbit,optimism,optimism,5,uniswap-v4-optimism;uniswap_v3_optimism;velodrome-finance-slipstream,0x4dc22588ade05c40338a9d95a6da9dcee68bcd60;0x68f5c0a2de713a54991e01858fd27a3832401849;0xb533c12fb4e7b53b5524eab9b47d93ff6c7a456f;0xe46d7b8fd3eb5448cbfd2719a9ddf52da7874c858a9b7f76f7c541d5af612d2a;0xebd5311bea1948e1441333976eadcfe5fbda777c,-0.03787268331990323,0.003350083752093891,0.017587939698492372,0.048576214405360085
2026-02-27,OP,0.1198,22552201.600239173,1286409.3838871876,23838610.98412636,0.05396326928375907,17.5311233598844,12,binance;bitget;bybit;coinbase;crypto_com;gate;htx;kraken;kucoin;mexc;okx;upbit,optimism,optimism,5,uniswap-v4-optimism;uniswap_v3_optimism;velodrome-finance-slipstream,0x4dc22588ade05c40338a9d95a6da9dcee68bcd60;0x68f5c0a2de713a54991e01858fd27a3832401849;0xb533c12fb4e7b53b5524eab9b47d93ff6c7a456f;0xe46d7b8fd3eb5448cbfd2719a9ddf52da7874c858a9b7f76f7c541d5af612d2a;0xebd5311bea1948e1441333976eadcfe5fbda777c,0.003350083752093891,0.024207011686143476,0.03923205342237068,0.005843071786310494
2026-02-28,OP,0.1227,20674579.78672514,996309.8597049153,21670889.646430057,0.045974571231737225,20.751154457959984,12,binance;bitget;bybit;coinbase;crypto_com;gate;htx;kraken;kucoin;mexc;okx;upbit,optimism,optimism,5,uniswap-v4-optimism;uniswap_v3_optimism;velodrome-finance-slipstream,0x4dc22588ade05c40338a9d95a6da9dcee68bcd60;0x68f5c0a2de713a54991e01858fd27a3832401849;0xb533c12fb4e7b53b5524eab9b47d93ff6c7a456f;0xe46d7b8fd3eb5448cbfd2719a9ddf52da7874c858a9b7f76f7c541d5af612d2a;0xebd5311bea1948e1441333976eadcfe5fbda777c,0.024207011686143476,-0.009779951100244544,0.030969845150774278,-0.05134474327628358
2026-03-01,OP,0.1215,19174141.490580957,1051430.0493948744,20225571.539975833,0.05198518357400795,18.236250239962402,12,binance;bitget;bybit;coinbase;crypto_com;gate;htx;kraken;kucoin;mexc;okx;upbit,optimism,optimism,5,uniswap-v4-optimism;uniswap_v3_optimism;velodrome-finance-slipstream,0x4dc22588ade05c40338a9d95a6da9dcee68bcd60;0x68f5c0a2de713a54991e01858fd27a3832401849;0xb533c12fb4e7b53b5524eab9b47d93ff6c7a456f;0xe46d7b8fd3eb5448cbfd2719a9ddf52da7874c858a9b7f76f7c541d5af612d2a;0xebd5311bea1948e1441333976eadcfe5fbda777c,-0.009779951100244544,0.024691358024691468,0.05843621399176957,-0.05020576131687238
2026-03-02,OP,0.1245,17927176.154591147,980013.3662103097,18907189.520801455,0.05183284195316872,18.292787397293516,12,binance;bitget;bybit;coinbase;crypto_com;gate;htx;kraken;kucoin;mexc;okx;upbit,optimism,optimism,5,uniswap-v4-optimism;uniswap_v3_optimism;velodrome-finance-slipstream,0x4dc22588ade05c40338a9d95a6da9dcee68bcd60;0x68f5c0a2de713a54991e01858fd27a3832401849;0xb533c12fb4e7b53b5524eab9b47d93ff6c7a456f;0xe46d7b8fd3eb5448cbfd2719a9ddf52da7874c858a9b7f76f7c541d5af612d2a;0xebd5311bea1948e1441333976eadcfe5fbda777c,0.024691358024691468,0.016064257028112428,0.005622489959839383,-0.04899598393574289
2026-03-03,OP,0.1265,14902775.549077054,1041673.2848123575,15944448.833889412,0.06533140754281293,14.306573631444888,12,binance;bitget;bybit;coinbase;crypto_com;gate;htx;kraken;kucoin;mexc;okx;upbit,optimism,optimism,5,uniswap-v4-optimism;uniswap_v3_optimism;velodrome-finance-slipstream,0x4dc22588ade05c40338a9d95a6da9dcee68bcd60;0x68f5c0a2de713a54991e01858fd27a3832401849;0xb533c12fb4e7b53b5524eab9b47d93ff6c7a456f;0xe46d7b8fd3eb5448cbfd2719a9ddf52da7874c858a9b7f76f7c541d5af612d2a;0xebd5311bea1948e1441333976eadcfe5fbda777c,0.016064257028112428,0.016600790513833896,-0.04743083003952575,-0.061660079051383376
2026-03-04,OP,0.1286,21479777.248392045,923498.2398713463,22403275.48826339,0.04122157228103309,23.259142596075137,12,binance;bitget;bybit;coinbase;crypto_com;gate;htx;kraken;kucoin;mexc;okx;upbit,optimism,optimism,5,uniswap-v4-optimism;uniswap_v3_optimism;velodrome-finance-slipstream,0x4dc22588ade05c40338a9d95a6da9dcee68bcd60;0x68f5c0a2de713a54991e01858fd27a3832401849;0xb533c12fb4e7b53b5524eab9b47d93ff6c7a456f;0xe46d7b8fd3eb5448cbfd2719a9ddf52da7874c858a9b7f76f7c541d5af612d2a;0xebd5311bea1948e1441333976eadcfe5fbda777c,0.016600790513833896,-0.026438569206842844,-0.0948678071539657,-0.0637636080870918
2026-03-05,OP,0.1252,13702552.763057152,560403.7176524284,14262956.48070958,0.039290852384662706,24.451216741491532,12,binance;bitget;bybit;coinbase;crypto_com;gate;htx;kraken;kucoin;mexc;okx;upbit,optimism,optimism,5,uniswap-v4-optimism;uniswap_v3_optimism;velodrome-finance-slipstream,0x4dc22588ade05c40338a9d95a6da9dcee68bcd60;0x68f5c0a2de713a54991e01858fd27a3832401849;0xb533c12fb4e7b53b5524eab9b47d93ff6c7a456f;0xe46d7b8fd3eb5448cbfd2719a9ddf52da7874c858a9b7f76f7c541d5af612d2a;0xebd5311bea1948e1441333976eadcfe5fbda777c,-0.026438569206842844,-0.03753993610223649,-0.07827476038338665,-0.042332268370606996
2026-03-06,OP,0.1205,11159233.457079578,603804.5528280716,11763038.00990765,0.051330664095406764,18.48153248400079,12,binance;bitget;bybit;coinbase;crypto_com;gate;htx;kraken;kucoin;mexc;okx;upbit,optimism,optimism,5,uniswap-v4-optimism;uniswap_v3_optimism;velodrome-finance-slipstream,0x4dc22588ade05c40338a9d95a6da9dcee68bcd60;0x68f5c0a2de713a54991e01858fd27a3832401849;0xb533c12fb4e7b53b5524eab9b47d93ff6c7a456f;0xe46d7b8fd3eb5448cbfd2719a9ddf52da7874c858a9b7f76f7c541d5af612d2a;0xebd5311bea1948e1441333976eadcfe5fbda777c,-0.03753993610223649,-0.034024896265560156,-0.01742738589211612,0.0265560165975105
2026-03-07,OP,0.1164,5706665.47970718,378946.95642986847,6085612.4361370485,0.06226932135533952,15.05927249943043,12,binance;bitget;bybit;coinbase;crypto_com;gate;htx;kraken;kucoin;mexc;okx;upbit,optimism,optimism,5,uniswap-v4-optimism;uniswap_v3_optimism;velodrome-finance-slipstream,0x4dc22588ade05c40338a9d95a6da9dcee68bcd60;0x68f5c0a2de713a54991e01858fd27a3832401849;0xb533c12fb4e7b53b5524eab9b47d93ff6c7a456f;0xe46d7b8fd3eb5448cbfd2719a9ddf52da7874c858a9b7f76f7c541d5af612d2a;0xebd5311bea1948e1441333976eadcfe5fbda777c,-0.034024896265560156,-0.00859106529209619,0.019759450171821236,0.06357388316151202
2026-03-08,OP,0.1154,10494944.989825962,626618.5496374342,11121563.539463397,0.056342666875386825,16.748538637897664,12,binance;bitget;bybit;coinbase;crypto_com;gate;htx;kraken;kucoin;mexc;okx;upbit,optimism,optimism,5,uniswap-v4-optimism;uniswap_v3_optimism;velodrome-finance-slipstream,0x4dc22588ade05c40338a9d95a6da9dcee68bcd60;0x68f5c0a2de713a54991e01858fd27a3832401849;0xb533c12fb4e7b53b5524eab9b47d93ff6c7a456f;0xe46d7b8fd3eb5448cbfd2719a9ddf52da7874c858a9b7f76f7c541d5af612d2a;0xebd5311bea1948e1441333976eadcfe5fbda777c,-0.00859106529209619,0.025996533795493937,0.04332755632582308,0.11265164644714032
2026-03-09,OP,0.1184,12949471.91327984,869537.6229842872,13819009.536264127,0.06292329567487662,14.892365288159407,12,binance;bitget;bybit;coinbase;crypto_com;gate;htx;kraken;kucoin;mexc;okx;upbit,optimism,optimism,5,uniswap-v4-optimism;uniswap_v3_optimism;velodrome-finance-slipstream,0x4dc22588ade05c40338a9d95a6da9dcee68bcd60;0x68f5c0a2de713a54991e01858fd27a3832401849;0xb533c12fb4e7b53b5524eab9b47d93ff6c7a456f;0xe46d7b8fd3eb5448cbfd2719a9ddf52da7874c858a9b7f76f7c541d5af612d2a;0xebd5311bea1948e1441333976eadcfe5fbda777c,0.025996533795493937,0.0025337837837837718,0.012668918918918859,0.16131756756756754
2026-03-10,OP,0.1187,13787433.151754186,791975.9700480648,14579409.12180225,0.054321540978209674,17.408903392507515,12,binance;bitget;bybit;coinbase;crypto_com;gate;htx;kraken;kucoin;mexc;okx;upbit,optimism,optimism,5,uniswap-v4-optimism;uniswap_v3_optimism;velodrome-finance-slipstream,0x4dc22588ade05c40338a9d95a6da9dcee68bcd60;0x68f5c0a2de713a54991e01858fd27a3832401849;0xb533c12fb4e7b53b5524eab9b47d93ff6c7a456f;0xe46d7b8fd3eb5448cbfd2719a9ddf52da7874c858a9b7f76f7c541d5af612d2a;0xebd5311bea1948e1441333976eadcfe5fbda777c,0.0025337837837837718,0.0143218197135635,0.04212299915754003,0.1465880370682393
2026-03-11,OP,0.1204,11522632.673458437,748287.9115944821,12270920.585052919,0.06098058466012435,15.398662058973457,12,binance;bitget;bybit;coinbase;crypto_com;gate;htx;kraken;kucoin;mexc;okx;upbit,optimism,optimism,5,uniswap-v4-optimism;uniswap_v3_optimism;velodrome-finance-slipstream,0x4dc22588ade05c40338a9d95a6da9dcee68bcd60;0x68f5c0a2de713a54991e01858fd27a3832401849;0xb533c12fb4e7b53b5524eab9b47d93ff6c7a456f;0xe46d7b8fd3eb5448cbfd2719a9ddf52da7874c858a9b7f76f7c541d5af612d2a;0xebd5311bea1948e1441333976eadcfe5fbda777c,0.0143218197135635,-0.004152823920265725,0.028239202657807327,0.04900332225913617
2026-03-12,OP,0.1199,13221094.342374023,630335.6183619539,13851429.960735977,0.04550689857644574,20.974690239989187,12,binance;bitget;bybit;coinbase;crypto_com;gate;htx;kraken;kucoin;mexc;okx;upbit,optimism,optimism,5,uniswap-v4-optimism;uniswap_v3_optimism;velodrome-finance-slipstream,0x4dc22588ade05c40338a9d95a6da9dcee68bcd60;0x68f5c0a2de713a54991e01858fd27a3832401849;0xb533c12fb4e7b53b5524eab9b47d93ff6c7a456f;0xe46d7b8fd3eb5448cbfd2719a9ddf52da7874c858a9b7f76f7c541d5af612d2a;0xebd5311bea1948e1441333976eadcfe5fbda777c,-0.004152823920265725,0.03169307756463713,0.07089241034195148,0.013344453711426008
2026-03-13,OP,0.1237,18765472.757809844,1361565.0140887005,20127037.771898545,0.06764855462186906,13.78228183276994,12,binance;bitget;bybit;coinbase;crypto_com;gate;htx;kraken;kucoin;mexc;okx;upbit,optimism,optimism,5,uniswap-v4-optimism;uniswap_v3_optimism;velodrome-finance-slipstream,0x4dc22588ade05c40338a9d95a6da9dcee68bcd60;0x68f5c0a2de713a54991e01858fd27a3832401849;0xb533c12fb4e7b53b5524eab9b47d93ff6c7a456f;0xe46d7b8fd3eb5448cbfd2719a9ddf52da7874c858a9b7f76f7c541d5af612d2a;0xebd5311bea1948e1441333976eadcfe5fbda777c,0.03169307756463713,0.0008084074373482242,0.11156022635408247,0.0008084074373482242
2026-03-14,OP,0.1238,9077861.463525798,712223.1017282084,9790084.565254007,0.07274943305964482,12.74581158838906,12,binance;bitget;bybit;coinbase;crypto_com;gate;htx;kraken;kucoin;mexc;okx;upbit,optimism,optimism,5,uniswap-v4-optimism;uniswap_v3_optimism;velodrome-finance-slipstream,0x4dc22588ade05c40338a9d95a6da9dcee68bcd60;0x68f5c0a2de713a54991e01858fd27a3832401849;0xb533c12fb4e7b53b5524eab9b47d93ff6c7a456f;0xe46d7b8fd3eb5448cbfd2719a9ddf52da7874c858a9b7f76f7c541d5af612d2a;0xebd5311bea1948e1441333976eadcfe5fbda777c,0.0008084074373482242,0.037156704361873905,0.0993537964458806,-0.04846526655896599
2026-03-15,OP,0.1284,12438858.82126995,985059.4475704753,13423918.268840425,0.0733809181375153,12.627520960231207,12,binance;bitget;bybit;coinbase;crypto_com;gate;htx;kraken;kucoin;mexc;okx;upbit,optimism,optimism,5,uniswap-v4-optimism;uniswap_v3_optimism;velodrome-finance-slipstream,0x4dc22588ade05c40338a9d95a6da9dcee68bcd60;0x68f5c0a2de713a54991e01858fd27a3832401849;0xb533c12fb4e7b53b5524eab9b47d93ff6c7a456f;0xe46d7b8fd3eb5448cbfd2719a9ddf52da7874c858a9b7f76f7c541d5af612d2a;0xebd5311bea1948e1441333976eadcfe5fbda777c,0.037156704361873905,0.07087227414330233,-0.016355140186915862,-0.10747663551401865
2026-03-16,OP,0.1375,19798756.943490446,1592561.7647683292,21391318.708258774,0.07444897560959961,12.432018262331308,12,binance;bitget;bybit;coinbase;crypto_com;gate;htx;kraken;kucoin;mexc;okx;upbit,optimism,optimism,5,uniswap-v4-optimism;uniswap_v3_optimism;velodrome-finance-slipstream,0x4dc22588ade05c40338a9d95a6da9dcee68bcd60;0x68f5c0a2de713a54991e01858fd27a3832401849;0xb533c12fb4e7b53b5524eab9b47d93ff6c7a456f;0xe46d7b8fd3eb5448cbfd2719a9ddf52da7874c858a9b7f76f7c541d5af612d2a;0xebd5311bea1948e1441333976eadcfe5fbda777c,0.07087227414330233,-0.010181818181818292,-0.11636363636363645,-0.17527272727272736
2026-03-17,OP,0.1361,13308749.885769296,976297.3277236032,14285047.2134929,0.0683440042677244,13.631861429756057,12,binance;bitget;bybit;coinbase;crypto_com;gate;htx;kraken;kucoin;mexc;okx;upbit,optimism,optimism,5,uniswap-v4-optimism;uniswap_v3_optimism;velodrome-finance-slipstream,0x4dc22588ade05c40338a9d95a6da9dcee68bcd60;0x68f5c0a2de713a54991e01858fd27a3832401849;0xb533c12fb4e7b53b5524eab9b47d93ff6c7a456f;0xe46d7b8fd3eb5448cbfd2719a9ddf52da7874c858a9b7f76f7c541d5af612d2a;0xebd5311bea1948e1441333976eadcfe5fbda777c,-0.010181818181818292,-0.07200587803085967,-0.09037472446730355,-0.1645848640705364
2026-03-18,OP,0.1263,11381156.37092868,824204.3697496492,12205360.740678329,0.0675280630586133,13.808658129761783,12,binance;bitget;bybit;coinbase;crypto_com;gate;htx;kraken;kucoin;mexc;okx;upbit,optimism,optimism,5,uniswap-v4-optimism;uniswap_v3_optimism;velodrome-finance-slipstream,0x4dc22588ade05c40338a9d95a6da9dcee68bcd60;0x68f5c0a2de713a54991e01858fd27a3832401849;0xb533c12fb4e7b53b5524eab9b47d93ff6c7a456f;0xe46d7b8fd3eb5448cbfd2719a9ddf52da7874c858a9b7f76f7c541d5af612d2a;0xebd5311bea1948e1441333976eadcfe5fbda777c,-0.07200587803085967,-0.038004750593824244,-0.06730007917656367,-0.10213776722090262
2026-03-19,OP,0.1215,9139060.40057216,615236.283193078,9754296.683765238,0.06307336173371259,14.854553689747314,12,binance;bitget;bybit;coinbase;crypto_com;gate;htx;kraken;kucoin;mexc;okx;upbit,optimism,optimism,5,uniswap-v4-optimism;uniswap_v3_optimism;velodrome-finance-slipstream,0x4dc22588ade05c40338a9d95a6da9dcee68bcd60;0x68f5c0a2de713a54991e01858fd27a3832401849;0xb533c12fb4e7b53b5524eab9b47d93ff6c7a456f;0xe46d7b8fd3eb5448cbfd2719a9ddf52da7874c858a9b7f76f7c541d5af612d2a;0xebd5311bea1948e1441333976eadcfe5fbda777c,-0.038004750593824244,0.018930041152263266,-0.05679012345679013,-0.10534979423868307
2026-03-20,OP,0.1238,7918923.669782768,767289.8577182459,8686213.527501013,0.08833421551162259,10.320641658592926,12,binance;bitget;bybit;coinbase;crypto_com;gate;htx;kraken;kucoin;mexc;okx;upbit,optimism,optimism,5,uniswap-v4-optimism;uniswap_v3_optimism;velodrome-finance-slipstream,0x4dc22588ade05c40338a9d95a6da9dcee68bcd60;0x68f5c0a2de713a54991e01858fd27a3832401849;0xb533c12fb4e7b53b5524eab9b47d93ff6c7a456f;0xe46d7b8fd3eb5448cbfd2719a9ddf52da7874c858a9b7f76f7c541d5af612d2a;0xebd5311bea1948e1441333976eadcfe5fbda777c,0.018930041152263266,-0.04846526655896599,-0.08400646203554119,-0.15912762520193857
2026-03-21,OP,0.1178,4838039.886539687,344976.1409119787,5183016.027451666,0.06655895700202825,14.02427389253601,12,binance;bitget;bybit;coinbase;crypto_com;gate;htx;kraken;kucoin;mexc;okx;upbit,optimism,optimism,5,uniswap-v4-optimism;uniswap_v3_optimism;velodrome-finance-slipstream,0x4dc22588ade05c40338a9d95a6da9dcee68bcd60;0x68f5c0a2de713a54991e01858fd27a3832401849;0xb533c12fb4e7b53b5524eab9b47d93ff6c7a456f;0xe46d7b8fd3eb5448cbfd2719a9ddf52da7874c858a9b7f76f7c541d5af612d2a;0xebd5311bea1948e1441333976eadcfe5fbda777c,-0.04846526655896599,-0.02716468590831922,-0.03480475382003401,-0.12988115449915116
2026-03-22,OP,0.1146,7476325.404651473,281369.2445069028,7757694.649158376,0.03626969831010663,26.571224647362115,12,binance;bitget;bybit;coinbase;crypto_com;gate;htx;kraken;kucoin;mexc;okx;upbit,optimism,optimism,5,uniswap-v4-optimism;uniswap_v3_optimism;velodrome-finance-slipstream,0x4dc22588ade05c40338a9d95a6da9dcee68bcd60;0x68f5c0a2de713a54991e01858fd27a3832401849;0xb533c12fb4e7b53b5524eab9b47d93ff6c7a456f;0xe46d7b8fd3eb5448cbfd2719a9ddf52da7874c858a9b7f76f7c541d5af612d2a;0xebd5311bea1948e1441333976eadcfe5fbda777c,-0.02716468590831922,-0.010471204188481575,-0.010471204188481575,-0.10994764397905765
2026-03-23,OP,0.1134,14684637.369906636,404757.86975944444,15089395.23966608,0.02682399548362559,36.28005399532813,12,binance;bitget;bybit;coinbase;crypto_com;gate;htx;kraken;kucoin;mexc;okx;upbit,optimism,optimism,5,uniswap-v4-optimism;uniswap_v3_optimism;velodrome-finance-slipstream,0x4dc22588ade05c40338a9d95a6da9dcee68bcd60;0x68f5c0a2de713a54991e01858fd27a3832401849;0xb533c12fb4e7b53b5524eab9b47d93ff6c7a456f;0xe46d7b8fd3eb5448cbfd2719a9ddf52da7874c858a9b7f76f7c541d5af612d2a;0xebd5311bea1948e1441333976eadcfe5fbda777c,-0.010471204188481575,0.002645502645502562,-0.041446208112874694,-0.06613756613756616
2026-03-24,OP,0.1137,13447684.138134504,453782.8892752356,13901467.02740974,0.032642805854986724,29.634621436724117,12,binance;bitget;bybit;coinbase;crypto_com;gate;htx;kraken;kucoin;mexc;okx;upbit,optimism,optimism,5,uniswap-v4-optimism;uniswap_v3_optimism;velodrome-finance-slipstream,0x4dc22588ade05c40338a9d95a6da9dcee68bcd60;0x68f5c0a2de713a54991e01858fd27a3832401849;0xb533c12fb4e7b53b5524eab9b47d93ff6c7a456f;0xe46d7b8fd3eb5448cbfd2719a9ddf52da7874c858a9b7f76f7c541d5af612d2a;0xebd5311bea1948e1441333976eadcfe5fbda777c,0.002645502645502562,-0.0026385224274405594,-0.08443271767810023,-0.025505716798592815
2026-03-25,OP,0.1134,8799009.286724562,285843.05791799753,9084852.344642559,0.03146369881141353,30.782658675757716,12,binance;bitget;bybit;coinbase;crypto_com;gate;htx;kraken;kucoin;mexc;okx;upbit,optimism,optimism,5,uniswap-v4-optimism;uniswap_v3_optimism;velodrome-finance-slipstream,0x4dc22588ade05c40338a9d95a6da9dcee68bcd60;0x68f5c0a2de713a54991e01858fd27a3832401849;0xb533c12fb4e7b53b5524eab9b47d93ff6c7a456f;0xe46d7b8fd3eb5448cbfd2719a9ddf52da7874c858a9b7f76f7c541d5af612d2a;0xebd5311bea1948e1441333976eadcfe5fbda777c,-0.0026385224274405594,-0.041446208112874694,-0.09611992945326286,-0.02910052910052907
2026-03-26,OP,0.1087,14297760.104274787,580453.7446364815,14878213.848911269,0.03901367130026545,24.632040427664034,12,binance;bitget;bybit;coinbase;crypto_com;gate;htx;kraken;kucoin;mexc;okx;upbit,optimism,optimism,5,uniswap-v4-optimism;uniswap_v3_optimism;velodrome-finance-slipstream,0x4dc22588ade05c40338a9d95a6da9dcee68bcd60;0x68f5c0a2de713a54991e01858fd27a3832401849;0xb533c12fb4e7b53b5524eab9b47d93ff6c7a456f;0xe46d7b8fd3eb5448cbfd2719a9ddf52da7874c858a9b7f76f7c541d5af612d2a;0xebd5311bea1948e1441333976eadcfe5fbda777c,-0.041446208112874694,-0.042318307267709354,-0.061637534498620195,-0.021159153633854788
2026-03-27,OP,0.1041,9574397.706336772,422477.98118622374,9996875.687522996,0.04226100177613636,22.66247741350686,12,binance;bitget;bybit;coinbase;crypto_com;gate;htx;kraken;kucoin;mexc;okx;upbit,optimism,optimism,5,uniswap-v4-optimism;uniswap_v3_optimism;velodrome-finance-slipstream,0x4dc22588ade05c40338a9d95a6da9dcee68bcd60;0x68f5c0a2de713a54991e01858fd27a3832401849;0xb533c12fb4e7b53b5524eab9b47d93ff6c7a456f;0xe46d7b8fd3eb5448cbfd2719a9ddf52da7874c858a9b7f76f7c541d5af612d2a;0xebd5311bea1948e1441333976eadcfe5fbda777c,-0.042318307267709354,-0.015369836695485195,0.01729106628242061,0.0566762728146013
2026-03-28,OP,0.1025,5911013.637947753,194305.36789211928,6105319.005839872,0.03182558809887934,30.421257539470655,12,binance;bitget;bybit;coinbase;crypto_com;gate;htx;kraken;kucoin;mexc;okx;upbit,optimism,optimism,5,uniswap-v4-optimism;uniswap_v3_optimism;velodrome-finance-slipstream,0x4dc22588ade05c40338a9d95a6da9dcee68bcd60;0x68f5c0a2de713a54991e01858fd27a3832401849;0xb533c12fb4e7b53b5524eab9b47d93ff6c7a456f;0xe46d7b8fd3eb5448cbfd2719a9ddf52da7874c858a9b7f76f7c541d5af612d2a;0xebd5311bea1948e1441333976eadcfe5fbda777c,-0.015369836695485195,-0.004878048780487809,0.08097560975609763,0.07902439024390251
2026-03-29,OP,0.102,7707687.082694491,299107.5460943532,8006794.628788845,0.03735671513527979,25.76894893939957,12,binance;bitget;bybit;coinbase;crypto_com;gate;htx;kraken;kucoin;mexc;okx;upbit,optimism,optimism,5,uniswap-v4-optimism;uniswap_v3_optimism;velodrome-finance-slipstream,0x4dc22588ade05c40338a9d95a6da9dcee68bcd60;0x68f5c0a2de713a54991e01858fd27a3832401849;0xb533c12fb4e7b53b5524eab9b47d93ff6c7a456f;0xe46d7b8fd3eb5448cbfd2719a9ddf52da7874c858a9b7f76f7c541d5af612d2a;0xebd5311bea1948e1441333976eadcfe5fbda777c,-0.004878048780487809,0.038235294117647145,0.07941176470588251,0.08137254901960778
2026-03-30,OP,0.1059,9586266.23560435,796873.918114595,10383140.153718945,0.07674690953961336,12.029840628095183,12,binance;bitget;bybit;coinbase;crypto_com;gate;htx;kraken;kucoin;mexc;okx;upbit,optimism,optimism,5,uniswap-v4-optimism;uniswap_v3_optimism;velodrome-finance-slipstream,0x4dc22588ade05c40338a9d95a6da9dcee68bcd60;0x68f5c0a2de713a54991e01858fd27a3832401849;0xb533c12fb4e7b53b5524eab9b47d93ff6c7a456f;0xe46d7b8fd3eb5448cbfd2719a9ddf52da7874c858a9b7f76f7c541d5af612d2a;0xebd5311bea1948e1441333976eadcfe5fbda777c,0.038235294117647145,0.04627006610009454,0.0047214353163360645,0.03682719546742219
2026-03-31,OP,0.1108,13358114.575771283,785366.0042882332,14143480.580059517,0.05552848182190019,17.00877616656907,12,binance;bitget;bybit;coinbase;crypto_com;gate;htx;kraken;kucoin;mexc;okx;upbit,optimism,optimism,5,uniswap-v4-optimism;uniswap_v3_optimism;velodrome-finance-slipstream,0x4dc22588ade05c40338a9d95a6da9dcee68bcd60;0x68f5c0a2de713a54991e01858fd27a3832401849;0xb533c12fb4e7b53b5524eab9b47d93ff6c7a456f;0xe46d7b8fd3eb5448cbfd2719a9ddf52da7874c858a9b7f76f7c541d5af612d2a;0xebd5311bea1948e1441333976eadcfe5fbda777c,0.04627006610009454,-0.006317689530685899,-0.0072202166064981865,0.0712996389891698
2026-04-01,OP,0.1101,9205033.504626215,607347.0838414533,9812380.588467669,0.06189599744584494,15.156133534723894,12,binance;bitget;bybit;coinbase;crypto_com;gate;htx;kraken;kucoin;mexc;okx;upbit,optimism,optimism,5,uniswap-v4-optimism;uniswap_v3_optimism;velodrome-finance-slipstream,0x4dc22588ade05c40338a9d95a6da9dcee68bcd60;0x68f5c0a2de713a54991e01858fd27a3832401849;0xb533c12fb4e7b53b5524eab9b47d93ff6c7a456f;0xe46d7b8fd3eb5448cbfd2719a9ddf52da7874c858a9b7f76f7c541d5af612d2a;0xebd5311bea1948e1441333976eadcfe5fbda777c,-0.006317689530685899,-0.03360581289736608,0.004541326067211582,0.044504995458674035
2026-04-02,OP,0.1064,9669527.726184426,769904.5942113837,10439432.320395809,0.0737496609568702,12.559384369032063,12,binance;bitget;bybit;coinbase;crypto_com;gate;htx;kraken;kucoin;mexc;okx;upbit,optimism,optimism,5,uniswap-v4-optimism;uniswap_v3_optimism;velodrome-finance-slipstream,0x4dc22588ade05c40338a9d95a6da9dcee68bcd60;0x68f5c0a2de713a54991e01858fd27a3832401849;0xb533c12fb4e7b53b5524eab9b47d93ff6c7a456f;0xe46d7b8fd3eb5448cbfd2719a9ddf52da7874c858a9b7f76f7c541d5af612d2a;0xebd5311bea1948e1441333976eadcfe5fbda777c,-0.03360581289736608,0.03383458646616555,0.03665413533834583,0.07236842105263164
2026-04-03,OP,0.11,8199961.031589789,488410.0778602624,8688371.109450052,0.056214228387302084,16.78909056814314,12,binance;bitget;bybit;coinbase;crypto_com;gate;htx;kraken;kucoin;mexc;okx;upbit,optimism,optimism,5,uniswap-v4-optimism;uniswap_v3_optimism;velodrome-finance-slipstream,0x4dc22588ade05c40338a9d95a6da9dcee68bcd60;0x68f5c0a2de713a54991e01858fd27a3832401849;0xb533c12fb4e7b53b5524eab9b47d93ff6c7a456f;0xe46d7b8fd3eb5448cbfd2719a9ddf52da7874c858a9b7f76f7c541d5af612d2a;0xebd5311bea1948e1441333976eadcfe5fbda777c,0.03383458646616555,0.005454545454545379,-0.0018181818181818299,0.04727272727272713
2026-04-04,OP,0.1106,5125582.125365088,442933.3115111585,5568515.436876247,0.07954244116446761,11.57190482666139,12,binance;bitget;bybit;coinbase;crypto_com;gate;htx;kraken;kucoin;mexc;okx;upbit,optimism,optimism,5,uniswap-v4-optimism;uniswap_v3_optimism;velodrome-finance-slipstream,0x4dc22588ade05c40338a9d95a6da9dcee68bcd60;0x68f5c0a2de713a54991e01858fd27a3832401849;0xb533c12fb4e7b53b5524eab9b47d93ff6c7a456f;0xe46d7b8fd3eb5448cbfd2719a9ddf52da7874c858a9b7f76f7c541d5af612d2a;0xebd5311bea1948e1441333976eadcfe5fbda777c,0.005454545454545379,-0.002712477396021762,0.0732368896925859,0.03526220614828213
2026-04-05,OP,0.1103,4914271.519644904,387991.4003328452,5302262.919977749,0.07317468148759275,12.66592897530489,12,binance;bitget;bybit;coinbase;crypto_com;gate;htx;kraken;kucoin;mexc;okx;upbit,optimism,optimism,5,uniswap-v4-optimism;uniswap_v3_optimism;velodrome-finance-slipstream,0x4dc22588ade05c40338a9d95a6da9dcee68bcd60;0x68f5c0a2de713a54991e01858fd27a3832401849;0xb533c12fb4e7b53b5524eab9b47d93ff6c7a456f;0xe46d7b8fd3eb5448cbfd2719a9ddf52da7874c858a9b7f76f7c541d5af612d2a;0xebd5311bea1948e1441333976eadcfe5fbda777c,-0.002712477396021762,-0.004533091568449721,0.04261106074342713,-0.030825022665457835
2026-04-06,OP,0.1098,8072695.383013256,502547.9898717833,8575243.37288504,0.058604516282399925,16.063531335729486,12,binance;bitget;bybit;coinbase;crypto_com;gate;htx;kraken;kucoin;mexc;okx;upbit,optimism,optimism,5,uniswap-v4-optimism;uniswap_v3_optimism;velodrome-finance-slipstream,0x4dc22588ade05c40338a9d95a6da9dcee68bcd60;0x68f5c0a2de713a54991e01858fd27a3832401849;0xb533c12fb4e7b53b5524eab9b47d93ff6c7a456f;0xe46d7b8fd3eb5448cbfd2719a9ddf52da7874c858a9b7f76f7c541d5af612d2a;0xebd5311bea1948e1441333976eadcfe5fbda777c,-0.004533091568449721,0.08105646630236807,0.03916211293260474,0.059198542805100285
2026-04-07,OP,0.1187,11193221.033493293,593293.8352004084,11786514.868693702,0.0503366637050841,18.866235193076534,12,binance;bitget;bybit;coinbase;crypto_com;gate;htx;kraken;kucoin;mexc;okx;upbit,optimism,optimism,5,uniswap-v4-optimism;uniswap_v3_optimism;velodrome-finance-slipstream,0x4dc22588ade05c40338a9d95a6da9dcee68bcd60;0x68f5c0a2de713a54991e01858fd27a3832401849;0xb533c12fb4e7b53b5524eab9b47d93ff6c7a456f;0xe46d7b8fd3eb5448cbfd2719a9ddf52da7874c858a9b7f76f7c541d5af612d2a;0xebd5311bea1948e1441333976eadcfe5fbda777c,0.08105646630236807,-0.031171019376579623,-0.02948609941027802,-0.062342038753159246
2026-04-08,OP,0.115,11433619.791861366,813915.0168290375,12247534.808690405,0.06645541568508244,14.047682565688543,12,binance;bitget;bybit;coinbase;crypto_com;gate;htx;kraken;kucoin;mexc;okx;upbit,optimism,optimism,5,uniswap-v4-optimism;uniswap_v3_optimism;velodrome-finance-slipstream,0x4dc22588ade05c40338a9d95a6da9dcee68bcd60;0x68f5c0a2de713a54991e01858fd27a3832401849;0xb533c12fb4e7b53b5524eab9b47d93ff6c7a456f;0xe46d7b8fd3eb5448cbfd2719a9ddf52da7874c858a9b7f76f7c541d5af612d2a;0xebd5311bea1948e1441333976eadcfe5fbda777c,-0.031171019376579623,-0.007826086956521872,-0.004347826086956497,0.042608695652173845
2026-04-09,OP,0.1141,8786780.894712621,694196.2558037428,9480977.150516365,0.07321990600577859,12.65748816887417,12,binance;bitget;bybit;coinbase;crypto_com;gate;htx;kraken;kucoin;mexc;okx;upbit,optimism,optimism,5,uniswap-v4-optimism;uniswap_v3_optimism;velodrome-finance-slipstream,0x4dc22588ade05c40338a9d95a6da9dcee68bcd60;0x68f5c0a2de713a54991e01858fd27a3832401849;0xb533c12fb4e7b53b5524eab9b47d93ff6c7a456f;0xe46d7b8fd3eb5448cbfd2719a9ddf52da7874c858a9b7f76f7c541d5af612d2a;0xebd5311bea1948e1441333976eadcfe5fbda777c,-0.007826086956521872,0.009640666082384008,-0.06310254163014895,0.16038562664329525
2026-04-10,OP,0.1152,7525043.688036741,681779.5463888389,8206823.23442558,0.08307472049951599,11.037356177512821,12,binance;bitget;bybit;coinbase;crypto_com;gate;htx;kraken;kucoin;mexc;okx;upbit,optimism,optimism,5,uniswap-v4-optimism;uniswap_v3_optimism;velodrome-finance-slipstream,0x4dc22588ade05c40338a9d95a6da9dcee68bcd60;0x68f5c0a2de713a54991e01858fd27a3832401849;0xb533c12fb4e7b53b5524eab9b47d93ff6c7a456f;0xe46d7b8fd3eb5448cbfd2719a9ddf52da7874c858a9b7f76f7c541d5af612d2a;0xebd5311bea1948e1441333976eadcfe5fbda777c,0.009640666082384008,-0.0060763888888888395,0.00954861111111116,0.16666666666666652
2026-04-11,OP,0.1145,9830834.722098663,449888.947220342,10280723.669319006,0.04376043571358266,21.851692029419468,12,binance;bitget;bybit;coinbase;crypto_com;gate;htx;kraken;kucoin;mexc;okx;upbit,optimism,optimism,5,uniswap-v4-optimism;uniswap_v3_optimism;velodrome-finance-slipstream,0x4dc22588ade05c40338a9d95a6da9dcee68bcd60;0x68f5c0a2de713a54991e01858fd27a3832401849;0xb533c12fb4e7b53b5524eab9b47d93ff6c7a456f;0xe46d7b8fd3eb5448cbfd2719a9ddf52da7874c858a9b7f76f7c541d5af612d2a;0xebd5311bea1948e1441333976eadcfe5fbda777c,-0.0060763888888888395,-0.0663755458515285,-0.027947598253275197,0.09956331877729263
2026-04-12,OP,0.1069,7430073.774885192,405639.9468226993,7835713.721707891,0.051768091743694414,18.316918323955885,12,binance;bitget;bybit;coinbase;crypto_com;gate;htx;kraken;kucoin;mexc;okx;upbit,optimism,optimism,5,uniswap-v4-optimism;uniswap_v3_optimism;velodrome-finance-slipstream,0x4dc22588ade05c40338a9d95a6da9dcee68bcd60;0x68f5c0a2de713a54991e01858fd27a3832401849;0xb533c12fb4e7b53b5524eab9b47d93ff6c7a456f;0xe46d7b8fd3eb5448cbfd2719a9ddf52da7874c858a9b7f76f7c541d5af612d2a;0xebd5311bea1948e1441333976eadcfe5fbda777c,-0.0663755458515285,0.087932647333957,0.12160898035547252,0.12628624883068285
2026-04-13,OP,0.1163,10159572.131680312,555828.9094678867,10715401.041148199,0.0518719651586953,18.278236267714835,12,binance;bitget;bybit;coinbase;crypto_com;gate;htx;kraken;kucoin;mexc;okx;upbit,optimism,optimism,5,uniswap-v4-optimism;uniswap_v3_optimism;velodrome-finance-slipstream,0x4dc22588ade05c40338a9d95a6da9dcee68bcd60;0x68f5c0a2de713a54991e01858fd27a3832401849;0xb533c12fb4e7b53b5524eab9b47d93ff6c7a456f;0xe46d7b8fd3eb5448cbfd2719a9ddf52da7874c858a9b7f76f7c541d5af612d2a;0xebd5311bea1948e1441333976eadcfe5fbda777c,0.087932647333957,-0.042992261392949316,0.1384350816852966,0.06620808254514188
2026-04-14,OP,0.1113,9816910.372849312,564570.0540658381,10381480.42691515,0.05438242243390712,17.38829451217138,12,binance;bitget;bybit;coinbase;crypto_com;gate;htx;kraken;kucoin;mexc;okx;upbit,optimism,optimism,5,uniswap-v4-optimism;uniswap_v3_optimism;velodrome-finance-slipstream,0x4dc22588ade05c40338a9d95a6da9dcee68bcd60;0x68f5c0a2de713a54991e01858fd27a3832401849;0xb533c12fb4e7b53b5524eab9b47d93ff6c7a456f;0xe46d7b8fd3eb5448cbfd2719a9ddf52da7874c858a9b7f76f7c541d5af612d2a;0xebd5311bea1948e1441333976eadcfe5fbda777c,-0.042992261392949316,0.07726864330637917,0.2075471698113207,0.10691823899371067
2026-04-15,OP,0.1199,12107901.583840659,1210153.0841185946,13318054.667959254,0.09086560419593384,10.00526441054303,12,binance;bitget;bybit;coinbase;crypto_com;gate;htx;kraken;kucoin;mexc;okx;upbit,optimism,optimism,5,uniswap-v4-optimism;uniswap_v3_optimism;velodrome-finance-slipstream,0x4dc22588ade05c40338a9d95a6da9dcee68bcd60;0x68f5c0a2de713a54991e01858fd27a3832401849;0xb533c12fb4e7b53b5524eab9b47d93ff6c7a456f;0xe46d7b8fd3eb5448cbfd2719a9ddf52da7874c858a9b7f76f7c541d5af612d2a;0xebd5311bea1948e1441333976eadcfe5fbda777c,0.07726864330637917,0.10425354462051706,0.05004170141784825,0.00917431192660545
2026-04-16,OP,0.1324,21194792.865045447,2688108.742562542,23882901.60760799,0.11255369162121552,7.884648611663196,12,binance;bitget;bybit;coinbase;crypto_com;gate;htx;kraken;kucoin;mexc;okx;upbit,optimism,optimism,5,uniswap-v4-optimism;uniswap_v3_optimism;velodrome-finance-slipstream,0x4dc22588ade05c40338a9d95a6da9dcee68bcd60;0x68f5c0a2de713a54991e01858fd27a3832401849;0xb533c12fb4e7b53b5524eab9b47d93ff6c7a456f;0xe46d7b8fd3eb5448cbfd2719a9ddf52da7874c858a9b7f76f7c541d5af612d2a;0xebd5311bea1948e1441333976eadcfe5fbda777c,0.10425354462051706,0.015105740181268867,-0.09063444108761332,-0.08157099697885195
2026-04-17,OP,0.1344,18387395.32396802,1796423.3466604396,20183818.67062846,0.08900314534011343,10.235557981447014,12,binance;bitget;bybit;coinbase;crypto_com;gate;htx;kraken;kucoin;mexc;okx;upbit,optimism,optimism,5,uniswap-v4-optimism;uniswap_v3_optimism;velodrome-finance-slipstream,0x4dc22588ade05c40338a9d95a6da9dcee68bcd60;0x68f5c0a2de713a54991e01858fd27a3832401849;0xb533c12fb4e7b53b5524eab9b47d93ff6c7a456f;0xe46d7b8fd3eb5448cbfd2719a9ddf52da7874c858a9b7f76f7c541d5af612d2a;0xebd5311bea1948e1441333976eadcfe5fbda777c,0.015105740181268867,-0.06324404761904745,-0.07738095238095233,-0.06845238095238082
2026-04-18,OP,0.1259,11443924.277690629,1135176.2238771084,12579100.501567736,0.09024303635507412,10.081187428859963,12,binance;bitget;bybit;coinbase;crypto_com;gate;htx;kraken;kucoin;mexc;okx;upbit,optimism,optimism,5,uniswap-v4-optimism;uniswap_v3_optimism;velodrome-finance-slipstream,0x4dc22588ade05c40338a9d95a6da9dcee68bcd60;0x68f5c0a2de713a54991e01858fd27a3832401849;0xb533c12fb4e7b53b5524eab9b47d93ff6c7a456f;0xe46d7b8fd3eb5448cbfd2719a9ddf52da7874c858a9b7f76f7c541d5af612d2a;0xebd5311bea1948e1441333976eadcfe5fbda777c,-0.06324404761904745,-0.04368546465448786,-0.0214455917394758,-0.007148530579825341
2026-04-19,OP,0.1204,9416103.80650071,814951.9665613744,10231055.773062086,0.0796547281764514,11.554182568858897,12,binance;bitget;bybit;coinbase;crypto_com;gate;htx;kraken;kucoin;mexc;okx;upbit,optimism,optimism,5,uniswap-v4-optimism;uniswap_v3_optimism;velodrome-finance-slipstream,0x4dc22588ade05c40338a9d95a6da9dcee68bcd60;0x68f5c0a2de713a54991e01858fd27a3832401849;0xb533c12fb4e7b53b5524eab9b47d93ff6c7a456f;0xe46d7b8fd3eb5448cbfd2719a9ddf52da7874c858a9b7f76f7c541d5af612d2a;0xebd5311bea1948e1441333976eadcfe5fbda777c,-0.04368546465448786,0.029900332225913706,0.004983388704318914,0.04485049833887045
2026-04-20,OP,0.124,8975749.991551125,811455.2319302931,9787205.223481419,0.08290980043858213,11.061300289110926,12,binance;bitget;bybit;coinbase;crypto_com;gate;htx;kraken;kucoin;mexc;okx;upbit,optimism,optimism,5,uniswap-v4-optimism;uniswap_v3_optimism;velodrome-finance-slipstream,0x4dc22588ade05c40338a9d95a6da9dcee68bcd60;0x68f5c0a2de713a54991e01858fd27a3832401849;0xb533c12fb4e7b53b5524eab9b47d93ff6c7a456f;0xe46d7b8fd3eb5448cbfd2719a9ddf52da7874c858a9b7f76f7c541d5af612d2a;0xebd5311bea1948e1441333976eadcfe5fbda777c,0.029900332225913706,-0.006451612903225823,-0.01935483870967747,-0.012096774193548376
2026-04-21,OP,0.1232,10003736.270674663,860532.1683109864,10864268.43898565,0.07920755761363814,11.625057887504129,12,binance;bitget;bybit;coinbase;crypto_com;gate;htx;kraken;kucoin;mexc;okx;upbit,optimism,optimism,5,uniswap-v4-optimism;uniswap_v3_optimism;velodrome-finance-slipstream,0x4dc22588ade05c40338a9d95a6da9dcee68bcd60;0x68f5c0a2de713a54991e01858fd27a3832401849;0xb533c12fb4e7b53b5524eab9b47d93ff6c7a456f;0xe46d7b8fd3eb5448cbfd2719a9ddf52da7874c858a9b7f76f7c541d5af612d2a;0xebd5311bea1948e1441333976eadcfe5fbda777c,-0.006451612903225823,-0.017857142857142905,0.016233766233766156,-0.017045454545454586
2026-04-22,OP,0.121,9196195.670044508,1241004.1468769587,10437199.816921467,0.11890202052709214,7.410286011684278,12,binance;bitget;bybit;coinbase;crypto_com;gate;htx;kraken;kucoin;mexc;okx;upbit,optimism,optimism,5,uniswap-v4-optimism;uniswap_v3_optimism;velodrome-finance-slipstream,0x4dc22588ade05c40338a9d95a6da9dcee68bcd60;0x68f5c0a2de713a54991e01858fd27a3832401849;0xb533c12fb4e7b53b5524eab9b47d93ff6c7a456f;0xe46d7b8fd3eb5448cbfd2719a9ddf52da7874c858a9b7f76f7c541d5af612d2a;0xebd5311bea1948e1441333976eadcfe5fbda777c,-0.017857142857142905,0.0049586776859504855,0.03305785123966953,-0.01074380165289257
2026-04-23,OP,0.1216,7992567.29648808,920933.2950145993,8913500.59150268,0.10331892454155815,8.678768961612334,12,binance;bitget;bybit;coinbase;crypto_com;gate;htx;kraken;kucoin;mexc;okx;upbit,optimism,optimism,5,uniswap-v4-optimism;uniswap_v3_optimism;velodrome-finance-slipstream,0x4dc22588ade05c40338a9d95a6da9dcee68bcd60;0x68f5c0a2de713a54991e01858fd27a3832401849;0xb533c12fb4e7b53b5524eab9b47d93ff6c7a456f;0xe46d7b8fd3eb5448cbfd2719a9ddf52da7874c858a9b7f76f7c541d5af612d2a;0xebd5311bea1948e1441333976eadcfe5fbda777c,0.0049586776859504855,0.02960526315789469,0.0345394736842104,-0.009868421052631637
2026-04-24,OP,0.1252,9986403.018843994,1241801.2996283546,11228204.318472348,0.11059660693788548,8.041868712677879,12,binance;bitget;bybit;coinbase;crypto_com;gate;htx;kraken;kucoin;mexc;okx;upbit,optimism,optimism,5,uniswap-v4-optimism;uniswap_v3_optimism;velodrome-finance-slipstream,0x4dc22588ade05c40338a9d95a6da9dcee68bcd60;0x68f5c0a2de713a54991e01858fd27a3832401849;0xb533c12fb4e7b53b5524eab9b47d93ff6c7a456f;0xe46d7b8fd3eb5448cbfd2719a9ddf52da7874c858a9b7f76f7c541d5af612d2a;0xebd5311bea1948e1441333976eadcfe5fbda777c,0.02960526315789469,-0.0015974440894569453,-0.021565495207667817,-0.034345047923322825
2026-04-25,OP,0.125,17767849.752977595,1629683.3963642095,19397533.149341803,0.08401498189575245,10.902638998849289,12,binance;bitget;bybit;coinbase;crypto_com;gate;htx;kraken;kucoin;mexc;okx;upbit,optimism,optimism,5,uniswap-v4-optimism;uniswap_v3_optimism;velodrome-finance-slipstream,0x4dc22588ade05c40338a9d95a6da9dcee68bcd60;0x68f5c0a2de713a54991e01858fd27a3832401849;0xb533c12fb4e7b53b5524eab9b47d93ff6c7a456f;0xe46d7b8fd3eb5448cbfd2719a9ddf52da7874c858a9b7f76f7c541d5af612d2a;0xebd5311bea1948e1441333976eadcfe5fbda777c,-0.0015974440894569453,0.006399999999999961,-0.031200000000000006,0.0040000000000000036
2026-04-26,OP,0.1258,7349294.747093264,750654.4966603295,8099949.243753593,0.09267397536338995,9.790515849555769,12,binance;bitget;bybit;coinbase;crypto_com;gate;htx;kraken;kucoin;mexc;okx;upbit,optimism,optimism,5,uniswap-v4-optimism;uniswap_v3_optimism;velodrome-finance-slipstream,0x4dc22588ade05c40338a9d95a6da9dcee68bcd60;0x68f5c0a2de713a54991e01858fd27a3832401849;0xb533c12fb4e7b53b5524eab9b47d93ff6c7a456f;0xe46d7b8fd3eb5448cbfd2719a9ddf52da7874c858a9b7f76f7c541d5af612d2a;0xebd5311bea1948e1441333976eadcfe5fbda777c,0.006399999999999961,-0.026232114467408585,-0.048489666136724896,-0.02305246422893481
2026-04-27,OP,0.1225,8260377.44228024,1084192.2952403158,9344569.737520557,0.1160237791245796,7.618922841034664,12,binance;bitget;bybit;coinbase;crypto_com;gate;htx;kraken;kucoin;mexc;okx;upbit,optimism,optimism,5,uniswap-v4-optimism;uniswap_v3_optimism;velodrome-finance-slipstream,0x4dc22588ade05c40338a9d95a6da9dcee68bcd60;0x68f5c0a2de713a54991e01858fd27a3832401849;0xb533c12fb4e7b53b5524eab9b47d93ff6c7a456f;0xe46d7b8fd3eb5448cbfd2719a9ddf52da7874c858a9b7f76f7c541d5af612d2a;0xebd5311bea1948e1441333976eadcfe5fbda777c,-0.026232114467408585,-0.011428571428571455,-0.017142857142857126,0.013061224489795853
2026-04-28,OP,0.1211,5737512.25083565,741888.393109354,6479400.643945004,0.114499539984867,7.733659542493939,12,binance;bitget;bybit;coinbase;crypto_com;gate;htx;kraken;kucoin;mexc;okx;upbit,optimism,optimism,5,uniswap-v4-optimism;uniswap_v3_optimism;velodrome-finance-slipstream,0x4dc22588ade05c40338a9d95a6da9dcee68bcd60;0x68f5c0a2de713a54991e01858fd27a3832401849;0xb533c12fb4e7b53b5524eab9b47d93ff6c7a456f;0xe46d7b8fd3eb5448cbfd2719a9ddf52da7874c858a9b7f76f7c541d5af612d2a;0xebd5311bea1948e1441333976eadcfe5fbda777c,-0.011428571428571455,-0.011560693641618491,-0.0016515276630884035,0.06110652353426915
2026-04-29,OP,0.1197,9561769.29314969,1399316.0435340211,10961085.336683711,0.12766217947878744,6.833173490243927,12,binance;bitget;bybit;coinbase;crypto_com;gate;htx;kraken;kucoin;mexc;okx;upbit,optimism,optimism,5,uniswap-v4-optimism;uniswap_v3_optimism;velodrome-finance-slipstream,0x4dc22588ade05c40338a9d95a6da9dcee68bcd60;0x68f5c0a2de713a54991e01858fd27a3832401849;0xb533c12fb4e7b53b5524eab9b47d93ff6c7a456f;0xe46d7b8fd3eb5448cbfd2719a9ddf52da7874c858a9b7f76f7c541d5af612d2a;0xebd5311bea1948e1441333976eadcfe5fbda777c,-0.011560693641618491,0.005847953216374213,0.04845446950710097,0.18964076858813694
2026-04-30,OP,0.1204,7137668.4332478875,924636.3890293803,8062304.822277267,0.11468635947309777,7.719432760742329,12,binance;bitget;bybit;coinbase;crypto_com;gate;htx;kraken;kucoin;mexc;okx;upbit,optimism,optimism,5,uniswap-v4-optimism;uniswap_v3_optimism;velodrome-finance-slipstream,0x4dc22588ade05c40338a9d95a6da9dcee68bcd60;0x68f5c0a2de713a54991e01858fd27a3832401849;0xb533c12fb4e7b53b5524eab9b47d93ff6c7a456f;0xe46d7b8fd3eb5448cbfd2719a9ddf52da7874c858a9b7f76f7c541d5af612d2a;0xebd5311bea1948e1441333976eadcfe5fbda777c,0.005847953216374213,0.004152823920265725,0.020764119601328845,0.22923588039867115
2026-05-01,OP,0.1209,6531078.092652773,908910.6558981126,7439988.748550885,0.1221655954889911,7.185610654106905,12,binance;bitget;bybit;coinbase;crypto_com;gate;htx;kraken;kucoin;mexc;okx;upbit,optimism,optimism,5,uniswap-v4-optimism;uniswap_v3_optimism;velodrome-finance-slipstream,0x4dc22588ade05c40338a9d95a6da9dcee68bcd60;0x68f5c0a2de713a54991e01858fd27a3832401849;0xb533c12fb4e7b53b5524eab9b47d93ff6c7a456f;0xe46d7b8fd3eb5448cbfd2719a9ddf52da7874c858a9b7f76f7c541d5af612d2a;0xebd5311bea1948e1441333976eadcfe5fbda777c,0.004152823920265725,0.03804797353184464,0.026468155500413593,0.42100909842845335
2026-05-02,OP,0.1255,7660068.747722033,989440.0555207711,8649508.803242804,0.114392629457735,7.741821957764098,12,binance;bitget;bybit;coinbase;crypto_com;gate;htx;kraken;kucoin;mexc;okx;upbit,optimism,optimism,5,uniswap-v4-optimism;uniswap_v3_optimism;velodrome-finance-slipstream,0x4dc22588ade05c40338a9d95a6da9dcee68bcd60;0x68f5c0a2de713a54991e01858fd27a3832401849;0xb533c12fb4e7b53b5524eab9b47d93ff6c7a456f;0xe46d7b8fd3eb5448cbfd2719a9ddf52da7874c858a9b7f76f7c541d5af612d2a;0xebd5311bea1948e1441333976eadcfe5fbda777c,0.03804797353184464,-0.02071713147410359,0.0239043824701195,0.3011952191235059
2026-05-03,OP,0.1229,7360733.1996270185,958265.742748504,8318998.942375522,0.11519003060179109,7.681306835111225,12,binance;bitget;bybit;coinbase;crypto_com;gate;htx;kraken;kucoin;mexc;okx;upbit,optimism,optimism,5,uniswap-v4-optimism;uniswap_v3_optimism;velodrome-finance-slipstream,0x4dc22588ade05c40338a9d95a6da9dcee68bcd60;0x68f5c0a2de713a54991e01858fd27a3832401849;0xb533c12fb4e7b53b5524eab9b47d93ff6c7a456f;0xe46d7b8fd3eb5448cbfd2719a9ddf52da7874c858a9b7f76f7c541d5af612d2a;0xebd5311bea1948e1441333976eadcfe5fbda777c,-0.02071713147410359,0.009764035801464566,0.15866558177379986,0.32872253864930845
2026-05-04,OP,0.1241,16910146.001709357,2263472.523961949,19173618.525671307,0.11805140072706753,7.47088635832437,12,binance;bitget;bybit;coinbase;crypto_com;gate;htx;kraken;kucoin;mexc;okx;upbit,optimism,optimism,5,uniswap-v4-optimism;uniswap_v3_optimism;velodrome-finance-slipstream,0x4dc22588ade05c40338a9d95a6da9dcee68bcd60;0x68f5c0a2de713a54991e01858fd27a3832401849;0xb533c12fb4e7b53b5524eab9b47d93ff6c7a456f;0xe46d7b8fd3eb5448cbfd2719a9ddf52da7874c858a9b7f76f7c541d5af612d2a;0xebd5311bea1948e1441333976eadcfe5fbda777c,0.009764035801464566,0.03545527800161152,0.192586623690572,0.2651087832393231
2026-05-05,OP,0.1285,15520798.032836193,2016359.5484152958,17537157.581251487,0.11497641730555769,7.697435730167445,12,binance;bitget;bybit;coinbase;crypto_com;gate;htx;kraken;kucoin;mexc;okx;upbit,optimism,optimism,5,uniswap-v4-optimism;uniswap_v3_optimism;velodrome-finance-slipstream,0x4dc22588ade05c40338a9d95a6da9dcee68bcd60;0x68f5c0a2de713a54991e01858fd27a3832401849;0xb533c12fb4e7b53b5524eab9b47d93ff6c7a456f;0xe46d7b8fd3eb5448cbfd2719a9ddf52da7874c858a9b7f76f7c541d5af612d2a;0xebd5311bea1948e1441333976eadcfe5fbda777c,0.03545527800161152,0.108171206225681,0.3369649805447472,0.18365758754863815
2026-05-06,OP,0.1424,26895319.11961471,1681833.7603239126,28577152.87993862,0.0588523904879472,15.991663239317308,12,binance;bitget;bybit;coinbase;crypto_com;gate;htx;kraken;kucoin;mexc;okx;upbit,optimism,optimism,5,uniswap-v4-optimism;uniswap_v3_optimism;velodrome-finance-slipstream,0x4dc22588ade05c40338a9d95a6da9dcee68bcd60;0x68f5c0a2de713a54991e01858fd27a3832401849;0xb533c12fb4e7b53b5524eab9b47d93ff6c7a456f;0xe46d7b8fd3eb5448cbfd2719a9ddf52da7874c858a9b7f76f7c541d5af612d2a;0xebd5311bea1948e1441333976eadcfe5fbda777c,0.108171206225681,0.0393258426966292,0.1467696629213484,0.025983146067415808
2026-05-07,OP,0.148,43811928.746018015,3235169.597878826,47047098.34389684,0.06876448732780363,13.542390103673014,12,binance;bitget;bybit;coinbase;crypto_com;gate;htx;kraken;kucoin;mexc;okx;upbit,optimism,optimism,5,uniswap-v4-optimism;uniswap_v3_optimism;velodrome-finance-slipstream,0x4dc22588ade05c40338a9d95a6da9dcee68bcd60;0x68f5c0a2de713a54991e01858fd27a3832401849;0xb533c12fb4e7b53b5524eab9b47d93ff6c7a456f;0xe46d7b8fd3eb5448cbfd2719a9ddf52da7874c858a9b7f76f7c541d5af612d2a;0xebd5311bea1948e1441333976eadcfe5fbda777c,0.0393258426966292,0.16081081081081083,0.10337837837837838,-0.0209459459459459
2026-05-08,OP,0.1718,59580285.22228331,2874564.2282277727,62454849.45051108,0.04602627743912126,20.726719075265112,12,binance;bitget;bybit;coinbase;crypto_com;gate;htx;kraken;kucoin;mexc;okx;upbit,optimism,optimism,5,uniswap-v4-optimism;uniswap_v3_optimism;velodrome-finance-slipstream,0x4dc22588ade05c40338a9d95a6da9dcee68bcd60;0x68f5c0a2de713a54991e01858fd27a3832401849;0xb533c12fb4e7b53b5524eab9b47d93ff6c7a456f;0xe46d7b8fd3eb5448cbfd2719a9ddf52da7874c858a9b7f76f7c541d5af612d2a;0xebd5311bea1948e1441333976eadcfe5fbda777c,0.16081081081081083,-0.049476135040745106,-0.08614668218859145,-0.2043073341094297
2026-05-09,OP,0.1633,26397464.061889544,2625616.1452189465,29023080.20710849,0.09046648827355913,10.053816933582382,12,binance;bitget;bybit;coinbase;crypto_com;gate;htx;kraken;kucoin;mexc;okx;upbit,optimism,optimism,5,uniswap-v4-optimism;uniswap_v3_optimism;velodrome-finance-slipstream,0x4dc22588ade05c40338a9d95a6da9dcee68bcd60;0x68f5c0a2de713a54991e01858fd27a3832401849;0xb533c12fb4e7b53b5524eab9b47d93ff6c7a456f;0xe46d7b8fd3eb5448cbfd2719a9ddf52da7874c858a9b7f76f7c541d5af612d2a;0xebd5311bea1948e1441333976eadcfe5fbda777c,-0.049476135040745106,0.0,-0.0685854255970606,-0.18493570116350277
2026-05-10,OP,0.1633,16252816.24143486,1042437.0203736376,17295253.261808496,0.060273012750588315,15.591173302353951,12,binance;bitget;bybit;coinbase;crypto_com;gate;htx;kraken;kucoin;mexc;okx;upbit,optimism,optimism,5,uniswap-v4-optimism;uniswap_v3_optimism;velodrome-finance-slipstream,0x4dc22588ade05c40338a9d95a6da9dcee68bcd60;0x68f5c0a2de713a54991e01858fd27a3832401849;0xb533c12fb4e7b53b5524eab9b47d93ff6c7a456f;0xe46d7b8fd3eb5448cbfd2719a9ddf52da7874c858a9b7f76f7c541d5af612d2a;0xebd5311bea1948e1441333976eadcfe5fbda777c,0.0,-0.038579301898346574,-0.10532761788120015,-0.21432945499081446
2026-05-11,OP,0.157,11857771.55770521,654675.3042178064,12512446.861923017,0.05232192483550659,18.112446706497735,12,binance;bitget;bybit;coinbase;crypto_com;gate;htx;kraken;kucoin;mexc;okx;upbit,optimism,optimism,5,uniswap-v4-optimism;uniswap_v3_optimism;velodrome-finance-slipstream,0x4dc22588ade05c40338a9d95a6da9dcee68bcd60;0x68f5c0a2de713a54991e01858fd27a3832401849;0xb533c12fb4e7b53b5524eab9b47d93ff6c7a456f;0xe46d7b8fd3eb5448cbfd2719a9ddf52da7874c858a9b7f76f7c541d5af612d2a;0xebd5311bea1948e1441333976eadcfe5fbda777c,-0.038579301898346574,-0.03121019108280243,-0.0770700636942675,-0.17515923566878977
2026-05-12,OP,0.1521,11485735.46395194,474477.91420975764,11960213.378161697,0.039671358629446596,24.20710241715132,12,binance;bitget;bybit;coinbase;crypto_com;gate;htx;kraken;kucoin;mexc;okx;upbit,optimism,optimism,5,uniswap-v4-optimism;uniswap_v3_optimism;velodrome-finance-slipstream,0x4dc22588ade05c40338a9d95a6da9dcee68bcd60;0x68f5c0a2de713a54991e01858fd27a3832401849;0xb533c12fb4e7b53b5524eab9b47d93ff6c7a456f;0xe46d7b8fd3eb5448cbfd2719a9ddf52da7874c858a9b7f76f7c541d5af612d2a;0xebd5311bea1948e1441333976eadcfe5fbda777c,-0.03121019108280243,-0.03944773175542404,-0.1012491781722552,-0.17159763313609477
2026-05-13,OP,0.1461,13604406.987509273,459815.5346288181,14064222.52213809,0.03269398887176562,29.58666239602215,12,binance;bitget;bybit;coinbase;crypto_com;gate;htx;kraken;kucoin;mexc;okx;upbit,optimism,optimism,5,uniswap-v4-optimism;uniswap_v3_optimism;velodrome-finance-slipstream,0x4dc22588ade05c40338a9d95a6da9dcee68bcd60;0x68f5c0a2de713a54991e01858fd27a3832401849;0xb533c12fb4e7b53b5524eab9b47d93ff6c7a456f;0xe46d7b8fd3eb5448cbfd2719a9ddf52da7874c858a9b7f76f7c541d5af612d2a;0xebd5311bea1948e1441333976eadcfe5fbda777c,-0.03944773175542404,-0.008213552361396315,-0.08898015058179332,-0.11635865845311444
2026-05-14,OP,0.1449,10887504.320177885,437869.56999635196,11325373.890174236,0.03866270325752711,24.864720150040554,12,binance;bitget;bybit;coinbase;crypto_com;gate;htx;kraken;kucoin;mexc;okx;upbit,optimism,optimism,5,uniswap-v4-optimism;uniswap_v3_optimism;velodrome-finance-slipstream,0x4dc22588ade05c40338a9d95a6da9dcee68bcd60;0x68f5c0a2de713a54991e01858fd27a3832401849;0xb533c12fb4e7b53b5524eab9b47d93ff6c7a456f;0xe46d7b8fd3eb5448cbfd2719a9ddf52da7874c858a9b7f76f7c541d5af612d2a;0xebd5311bea1948e1441333976eadcfe5fbda777c,-0.008213552361396315,-0.0565907522429262,-0.11456176673567975,-0.08626639061421681
2026-05-15,OP,0.1367,9799622.621846018,441206.0408223764,10240828.662668394,0.04308304096823097,22.21098923210622,12,binance;bitget;bybit;coinbase;crypto_com;gate;htx;kraken;kucoin;mexc;okx;upbit,optimism,optimism,5,uniswap-v4-optimism;uniswap_v3_optimism;velodrome-finance-slipstream,0x4dc22588ade05c40338a9d95a6da9dcee68bcd60;0x68f5c0a2de713a54991e01858fd27a3832401849;0xb533c12fb4e7b53b5524eab9b47d93ff6c7a456f;0xe46d7b8fd3eb5448cbfd2719a9ddf52da7874c858a9b7f76f7c541d5af612d2a;0xebd5311bea1948e1441333976eadcfe5fbda777c,-0.0565907522429262,-0.02633504023408917,-0.05267008046817834,-0.07242136064374538
2026-05-16,OP,0.1331,6298780.833937308,385111.45301480894,6683892.2869521165,0.057617842490759436,16.355734903825613,12,binance;bitget;bybit;coinbase;crypto_com;gate;htx;kraken;kucoin;mexc;okx;upbit,optimism,optimism,5,uniswap-v4-optimism;uniswap_v3_optimism;velodrome-finance-slipstream,0x4dc22588ade05c40338a9d95a6da9dcee68bcd60;0x68f5c0a2de713a54991e01858fd27a3832401849;0xb533c12fb4e7b53b5524eab9b47d93ff6c7a456f;0xe46d7b8fd3eb5448cbfd2719a9ddf52da7874c858a9b7f76f7c541d5af612d2a;0xebd5311bea1948e1441333976eadcfe5fbda777c,-0.02633504023408917,-0.0360631104432757,-0.053343350864011985,-0.020285499624342673
2026-05-17,OP,0.1283,6244802.603672129,249631.19020992756,6494433.793882057,0.03843771422307628,25.016115167421816,12,binance;bitget;bybit;coinbase;crypto_com;gate;htx;kraken;kucoin;mexc;okx;upbit,optimism,optimism,5,uniswap-v4-optimism;uniswap_v3_optimism;velodrome-finance-slipstream,0x4dc22588ade05c40338a9d95a6da9dcee68bcd60;0x68f5c0a2de713a54991e01858fd27a3832401849;0xb533c12fb4e7b53b5524eab9b47d93ff6c7a456f;0xe46d7b8fd3eb5448cbfd2719a9ddf52da7874c858a9b7f76f7c541d5af612d2a;0xebd5311bea1948e1441333976eadcfe5fbda777c,-0.0360631104432757,0.009353078721745955,0.00623538581449723,-0.0210444271239284
2026-05-18,OP,0.1295,5307601.684095163,394294.3944535078,5701896.078548671,0.06915145225759171,13.461012275996216,12,binance;bitget;bybit;coinbase;crypto_com;gate;htx;kraken;kucoin;mexc;okx;upbit,optimism,optimism,5,uniswap-v4-optimism;uniswap_v3_optimism;velodrome-finance-slipstream,0x4dc22588ade05c40338a9d95a6da9dcee68bcd60;0x68f5c0a2de713a54991e01858fd27a3832401849;0xb533c12fb4e7b53b5524eab9b47d93ff6c7a456f;0xe46d7b8fd3eb5448cbfd2719a9ddf52da7874c858a9b7f76f7c541d5af612d2a;0xebd5311bea1948e1441333976eadcfe5fbda777c,0.009353078721745955,-0.027027027027027084,0.02239382239382226,0.001544401544401497
2026-05-19,OP,0.126,4685695.802351435,287429.36222638946,4973125.164577824,0.05779652687482475,16.30207772113698,12,binance;bitget;bybit;coinbase;crypto_com;gate;htx;kraken;kucoin;mexc;okx;upbit,optimism,optimism,5,uniswap-v4-optimism;uniswap_v3_optimism;velodrome-finance-slipstream,0x4dc22588ade05c40338a9d95a6da9dcee68bcd60;0x68f5c0a2de713a54991e01858fd27a3832401849;0xb533c12fb4e7b53b5524eab9b47d93ff6c7a456f;0xe46d7b8fd3eb5448cbfd2719a9ddf52da7874c858a9b7f76f7c541d5af612d2a;0xebd5311bea1948e1441333976eadcfe5fbda777c,-0.027027027027027084,0.024603174603174516,0.006349206349206327,0.015079365079365248
2026-05-20,OP,0.1291,5554497.824016359,398839.6057791234,5953337.429795482,0.0669942885788728,13.92664555759397,12,binance;bitget;bybit;coinbase;crypto_com;gate;htx;kraken;kucoin;mexc;okx;upbit,optimism,optimism,5,uniswap-v4-optimism;uniswap_v3_optimism;velodrome-finance-slipstream,0x4dc22588ade05c40338a9d95a6da9dcee68bcd60;0x68f5c0a2de713a54991e01858fd27a3832401849;0xb533c12fb4e7b53b5524eab9b47d93ff6c7a456f;0xe46d7b8fd3eb5448cbfd2719a9ddf52da7874c858a9b7f76f7c541d5af612d2a;0xebd5311bea1948e1441333976eadcfe5fbda777c,0.024603174603174516,0.025561580170410547,0.010069713400464808,-0.04182804027885356
2026-05-21,OP,0.1324,6807250.161207317,527042.6844396591,7334292.8456469765,0.07186005461350888,12.91593709994219,12,binance;bitget;bybit;coinbase;crypto_com;gate;htx;kraken;kucoin;mexc;okx;upbit,optimism,optimism,5,uniswap-v4-optimism;uniswap_v3_optimism;velodrome-finance-slipstream,0x4dc22588ade05c40338a9d95a6da9dcee68bcd60;0x68f5c0a2de713a54991e01858fd27a3832401849;0xb533c12fb4e7b53b5524eab9b47d93ff6c7a456f;0xe46d7b8fd3eb5448cbfd2719a9ddf52da7874c858a9b7f76f7c541d5af612d2a;0xebd5311bea1948e1441333976eadcfe5fbda777c,0.025561580170410547,-0.04229607250755285,-0.051359516616314216,-0.10422960725075525
2026-05-22,OP,0.1268,7869313.278518064,879456.8131886948,8748770.091706758,0.10052347975429829,8.947924628596445,12,binance;bitget;bybit;coinbase;crypto_com;gate;htx;kraken;kucoin;mexc;okx;upbit,optimism,optimism,5,uniswap-v4-optimism;uniswap_v3_optimism;velodrome-finance-slipstream,0x4dc22588ade05c40338a9d95a6da9dcee68bcd60;0x68f5c0a2de713a54991e01858fd27a3832401849;0xb533c12fb4e7b53b5524eab9b47d93ff6c7a456f;0xe46d7b8fd3eb5448cbfd2719a9ddf52da7874c858a9b7f76f7c541d5af612d2a;0xebd5311bea1948e1441333976eadcfe5fbda777c,-0.04229607250755285,0.028391167192429068,0.022870662460567903,-0.06466876971608837
2026-05-23,OP,0.1304,7781047.132327477,968649.3529397736,8749696.485267252,0.11070662331782438,8.032883219002438,12,binance;bitget;bybit;coinbase;crypto_com;gate;htx;kraken;kucoin;mexc;okx;upbit,optimism,optimism,5,uniswap-v4-optimism;uniswap_v3_optimism;velodrome-finance-slipstream,0x4dc22588ade05c40338a9d95a6da9dcee68bcd60;0x68f5c0a2de713a54991e01858fd27a3832401849;0xb533c12fb4e7b53b5524eab9b47d93ff6c7a456f;0xe46d7b8fd3eb5448cbfd2719a9ddf52da7874c858a9b7f76f7c541d5af612d2a;0xebd5311bea1948e1441333976eadcfe5fbda777c,0.028391167192429068,-0.036809815950920255,-0.01917177914110413,-0.07515337423312873
2026-05-24,OP,0.1256,5130806.19002426,360803.6970245174,5491609.887048778,0.0657008972679258,14.220492285242884,12,binance;bitget;bybit;coinbase;crypto_com;gate;htx;kraken;kucoin;mexc;okx;upbit,optimism,optimism,5,uniswap-v4-optimism;uniswap_v3_optimism;velodrome-finance-slipstream,0x4dc22588ade05c40338a9d95a6da9dcee68bcd60;0x68f5c0a2de713a54991e01858fd27a3832401849;0xb533c12fb4e7b53b5524eab9b47d93ff6c7a456f;0xe46d7b8fd3eb5448cbfd2719a9ddf52da7874c858a9b7f76f7c541d5af612d2a;0xebd5311bea1948e1441333976eadcfe5fbda777c,-0.036809815950920255,0.03264331210191096,-0.015127388535031705,-0.05573248407643305
2026-05-25,OP,0.1297,5288913.414973725,810448.8126883623,6099362.2276620865,0.13287435348777624,6.525906796543661,12,binance;bitget;bybit;coinbase;crypto_com;gate;htx;kraken;kucoin;mexc;okx;upbit,optimism,optimism,5,uniswap-v4-optimism;uniswap_v3_optimism;velodrome-finance-slipstream,0x4dc22588ade05c40338a9d95a6da9dcee68bcd60;0x68f5c0a2de713a54991e01858fd27a3832401849;0xb533c12fb4e7b53b5524eab9b47d93ff6c7a456f;0xe46d7b8fd3eb5448cbfd2719a9ddf52da7874c858a9b7f76f7c541d5af612d2a;0xebd5311bea1948e1441333976eadcfe5fbda777c,0.03264331210191096,-0.013878180416345365,-0.08558211256746351,-0.040863531225906025
2026-05-26,OP,0.1279,8297933.072482122,1168228.8396795092,9466161.912161632,0.1234110350657144,7.103003102336157,12,binance;bitget;bybit;coinbase;crypto_com;gate;htx;kraken;kucoin;mexc;okx;upbit,optimism,optimism,5,uniswap-v4-optimism;uniswap_v3_optimism;velodrome-finance-slipstream,0x4dc22588ade05c40338a9d95a6da9dcee68bcd60;0x68f5c0a2de713a54991e01858fd27a3832401849;0xb533c12fb4e7b53b5524eab9b47d93ff6c7a456f;0xe46d7b8fd3eb5448cbfd2719a9ddf52da7874c858a9b7f76f7c541d5af612d2a;0xebd5311bea1948e1441333976eadcfe5fbda777c,-0.013878180416345365,-0.03283815480844421,-0.07271305707584064,-0.09616888193901496
2026-05-27,OP,0.1237,8482649.255658263,1017858.4735923234,9500507.729250588,0.10713727124904023,8.333819952120148,12,binance;bitget;bybit;coinbase;crypto_com;gate;htx;kraken;kucoin;mexc;okx;upbit,optimism,optimism,5,uniswap-v4-optimism;uniswap_v3_optimism;velodrome-finance-slipstream,0x4dc22588ade05c40338a9d95a6da9dcee68bcd60;0x68f5c0a2de713a54991e01858fd27a3832401849;0xb533c12fb4e7b53b5524eab9b47d93ff6c7a456f;0xe46d7b8fd3eb5448cbfd2719a9ddf52da7874c858a9b7f76f7c541d5af612d2a;0xebd5311bea1948e1441333976eadcfe5fbda777c,-0.03283815480844421,-0.04122877930476965,-0.025060630557801167,-0.007275666936135794
2026-05-28,OP,0.1186,12751412.210690748,827074.6136733333,13578486.824364081,0.06091066142873159,15.41748712858829,12,binance;bitget;bybit;coinbase;crypto_com;gate;htx;kraken;kucoin;mexc;okx;upbit,optimism,optimism,5,uniswap-v4-optimism;uniswap_v3_optimism;velodrome-finance-slipstream,0x4dc22588ade05c40338a9d95a6da9dcee68bcd60;0x68f5c0a2de713a54991e01858fd27a3832401849;0xb533c12fb4e7b53b5524eab9b47d93ff6c7a456f;0xe46d7b8fd3eb5448cbfd2719a9ddf52da7874c858a9b7f76f7c541d5af612d2a;0xebd5311bea1948e1441333976eadcfe5fbda777c,-0.04122877930476965,0.0,0.0,-0.05480607082630684
2026-05-29,OP,0.1186,9078651.369067473,695269.8513335576,9773921.22040103,0.07113520107797945,13.057737728242103,12,binance;bitget;bybit;coinbase;crypto_com;gate;htx;kraken;kucoin;mexc;okx;upbit,optimism,optimism,5,uniswap-v4-optimism;uniswap_v3_optimism;velodrome-finance-slipstream,0x4dc22588ade05c40338a9d95a6da9dcee68bcd60;0x68f5c0a2de713a54991e01858fd27a3832401849;0xb533c12fb4e7b53b5524eab9b47d93ff6c7a456f;0xe46d7b8fd3eb5448cbfd2719a9ddf52da7874c858a9b7f76f7c541d5af612d2a;0xebd5311bea1948e1441333976eadcfe5fbda777c,0.0,0.01686340640809436,0.04890387858347389,-0.17453625632377734
2026-05-30,OP,0.1206,4475387.407400264,628569.2621076439,5103956.669507909,0.12315333040792577,7.119959051758157,12,binance;bitget;bybit;coinbase;crypto_com;gate;htx;kraken;kucoin;mexc;okx;upbit,optimism,optimism,5,uniswap-v4-optimism;uniswap_v3_optimism;velodrome-finance-slipstream,0x4dc22588ade05c40338a9d95a6da9dcee68bcd60;0x68f5c0a2de713a54991e01858fd27a3832401849;0xb533c12fb4e7b53b5524eab9b47d93ff6c7a456f;0xe46d7b8fd3eb5448cbfd2719a9ddf52da7874c858a9b7f76f7c541d5af612d2a;0xebd5311bea1948e1441333976eadcfe5fbda777c,0.01686340640809436,-0.016583747927031545,-0.041459369817578806,-0.2222222222222222
2026-05-31,OP,0.1186,5696123.646563961,368691.5635602325,6064815.210124194,0.06079188743372818,15.44956329230841,12,binance;bitget;bybit;coinbase;crypto_com;gate;htx;kraken;kucoin;mexc;okx;upbit,optimism,optimism,5,uniswap-v4-optimism;uniswap_v3_optimism;velodrome-finance-slipstream,0x4dc22588ade05c40338a9d95a6da9dcee68bcd60;0x68f5c0a2de713a54991e01858fd27a3832401849;0xb533c12fb4e7b53b5524eab9b47d93ff6c7a456f;0xe46d7b8fd3eb5448cbfd2719a9ddf52da7874c858a9b7f76f7c541d5af612d2a;0xebd5311bea1948e1441333976eadcfe5fbda777c,-0.016583747927031545,0.04890387858347389,0.03541315345699836,-0.17790893760539628
2026-06-01,OP,0.1244,11073849.626910107,1685759.7339448377,12759609.360854944,0.1321168764865608,6.569055722428634,12,binance;bitget;bybit;coinbase;crypto_com;gate;htx;kraken;kucoin;mexc;okx;upbit,optimism,optimism,5,uniswap-v4-optimism;uniswap_v3_optimism;velodrome-finance-slipstream,0x4dc22588ade05c40338a9d95a6da9dcee68bcd60;0x68f5c0a2de713a54991e01858fd27a3832401849;0xb533c12fb4e7b53b5524eab9b47d93ff6c7a456f;0xe46d7b8fd3eb5448cbfd2719a9ddf52da7874c858a9b7f76f7c541d5af612d2a;0xebd5311bea1948e1441333976eadcfe5fbda777c,0.04890387858347389,-0.07073954983922837,-0.0988745980707395,-0.22829581993569126
2026-06-02,OP,0.1156,15429098.906953888,3835704.619270394,19264803.52622428,0.19910426877954024,4.022494023507139,12,binance;bitget;bybit;coinbase;crypto_com;gate;htx;kraken;kucoin;mexc;okx;upbit,optimism,optimism,5,uniswap-v4-optimism;uniswap_v3_optimism;velodrome-finance-slipstream,0x4dc22588ade05c40338a9d95a6da9dcee68bcd60;0x68f5c0a2de713a54991e01858fd27a3832401849;0xb533c12fb4e7b53b5524eab9b47d93ff6c7a456f;0xe46d7b8fd3eb5448cbfd2719a9ddf52da7874c858a9b7f76f7c541d5af612d2a;0xebd5311bea1948e1441333976eadcfe5fbda777c,-0.07073954983922837,0.06228373702422152,-0.15311418685121103,-0.16349480968858132
2026-06-03,OP,0.1228,18550286.84141442,1322328.7634728728,19872615.604887296,0.06654024763341525,14.028498323439045,12,binance;bitget;bybit;coinbase;crypto_com;gate;htx;kraken;kucoin;mexc;okx;upbit,optimism,optimism,5,uniswap-v4-optimism;uniswap_v3_optimism;velodrome-finance-slipstream,0x4dc22588ade05c40338a9d95a6da9dcee68bcd60;0x68f5c0a2de713a54991e01858fd27a3832401849;0xb533c12fb4e7b53b5524eab9b47d93ff6c7a456f;0xe46d7b8fd3eb5448cbfd2719a9ddf52da7874c858a9b7f76f7c541d5af612d2a;0xebd5311bea1948e1441333976eadcfe5fbda777c,0.06228373702422152,-0.08713355048859939,-0.23615635179153105,-0.25895765472312704
2026-06-04,OP,0.1121,22850654.55345088,766728.2674740913,23617382.82092497,0.03246457379666857,29.802806969319196,12,binance;bitget;bybit;coinbase;crypto_com;gate;htx;kraken;kucoin;mexc;okx;upbit,optimism,optimism,5,uniswap-v4-optimism;uniswap_v3_optimism;velodrome-finance-slipstream,0x4dc22588ade05c40338a9d95a6da9dcee68bcd60;0x68f5c0a2de713a54991e01858fd27a3832401849;0xb533c12fb4e7b53b5524eab9b47d93ff6c7a456f;0xe46d7b8fd3eb5448cbfd2719a9ddf52da7874c858a9b7f76f7c541d5af612d2a;0xebd5311bea1948e1441333976eadcfe5fbda777c,-0.08713355048859939,-0.1266726137377342,-0.13024085637823368,-0.14808206958073156
2026-06-05,OP,0.0979,18779825.61900261,727008.4688108439,19506834.087813456,0.037269423912567615,25.831646293915213,12,binance;bitget;bybit;coinbase;crypto_com;gate;htx;kraken;kucoin;mexc;okx;upbit,optimism,optimism,5,uniswap-v4-optimism;uniswap_v3_optimism;velodrome-finance-slipstream,0x4dc22588ade05c40338a9d95a6da9dcee68bcd60;0x68f5c0a2de713a54991e01858fd27a3832401849;0xb533c12fb4e7b53b5524eab9b47d93ff6c7a456f;0xe46d7b8fd3eb5448cbfd2719a9ddf52da7874c858a9b7f76f7c541d5af612d2a;0xebd5311bea1948e1441333976eadcfe5fbda777c,-0.1266726137377342,-0.04187946884576099,-0.019407558733401387,0.019407558733401498
2026-06-06,OP,0.0938,8092928.523174625,318689.19107852026,8411617.714253144,0.037886789664551015,25.394424253255103,12,binance;bitget;bybit;coinbase;crypto_com;gate;htx;kraken;kucoin;mexc;okx;upbit,optimism,optimism,5,uniswap-v4-optimism;uniswap_v3_optimism;velodrome-finance-slipstream,0x4dc22588ade05c40338a9d95a6da9dcee68bcd60;0x68f5c0a2de713a54991e01858fd27a3832401849;0xb533c12fb4e7b53b5524eab9b47d93ff6c7a456f;0xe46d7b8fd3eb5448cbfd2719a9ddf52da7874c858a9b7f76f7c541d5af612d2a;0xebd5311bea1948e1441333976eadcfe5fbda777c,-0.04187946884576099,0.039445628997867965,0.030916844349680117,0.14072494669509594
2026-06-07,OP,0.0975,10347774.554732213,298982.7131968542,10646757.267929068,0.028082044670772348,34.60994264213229,12,binance;bitget;bybit;coinbase;crypto_com;gate;htx;kraken;kucoin;mexc;okx;upbit,optimism,optimism,5,uniswap-v4-optimism;uniswap_v3_optimism;velodrome-finance-slipstream,0x4dc22588ade05c40338a9d95a6da9dcee68bcd60;0x68f5c0a2de713a54991e01858fd27a3832401849;0xb533c12fb4e7b53b5524eab9b47d93ff6c7a456f;0xe46d7b8fd3eb5448cbfd2719a9ddf52da7874c858a9b7f76f7c541d5af612d2a;0xebd5311bea1948e1441333976eadcfe5fbda777c,0.039445628997867965,-0.015384615384615441,-0.06666666666666676,0.11282051282051286
2026-06-08,OP,0.096,8527293.761121359,365613.4757788453,8892907.236900205,0.04111293034315817,23.32324798191904,12,binance;bitget;bybit;coinbase;crypto_com;gate;htx;kraken;kucoin;mexc;okx;upbit,optimism,optimism,5,uniswap-v4-optimism;uniswap_v3_optimism;velodrome-finance-slipstream,0x4dc22588ade05c40338a9d95a6da9dcee68bcd60;0x68f5c0a2de713a54991e01858fd27a3832401849;0xb533c12fb4e7b53b5524eab9b47d93ff6c7a456f;0xe46d7b8fd3eb5448cbfd2719a9ddf52da7874c858a9b7f76f7c541d5af612d2a;0xebd5311bea1948e1441333976eadcfe5fbda777c,-0.015384615384615441,0.007291666666666696,-0.00520833333333337,0.1312500000000001
2026-06-09,OP,0.0967,8284773.977525084,228381.40780895634,8513155.385334041,0.026826881158823705,36.2760439083351,12,binance;bitget;bybit;coinbase;crypto_com;gate;htx;kraken;kucoin;mexc;okx;upbit,optimism,optimism,5,uniswap-v4-optimism;uniswap_v3_optimism;velodrome-finance-slipstream,0x4dc22588ade05c40338a9d95a6da9dcee68bcd60;0x68f5c0a2de713a54991e01858fd27a3832401849;0xb533c12fb4e7b53b5524eab9b47d93ff6c7a456f;0xe46d7b8fd3eb5448cbfd2719a9ddf52da7874c858a9b7f76f7c541d5af612d2a;0xebd5311bea1948e1441333976eadcfe5fbda777c,0.007291666666666696,-0.058945191313340195,0.03205791106514999,0.12719751809720803
2026-06-10,OP,0.091,10792014.68370568,496593.6434412146,11288608.327146895,0.043990687695931834,21.732083819923503,12,binance;bitget;bybit;coinbase;crypto_com;gate;htx;kraken;kucoin;mexc;okx;upbit,optimism,optimism,5,uniswap-v4-optimism;uniswap_v3_optimism;velodrome-finance-slipstream,0x4dc22588ade05c40338a9d95a6da9dcee68bcd60;0x68f5c0a2de713a54991e01858fd27a3832401849;0xb533c12fb4e7b53b5524eab9b47d93ff6c7a456f;0xe46d7b8fd3eb5448cbfd2719a9ddf52da7874c858a9b7f76f7c541d5af612d2a;0xebd5311bea1948e1441333976eadcfe5fbda777c,-0.058945191313340195,0.0494505494505495,0.17582417582417587,0.19560439560439558
2026-06-11,OP,0.0955,7609507.606504011,288370.2764417296,7897877.882945741,0.036512374680345606,26.38797486481464,12,binance;bitget;bybit;coinbase;crypto_com;gate;htx;kraken;kucoin;mexc;okx;upbit,optimism,optimism,5,uniswap-v4-optimism;uniswap_v3_optimism;velodrome-finance-slipstream,0x4dc22588ade05c40338a9d95a6da9dcee68bcd60;0x68f5c0a2de713a54991e01858fd27a3832401849;0xb533c12fb4e7b53b5524eab9b47d93ff6c7a456f;0xe46d7b8fd3eb5448cbfd2719a9ddf52da7874c858a9b7f76f7c541d5af612d2a;0xebd5311bea1948e1441333976eadcfe5fbda777c,0.0494505494505495,0.04502617801047126,0.1361256544502618,0.14450261780104712
2026-06-12,OP,0.0998,9543785.139948295,556080.6473425061,10099865.787290802,0.055058221470848843,17.16259176714345,12,binance;bitget;bybit;coinbase;crypto_com;gate;htx;kraken;kucoin;mexc;okx;upbit,optimism,optimism,5,uniswap-v4-optimism;uniswap_v3_optimism;velodrome-finance-slipstream,0x4dc22588ade05c40338a9d95a6da9dcee68bcd60;0x68f5c0a2de713a54991e01858fd27a3832401849;0xb533c12fb4e7b53b5524eab9b47d93ff6c7a456f;0xe46d7b8fd3eb5448cbfd2719a9ddf52da7874c858a9b7f76f7c541d5af612d2a;0xebd5311bea1948e1441333976eadcfe5fbda777c,0.04502617801047126,0.07214428857715438,0.08817635270541091,0.04208416833667328
2026-06-13,OP,0.107,16087780.526495017,428546.83792168554,16516327.364416704,0.0259468602472097,37.54030855650594,12,binance;bitget;bybit;coinbase;crypto_com;gate;htx;kraken;kucoin;mexc;okx;upbit,optimism,optimism,5,uniswap-v4-optimism;uniswap_v3_optimism;velodrome-finance-slipstream,0x4dc22588ade05c40338a9d95a6da9dcee68bcd60;0x68f5c0a2de713a54991e01858fd27a3832401849;0xb533c12fb4e7b53b5524eab9b47d93ff6c7a456f;0xe46d7b8fd3eb5448cbfd2719a9ddf52da7874c858a9b7f76f7c541d5af612d2a;0xebd5311bea1948e1441333976eadcfe5fbda777c,0.07214428857715438,0.014018691588784993,0.01869158878504673,-0.03084112149532703
2026-06-14,OP,0.1085,9149723.518342134,220586.97913365296,9370310.497475786,0.023541053329350786,41.478982822455464,12,binance;bitget;bybit;coinbase;crypto_com;gate;htx;kraken;kucoin;mexc;okx;upbit,optimism,optimism,5,uniswap-v4-optimism;uniswap_v3_optimism;velodrome-finance-slipstream,0x4dc22588ade05c40338a9d95a6da9dcee68bcd60;0x68f5c0a2de713a54991e01858fd27a3832401849;0xb533c12fb4e7b53b5524eab9b47d93ff6c7a456f;0xe46d7b8fd3eb5448cbfd2719a9ddf52da7874c858a9b7f76f7c541d5af612d2a;0xebd5311bea1948e1441333976eadcfe5fbda777c,0.014018691588784993,0.0009216589861751334,0.0027649769585254003,-0.08018433179723505
2026-06-15,OP,0.1086,9718674.523331007,708809.8596451167,10427484.382976124,0.0679751542761663,13.711257527084772,12,binance;bitget;bybit;coinbase;crypto_com;gate;htx;kraken;kucoin;mexc;okx;upbit,optimism,optimism,5,uniswap-v4-optimism;uniswap_v3_optimism;velodrome-finance-slipstream,0x4dc22588ade05c40338a9d95a6da9dcee68bcd60;0x68f5c0a2de713a54991e01858fd27a3832401849;0xb533c12fb4e7b53b5524eab9b47d93ff6c7a456f;0xe46d7b8fd3eb5448cbfd2719a9ddf52da7874c858a9b7f76f7c541d5af612d2a;0xebd5311bea1948e1441333976eadcfe5fbda777c,0.0009216589861751334,0.0036832412523020164,0.006445672191528473,-0.0727440147329651
2026-06-16,OP,0.109,7432653.768150932,448536.4319167655,7881190.200067698,0.056912270929955815,16.570903140216274,12,binance;bitget;bybit;coinbase;crypto_com;gate;htx;kraken;kucoin;mexc;okx;upbit,optimism,optimism,5,uniswap-v4-optimism;uniswap_v3_optimism;velodrome-finance-slipstream,0x4dc22588ade05c40338a9d95a6da9dcee68bcd60;0x68f5c0a2de713a54991e01858fd27a3832401849;0xb533c12fb4e7b53b5524eab9b47d93ff6c7a456f;0xe46d7b8fd3eb5448cbfd2719a9ddf52da7874c858a9b7f76f7c541d5af612d2a;0xebd5311bea1948e1441333976eadcfe5fbda777c,0.0036832412523020164,-0.0018348623853211565,-0.04587155963302758,-0.06972477064220184
2026-06-17,OP,0.1088,8577961.330692828,678566.1700917159,9256527.500784544,0.07330677406124526,12.641304133292438,12,binance;bitget;bybit;coinbase;crypto_com;gate;htx;kraken;kucoin;mexc;okx;upbit,optimism,optimism,5,uniswap-v4-optimism;uniswap_v3_optimism;velodrome-finance-slipstream,0x4dc22588ade05c40338a9d95a6da9dcee68bcd60;0x68f5c0a2de713a54991e01858fd27a3832401849;0xb533c12fb4e7b53b5524eab9b47d93ff6c7a456f;0xe46d7b8fd3eb5448cbfd2719a9ddf52da7874c858a9b7f76f7c541d5af612d2a;0xebd5311bea1948e1441333976eadcfe5fbda777c,-0.0018348623853211565,0.004595588235294157,-0.04687499999999989,-0.03952205882352944
2026-06-18,OP,0.1093,8863434.164246993,680641.6041166187,9544075.768363612,0.07131561197080886,13.022175122178343,12,binance;bitget;bybit;coinbase;crypto_com;gate;htx;kraken;kucoin;mexc;okx;upbit,optimism,optimism,5,uniswap-v4-optimism;uniswap_v3_optimism;velodrome-finance-slipstream,0x4dc22588ade05c40338a9d95a6da9dcee68bcd60;0x68f5c0a2de713a54991e01858fd27a3832401849;0xb533c12fb4e7b53b5524eab9b47d93ff6c7a456f;0xe46d7b8fd3eb5448cbfd2719a9ddf52da7874c858a9b7f76f7c541d5af612d2a;0xebd5311bea1948e1441333976eadcfe5fbda777c,0.004595588235294157,-0.04849039341262584,-0.08691674290942353,-0.03385178408051226
2026-06-19,OP,0.104,8081713.107104805,301451.346931428,8383164.454036233,0.035959135548902246,26.809344822543373,12,binance;bitget;bybit;coinbase;crypto_com;gate;htx;kraken;kucoin;mexc;okx;upbit,optimism,optimism,5,uniswap-v4-optimism;uniswap_v3_optimism;velodrome-finance-slipstream,0x4dc22588ade05c40338a9d95a6da9dcee68bcd60;0x68f5c0a2de713a54991e01858fd27a3832401849;0xb533c12fb4e7b53b5524eab9b47d93ff6c7a456f;0xe46d7b8fd3eb5448cbfd2719a9ddf52da7874c858a9b7f76f7c541d5af612d2a;0xebd5311bea1948e1441333976eadcfe5fbda777c,-0.04849039341262584,-0.0028846153846153744,-0.03173076923076923,0.01634615384615401
2026-06-20,OP,0.1037,5610603.74545786,234047.1618354411,5844650.907293301,0.04004467769723992,23.972107593437443,12,binance;bitget;bybit;coinbase;crypto_com;gate;htx;kraken;kucoin;mexc;okx;upbit,optimism,optimism,5,uniswap-v4-optimism;uniswap_v3_optimism;velodrome-finance-slipstream,0x4dc22588ade05c40338a9d95a6da9dcee68bcd60;0x68f5c0a2de713a54991e01858fd27a3832401849;0xb533c12fb4e7b53b5524eab9b47d93ff6c7a456f;0xe46d7b8fd3eb5448cbfd2719a9ddf52da7874c858a9b7f76f7c541d5af612d2a;0xebd5311bea1948e1441333976eadcfe5fbda777c,-0.0028846153846153744,-0.03760848601735778,-0.022179363548698094,-0.027965284474445462
2026-06-21,OP,0.0998,3951852.3092075344,88660.82856265326,4040513.1377701876,0.02194296257419966,44.57269769834048,12,binance;bitget;bybit;coinbase;crypto_com;gate;htx;kraken;kucoin;mexc;okx;upbit,optimism,optimism,5,uniswap-v4-optimism;uniswap_v3_optimism;velodrome-finance-slipstream,0x4dc22588ade05c40338a9d95a6da9dcee68bcd60;0x68f5c0a2de713a54991e01858fd27a3832401849;0xb533c12fb4e7b53b5524eab9b47d93ff6c7a456f;0xe46d7b8fd3eb5448cbfd2719a9ddf52da7874c858a9b7f76f7c541d5af612d2a;0xebd5311bea1948e1441333976eadcfe5fbda777c,-0.03760848601735778,0.009018036072144353,0.0470941883767535,0.002004008016032177
2026-06-22,OP,0.1007,4672380.304797376,241360.08605763369,4913740.39085501,0.04911942163383933,19.358545901751423,12,binance;bitget;bybit;coinbase;crypto_com;gate;htx;kraken;kucoin;mexc;okx;upbit,optimism,optimism,5,uniswap-v4-optimism;uniswap_v3_optimism;velodrome-finance-slipstream,0x4dc22588ade05c40338a9d95a6da9dcee68bcd60;0x68f5c0a2de713a54991e01858fd27a3832401849;0xb533c12fb4e7b53b5524eab9b47d93ff6c7a456f;0xe46d7b8fd3eb5448cbfd2719a9ddf52da7874c858a9b7f76f7c541d5af612d2a;0xebd5311bea1948e1441333976eadcfe5fbda777c,0.009018036072144353,0.006951340615690249,0.0486593843098313,-0.002979145978152853
2026-06-23,OP,0.1014,5656008.75907698,158004.4169167871,5814013.175993767,0.02717648070857356,35.79652309375447,12,binance;bitget;bybit;coinbase;crypto_com;gate;htx;kraken;kucoin;mexc;okx;upbit,optimism,optimism,5,uniswap-v4-optimism;uniswap_v3_optimism;velodrome-finance-slipstream,0x4dc22588ade05c40338a9d95a6da9dcee68bcd60;0x68f5c0a2de713a54991e01858fd27a3832401849;0xb533c12fb4e7b53b5524eab9b47d93ff6c7a456f;0xe46d7b8fd3eb5448cbfd2719a9ddf52da7874c858a9b7f76f7c541d5af612d2a;0xebd5311bea1948e1441333976eadcfe5fbda777c,0.006951340615690249,0.030571992110453472,0.04240631163708075,-0.0483234714003945
2026-06-24,OP,0.1045,14539000.703818725,754603.5152643251,15293604.21908305,0.04934111700907926,19.267072588080847,12,binance;bitget;bybit;coinbase;crypto_com;gate;htx;kraken;kucoin;mexc;okx;upbit,optimism,optimism,5,uniswap-v4-optimism;uniswap_v3_optimism;velodrome-finance-slipstream,0x4dc22588ade05c40338a9d95a6da9dcee68bcd60;0x68f5c0a2de713a54991e01858fd27a3832401849;0xb533c12fb4e7b53b5524eab9b47d93ff6c7a456f;0xe46d7b8fd3eb5448cbfd2719a9ddf52da7874c858a9b7f76f7c541d5af612d2a;0xebd5311bea1948e1441333976eadcfe5fbda777c,0.030571992110453472,0.010526315789473717,-0.03540669856459322,-0.09473684210526312
2026-06-25,OP,0.1056,14959323.20586997,810409.348526282,15769732.554396253,0.051390177083273224,18.45897167039508,12,binance;bitget;bybit;coinbase;crypto_com;gate;htx;kraken;kucoin;mexc;okx;upbit,optimism,optimism,5,uniswap-v4-optimism;uniswap_v3_optimism;velodrome-finance-slipstream,0x4dc22588ade05c40338a9d95a6da9dcee68bcd60;0x68f5c0a2de713a54991e01858fd27a3832401849;0xb533c12fb4e7b53b5524eab9b47d93ff6c7a456f;0xe46d7b8fd3eb5448cbfd2719a9ddf52da7874c858a9b7f76f7c541d5af612d2a;0xebd5311bea1948e1441333976eadcfe5fbda777c,0.010526315789473717,0.0009469696969697239,-0.05303030303030298,-0.06534090909090917
2026-06-26,OP,0.1057,10714674.753595725,746365.8436095148,11461040.59720524,0.06512199632130394,14.355794608416527,12,binance;bitget;bybit;coinbase;crypto_com;gate;htx;kraken;kucoin;mexc;okx;upbit,optimism,optimism,5,uniswap-v4-optimism;uniswap_v3_optimism;velodrome-finance-slipstream,0x4dc22588ade05c40338a9d95a6da9dcee68bcd60;0x68f5c0a2de713a54991e01858fd27a3832401849;0xb533c12fb4e7b53b5524eab9b47d93ff6c7a456f;0xe46d7b8fd3eb5448cbfd2719a9ddf52da7874c858a9b7f76f7c541d5af612d2a;0xebd5311bea1948e1441333976eadcfe5fbda777c,0.0009469696969697239,-0.04635761589403975,-0.050141911069063405,0.013245033112582849
2026-06-27,OP,0.1008,4398106.255383773,172719.8226047091,4570826.077988482,0.037787441407247595,25.46381873868287,12,binance;bitget;bybit;coinbase;crypto_com;gate;htx;kraken;kucoin;mexc;okx;upbit,optimism,optimism,5,uniswap-v4-optimism;uniswap_v3_optimism;velodrome-finance-slipstream,0x4dc22588ade05c40338a9d95a6da9dcee68bcd60;0x68f5c0a2de713a54991e01858fd27a3832401849;0xb533c12fb4e7b53b5524eab9b47d93ff6c7a456f;0xe46d7b8fd3eb5448cbfd2719a9ddf52da7874c858a9b7f76f7c541d5af612d2a;0xebd5311bea1948e1441333976eadcfe5fbda777c,-0.04635761589403975,-0.007936507936507908,-0.04265873015873012,0.06746031746031744
2026-06-28,OP,0.1,4086771.126293932,190767.86869502114,4277538.994988954,0.044597575596271984,21.42274353773599,12,binance;bitget;bybit;coinbase;crypto_com;gate;htx;kraken;kucoin;mexc;okx;upbit,optimism,optimism,5,uniswap-v4-optimism;uniswap_v3_optimism;velodrome-finance-slipstream,0x4dc22588ade05c40338a9d95a6da9dcee68bcd60;0x68f5c0a2de713a54991e01858fd27a3832401849;0xb533c12fb4e7b53b5524eab9b47d93ff6c7a456f;0xe46d7b8fd3eb5448cbfd2719a9ddf52da7874c858a9b7f76f7c541d5af612d2a;0xebd5311bea1948e1441333976eadcfe5fbda777c,-0.007936507936507908,0.0040000000000000036,-0.05400000000000005,0.08499999999999996
2026-06-29,OP,0.1004,5920629.457479142,375336.1221028042,6295965.579581946,0.059615338959290595,15.774206394815064,12,binance;bitget;bybit;coinbase;crypto_com;gate;htx;kraken;kucoin;mexc;okx;upbit,optimism,optimism,5,uniswap-v4-optimism;uniswap_v3_optimism;velodrome-finance-slipstream,0x4dc22588ade05c40338a9d95a6da9dcee68bcd60;0x68f5c0a2de713a54991e01858fd27a3832401849;0xb533c12fb4e7b53b5524eab9b47d93ff6c7a456f;0xe46d7b8fd3eb5448cbfd2719a9ddf52da7874c858a9b7f76f7c541d5af612d2a;0xebd5311bea1948e1441333976eadcfe5fbda777c,0.0040000000000000036,-0.03884462151394419,-0.016932270916334757,0.06872509960159356
2026-06-30,OP,0.0965,5146651.945073636,143252.27718740344,5289904.22226104,0.027080315856110863,35.9271911492252,12,binance;bitget;bybit;coinbase;crypto_com;gate;htx;kraken;kucoin;mexc;okx;upbit,optimism,optimism,5,uniswap-v4-optimism;uniswap_v3_optimism;velodrome-finance-slipstream,0x4dc22588ade05c40338a9d95a6da9dcee68bcd60;0x68f5c0a2de713a54991e01858fd27a3832401849;0xb533c12fb4e7b53b5524eab9b47d93ff6c7a456f;0xe46d7b8fd3eb5448cbfd2719a9ddf52da7874c858a9b7f76f7c541d5af612d2a;0xebd5311bea1948e1441333976eadcfe5fbda777c,-0.03884462151394419,-0.01968911917098448,0.10984455958549222,0.05803108808290158
2026-07-01,OP,0.0946,6225938.407616662,233653.25035731337,6459591.657973975,0.036171520233617645,26.646059483853396,12,binance;bitget;bybit;coinbase;crypto_com;gate;htx;kraken;kucoin;mexc;okx;upbit,optimism,optimism,5,uniswap-v4-optimism;uniswap_v3_optimism;velodrome-finance-slipstream,0x4dc22588ade05c40338a9d95a6da9dcee68bcd60;0x68f5c0a2de713a54991e01858fd27a3832401849;0xb533c12fb4e7b53b5524eab9b47d93ff6c7a456f;0xe46d7b8fd3eb5448cbfd2719a9ddf52da7874c858a9b7f76f7c541d5af612d2a;0xebd5311bea1948e1441333976eadcfe5fbda777c,-0.01968911917098448,0.04334038054968281,0.13742071881606766,
2026-07-02,OP,0.0987,5619781.398427639,192639.67952788292,5812421.077955522,0.033142760468352475,29.17250180336925,12,binance;bitget;bybit;coinbase;crypto_com;gate;htx;kraken;kucoin;mexc;okx;upbit,optimism,optimism,5,uniswap-v4-optimism;uniswap_v3_optimism;velodrome-finance-slipstream,0x4dc22588ade05c40338a9d95a6da9dcee68bcd60;0x68f5c0a2de713a54991e01858fd27a3832401849;0xb533c12fb4e7b53b5524eab9b47d93ff6c7a456f;0xe46d7b8fd3eb5448cbfd2719a9ddf52da7874c858a9b7f76f7c541d5af612d2a;0xebd5311bea1948e1441333976eadcfe5fbda777c,0.04334038054968281,0.08510638297872353,0.09929078014184411,
2026-07-03,OP,0.1071,6474226.3038461385,218281.7408862954,6692508.044732434,0.03261583541286909,29.659953588232614,12,binance;bitget;bybit;coinbase;crypto_com;gate;htx;kraken;kucoin;mexc;okx;upbit,optimism,optimism,5,uniswap-v4-optimism;uniswap_v3_optimism;velodrome-finance-slipstream,0x4dc22588ade05c40338a9d95a6da9dcee68bcd60;0x68f5c0a2de713a54991e01858fd27a3832401849;0xb533c12fb4e7b53b5524eab9b47d93ff6c7a456f;0xe46d7b8fd3eb5448cbfd2719a9ddf52da7874c858a9b7f76f7c541d5af612d2a;0xebd5311bea1948e1441333976eadcfe5fbda777c,0.08510638297872353,0.00466853408029877,0.0018674136321195078,
2026-07-04,OP,0.1076,5250379.060740146,204886.21002868607,5455265.2707688315,0.037557515511946984,25.62582938112351,12,binance;bitget;bybit;coinbase;crypto_com;gate;htx;kraken;kucoin;mexc;okx;upbit,optimism,optimism,5,uniswap-v4-optimism;uniswap_v3_optimism;velodrome-finance-slipstream,0x4dc22588ade05c40338a9d95a6da9dcee68bcd60;0x68f5c0a2de713a54991e01858fd27a3832401849;0xb533c12fb4e7b53b5524eab9b47d93ff6c7a456f;0xe46d7b8fd3eb5448cbfd2719a9ddf52da7874c858a9b7f76f7c541d5af612d2a;0xebd5311bea1948e1441333976eadcfe5fbda777c,0.00466853408029877,0.008364312267657992,-0.051115241635687814,
2026-07-05,OP,0.1085,4107622.796031898,149470.51847879513,4257093.314510693,0.035110933079458506,27.481157072554293,12,binance;bitget;bybit;coinbase;crypto_com;gate;htx;kraken;kucoin;mexc;okx;upbit,optimism,optimism,5,uniswap-v4-optimism;uniswap_v3_optimism;velodrome-finance-slipstream,0x4dc22588ade05c40338a9d95a6da9dcee68bcd60;0x68f5c0a2de713a54991e01858fd27a3832401849;0xb533c12fb4e7b53b5524eab9b47d93ff6c7a456f;0xe46d7b8fd3eb5448cbfd2719a9ddf52da7874c858a9b7f76f7c541d5af612d2a;0xebd5311bea1948e1441333976eadcfe5fbda777c,0.008364312267657992,-0.011059907834101268,,
2026-07-06,OP,0.1073,4618417.965798914,214268.7139237506,4832686.679722665,0.044337389970426744,21.554327186760542,12,binance;bitget;bybit;coinbase;crypto_com;gate;htx;kraken;kucoin;mexc;okx;upbit,optimism,optimism,5,uniswap-v4-optimism;uniswap_v3_optimism;velodrome-finance-slipstream,0x4dc22588ade05c40338a9d95a6da9dcee68bcd60;0x68f5c0a2de713a54991e01858fd27a3832401849;0xb533c12fb4e7b53b5524eab9b47d93ff6c7a456f;0xe46d7b8fd3eb5448cbfd2719a9ddf52da7874c858a9b7f76f7c541d5af612d2a;0xebd5311bea1948e1441333976eadcfe5fbda777c,-0.011059907834101268,-0.048462255358807216,,
2026-07-07,OP,0.1021,5007894.836105866,38193.58458811529,5046088.420693981,0.007568948738885274,131.11874389669552,12,binance;bitget;bybit;coinbase;crypto_com;gate;htx;kraken;kucoin;mexc;okx;upbit,optimism,optimism,5,uniswap-v4-optimism;uniswap_v3_optimism;velodrome-finance-slipstream,0x4dc22588ade05c40338a9d95a6da9dcee68bcd60;0x68f5c0a2de713a54991e01858fd27a3832401849;0xb533c12fb4e7b53b5524eab9b47d93ff6c7a456f;0xe46d7b8fd3eb5448cbfd2719a9ddf52da7874c858a9b7f76f7c541d5af612d2a;0xebd5311bea1948e1441333976eadcfe5fbda777c,-0.048462255358807216,,,
2026-01-17,PENDLE,2.106,6514985.348923673,250778.87391514462,6765764.222838817,0.037065860656007525,25.97900392171045,12,binance;bitget;bybit;coinbase;crypto_com;gate;htx;kraken;kucoin;mexc;okx;upbit,arbitrum;eth,arbitrum;eth,5,camelot;uniswap_v3;uniswap_v3_arbitrum,0x50e7b9293aef80c304234e86c84a01be8401c530;0x57af956d3e2cca3b86f3d8c6772c03ddca3eaacb;0xb08a8794a5d3ccca3725d92964696858d3201909;0xbfca4230115de8341f3a3d5e8845ffb3337b2be3;0xdbaeb7f0dfe3a0aafd798ccecb5b22e708f7852c,,-0.061728395061728336,-0.08024691358024683,-0.04558404558404561
2026-01-18,PENDLE,1.976,22033065.099549342,448248.42557444307,22481313.525123786,0.019938711546970203,49.15369211015821,12,binance;bitget;bybit;coinbase;crypto_com;gate;htx;kraken;kucoin;mexc;okx;upbit,arbitrum;eth,arbitrum;eth,5,camelot;uniswap_v3;uniswap_v3_arbitrum,0x50e7b9293aef80c304234e86c84a01be8401c530;0x57af956d3e2cca3b86f3d8c6772c03ddca3eaacb;0xb08a8794a5d3ccca3725d92964696858d3201909;0xbfca4230115de8341f3a3d5e8845ffb3337b2be3;0xdbaeb7f0dfe3a0aafd798ccecb5b22e708f7852c,-0.061728395061728336,-0.011133603238866363,0.04251012145748989,-0.06528340080971662
2026-01-19,PENDLE,1.954,41865575.86540659,1152185.8692121818,43017761.73461877,0.026783956736757743,36.33578312675591,12,binance;bitget;bybit;coinbase;crypto_com;gate;htx;kraken;kucoin;mexc;okx;upbit,arbitrum;eth,arbitrum;eth,5,camelot;uniswap_v3;uniswap_v3_arbitrum,0x50e7b9293aef80c304234e86c84a01be8401c530;0x57af956d3e2cca3b86f3d8c6772c03ddca3eaacb;0xb08a8794a5d3ccca3725d92964696858d3201909;0xbfca4230115de8341f3a3d5e8845ffb3337b2be3;0xdbaeb7f0dfe3a0aafd798ccecb5b22e708f7852c,-0.011133603238866363,-0.008700102354145312,0.11156601842374636,-0.010747185261003045
2026-01-20,PENDLE,1.937,61497349.27424182,4917684.543704701,66415033.81794652,0.07404474952440444,12.505346515763545,12,binance;bitget;bybit;coinbase;crypto_com;gate;htx;kraken;kucoin;mexc;okx;upbit,arbitrum;eth,arbitrum;eth,5,camelot;uniswap_v3;uniswap_v3_arbitrum,0x50e7b9293aef80c304234e86c84a01be8401c530;0x57af956d3e2cca3b86f3d8c6772c03ddca3eaacb;0xb08a8794a5d3ccca3725d92964696858d3201909;0xbfca4230115de8341f3a3d5e8845ffb3337b2be3;0xdbaeb7f0dfe3a0aafd798ccecb5b22e708f7852c,-0.008700102354145312,0.06350025813113058,0.04336602994321104,-0.012906556530717705
2026-01-21,PENDLE,2.06,60090785.999948956,4284273.19585328,64375059.195802234,0.0665517554371841,14.025899669075827,12,binance;bitget;bybit;coinbase;crypto_com;gate;htx;kraken;kucoin;mexc;okx;upbit,arbitrum;eth,arbitrum;eth,5,camelot;uniswap_v3;uniswap_v3_arbitrum,0x50e7b9293aef80c304234e86c84a01be8401c530;0x57af956d3e2cca3b86f3d8c6772c03ddca3eaacb;0xb08a8794a5d3ccca3725d92964696858d3201909;0xbfca4230115de8341f3a3d5e8845ffb3337b2be3;0xdbaeb7f0dfe3a0aafd798ccecb5b22e708f7852c,0.06350025813113058,0.05436893203883497,-0.024271844660194275,-0.022330097087378764
2026-01-22,PENDLE,2.172,42574784.00151932,5007203.708365105,47581987.70988443,0.10523317644682875,8.502706596576706,12,binance;bitget;bybit;coinbase;crypto_com;gate;htx;kraken;kucoin;mexc;okx;upbit,arbitrum;eth,arbitrum;eth,5,camelot;uniswap_v3;uniswap_v3_arbitrum,0x50e7b9293aef80c304234e86c84a01be8401c530;0x57af956d3e2cca3b86f3d8c6772c03ddca3eaacb;0xb08a8794a5d3ccca3725d92964696858d3201909;0xbfca4230115de8341f3a3d5e8845ffb3337b2be3;0xdbaeb7f0dfe3a0aafd798ccecb5b22e708f7852c,0.05436893203883497,-0.06952117863720086,-0.1496316758747699,-0.11418047882136284
2026-01-23,PENDLE,2.021,20160834.825494643,1531200.425969908,21692035.251464553,0.07058814021918612,13.16668574770293,12,binance;bitget;bybit;coinbase;crypto_com;gate;htx;kraken;kucoin;mexc;okx;upbit,arbitrum;eth,arbitrum;eth,5,camelot;uniswap_v3;uniswap_v3_arbitrum,0x50e7b9293aef80c304234e86c84a01be8401c530;0x57af956d3e2cca3b86f3d8c6772c03ddca3eaacb;0xb08a8794a5d3ccca3725d92964696858d3201909;0xbfca4230115de8341f3a3d5e8845ffb3337b2be3;0xdbaeb7f0dfe3a0aafd798ccecb5b22e708f7852c,-0.06952117863720086,-0.00544285007422074,-0.04354280059376536,-0.13112320633349828
2026-01-24,PENDLE,2.01,10779356.656859929,825894.0158583126,11605250.672718242,0.07116554731556414,13.051743262308849,12,binance;bitget;bybit;coinbase;crypto_com;gate;htx;kraken;kucoin;mexc;okx;upbit,arbitrum;eth,arbitrum;eth,5,camelot;uniswap_v3;uniswap_v3_arbitrum,0x50e7b9293aef80c304234e86c84a01be8401c530;0x57af956d3e2cca3b86f3d8c6772c03ddca3eaacb;0xb08a8794a5d3ccca3725d92964696858d3201909;0xbfca4230115de8341f3a3d5e8845ffb3337b2be3;0xdbaeb7f0dfe3a0aafd798ccecb5b22e708f7852c,-0.00544285007422074,-0.08109452736318401,-0.04875621890547255,-0.20447761194029845
2026-01-25,PENDLE,1.847,20021909.445029106,1285220.277578675,21307129.72260778,0.060318789734264446,15.578581970983151,12,binance;bitget;bybit;coinbase;crypto_com;gate;htx;kraken;kucoin;mexc;okx;upbit,arbitrum;eth,arbitrum;eth,5,camelot;uniswap_v3;uniswap_v3_arbitrum,0x50e7b9293aef80c304234e86c84a01be8401c530;0x57af956d3e2cca3b86f3d8c6772c03ddca3eaacb;0xb08a8794a5d3ccca3725d92964696858d3201909;0xbfca4230115de8341f3a3d5e8845ffb3337b2be3;0xdbaeb7f0dfe3a0aafd798ccecb5b22e708f7852c,-0.08109452736318401,0.04656199242014081,0.0904168922577151,-0.15538711423930696
2026-01-26,PENDLE,1.933,13317863.638277607,924338.5207895288,14242202.159067135,0.0649013762384393,14.40799375850103,12,binance;bitget;bybit;coinbase;crypto_com;gate;htx;kraken;kucoin;mexc;okx;upbit,arbitrum;eth,arbitrum;eth,5,camelot;uniswap_v3;uniswap_v3_arbitrum,0x50e7b9293aef80c304234e86c84a01be8401c530;0x57af956d3e2cca3b86f3d8c6772c03ddca3eaacb;0xb08a8794a5d3ccca3725d92964696858d3201909;0xbfca4230115de8341f3a3d5e8845ffb3337b2be3;0xdbaeb7f0dfe3a0aafd798ccecb5b22e708f7852c,0.04656199242014081,-0.010863942058975784,-0.004655975168132542,-0.1893429901707191
2026-01-27,PENDLE,1.912,16463821.769485204,660848.1045430833,17124669.874028288,0.03859041426225346,24.91317090312069,12,binance;bitget;bybit;coinbase;crypto_com;gate;htx;kraken;kucoin;mexc;okx;upbit,arbitrum;eth,arbitrum;eth,5,camelot;uniswap_v3;uniswap_v3_arbitrum,0x50e7b9293aef80c304234e86c84a01be8401c530;0x57af956d3e2cca3b86f3d8c6772c03ddca3eaacb;0xb08a8794a5d3ccca3725d92964696858d3201909;0xbfca4230115de8341f3a3d5e8845ffb3337b2be3;0xdbaeb7f0dfe3a0aafd798ccecb5b22e708f7852c,-0.010863942058975784,0.05334728033472791,-0.08158995815899572,-0.20711297071129708
2026-01-28,PENDLE,2.014,18403048.31038049,1689399.02922669,20092447.33960718,0.0840812968511042,10.893251382300337,12,binance;bitget;bybit;coinbase;crypto_com;gate;htx;kraken;kucoin;mexc;okx;upbit,arbitrum;eth,arbitrum;eth,5,camelot;uniswap_v3;uniswap_v3_arbitrum,0x50e7b9293aef80c304234e86c84a01be8401c530;0x57af956d3e2cca3b86f3d8c6772c03ddca3eaacb;0xb08a8794a5d3ccca3725d92964696858d3201909;0xbfca4230115de8341f3a3d5e8845ffb3337b2be3;0xdbaeb7f0dfe3a0aafd798ccecb5b22e708f7852c,0.05334728033472791,-0.0446871896722939,-0.20605759682224423,-0.27656405163853015
2026-01-29,PENDLE,1.924,20598477.17396385,1399299.5405738077,21997776.714537658,0.06361095299458393,14.720563093672622,12,binance;bitget;bybit;coinbase;crypto_com;gate;htx;kraken;kucoin;mexc;okx;upbit,arbitrum;eth,arbitrum;eth,5,camelot;uniswap_v3;uniswap_v3_arbitrum,0x50e7b9293aef80c304234e86c84a01be8401c530;0x57af956d3e2cca3b86f3d8c6772c03ddca3eaacb;0xb08a8794a5d3ccca3725d92964696858d3201909;0xbfca4230115de8341f3a3d5e8845ffb3337b2be3;0xdbaeb7f0dfe3a0aafd798ccecb5b22e708f7852c,-0.0446871896722939,-0.08731808731808732,-0.18918918918918914,-0.408004158004158
2026-01-30,PENDLE,1.756,28419968.15757845,1924414.792505566,30344382.950084016,0.0634191440198733,14.768109384867062,12,binance;bitget;bybit;coinbase;crypto_com;gate;htx;kraken;kucoin;mexc;okx;upbit,arbitrum;eth,arbitrum;eth,5,camelot;uniswap_v3;uniswap_v3_arbitrum,0x50e7b9293aef80c304234e86c84a01be8401c530;0x57af956d3e2cca3b86f3d8c6772c03ddca3eaacb;0xb08a8794a5d3ccca3725d92964696858d3201909;0xbfca4230115de8341f3a3d5e8845ffb3337b2be3;0xdbaeb7f0dfe3a0aafd798ccecb5b22e708f7852c,-0.08731808731808732,-0.08940774487471526,-0.10763097949886113,-0.29441913439635525
2026-01-31,PENDLE,1.599,29086713.14389974,2023479.0691832567,31110192.213082995,0.06504231974279825,14.374605394678039,12,binance;bitget;bybit;coinbase;crypto_com;gate;htx;kraken;kucoin;mexc;okx;upbit,arbitrum;eth,arbitrum;eth,5,camelot;uniswap_v3;uniswap_v3_arbitrum,0x50e7b9293aef80c304234e86c84a01be8401c530;0x57af956d3e2cca3b86f3d8c6772c03ddca3eaacb;0xb08a8794a5d3ccca3725d92964696858d3201909;0xbfca4230115de8341f3a3d5e8845ffb3337b2be3;0xdbaeb7f0dfe3a0aafd798ccecb5b22e708f7852c,-0.08940774487471526,-0.024390243902438935,-0.051907442151344574,-0.24015009380863028
2026-02-01,PENDLE,1.56,18535702.64222139,1223928.5551342051,19759631.1973556,0.06194086027769596,15.144431890625292,12,binance;bitget;bybit;coinbase;crypto_com;gate;htx;kraken;kucoin;mexc;okx;upbit,arbitrum;eth,arbitrum;eth,5,camelot;uniswap_v3;uniswap_v3_arbitrum,0x50e7b9293aef80c304234e86c84a01be8401c530;0x57af956d3e2cca3b86f3d8c6772c03ddca3eaacb;0xb08a8794a5d3ccca3725d92964696858d3201909;0xbfca4230115de8341f3a3d5e8845ffb3337b2be3;0xdbaeb7f0dfe3a0aafd798ccecb5b22e708f7852c,-0.024390243902438935,0.004487179487179471,-0.06602564102564101,-0.25256410256410267
2026-02-02,PENDLE,1.567,16541882.476297831,1668952.7186042,18210835.194902033,0.09164613817774865,9.91153451616793,12,binance;bitget;bybit;coinbase;crypto_com;gate;htx;kraken;kucoin;mexc;okx;upbit,arbitrum;eth,arbitrum;eth,5,camelot;uniswap_v3;uniswap_v3_arbitrum,0x50e7b9293aef80c304234e86c84a01be8401c530;0x57af956d3e2cca3b86f3d8c6772c03ddca3eaacb;0xb08a8794a5d3ccca3725d92964696858d3201909;0xbfca4230115de8341f3a3d5e8845ffb3337b2be3;0xdbaeb7f0dfe3a0aafd798ccecb5b22e708f7852c,0.004487179487179471,-0.03254626675175487,-0.2731333758774729,-0.2776005105296746
2026-02-03,PENDLE,1.516,26517718.133269496,1536379.8449852746,28054097.978254773,0.054764899095174964,17.259871131363127,12,binance;bitget;bybit;coinbase;crypto_com;gate;htx;kraken;kucoin;mexc;okx;upbit,arbitrum;eth,arbitrum;eth,5,camelot;uniswap_v3;uniswap_v3_arbitrum,0x50e7b9293aef80c304234e86c84a01be8401c530;0x57af956d3e2cca3b86f3d8c6772c03ddca3eaacb;0xb08a8794a5d3ccca3725d92964696858d3201909;0xbfca4230115de8341f3a3d5e8845ffb3337b2be3;0xdbaeb7f0dfe3a0aafd798ccecb5b22e708f7852c,-0.03254626675175487,-0.03891820580474925,-0.18271767810026385,-0.25197889182058053
2026-02-04,PENDLE,1.457,17456040.775642775,1293723.7110363487,18749764.48667912,0.06899946460423448,13.492866078538098,12,binance;bitget;bybit;coinbase;crypto_com;gate;htx;kraken;kucoin;mexc;okx;upbit,arbitrum;eth,arbitrum;eth,5,camelot;uniswap_v3;uniswap_v3_arbitrum,0x50e7b9293aef80c304234e86c84a01be8401c530;0x57af956d3e2cca3b86f3d8c6772c03ddca3eaacb;0xb08a8794a5d3ccca3725d92964696858d3201909;0xbfca4230115de8341f3a3d5e8845ffb3337b2be3;0xdbaeb7f0dfe3a0aafd798ccecb5b22e708f7852c,-0.03891820580474925,-0.2182566918325326,-0.16609471516815377,-0.24433768016472213
2026-02-05,PENDLE,1.139,24598820.952695496,1798449.791671318,26397270.744366813,0.06813014152438876,13.677791321511155,12,binance;bitget;bybit;coinbase;crypto_com;gate;htx;kraken;kucoin;mexc;okx;upbit,arbitrum;eth,arbitrum;eth,5,camelot;uniswap_v3;uniswap_v3_arbitrum,0x50e7b9293aef80c304234e86c84a01be8401c530;0x57af956d3e2cca3b86f3d8c6772c03ddca3eaacb;0xb08a8794a5d3ccca3725d92964696858d3201909;0xbfca4230115de8341f3a3d5e8845ffb3337b2be3;0xdbaeb7f0dfe3a0aafd798ccecb5b22e708f7852c,-0.2182566918325326,0.08779631255487286,0.023705004389815487,0.0035118525021948788
2026-02-06,PENDLE,1.239,15878443.768070795,1217775.6037525262,17096219.371823322,0.07123069593734686,13.038891335269005,12,binance;bitget;bybit;coinbase;crypto_com;gate;htx;kraken;kucoin;mexc;okx;upbit,arbitrum;eth,arbitrum;eth,5,camelot;uniswap_v3;uniswap_v3_arbitrum,0x50e7b9293aef80c304234e86c84a01be8401c530;0x57af956d3e2cca3b86f3d8c6772c03ddca3eaacb;0xb08a8794a5d3ccca3725d92964696858d3201909;0xbfca4230115de8341f3a3d5e8845ffb3337b2be3;0xdbaeb7f0dfe3a0aafd798ccecb5b22e708f7852c,0.08779631255487286,-0.01937046004842613,-0.08635996771590004,-0.04519774011299438
2026-02-07,PENDLE,1.215,11542338.08841667,994366.6922956517,12536704.780712321,0.0793164320041644,11.607727991943666,12,binance;bitget;bybit;coinbase;crypto_com;gate;htx;kraken;kucoin;mexc;okx;upbit,arbitrum;eth,arbitrum;eth,5,camelot;uniswap_v3;uniswap_v3_arbitrum,0x50e7b9293aef80c304234e86c84a01be8401c530;0x57af956d3e2cca3b86f3d8c6772c03ddca3eaacb;0xb08a8794a5d3ccca3725d92964696858d3201909;0xbfca4230115de8341f3a3d5e8845ffb3337b2be3;0xdbaeb7f0dfe3a0aafd798ccecb5b22e708f7852c,-0.01937046004842613,-0.04032921810699597,-0.06666666666666676,0.06584362139917688
2026-02-08,PENDLE,1.166,4987280.664430202,523394.38344299106,5510675.047873193,0.09497827015675538,9.528724079197966,12,binance;bitget;bybit;coinbase;crypto_com;gate;htx;kraken;kucoin;mexc;okx;upbit,arbitrum;eth,arbitrum;eth,5,camelot;uniswap_v3;uniswap_v3_arbitrum,0x50e7b9293aef80c304234e86c84a01be8401c530;0x57af956d3e2cca3b86f3d8c6772c03ddca3eaacb;0xb08a8794a5d3ccca3725d92964696858d3201909;0xbfca4230115de8341f3a3d5e8845ffb3337b2be3;0xdbaeb7f0dfe3a0aafd798ccecb5b22e708f7852c,-0.04032921810699597,-0.029159519725557526,-0.055746140651800946,0.07547169811320753
2026-02-09,PENDLE,1.132,6607489.794001632,377243.37086271675,6984733.164864349,0.05400970401566417,17.515191264702633,12,binance;bitget;bybit;coinbase;crypto_com;gate;htx;kraken;kucoin;mexc;okx;upbit,arbitrum;eth,arbitrum;eth,5,camelot;uniswap_v3;uniswap_v3_arbitrum,0x50e7b9293aef80c304234e86c84a01be8401c530;0x57af956d3e2cca3b86f3d8c6772c03ddca3eaacb;0xb08a8794a5d3ccca3725d92964696858d3201909;0xbfca4230115de8341f3a3d5e8845ffb3337b2be3;0xdbaeb7f0dfe3a0aafd798ccecb5b22e708f7852c,-0.029159519725557526,0.0017667844522968323,0.009717314487632578,0.10424028268551244
2026-02-10,PENDLE,1.134,6637722.018245736,440783.842933175,7078505.861178911,0.06227074633795151,15.0589050044923,12,binance;bitget;bybit;coinbase;crypto_com;gate;htx;kraken;kucoin;mexc;okx;upbit,arbitrum;eth,arbitrum;eth,5,camelot;uniswap_v3;uniswap_v3_arbitrum,0x50e7b9293aef80c304234e86c84a01be8401c530;0x57af956d3e2cca3b86f3d8c6772c03ddca3eaacb;0xb08a8794a5d3ccca3725d92964696858d3201909;0xbfca4230115de8341f3a3d5e8845ffb3337b2be3;0xdbaeb7f0dfe3a0aafd798ccecb5b22e708f7852c,0.0017667844522968323,-0.02910052910052907,0.04320987654321007,0.07407407407407418
2026-02-11,PENDLE,1.101,6718644.017060342,504633.61024525494,7223277.627305597,0.06986213686950472,13.313905139602257,12,binance;bitget;bybit;coinbase;crypto_com;gate;htx;kraken;kucoin;mexc;okx;upbit,arbitrum;eth,arbitrum;eth,5,camelot;uniswap_v3;uniswap_v3_arbitrum,0x50e7b9293aef80c304234e86c84a01be8401c530;0x57af956d3e2cca3b86f3d8c6772c03ddca3eaacb;0xb08a8794a5d3ccca3725d92964696858d3201909;0xbfca4230115de8341f3a3d5e8845ffb3337b2be3;0xdbaeb7f0dfe3a0aafd798ccecb5b22e708f7852c,-0.02910052910052907,0.038147138964577776,0.17620345140781102,0.08446866485013627
2026-02-12,PENDLE,1.143,6576126.267872178,696127.9317654662,7272254.199637644,0.0957238172175214,9.446720879586474,12,binance;bitget;bybit;coinbase;crypto_com;gate;htx;kraken;kucoin;mexc;okx;upbit,arbitrum;eth,arbitrum;eth,5,camelot;uniswap_v3;uniswap_v3_arbitrum,0x50e7b9293aef80c304234e86c84a01be8401c530;0x57af956d3e2cca3b86f3d8c6772c03ddca3eaacb;0xb08a8794a5d3ccca3725d92964696858d3201909;0xbfca4230115de8341f3a3d5e8845ffb3337b2be3;0xdbaeb7f0dfe3a0aafd798ccecb5b22e708f7852c,0.038147138964577776,0.034995625546806686,0.09711286089238835,0.04286964129483817
2026-02-13,PENDLE,1.183,6674950.20125831,425042.6271444336,7099992.828402744,0.05986521922164444,15.704190062306614,12,binance;bitget;bybit;coinbase;crypto_com;gate;htx;kraken;kucoin;mexc;okx;upbit,arbitrum;eth,arbitrum;eth,5,camelot;uniswap_v3;uniswap_v3_arbitrum,0x50e7b9293aef80c304234e86c84a01be8401c530;0x57af956d3e2cca3b86f3d8c6772c03ddca3eaacb;0xb08a8794a5d3ccca3725d92964696858d3201909;0xbfca4230115de8341f3a3d5e8845ffb3337b2be3;0xdbaeb7f0dfe3a0aafd798ccecb5b22e708f7852c,0.034995625546806686,0.09467455621301757,0.05663567202028741,0.03127641589180041
2026-02-14,PENDLE,1.295,28212168.54103717,1600168.7312890908,29812337.27232626,0.05367471582895551,17.630746051580157,12,binance;bitget;bybit;coinbase;crypto_com;gate;htx;kraken;kucoin;mexc;okx;upbit,arbitrum;eth,arbitrum;eth,5,camelot;uniswap_v3;uniswap_v3_arbitrum,0x50e7b9293aef80c304234e86c84a01be8401c530;0x57af956d3e2cca3b86f3d8c6772c03ddca3eaacb;0xb08a8794a5d3ccca3725d92964696858d3201909;0xbfca4230115de8341f3a3d5e8845ffb3337b2be3;0xdbaeb7f0dfe3a0aafd798ccecb5b22e708f7852c,0.09467455621301757,-0.031660231660231575,-0.05945945945945941,-0.05714285714285705
2026-02-15,PENDLE,1.254,9122033.40667507,524910.9752102174,9646944.381885288,0.0544121490112328,17.378248574478484,12,binance;bitget;bybit;coinbase;crypto_com;gate;htx;kraken;kucoin;mexc;okx;upbit,arbitrum;eth,arbitrum;eth,5,camelot;uniswap_v3;uniswap_v3_arbitrum,0x50e7b9293aef80c304234e86c84a01be8401c530;0x57af956d3e2cca3b86f3d8c6772c03ddca3eaacb;0xb08a8794a5d3ccca3725d92964696858d3201909;0xbfca4230115de8341f3a3d5e8845ffb3337b2be3;0xdbaeb7f0dfe3a0aafd798ccecb5b22e708f7852c,-0.031660231660231575,-0.0031897926634768536,-0.04784688995215314,-0.04226475279106856
2026-02-16,PENDLE,1.25,4370417.36036461,323110.6593233242,4693528.019687935,0.06884174505147779,13.526069890474595,12,binance;bitget;bybit;coinbase;crypto_com;gate;htx;kraken;kucoin;mexc;okx;upbit,arbitrum;eth,arbitrum;eth,5,camelot;uniswap_v3;uniswap_v3_arbitrum,0x50e7b9293aef80c304234e86c84a01be8401c530;0x57af956d3e2cca3b86f3d8c6772c03ddca3eaacb;0xb08a8794a5d3ccca3725d92964696858d3201909;0xbfca4230115de8341f3a3d5e8845ffb3337b2be3;0xdbaeb7f0dfe3a0aafd798ccecb5b22e708f7852c,-0.0031897926634768536,-0.025600000000000067,-0.0464,-0.0504
2026-02-17,PENDLE,1.218,5315529.7815149175,385336.6694396415,5700866.450954559,0.06759264977609156,13.794508031755159,12,binance;bitget;bybit;coinbase;crypto_com;gate;htx;kraken;kucoin;mexc;okx;upbit,arbitrum;eth,arbitrum;eth,5,camelot;uniswap_v3;uniswap_v3_arbitrum,0x50e7b9293aef80c304234e86c84a01be8401c530;0x57af956d3e2cca3b86f3d8c6772c03ddca3eaacb;0xb08a8794a5d3ccca3725d92964696858d3201909;0xbfca4230115de8341f3a3d5e8845ffb3337b2be3;0xdbaeb7f0dfe3a0aafd798ccecb5b22e708f7852c,-0.025600000000000067,-0.019704433497536922,0.0016420361247948545,-0.02216748768472898
2026-02-18,PENDLE,1.194,7906758.516868233,610597.938994183,8517356.455862416,0.07168866797560342,12.949206035468716,12,binance;bitget;bybit;coinbase;crypto_com;gate;htx;kraken;kucoin;mexc;okx;upbit,arbitrum;eth,arbitrum;eth,5,camelot;uniswap_v3;uniswap_v3_arbitrum,0x50e7b9293aef80c304234e86c84a01be8401c530;0x57af956d3e2cca3b86f3d8c6772c03ddca3eaacb;0xb08a8794a5d3ccca3725d92964696858d3201909;0xbfca4230115de8341f3a3d5e8845ffb3337b2be3;0xdbaeb7f0dfe3a0aafd798ccecb5b22e708f7852c,-0.019704433497536922,-0.0016750418760469454,0.022613065326633208,0.07537688442211055
2026-02-19,PENDLE,1.192,5159889.198696399,294123.3844294678,5454012.583125867,0.05392788886102943,17.543281057728226,12,binance;bitget;bybit;coinbase;crypto_com;gate;htx;kraken;kucoin;mexc;okx;upbit,arbitrum;eth,arbitrum;eth,5,camelot;uniswap_v3;uniswap_v3_arbitrum,0x50e7b9293aef80c304234e86c84a01be8401c530;0x57af956d3e2cca3b86f3d8c6772c03ddca3eaacb;0xb08a8794a5d3ccca3725d92964696858d3201909;0xbfca4230115de8341f3a3d5e8845ffb3337b2be3;0xdbaeb7f0dfe3a0aafd798ccecb5b22e708f7852c,-0.0016750418760469454,0.023489932885906173,0.007550335570469802,0.09228187919463093
2026-02-20,PENDLE,1.22,6025281.158305324,451535.17532657477,6476816.333631898,0.06971560595008795,13.343990651331898,12,binance;bitget;bybit;coinbase;crypto_com;gate;htx;kraken;kucoin;mexc;okx;upbit,arbitrum;eth,arbitrum;eth,5,camelot;uniswap_v3;uniswap_v3_arbitrum,0x50e7b9293aef80c304234e86c84a01be8401c530;0x57af956d3e2cca3b86f3d8c6772c03ddca3eaacb;0xb08a8794a5d3ccca3725d92964696858d3201909;0xbfca4230115de8341f3a3d5e8845ffb3337b2be3;0xdbaeb7f0dfe3a0aafd798ccecb5b22e708f7852c,0.023489932885906173,0.0008196721311475308,-0.027049180327868738,0.02786885245901649
2026-02-21,PENDLE,1.221,2946638.3907160694,221073.9587315456,3167712.349447615,0.06978978339687202,13.32874485815957,12,binance;bitget;bybit;coinbase;crypto_com;gate;htx;kraken;kucoin;mexc;okx;upbit,arbitrum;eth,arbitrum;eth,5,camelot;uniswap_v3;uniswap_v3_arbitrum,0x50e7b9293aef80c304234e86c84a01be8401c530;0x57af956d3e2cca3b86f3d8c6772c03ddca3eaacb;0xb08a8794a5d3ccca3725d92964696858d3201909;0xbfca4230115de8341f3a3d5e8845ffb3337b2be3;0xdbaeb7f0dfe3a0aafd798ccecb5b22e708f7852c,0.0008196721311475308,-0.016380016380016404,-0.02457002457002455,0.05651105651105648
2026-02-22,PENDLE,1.201,4703515.972835265,280751.03041500517,4984267.00325027,0.056327445987930776,16.753334674791912,12,binance;bitget;bybit;coinbase;crypto_com;gate;htx;kraken;kucoin;mexc;okx;upbit,arbitrum;eth,arbitrum;eth,5,camelot;uniswap_v3;uniswap_v3_arbitrum,0x50e7b9293aef80c304234e86c84a01be8401c530;0x57af956d3e2cca3b86f3d8c6772c03ddca3eaacb;0xb08a8794a5d3ccca3725d92964696858d3201909;0xbfca4230115de8341f3a3d5e8845ffb3337b2be3;0xdbaeb7f0dfe3a0aafd798ccecb5b22e708f7852c,-0.016380016380016404,-0.011656952539550347,0.06910907577019154,0.048293089092422914
2026-02-23,PENDLE,1.187,9031947.38986669,846400.7577789789,9878348.147645667,0.08568241826754242,10.671005793481587,12,binance;bitget;bybit;coinbase;crypto_com;gate;htx;kraken;kucoin;mexc;okx;upbit,arbitrum;eth,arbitrum;eth,5,camelot;uniswap_v3;uniswap_v3_arbitrum,0x50e7b9293aef80c304234e86c84a01be8401c530;0x57af956d3e2cca3b86f3d8c6772c03ddca3eaacb;0xb08a8794a5d3ccca3725d92964696858d3201909;0xbfca4230115de8341f3a3d5e8845ffb3337b2be3;0xdbaeb7f0dfe3a0aafd798ccecb5b22e708f7852c,-0.011656952539550347,0.0033698399326032025,0.09688289806234196,0.11036225779275477
2026-02-24,PENDLE,1.191,8347503.630755037,580553.3595598586,8928056.990314895,0.06502572286328812,14.378529541339015,12,binance;bitget;bybit;coinbase;crypto_com;gate;htx;kraken;kucoin;mexc;okx;upbit,arbitrum;eth,arbitrum;eth,5,camelot;uniswap_v3;uniswap_v3_arbitrum,0x50e7b9293aef80c304234e86c84a01be8401c530;0x57af956d3e2cca3b86f3d8c6772c03ddca3eaacb;0xb08a8794a5d3ccca3725d92964696858d3201909;0xbfca4230115de8341f3a3d5e8845ffb3337b2be3;0xdbaeb7f0dfe3a0aafd798ccecb5b22e708f7852c,0.0033698399326032025,0.07808564231738035,0.052896725440805925,0.06213266162888309
2026-02-25,PENDLE,1.284,8319480.768521137,795677.1433542462,9115157.911875382,0.08729164662277815,10.455849885859033,12,binance;bitget;bybit;coinbase;crypto_com;gate;htx;kraken;kucoin;mexc;okx;upbit,arbitrum;eth,arbitrum;eth,5,camelot;uniswap_v3;uniswap_v3_arbitrum,0x50e7b9293aef80c304234e86c84a01be8401c530;0x57af956d3e2cca3b86f3d8c6772c03ddca3eaacb;0xb08a8794a5d3ccca3725d92964696858d3201909;0xbfca4230115de8341f3a3d5e8845ffb3337b2be3;0xdbaeb7f0dfe3a0aafd798ccecb5b22e708f7852c,0.07808564231738035,0.014018691588784993,0.004672897196261738,0.014797507788161912
2026-02-26,PENDLE,1.302,8666801.895026326,911798.875593343,9578600.77061967,0.09519123903671746,9.505168439022805,12,binance;bitget;bybit;coinbase;crypto_com;gate;htx;kraken;kucoin;mexc;okx;upbit,arbitrum;eth,arbitrum;eth,5,camelot;uniswap_v3;uniswap_v3_arbitrum,0x50e7b9293aef80c304234e86c84a01be8401c530;0x57af956d3e2cca3b86f3d8c6772c03ddca3eaacb;0xb08a8794a5d3ccca3725d92964696858d3201909;0xbfca4230115de8341f3a3d5e8845ffb3337b2be3;0xdbaeb7f0dfe3a0aafd798ccecb5b22e708f7852c,0.014018691588784993,-0.03686635944700467,-0.03302611367127506,-0.01920122887864828
2026-02-27,PENDLE,1.254,6815094.157620712,567014.1592989234,7382108.316919636,0.0768092440474409,12.019266266731572,12,binance;bitget;bybit;coinbase;crypto_com;gate;htx;kraken;kucoin;mexc;okx;upbit,arbitrum;eth,arbitrum;eth,5,camelot;uniswap_v3;uniswap_v3_arbitrum,0x50e7b9293aef80c304234e86c84a01be8401c530;0x57af956d3e2cca3b86f3d8c6772c03ddca3eaacb;0xb08a8794a5d3ccca3725d92964696858d3201909;0xbfca4230115de8341f3a3d5e8845ffb3337b2be3;0xdbaeb7f0dfe3a0aafd798ccecb5b22e708f7852c,-0.03686635944700467,0.028708133971291794,0.0510366826156301,-0.03189792663476876
2026-02-28,PENDLE,1.29,20922631.8990388,1875622.1584048918,22798254.05744369,0.08227042973023174,11.155035573280008,12,binance;bitget;bybit;coinbase;crypto_com;gate;htx;kraken;kucoin;mexc;okx;upbit,arbitrum;eth,arbitrum;eth,5,camelot;uniswap_v3;uniswap_v3_arbitrum,0x50e7b9293aef80c304234e86c84a01be8401c530;0x57af956d3e2cca3b86f3d8c6772c03ddca3eaacb;0xb08a8794a5d3ccca3725d92964696858d3201909;0xbfca4230115de8341f3a3d5e8845ffb3337b2be3;0xdbaeb7f0dfe3a0aafd798ccecb5b22e708f7852c,0.028708133971291794,-0.024031007751938116,-0.019379844961240456,-0.06744186046511624
2026-03-01,PENDLE,1.259,9239854.872095788,616996.2908479391,9856851.162943726,0.06259567894942979,14.975543628305186,12,binance;bitget;bybit;coinbase;crypto_com;gate;htx;kraken;kucoin;mexc;okx;upbit,arbitrum;eth,arbitrum;eth,5,camelot;uniswap_v3;uniswap_v3_arbitrum,0x50e7b9293aef80c304234e86c84a01be8401c530;0x57af956d3e2cca3b86f3d8c6772c03ddca3eaacb;0xb08a8794a5d3ccca3725d92964696858d3201909;0xbfca4230115de8341f3a3d5e8845ffb3337b2be3;0xdbaeb7f0dfe3a0aafd798ccecb5b22e708f7852c,-0.024031007751938116,0.046862589356632345,0.03494837172359011,-0.06354249404289103
2026-03-02,PENDLE,1.318,6643722.519210182,487606.51289241016,7131329.032102592,0.068375265072946,13.625171821025516,12,binance;bitget;bybit;coinbase;crypto_com;gate;htx;kraken;kucoin;mexc;okx;upbit,arbitrum;eth,arbitrum;eth,5,camelot;uniswap_v3;uniswap_v3_arbitrum,0x50e7b9293aef80c304234e86c84a01be8401c530;0x57af956d3e2cca3b86f3d8c6772c03ddca3eaacb;0xb08a8794a5d3ccca3725d92964696858d3201909;0xbfca4230115de8341f3a3d5e8845ffb3337b2be3;0xdbaeb7f0dfe3a0aafd798ccecb5b22e708f7852c,0.046862589356632345,-0.04021244309559946,-0.031107738998482626,-0.0766312594840668
2026-03-03,PENDLE,1.265,6376733.602071086,376017.9970701807,6752751.599141266,0.05568367080435747,16.958586162781245,12,binance;bitget;bybit;coinbase;crypto_com;gate;htx;kraken;kucoin;mexc;okx;upbit,arbitrum;eth,arbitrum;eth,5,camelot;uniswap_v3;uniswap_v3_arbitrum,0x50e7b9293aef80c304234e86c84a01be8401c530;0x57af956d3e2cca3b86f3d8c6772c03ddca3eaacb;0xb08a8794a5d3ccca3725d92964696858d3201909;0xbfca4230115de8341f3a3d5e8845ffb3337b2be3;0xdbaeb7f0dfe3a0aafd798ccecb5b22e708f7852c,-0.04021244309559946,0.030039525691699653,-0.04031620553359683,0.011857707509881577
2026-03-04,PENDLE,1.303,7746239.196582998,542164.7035942685,8288403.900177266,0.06541243768087522,14.287612500831356,12,binance;bitget;bybit;coinbase;crypto_com;gate;htx;kraken;kucoin;mexc;okx;upbit,arbitrum;eth,arbitrum;eth,5,camelot;uniswap_v3;uniswap_v3_arbitrum,0x50e7b9293aef80c304234e86c84a01be8401c530;0x57af956d3e2cca3b86f3d8c6772c03ddca3eaacb;0xb08a8794a5d3ccca3725d92964696858d3201909;0xbfca4230115de8341f3a3d5e8845ffb3337b2be3;0xdbaeb7f0dfe3a0aafd798ccecb5b22e708f7852c,0.030039525691699653,-0.01995395241749809,-0.07674597083653101,-0.009209516500383708
2026-03-05,PENDLE,1.277,4799983.552633185,1047111.5612482121,5847095.113881397,0.17908235471701134,4.58402306905231,12,binance;bitget;bybit;coinbase;crypto_com;gate;htx;kraken;kucoin;mexc;okx;upbit,arbitrum;eth,arbitrum;eth,5,camelot;uniswap_v3;uniswap_v3_arbitrum,0x50e7b9293aef80c304234e86c84a01be8401c530;0x57af956d3e2cca3b86f3d8c6772c03ddca3eaacb;0xb08a8794a5d3ccca3725d92964696858d3201909;0xbfca4230115de8341f3a3d5e8845ffb3337b2be3;0xdbaeb7f0dfe3a0aafd798ccecb5b22e708f7852c,-0.01995395241749809,-0.04933437744714175,-0.07674236491777597,-0.013312451057165164
2026-03-06,PENDLE,1.214,4503135.673805877,490145.8687717077,4993281.542577584,0.09816107195082961,9.187337812497763,12,binance;bitget;bybit;coinbase;crypto_com;gate;htx;kraken;kucoin;mexc;okx;upbit,arbitrum;eth,arbitrum;eth,5,camelot;uniswap_v3;uniswap_v3_arbitrum,0x50e7b9293aef80c304234e86c84a01be8401c530;0x57af956d3e2cca3b86f3d8c6772c03ddca3eaacb;0xb08a8794a5d3ccca3725d92964696858d3201909;0xbfca4230115de8341f3a3d5e8845ffb3337b2be3;0xdbaeb7f0dfe3a0aafd798ccecb5b22e708f7852c,-0.04933437744714175,-0.00906095551894559,0.0024711696869852418,0.050247116968698435
2026-03-07,PENDLE,1.203,8194019.22905045,510768.81510074384,8704788.044151194,0.05867676645428867,16.042520582299577,12,binance;bitget;bybit;coinbase;crypto_com;gate;htx;kraken;kucoin;mexc;okx;upbit,arbitrum;eth,arbitrum;eth,5,camelot;uniswap_v3;uniswap_v3_arbitrum,0x50e7b9293aef80c304234e86c84a01be8401c530;0x57af956d3e2cca3b86f3d8c6772c03ddca3eaacb;0xb08a8794a5d3ccca3725d92964696858d3201909;0xbfca4230115de8341f3a3d5e8845ffb3337b2be3;0xdbaeb7f0dfe3a0aafd798ccecb5b22e708f7852c,-0.00906095551894559,-0.01995012468827928,0.06400665004156281,0.05320033250207801
2026-03-08,PENDLE,1.179,3820674.1017659567,278617.8158538495,4099291.9176198062,0.06796730300086189,13.712956904988847,12,binance;bitget;bybit;coinbase;crypto_com;gate;htx;kraken;kucoin;mexc;okx;upbit,arbitrum;eth,arbitrum;eth,5,camelot;uniswap_v3;uniswap_v3_arbitrum,0x50e7b9293aef80c304234e86c84a01be8401c530;0x57af956d3e2cca3b86f3d8c6772c03ddca3eaacb;0xb08a8794a5d3ccca3725d92964696858d3201909;0xbfca4230115de8341f3a3d5e8845ffb3337b2be3;0xdbaeb7f0dfe3a0aafd798ccecb5b22e708f7852c,-0.01995012468827928,0.03223070398642913,0.09499575911789648,0.09584393553859205
2026-03-09,PENDLE,1.217,4620176.125765789,416080.8729664088,5036256.998732198,0.082617085083456,11.104033917316809,12,binance;bitget;bybit;coinbase;crypto_com;gate;htx;kraken;kucoin;mexc;okx;upbit,arbitrum;eth,arbitrum;eth,5,camelot;uniswap_v3;uniswap_v3_arbitrum,0x50e7b9293aef80c304234e86c84a01be8401c530;0x57af956d3e2cca3b86f3d8c6772c03ddca3eaacb;0xb08a8794a5d3ccca3725d92964696858d3201909;0xbfca4230115de8341f3a3d5e8845ffb3337b2be3;0xdbaeb7f0dfe3a0aafd798ccecb5b22e708f7852c,0.03223070398642913,0.0517666392769105,0.03533278553820862,0.13229252259654878
2026-03-10,PENDLE,1.28,6530811.883825897,1060660.996791284,7591472.880617181,0.13971741893452608,6.157303703617778,12,binance;bitget;bybit;coinbase;crypto_com;gate;htx;kraken;kucoin;mexc;okx;upbit,arbitrum;eth,arbitrum;eth,5,camelot;uniswap_v3;uniswap_v3_arbitrum,0x50e7b9293aef80c304234e86c84a01be8401c530;0x57af956d3e2cca3b86f3d8c6772c03ddca3eaacb;0xb08a8794a5d3ccca3725d92964696858d3201909;0xbfca4230115de8341f3a3d5e8845ffb3337b2be3;0xdbaeb7f0dfe3a0aafd798ccecb5b22e708f7852c,0.0517666392769105,0.008593749999999956,-0.003906250000000111,0.050000000000000044
2026-03-11,PENDLE,1.291,4879669.478947559,624794.4044741327,5504463.883421692,0.11350685874347988,7.810040301264548,12,binance;bitget;bybit;coinbase;crypto_com;gate;htx;kraken;kucoin;mexc;okx;upbit,arbitrum;eth,arbitrum;eth,5,camelot;uniswap_v3;uniswap_v3_arbitrum,0x50e7b9293aef80c304234e86c84a01be8401c530;0x57af956d3e2cca3b86f3d8c6772c03ddca3eaacb;0xb08a8794a5d3ccca3725d92964696858d3201909;0xbfca4230115de8341f3a3d5e8845ffb3337b2be3;0xdbaeb7f0dfe3a0aafd798ccecb5b22e708f7852c,0.008593749999999956,-0.024012393493415884,-0.018590240123934954,-0.021688613477924057
2026-03-12,PENDLE,1.26,10101642.55829498,1221307.810960076,11322950.369255057,0.10786127035196275,8.271168388216587,12,binance;bitget;bybit;coinbase;crypto_com;gate;htx;kraken;kucoin;mexc;okx;upbit,arbitrum;eth,arbitrum;eth,5,camelot;uniswap_v3;uniswap_v3_arbitrum,0x50e7b9293aef80c304234e86c84a01be8401c530;0x57af956d3e2cca3b86f3d8c6772c03ddca3eaacb;0xb08a8794a5d3ccca3725d92964696858d3201909;0xbfca4230115de8341f3a3d5e8845ffb3337b2be3;0xdbaeb7f0dfe3a0aafd798ccecb5b22e708f7852c,-0.024012393493415884,0.011904761904761862,0.02539682539682553,-0.011904761904761862
2026-03-13,PENDLE,1.275,7657615.157186535,831753.846664732,8489369.003851267,0.09797593275629797,9.206588208630443,12,binance;bitget;bybit;coinbase;crypto_com;gate;htx;kraken;kucoin;mexc;okx;upbit,arbitrum;eth,arbitrum;eth,5,camelot;uniswap_v3;uniswap_v3_arbitrum,0x50e7b9293aef80c304234e86c84a01be8401c530;0x57af956d3e2cca3b86f3d8c6772c03ddca3eaacb;0xb08a8794a5d3ccca3725d92964696858d3201909;0xbfca4230115de8341f3a3d5e8845ffb3337b2be3;0xdbaeb7f0dfe3a0aafd798ccecb5b22e708f7852c,0.011904761904761862,-0.006274509803921524,0.08078431372549022,-0.006274509803921524
2026-03-14,PENDLE,1.267,3907686.6934584286,342708.89062335005,4250395.584081778,0.08062988111196859,11.402349925473988,12,binance;bitget;bybit;coinbase;crypto_com;gate;htx;kraken;kucoin;mexc;okx;upbit,arbitrum;eth,arbitrum;eth,5,camelot;uniswap_v3;uniswap_v3_arbitrum,0x50e7b9293aef80c304234e86c84a01be8401c530;0x57af956d3e2cca3b86f3d8c6772c03ddca3eaacb;0xb08a8794a5d3ccca3725d92964696858d3201909;0xbfca4230115de8341f3a3d5e8845ffb3337b2be3;0xdbaeb7f0dfe3a0aafd798ccecb5b22e708f7852c,-0.006274509803921524,0.019731649565903897,0.0607734806629836,-0.04340962904498813
2026-03-15,PENDLE,1.292,4534791.321947447,524066.06234155694,5058857.384289004,0.1035937609091567,8.65309098949423,12,binance;bitget;bybit;coinbase;crypto_com;gate;htx;kraken;kucoin;mexc;okx;upbit,arbitrum;eth,arbitrum;eth,5,camelot;uniswap_v3;uniswap_v3_arbitrum,0x50e7b9293aef80c304234e86c84a01be8401c530;0x57af956d3e2cca3b86f3d8c6772c03ddca3eaacb;0xb08a8794a5d3ccca3725d92964696858d3201909;0xbfca4230115de8341f3a3d5e8845ffb3337b2be3;0xdbaeb7f0dfe3a0aafd798ccecb5b22e708f7852c,0.019731649565903897,0.06656346749225994,-0.02244582043343668,-0.09907120743034059
2026-03-16,PENDLE,1.378,9372989.750078747,911838.9762037469,10284828.726282494,0.08865864473499462,10.279215952252066,12,binance;bitget;bybit;coinbase;crypto_com;gate;htx;kraken;kucoin;mexc;okx;upbit,arbitrum;eth,arbitrum;eth,5,camelot;uniswap_v3;uniswap_v3_arbitrum,0x50e7b9293aef80c304234e86c84a01be8401c530;0x57af956d3e2cca3b86f3d8c6772c03ddca3eaacb;0xb08a8794a5d3ccca3725d92964696858d3201909;0xbfca4230115de8341f3a3d5e8845ffb3337b2be3;0xdbaeb7f0dfe3a0aafd798ccecb5b22e708f7852c,0.06656346749225994,-0.02467343976777925,-0.09651669085631331,-0.10014513788098689
2026-03-17,PENDLE,1.344,6667650.213905133,545659.0654443976,7213309.279349531,0.07564614857240713,12.219443671250731,12,binance;bitget;bybit;coinbase;crypto_com;gate;htx;kraken;kucoin;mexc;okx;upbit,arbitrum;eth,arbitrum;eth,5,camelot;uniswap_v3;uniswap_v3_arbitrum,0x50e7b9293aef80c304234e86c84a01be8401c530;0x57af956d3e2cca3b86f3d8c6772c03ddca3eaacb;0xb08a8794a5d3ccca3725d92964696858d3201909;0xbfca4230115de8341f3a3d5e8845ffb3337b2be3;0xdbaeb7f0dfe3a0aafd798ccecb5b22e708f7852c,-0.02467343976777925,-0.06026785714285732,-0.05729166666666685,-0.07514880952380953
2026-03-18,PENDLE,1.263,5023159.15285421,607698.5703501937,5630857.723204403,0.10792291338598503,8.26587291452661,12,binance;bitget;bybit;coinbase;crypto_com;gate;htx;kraken;kucoin;mexc;okx;upbit,arbitrum;eth,arbitrum;eth,5,camelot;uniswap_v3;uniswap_v3_arbitrum,0x50e7b9293aef80c304234e86c84a01be8401c530;0x57af956d3e2cca3b86f3d8c6772c03ddca3eaacb;0xb08a8794a5d3ccca3725d92964696858d3201909;0xbfca4230115de8341f3a3d5e8845ffb3337b2be3;0xdbaeb7f0dfe3a0aafd798ccecb5b22e708f7852c,-0.06026785714285732,-0.014251781472683911,-0.040380047505938155,0.02058590657165471
2026-03-19,PENDLE,1.245,3652364.1571217524,424362.1059537335,4076726.263075486,0.10409384358163758,8.606716070732185,12,binance;bitget;bybit;coinbase;crypto_com;gate;htx;kraken;kucoin;mexc;okx;upbit,arbitrum;eth,arbitrum;eth,5,camelot;uniswap_v3;uniswap_v3_arbitrum,0x50e7b9293aef80c304234e86c84a01be8401c530;0x57af956d3e2cca3b86f3d8c6772c03ddca3eaacb;0xb08a8794a5d3ccca3725d92964696858d3201909;0xbfca4230115de8341f3a3d5e8845ffb3337b2be3;0xdbaeb7f0dfe3a0aafd798ccecb5b22e708f7852c,-0.014251781472683911,0.017670682730923426,-0.06506024096385554,-0.03453815261044191
2026-03-20,PENDLE,1.267,3986496.257115576,589262.3566722195,4575758.613787795,0.1287791613169101,6.765231499987173,12,binance;bitget;bybit;coinbase;crypto_com;gate;htx;kraken;kucoin;mexc;okx;upbit,arbitrum;eth,arbitrum;eth,5,camelot;uniswap_v3;uniswap_v3_arbitrum,0x50e7b9293aef80c304234e86c84a01be8401c530;0x57af956d3e2cca3b86f3d8c6772c03ddca3eaacb;0xb08a8794a5d3ccca3725d92964696858d3201909;0xbfca4230115de8341f3a3d5e8845ffb3337b2be3;0xdbaeb7f0dfe3a0aafd798ccecb5b22e708f7852c,0.017670682730923426,-0.04340962904498813,-0.02131018153117592,-0.07813733228097863
2026-03-21,PENDLE,1.212,2878634.885096247,340876.98010104394,3219511.8651972907,0.10587846679054097,8.444791092208549,12,binance;bitget;bybit;coinbase;crypto_com;gate;htx;kraken;kucoin;mexc;okx;upbit,arbitrum;eth,arbitrum;eth,5,camelot;uniswap_v3;uniswap_v3_arbitrum,0x50e7b9293aef80c304234e86c84a01be8401c530;0x57af956d3e2cca3b86f3d8c6772c03ddca3eaacb;0xb08a8794a5d3ccca3725d92964696858d3201909;0xbfca4230115de8341f3a3d5e8845ffb3337b2be3;0xdbaeb7f0dfe3a0aafd798ccecb5b22e708f7852c,-0.04340962904498813,-0.03960396039603964,0.02557755775577575,-0.05610561056105612
2026-03-22,PENDLE,1.164,3655991.941754448,359680.67418377183,4015672.61593822,0.08956922253975531,10.164549290981618,12,binance;bitget;bybit;coinbase;crypto_com;gate;htx;kraken;kucoin;mexc;okx;upbit,arbitrum;eth,arbitrum;eth,5,camelot;uniswap_v3;uniswap_v3_arbitrum,0x50e7b9293aef80c304234e86c84a01be8401c530;0x57af956d3e2cca3b86f3d8c6772c03ddca3eaacb;0xb08a8794a5d3ccca3725d92964696858d3201909;0xbfca4230115de8341f3a3d5e8845ffb3337b2be3;0xdbaeb7f0dfe3a0aafd798ccecb5b22e708f7852c,-0.03960396039603964,0.06529209621993126,0.10738831615120281,-0.045532646048109915
2026-03-23,PENDLE,1.24,6859735.853865594,658851.8296474157,7518587.683513009,0.08762973278773702,10.411651823956502,12,binance;bitget;bybit;coinbase;crypto_com;gate;htx;kraken;kucoin;mexc;okx;upbit,arbitrum;eth,arbitrum;eth,5,camelot;uniswap_v3;uniswap_v3_arbitrum,0x50e7b9293aef80c304234e86c84a01be8401c530;0x57af956d3e2cca3b86f3d8c6772c03ddca3eaacb;0xb08a8794a5d3ccca3725d92964696858d3201909;0xbfca4230115de8341f3a3d5e8845ffb3337b2be3;0xdbaeb7f0dfe3a0aafd798ccecb5b22e708f7852c,0.06529209621993126,0.0024193548387096975,-0.030645161290322576,-0.09919354838709682
2026-03-24,PENDLE,1.243,5010385.426992904,840447.9935108786,5850833.420503783,0.14364585916351594,5.961565100610893,12,binance;bitget;bybit;coinbase;crypto_com;gate;htx;kraken;kucoin;mexc;okx;upbit,arbitrum;eth,arbitrum;eth,5,camelot;uniswap_v3;uniswap_v3_arbitrum,0x50e7b9293aef80c304234e86c84a01be8401c530;0x57af956d3e2cca3b86f3d8c6772c03ddca3eaacb;0xb08a8794a5d3ccca3725d92964696858d3201909;0xbfca4230115de8341f3a3d5e8845ffb3337b2be3;0xdbaeb7f0dfe3a0aafd798ccecb5b22e708f7852c,0.0024193548387096975,0.03700724054706339,-0.06033789219629937,-0.10297666934835081
2026-03-25,PENDLE,1.289,9719983.45706779,1024057.013244549,10744040.470312338,0.09531395717227588,9.491642878624198,12,binance;bitget;bybit;coinbase;crypto_com;gate;htx;kraken;kucoin;mexc;okx;upbit,arbitrum;eth,arbitrum;eth,5,camelot;uniswap_v3;uniswap_v3_arbitrum,0x50e7b9293aef80c304234e86c84a01be8401c530;0x57af956d3e2cca3b86f3d8c6772c03ddca3eaacb;0xb08a8794a5d3ccca3725d92964696858d3201909;0xbfca4230115de8341f3a3d5e8845ffb3337b2be3;0xdbaeb7f0dfe3a0aafd798ccecb5b22e708f7852c,0.03700724054706339,-0.06749418153607445,-0.11249030256012416,-0.11947245927075245
2026-03-26,PENDLE,1.202,5744067.544998996,718297.6748580801,6462365.219857076,0.11115089451319593,7.996778697820368,12,binance;bitget;bybit;coinbase;crypto_com;gate;htx;kraken;kucoin;mexc;okx;upbit,arbitrum;eth,arbitrum;eth,5,camelot;uniswap_v3;uniswap_v3_arbitrum,0x50e7b9293aef80c304234e86c84a01be8401c530;0x57af956d3e2cca3b86f3d8c6772c03ddca3eaacb;0xb08a8794a5d3ccca3725d92964696858d3201909;0xbfca4230115de8341f3a3d5e8845ffb3337b2be3;0xdbaeb7f0dfe3a0aafd798ccecb5b22e708f7852c,-0.06749418153607445,-0.028286189683860208,-0.07570715474209644,-0.09816971713810307
2026-03-27,PENDLE,1.168,4409658.815543661,362711.344151188,4772370.159694849,0.07600234935975297,12.15748800430569,12,binance;bitget;bybit;coinbase;crypto_com;gate;htx;kraken;kucoin;mexc;okx;upbit,arbitrum;eth,arbitrum;eth,5,camelot;uniswap_v3;uniswap_v3_arbitrum,0x50e7b9293aef80c304234e86c84a01be8401c530;0x57af956d3e2cca3b86f3d8c6772c03ddca3eaacb;0xb08a8794a5d3ccca3725d92964696858d3201909;0xbfca4230115de8341f3a3d5e8845ffb3337b2be3;0xdbaeb7f0dfe3a0aafd798ccecb5b22e708f7852c,-0.028286189683860208,-0.020547945205479423,-0.043664383561643816,-0.08647260273972601
2026-03-28,PENDLE,1.144,3308439.0829375726,326303.11186185287,3634742.1947994255,0.08977338539407996,10.13915884546718,12,binance;bitget;bybit;coinbase;crypto_com;gate;htx;kraken;kucoin;mexc;okx;upbit,arbitrum;eth,arbitrum;eth,5,camelot;uniswap_v3;uniswap_v3_arbitrum,0x50e7b9293aef80c304234e86c84a01be8401c530;0x57af956d3e2cca3b86f3d8c6772c03ddca3eaacb;0xb08a8794a5d3ccca3725d92964696858d3201909;0xbfca4230115de8341f3a3d5e8845ffb3337b2be3;0xdbaeb7f0dfe3a0aafd798ccecb5b22e708f7852c,-0.020547945205479423,-0.028846153846153744,-0.02534965034965031,-0.07604895104895104
2026-03-29,PENDLE,1.111,3575796.6487780726,218083.55380547364,3793880.2025835463,0.05748298368961774,16.39645258150743,12,binance;bitget;bybit;coinbase;crypto_com;gate;htx;kraken;kucoin;mexc;okx;upbit,arbitrum;eth,arbitrum;eth,5,camelot;uniswap_v3;uniswap_v3_arbitrum,0x50e7b9293aef80c304234e86c84a01be8401c530;0x57af956d3e2cca3b86f3d8c6772c03ddca3eaacb;0xb08a8794a5d3ccca3725d92964696858d3201909;0xbfca4230115de8341f3a3d5e8845ffb3337b2be3;0xdbaeb7f0dfe3a0aafd798ccecb5b22e708f7852c,-0.028846153846153744,0.005400540054005365,0.021602160216021682,-0.08460846084608464
2026-03-30,PENDLE,1.117,3464752.217517788,351463.05399588123,3816215.2715136693,0.09209728199019454,9.858083739175587,12,binance;bitget;bybit;coinbase;crypto_com;gate;htx;kraken;kucoin;mexc;okx;upbit,arbitrum;eth,arbitrum;eth,5,camelot;uniswap_v3;uniswap_v3_arbitrum,0x50e7b9293aef80c304234e86c84a01be8401c530;0x57af956d3e2cca3b86f3d8c6772c03ddca3eaacb;0xb08a8794a5d3ccca3725d92964696858d3201909;0xbfca4230115de8341f3a3d5e8845ffb3337b2be3;0xdbaeb7f0dfe3a0aafd798ccecb5b22e708f7852c,0.005400540054005365,-0.0017905102954342,-0.029543419874664245,-0.09221128021486125
2026-03-31,PENDLE,1.115,6327233.687942254,322807.44132053,6650041.1292627845,0.048542172152898556,19.600643845318483,12,binance;bitget;bybit;coinbase;crypto_com;gate;htx;kraken;kucoin;mexc;okx;upbit,arbitrum;eth,arbitrum;eth,5,camelot;uniswap_v3;uniswap_v3_arbitrum,0x50e7b9293aef80c304234e86c84a01be8401c530;0x57af956d3e2cca3b86f3d8c6772c03ddca3eaacb;0xb08a8794a5d3ccca3725d92964696858d3201909;0xbfca4230115de8341f3a3d5e8845ffb3337b2be3;0xdbaeb7f0dfe3a0aafd798ccecb5b22e708f7852c,-0.0017905102954342,0.017937219730941756,-0.04304932735426015,-0.03228699551569514
2026-04-01,PENDLE,1.135,5496496.910797434,446496.4458111247,5942993.356608558,0.07512989145690772,12.31028144202192,12,binance;bitget;bybit;coinbase;crypto_com;gate;htx;kraken;kucoin;mexc;okx;upbit,arbitrum;eth,arbitrum;eth,5,camelot;uniswap_v3;uniswap_v3_arbitrum,0x50e7b9293aef80c304234e86c84a01be8401c530;0x57af956d3e2cca3b86f3d8c6772c03ddca3eaacb;0xb08a8794a5d3ccca3725d92964696858d3201909;0xbfca4230115de8341f3a3d5e8845ffb3337b2be3;0xdbaeb7f0dfe3a0aafd798ccecb5b22e708f7852c,0.017937219730941756,-0.04493392070484581,-0.06872246696035245,-0.10044052863436137
2026-04-02,PENDLE,1.084,5954778.898708448,223357.08574022626,6178135.984448674,0.03615282769794169,26.66035366182252,12,binance;bitget;bybit;coinbase;crypto_com;gate;htx;kraken;kucoin;mexc;okx;upbit,arbitrum;eth,arbitrum;eth,5,camelot;uniswap_v3;uniswap_v3_arbitrum,0x50e7b9293aef80c304234e86c84a01be8401c530;0x57af956d3e2cca3b86f3d8c6772c03ddca3eaacb;0xb08a8794a5d3ccca3725d92964696858d3201909;0xbfca4230115de8341f3a3d5e8845ffb3337b2be3;0xdbaeb7f0dfe3a0aafd798ccecb5b22e708f7852c,-0.04493392070484581,-0.01568265682656833,-0.06180811808118092,-0.01845018450184499
2026-04-03,PENDLE,1.067,2723749.753007854,199899.26919188537,2923649.0221997392,0.06837321021573313,13.625611359255638,12,binance;bitget;bybit;coinbase;crypto_com;gate;htx;kraken;kucoin;mexc;okx;upbit,arbitrum;eth,arbitrum;eth,5,camelot;uniswap_v3;uniswap_v3_arbitrum,0x50e7b9293aef80c304234e86c84a01be8401c530;0x57af956d3e2cca3b86f3d8c6772c03ddca3eaacb;0xb08a8794a5d3ccca3725d92964696858d3201909;0xbfca4230115de8341f3a3d5e8845ffb3337b2be3;0xdbaeb7f0dfe3a0aafd798ccecb5b22e708f7852c,-0.01568265682656833,-0.009372071227741308,-0.04967197750702901,0.016869728209934376
2026-04-04,PENDLE,1.057,4137338.464072308,235364.93174794532,4372703.3958202535,0.05382595397916176,17.578398078873644,12,binance;bitget;bybit;coinbase;crypto_com;gate;htx;kraken;kucoin;mexc;okx;upbit,arbitrum;eth,arbitrum;eth,5,camelot;uniswap_v3;uniswap_v3_arbitrum,0x50e7b9293aef80c304234e86c84a01be8401c530;0x57af956d3e2cca3b86f3d8c6772c03ddca3eaacb;0xb08a8794a5d3ccca3725d92964696858d3201909;0xbfca4230115de8341f3a3d5e8845ffb3337b2be3;0xdbaeb7f0dfe3a0aafd798ccecb5b22e708f7852c,-0.009372071227741308,-0.03784295175023655,0.02081362346263016,0.06622516556291402
2026-04-05,PENDLE,1.017,8312702.560668616,272438.26907005196,8585140.829738667,0.03173369831352493,30.51224260469506,12,binance;bitget;bybit;coinbase;crypto_com;gate;htx;kraken;kucoin;mexc;okx;upbit,arbitrum;eth,arbitrum;eth,5,camelot;uniswap_v3;uniswap_v3_arbitrum,0x50e7b9293aef80c304234e86c84a01be8401c530;0x57af956d3e2cca3b86f3d8c6772c03ddca3eaacb;0xb08a8794a5d3ccca3725d92964696858d3201909;0xbfca4230115de8341f3a3d5e8845ffb3337b2be3;0xdbaeb7f0dfe3a0aafd798ccecb5b22e708f7852c,-0.03784295175023655,-0.002949852507374562,0.003933136676499416,0.0206489675516226
2026-04-06,PENDLE,1.014,11875226.828729525,374368.24921838474,12249595.07794791,0.030561683617798412,31.720710432903743,12,binance;bitget;bybit;coinbase;crypto_com;gate;htx;kraken;kucoin;mexc;okx;upbit,arbitrum;eth,arbitrum;eth,5,camelot;uniswap_v3;uniswap_v3_arbitrum,0x50e7b9293aef80c304234e86c84a01be8401c530;0x57af956d3e2cca3b86f3d8c6772c03ddca3eaacb;0xb08a8794a5d3ccca3725d92964696858d3201909;0xbfca4230115de8341f3a3d5e8845ffb3337b2be3;0xdbaeb7f0dfe3a0aafd798ccecb5b22e708f7852c,-0.002949852507374562,0.0641025641025641,0.04930966469428011,0.09072978303747536
2026-04-07,PENDLE,1.079,7280252.48300124,334035.878738356,7614288.361739595,0.04386961234838769,21.794821893080904,12,binance;bitget;bybit;coinbase;crypto_com;gate;htx;kraken;kucoin;mexc;okx;upbit,arbitrum;eth,arbitrum;eth,5,camelot;uniswap_v3;uniswap_v3_arbitrum,0x50e7b9293aef80c304234e86c84a01be8401c530;0x57af956d3e2cca3b86f3d8c6772c03ddca3eaacb;0xb08a8794a5d3ccca3725d92964696858d3201909;0xbfca4230115de8341f3a3d5e8845ffb3337b2be3;0xdbaeb7f0dfe3a0aafd798ccecb5b22e708f7852c,0.0641025641025641,-0.053753475440222465,0.005560704355885182,-0.022242817423540284
2026-04-08,PENDLE,1.021,6421758.035539763,311393.34710105346,6733151.382640816,0.0462477864234387,20.62265650606778,12,binance;bitget;bybit;coinbase;crypto_com;gate;htx;kraken;kucoin;mexc;okx;upbit,arbitrum;eth,arbitrum;eth,5,camelot;uniswap_v3;uniswap_v3_arbitrum,0x50e7b9293aef80c304234e86c84a01be8401c530;0x57af956d3e2cca3b86f3d8c6772c03ddca3eaacb;0xb08a8794a5d3ccca3725d92964696858d3201909;0xbfca4230115de8341f3a3d5e8845ffb3337b2be3;0xdbaeb7f0dfe3a0aafd798ccecb5b22e708f7852c,-0.053753475440222465,0.04211557296767898,0.10381978452497553,0.07345739471106771
2026-04-09,PENDLE,1.064,5370559.656988404,309733.3004561234,5680292.957444527,0.05452769826777869,17.339303358985106,12,binance;bitget;bybit;coinbase;crypto_com;gate;htx;kraken;kucoin;mexc;okx;upbit,arbitrum;eth,arbitrum;eth,5,camelot;uniswap_v3;uniswap_v3_arbitrum,0x50e7b9293aef80c304234e86c84a01be8401c530;0x57af956d3e2cca3b86f3d8c6772c03ddca3eaacb;0xb08a8794a5d3ccca3725d92964696858d3201909;0xbfca4230115de8341f3a3d5e8845ffb3337b2be3;0xdbaeb7f0dfe3a0aafd798ccecb5b22e708f7852c,0.04211557296767898,0.019736842105263053,-0.024436090225563922,0.20018796992481191
2026-04-10,PENDLE,1.085,4996451.624921738,261156.25091256527,5257607.875834303,0.049672067046484275,19.132039181380893,12,binance;bitget;bybit;coinbase;crypto_com;gate;htx;kraken;kucoin;mexc;okx;upbit,arbitrum;eth,arbitrum;eth,5,camelot;uniswap_v3;uniswap_v3_arbitrum,0x50e7b9293aef80c304234e86c84a01be8401c530;0x57af956d3e2cca3b86f3d8c6772c03ddca3eaacb;0xb08a8794a5d3ccca3725d92964696858d3201909;0xbfca4230115de8341f3a3d5e8845ffb3337b2be3;0xdbaeb7f0dfe3a0aafd798ccecb5b22e708f7852c,0.019736842105263053,0.03870967741935494,0.01935483870967758,0.31889400921658995
2026-04-11,PENDLE,1.127,6569560.250499085,344450.25054480217,6914010.501043887,0.04981916797679098,19.072595360602275,12,binance;bitget;bybit;coinbase;crypto_com;gate;htx;kraken;kucoin;mexc;okx;upbit,arbitrum;eth,arbitrum;eth,5,camelot;uniswap_v3;uniswap_v3_arbitrum,0x50e7b9293aef80c304234e86c84a01be8401c530;0x57af956d3e2cca3b86f3d8c6772c03ddca3eaacb;0xb08a8794a5d3ccca3725d92964696858d3201909;0xbfca4230115de8341f3a3d5e8845ffb3337b2be3;0xdbaeb7f0dfe3a0aafd798ccecb5b22e708f7852c,0.03870967741935494,-0.07897071872227146,-0.06388642413487144,0.20496894409937894
2026-04-12,PENDLE,1.038,4483984.258206959,308624.65622206545,4792608.914429024,0.06439596089155003,14.528924270329805,12,binance;bitget;bybit;coinbase;crypto_com;gate;htx;kraken;kucoin;mexc;okx;upbit,arbitrum;eth,arbitrum;eth,5,camelot;uniswap_v3;uniswap_v3_arbitrum,0x50e7b9293aef80c304234e86c84a01be8401c530;0x57af956d3e2cca3b86f3d8c6772c03ddca3eaacb;0xb08a8794a5d3ccca3725d92964696858d3201909;0xbfca4230115de8341f3a3d5e8845ffb3337b2be3;0xdbaeb7f0dfe3a0aafd798ccecb5b22e708f7852c,-0.07897071872227146,0.06551059730250497,0.05587668593448947,0.19171483622350682
2026-04-13,PENDLE,1.106,5595746.027742339,328878.1947641434,5924624.222506483,0.05551038891459137,17.01464589878133,12,binance;bitget;bybit;coinbase;crypto_com;gate;htx;kraken;kucoin;mexc;okx;upbit,arbitrum;eth,arbitrum;eth,5,camelot;uniswap_v3;uniswap_v3_arbitrum,0x50e7b9293aef80c304234e86c84a01be8401c530;0x57af956d3e2cca3b86f3d8c6772c03ddca3eaacb;0xb08a8794a5d3ccca3725d92964696858d3201909;0xbfca4230115de8341f3a3d5e8845ffb3337b2be3;0xdbaeb7f0dfe3a0aafd798ccecb5b22e708f7852c,0.06551059730250497,-0.04611211573236906,0.15461121157323676,0.19981916817359835
2026-04-14,PENDLE,1.055,5105909.145442529,217035.45971561456,5322944.605158143,0.04077357098649846,23.525690926878458,12,binance;bitget;bybit;coinbase;crypto_com;gate;htx;kraken;kucoin;mexc;okx;upbit,arbitrum;eth,arbitrum;eth,5,camelot;uniswap_v3;uniswap_v3_arbitrum,0x50e7b9293aef80c304234e86c84a01be8401c530;0x57af956d3e2cca3b86f3d8c6772c03ddca3eaacb;0xb08a8794a5d3ccca3725d92964696858d3201909;0xbfca4230115de8341f3a3d5e8845ffb3337b2be3;0xdbaeb7f0dfe3a0aafd798ccecb5b22e708f7852c,-0.04611211573236906,0.03886255924170623,0.35639810426540297,0.26919431279620865
2026-04-15,PENDLE,1.096,6805231.972663084,276483.5106550775,7081715.483318161,0.039041883468259625,24.613518385018047,12,binance;bitget;bybit;coinbase;crypto_com;gate;htx;kraken;kucoin;mexc;okx;upbit,arbitrum;eth,arbitrum;eth,5,camelot;uniswap_v3;uniswap_v3_arbitrum,0x50e7b9293aef80c304234e86c84a01be8401c530;0x57af956d3e2cca3b86f3d8c6772c03ddca3eaacb;0xb08a8794a5d3ccca3725d92964696858d3201909;0xbfca4230115de8341f3a3d5e8845ffb3337b2be3;0xdbaeb7f0dfe3a0aafd798ccecb5b22e708f7852c,0.03886255924170623,0.16514598540145964,0.2390510948905109,0.2052919708029195
2026-04-16,PENDLE,1.277,16713326.688175038,1013967.3748019221,17727294.06297696,0.0571980907633032,16.483101038078246,12,binance;bitget;bybit;coinbase;crypto_com;gate;htx;kraken;kucoin;mexc;okx;upbit,arbitrum;eth,arbitrum;eth,5,camelot;uniswap_v3;uniswap_v3_arbitrum,0x50e7b9293aef80c304234e86c84a01be8401c530;0x57af956d3e2cca3b86f3d8c6772c03ddca3eaacb;0xb08a8794a5d3ccca3725d92964696858d3201909;0xbfca4230115de8341f3a3d5e8845ffb3337b2be3;0xdbaeb7f0dfe3a0aafd798ccecb5b22e708f7852c,0.16514598540145964,0.12059514487079093,-0.03132341425215335,0.02584181675802677
2026-04-17,PENDLE,1.431,36215452.8210085,2328525.851291144,38543978.672299646,0.06041218191531905,15.552952869699688,12,binance;bitget;bybit;coinbase;crypto_com;gate;htx;kraken;kucoin;mexc;okx;upbit,arbitrum;eth,arbitrum;eth,5,camelot;uniswap_v3;uniswap_v3_arbitrum,0x50e7b9293aef80c304234e86c84a01be8401c530;0x57af956d3e2cca3b86f3d8c6772c03ddca3eaacb;0xb08a8794a5d3ccca3725d92964696858d3201909;0xbfca4230115de8341f3a3d5e8845ffb3337b2be3;0xdbaeb7f0dfe3a0aafd798ccecb5b22e708f7852c,0.12059514487079093,-0.051013277428371695,-0.07267645003494061,-0.0985324947589099
2026-04-18,PENDLE,1.358,21802211.5468577,2058785.005439532,23860996.55229723,0.08628244008699298,10.589843761856583,12,binance;bitget;bybit;coinbase;crypto_com;gate;htx;kraken;kucoin;mexc;okx;upbit,arbitrum;eth,arbitrum;eth,5,camelot;uniswap_v3;uniswap_v3_arbitrum,0x50e7b9293aef80c304234e86c84a01be8401c530;0x57af956d3e2cca3b86f3d8c6772c03ddca3eaacb;0xb08a8794a5d3ccca3725d92964696858d3201909;0xbfca4230115de8341f3a3d5e8845ffb3337b2be3;0xdbaeb7f0dfe3a0aafd798ccecb5b22e708f7852c,-0.051013277428371695,-0.0891016200294551,-0.01399116347569962,-0.05449189985272462
2026-04-19,PENDLE,1.237,10245627.862794826,931972.8199855279,11177600.682780353,0.08337861106644096,10.99348354703512,12,binance;bitget;bybit;coinbase;crypto_com;gate;htx;kraken;kucoin;mexc;okx;upbit,arbitrum;eth,arbitrum;eth,5,camelot;uniswap_v3;uniswap_v3_arbitrum,0x50e7b9293aef80c304234e86c84a01be8401c530;0x57af956d3e2cca3b86f3d8c6772c03ddca3eaacb;0xb08a8794a5d3ccca3725d92964696858d3201909;0xbfca4230115de8341f3a3d5e8845ffb3337b2be3;0xdbaeb7f0dfe3a0aafd798ccecb5b22e708f7852c,-0.0891016200294551,0.07275666936135794,0.06790622473726748,0.08084074373484218
2026-04-20,PENDLE,1.327,10825937.965051277,1035338.9674140001,11861276.932465278,0.0872873109117108,10.456418917653197,12,binance;bitget;bybit;coinbase;crypto_com;gate;htx;kraken;kucoin;mexc;okx;upbit,arbitrum;eth,arbitrum;eth,5,camelot;uniswap_v3;uniswap_v3_arbitrum,0x50e7b9293aef80c304234e86c84a01be8401c530;0x57af956d3e2cca3b86f3d8c6772c03ddca3eaacb;0xb08a8794a5d3ccca3725d92964696858d3201909;0xbfca4230115de8341f3a3d5e8845ffb3337b2be3;0xdbaeb7f0dfe3a0aafd798ccecb5b22e708f7852c,0.07275666936135794,0.009042954031650341,-0.012810851544837853,-0.005275056518462606
2026-04-21,PENDLE,1.339,10200947.066180728,2412381.4475284256,12613328.513709154,0.1912565303366562,4.22857963720123,12,binance;bitget;bybit;coinbase;crypto_com;gate;htx;kraken;kucoin;mexc;okx;upbit,arbitrum;eth,arbitrum;eth,5,camelot;uniswap_v3;uniswap_v3_arbitrum,0x50e7b9293aef80c304234e86c84a01be8401c530;0x57af956d3e2cca3b86f3d8c6772c03ddca3eaacb;0xb08a8794a5d3ccca3725d92964696858d3201909;0xbfca4230115de8341f3a3d5e8845ffb3337b2be3;0xdbaeb7f0dfe3a0aafd798ccecb5b22e708f7852c,0.009042954031650341,-0.013442867811799819,-0.036594473487677304,0.0029873039581778116
2026-04-22,PENDLE,1.321,8123215.206649295,1024058.1978687289,9147273.404518023,0.11195228923221272,7.932376522696991,12,binance;bitget;bybit;coinbase;crypto_com;gate;htx;kraken;kucoin;mexc;okx;upbit,arbitrum;eth,arbitrum;eth,5,camelot;uniswap_v3;uniswap_v3_arbitrum,0x50e7b9293aef80c304234e86c84a01be8401c530;0x57af956d3e2cca3b86f3d8c6772c03ddca3eaacb;0xb08a8794a5d3ccca3725d92964696858d3201909;0xbfca4230115de8341f3a3d5e8845ffb3337b2be3;0xdbaeb7f0dfe3a0aafd798ccecb5b22e708f7852c,-0.013442867811799819,-0.008327024981074849,-0.028009084027251996,-0.002271006813020393
2026-04-23,PENDLE,1.31,5984857.759024486,675757.5747447951,6660615.333769281,0.10145572756899923,8.856515979542978,12,binance;bitget;bybit;coinbase;crypto_com;gate;htx;kraken;kucoin;mexc;okx;upbit,arbitrum;eth,arbitrum;eth,5,camelot;uniswap_v3;uniswap_v3_arbitrum,0x50e7b9293aef80c304234e86c84a01be8401c530;0x57af956d3e2cca3b86f3d8c6772c03ddca3eaacb;0xb08a8794a5d3ccca3725d92964696858d3201909;0xbfca4230115de8341f3a3d5e8845ffb3337b2be3;0xdbaeb7f0dfe3a0aafd798ccecb5b22e708f7852c,-0.008327024981074849,-0.01526717557251911,0.020610687022900587,0.08931297709923669
2026-04-24,PENDLE,1.29,6056253.950191025,560779.9579523323,6617033.908143357,0.08474793476004401,10.799697571762758,12,binance;bitget;bybit;coinbase;crypto_com;gate;htx;kraken;kucoin;mexc;okx;upbit,arbitrum;eth,arbitrum;eth,5,camelot;uniswap_v3;uniswap_v3_arbitrum,0x50e7b9293aef80c304234e86c84a01be8401c530;0x57af956d3e2cca3b86f3d8c6772c03ddca3eaacb;0xb08a8794a5d3ccca3725d92964696858d3201909;0xbfca4230115de8341f3a3d5e8845ffb3337b2be3;0xdbaeb7f0dfe3a0aafd798ccecb5b22e708f7852c,-0.01526717557251911,-0.0046511627906976605,0.023255813953488413,0.22015503875969
2026-04-25,PENDLE,1.284,3415730.3307313295,287915.60934950836,3703645.940080838,0.07773842694672486,11.863651083206413,12,binance;bitget;bybit;coinbase;crypto_com;gate;htx;kraken;kucoin;mexc;okx;upbit,arbitrum;eth,arbitrum;eth,5,camelot;uniswap_v3;uniswap_v3_arbitrum,0x50e7b9293aef80c304234e86c84a01be8401c530;0x57af956d3e2cca3b86f3d8c6772c03ddca3eaacb;0xb08a8794a5d3ccca3725d92964696858d3201909;0xbfca4230115de8341f3a3d5e8845ffb3337b2be3;0xdbaeb7f0dfe3a0aafd798ccecb5b22e708f7852c,-0.0046511627906976605,0.04127725856697806,0.0459501557632398,0.2461059190031154
2026-04-26,PENDLE,1.337,5948528.166838989,715259.2836054424,6663787.450444431,0.10733524874922883,8.316603926975896,12,binance;bitget;bybit;coinbase;crypto_com;gate;htx;kraken;kucoin;mexc;okx;upbit,arbitrum;eth,arbitrum;eth,5,camelot;uniswap_v3;uniswap_v3_arbitrum,0x50e7b9293aef80c304234e86c84a01be8401c530;0x57af956d3e2cca3b86f3d8c6772c03ddca3eaacb;0xb08a8794a5d3ccca3725d92964696858d3201909;0xbfca4230115de8341f3a3d5e8845ffb3337b2be3;0xdbaeb7f0dfe3a0aafd798ccecb5b22e708f7852c,0.04127725856697806,-0.012715033657441976,-0.01421091997008217,0.18773373223635015
2026-04-27,PENDLE,1.32,7019788.87316115,1981916.8962164747,9001705.769377625,0.22017125942492385,3.541918879929875,12,binance;bitget;bybit;coinbase;crypto_com;gate;htx;kraken;kucoin;mexc;okx;upbit,arbitrum;eth,arbitrum;eth,5,camelot;uniswap_v3;uniswap_v3_arbitrum,0x50e7b9293aef80c304234e86c84a01be8401c530;0x57af956d3e2cca3b86f3d8c6772c03ddca3eaacb;0xb08a8794a5d3ccca3725d92964696858d3201909;0xbfca4230115de8341f3a3d5e8845ffb3337b2be3;0xdbaeb7f0dfe3a0aafd798ccecb5b22e708f7852c,-0.012715033657441976,0.017424242424242342,0.08106060606060606,0.4303030303030302
2026-04-28,PENDLE,1.343,6965077.289967103,746874.1156546156,7711951.405621719,0.09684632025950952,9.325637539148609,12,binance;bitget;bybit;coinbase;crypto_com;gate;htx;kraken;kucoin;mexc;okx;upbit,arbitrum;eth,arbitrum;eth,5,camelot;uniswap_v3;uniswap_v3_arbitrum,0x50e7b9293aef80c304234e86c84a01be8401c530;0x57af956d3e2cca3b86f3d8c6772c03ddca3eaacb;0xb08a8794a5d3ccca3725d92964696858d3201909;0xbfca4230115de8341f3a3d5e8845ffb3337b2be3;0xdbaeb7f0dfe3a0aafd798ccecb5b22e708f7852c,0.017424242424242342,-0.01861504095309008,0.17200297840655265,0.466120625465376
2026-04-29,PENDLE,1.318,7962630.058161998,1283858.9661711238,9246489.024333121,0.1388482658436637,6.202106514790403,12,binance;bitget;bybit;coinbase;crypto_com;gate;htx;kraken;kucoin;mexc;okx;upbit,arbitrum;eth,arbitrum;eth,5,camelot;uniswap_v3;uniswap_v3_arbitrum,0x50e7b9293aef80c304234e86c84a01be8401c530;0x57af956d3e2cca3b86f3d8c6772c03ddca3eaacb;0xb08a8794a5d3ccca3725d92964696858d3201909;0xbfca4230115de8341f3a3d5e8845ffb3337b2be3;0xdbaeb7f0dfe3a0aafd798ccecb5b22e708f7852c,-0.01861504095309008,0.08270106221547802,0.2139605462822458,0.4779969650986342
2026-04-30,PENDLE,1.427,16733685.776769672,1538473.761312606,18272159.53808228,0.08419769749197767,10.87680934024686,12,binance;bitget;bybit;coinbase;crypto_com;gate;htx;kraken;kucoin;mexc;okx;upbit,arbitrum;eth,arbitrum;eth,5,camelot;uniswap_v3;uniswap_v3_arbitrum,0x50e7b9293aef80c304234e86c84a01be8401c530;0x57af956d3e2cca3b86f3d8c6772c03ddca3eaacb;0xb08a8794a5d3ccca3725d92964696858d3201909;0xbfca4230115de8341f3a3d5e8845ffb3337b2be3;0xdbaeb7f0dfe3a0aafd798ccecb5b22e708f7852c,0.08270106221547802,0.10301331464611074,0.1128241065171689,0.3118430273300632
2026-05-01,PENDLE,1.574,49087109.120502174,4851689.695300855,53938798.81580303,0.08994804856276116,10.11752857319913,12,binance;bitget;bybit;coinbase;crypto_com;gate;htx;kraken;kucoin;mexc;okx;upbit,arbitrum;eth,arbitrum;eth,5,camelot;uniswap_v3;uniswap_v3_arbitrum,0x50e7b9293aef80c304234e86c84a01be8401c530;0x57af956d3e2cca3b86f3d8c6772c03ddca3eaacb;0xb08a8794a5d3ccca3725d92964696858d3201909;0xbfca4230115de8341f3a3d5e8845ffb3337b2be3;0xdbaeb7f0dfe3a0aafd798ccecb5b22e708f7852c,0.10301331464611074,0.016518424396442244,0.19949174078780163,0.3170266836086404
2026-05-02,PENDLE,1.6,14813790.285095783,1919902.8274510102,16733693.112546794,0.11473276189172382,7.715906280925451,12,binance;bitget;bybit;coinbase;crypto_com;gate;htx;kraken;kucoin;mexc;okx;upbit,arbitrum;eth,arbitrum;eth,5,camelot;uniswap_v3;uniswap_v3_arbitrum,0x50e7b9293aef80c304234e86c84a01be8401c530;0x57af956d3e2cca3b86f3d8c6772c03ddca3eaacb;0xb08a8794a5d3ccca3725d92964696858d3201909;0xbfca4230115de8341f3a3d5e8845ffb3337b2be3;0xdbaeb7f0dfe3a0aafd798ccecb5b22e708f7852c,0.016518424396442244,-0.007499999999999951,0.23062500000000008,0.25687499999999996
2026-05-03,PENDLE,1.588,12040823.013471298,1916926.844278177,13957749.857749475,0.13733781331622597,6.281315872544576,12,binance;bitget;bybit;coinbase;crypto_com;gate;htx;kraken;kucoin;mexc;okx;upbit,arbitrum;eth,arbitrum;eth,5,camelot;uniswap_v3;uniswap_v3_arbitrum,0x50e7b9293aef80c304234e86c84a01be8401c530;0x57af956d3e2cca3b86f3d8c6772c03ddca3eaacb;0xb08a8794a5d3ccca3725d92964696858d3201909;0xbfca4230115de8341f3a3d5e8845ffb3337b2be3;0xdbaeb7f0dfe3a0aafd798ccecb5b22e708f7852c,-0.007499999999999951,0.18891687657430722,0.22670025188916876,0.2449622166246852
2026-05-04,PENDLE,1.888,62631506.252295405,4064872.398013794,66696378.6503092,0.060945923605928036,15.407988276064668,12,binance;bitget;bybit;coinbase;crypto_com;gate;htx;kraken;kucoin;mexc;okx;upbit,arbitrum;eth,arbitrum;eth,5,camelot;uniswap_v3;uniswap_v3_arbitrum,0x50e7b9293aef80c304234e86c84a01be8401c530;0x57af956d3e2cca3b86f3d8c6772c03ddca3eaacb;0xb08a8794a5d3ccca3725d92964696858d3201909;0xbfca4230115de8341f3a3d5e8845ffb3337b2be3;0xdbaeb7f0dfe3a0aafd798ccecb5b22e708f7852c,0.18891687657430722,0.04290254237288149,-0.008474576271186307,0.13665254237288127
2026-05-05,PENDLE,1.969,38425371.78949684,2695860.1162339114,41121231.905730754,0.06555883642820072,14.25347389432679,12,binance;bitget;bybit;coinbase;crypto_com;gate;htx;kraken;kucoin;mexc;okx;upbit,arbitrum;eth,arbitrum;eth,5,camelot;uniswap_v3;uniswap_v3_arbitrum,0x50e7b9293aef80c304234e86c84a01be8401c530;0x57af956d3e2cca3b86f3d8c6772c03ddca3eaacb;0xb08a8794a5d3ccca3725d92964696858d3201909;0xbfca4230115de8341f3a3d5e8845ffb3337b2be3;0xdbaeb7f0dfe3a0aafd798ccecb5b22e708f7852c,0.04290254237288149,-0.01066531234129009,0.052818689690198095,0.03199593702387005
2026-05-06,PENDLE,1.948,36645239.40729368,3071813.067357377,39717052.47465105,0.07734242286277226,11.929514786138625,12,binance;bitget;bybit;coinbase;crypto_com;gate;htx;kraken;kucoin;mexc;okx;upbit,arbitrum;eth,arbitrum;eth,5,camelot;uniswap_v3;uniswap_v3_arbitrum,0x50e7b9293aef80c304234e86c84a01be8401c530;0x57af956d3e2cca3b86f3d8c6772c03ddca3eaacb;0xb08a8794a5d3ccca3725d92964696858d3201909;0xbfca4230115de8341f3a3d5e8845ffb3337b2be3;0xdbaeb7f0dfe3a0aafd798ccecb5b22e708f7852c,-0.01066531234129009,-0.03901437371663241,0.03234086242299794,0.002566735112936369
2026-05-07,PENDLE,1.872,28208238.281216703,3981948.3033752246,32190186.58459193,0.12370069036136665,7.084029257061553,12,binance;bitget;bybit;coinbase;crypto_com;gate;htx;kraken;kucoin;mexc;okx;upbit,arbitrum;eth,arbitrum;eth,5,camelot;uniswap_v3;uniswap_v3_arbitrum,0x50e7b9293aef80c304234e86c84a01be8401c530;0x57af956d3e2cca3b86f3d8c6772c03ddca3eaacb;0xb08a8794a5d3ccca3725d92964696858d3201909;0xbfca4230115de8341f3a3d5e8845ffb3337b2be3;0xdbaeb7f0dfe3a0aafd798ccecb5b22e708f7852c,-0.03901437371663241,0.10737179487179471,0.05608974358974361,0.08012820512820507
2026-05-08,PENDLE,2.073,28751897.041650224,3307837.7048249124,32059734.746475138,0.10317732604411514,8.692051910440417,12,binance;bitget;bybit;coinbase;crypto_com;gate;htx;kraken;kucoin;mexc;okx;upbit,arbitrum;eth,arbitrum;eth,5,camelot;uniswap_v3;uniswap_v3_arbitrum,0x50e7b9293aef80c304234e86c84a01be8401c530;0x57af956d3e2cca3b86f3d8c6772c03ddca3eaacb;0xb08a8794a5d3ccca3725d92964696858d3201909;0xbfca4230115de8341f3a3d5e8845ffb3337b2be3;0xdbaeb7f0dfe3a0aafd798ccecb5b22e708f7852c,0.10737179487179471,-0.029908345393149904,0.03521466473709589,-0.04630969609261937
2026-05-09,PENDLE,2.011,14267284.54033007,1678228.7139497562,15945513.254279826,0.10524770743891322,8.501394608337758,12,binance;bitget;bybit;coinbase;crypto_com;gate;htx;kraken;kucoin;mexc;okx;upbit,arbitrum;eth,arbitrum;eth,5,camelot;uniswap_v3;uniswap_v3_arbitrum,0x50e7b9293aef80c304234e86c84a01be8401c530;0x57af956d3e2cca3b86f3d8c6772c03ddca3eaacb;0xb08a8794a5d3ccca3725d92964696858d3201909;0xbfca4230115de8341f3a3d5e8845ffb3337b2be3;0xdbaeb7f0dfe3a0aafd798ccecb5b22e708f7852c,-0.029908345393149904,-0.016907011437095942,0.01044256588761816,-0.0885131775236202
2026-05-10,PENDLE,1.977,12130476.601962645,1067642.3939452576,13198118.995907903,0.08089352689396738,11.36192855468853,12,binance;bitget;bybit;coinbase;crypto_com;gate;htx;kraken;kucoin;mexc;okx;upbit,arbitrum;eth,arbitrum;eth,5,camelot;uniswap_v3;uniswap_v3_arbitrum,0x50e7b9293aef80c304234e86c84a01be8401c530;0x57af956d3e2cca3b86f3d8c6772c03ddca3eaacb;0xb08a8794a5d3ccca3725d92964696858d3201909;0xbfca4230115de8341f3a3d5e8845ffb3337b2be3;0xdbaeb7f0dfe3a0aafd798ccecb5b22e708f7852c,-0.016907011437095942,0.08548305513404131,-0.012139605462822445,-0.07081436519979778
2026-05-11,PENDLE,2.146,27607649.588148233,3517609.518084539,31125259.10623277,0.113014626033431,7.84841223740535,12,binance;bitget;bybit;coinbase;crypto_com;gate;htx;kraken;kucoin;mexc;okx;upbit,arbitrum;eth,arbitrum;eth,5,camelot;uniswap_v3;uniswap_v3_arbitrum,0x50e7b9293aef80c304234e86c84a01be8401c530;0x57af956d3e2cca3b86f3d8c6772c03ddca3eaacb;0xb08a8794a5d3ccca3725d92964696858d3201909;0xbfca4230115de8341f3a3d5e8845ffb3337b2be3;0xdbaeb7f0dfe3a0aafd798ccecb5b22e708f7852c,0.08548305513404131,-0.05312208760484616,-0.05778191985088543,-0.14305684995340162
2026-05-12,PENDLE,2.032,30780778.068878956,4283266.85211505,35064044.920994006,0.12215552603146809,7.186285405888173,12,binance;bitget;bybit;coinbase;crypto_com;gate;htx;kraken;kucoin;mexc;okx;upbit,arbitrum;eth,arbitrum;eth,5,camelot;uniswap_v3;uniswap_v3_arbitrum,0x50e7b9293aef80c304234e86c84a01be8401c530;0x57af956d3e2cca3b86f3d8c6772c03ddca3eaacb;0xb08a8794a5d3ccca3725d92964696858d3201909;0xbfca4230115de8341f3a3d5e8845ffb3337b2be3;0xdbaeb7f0dfe3a0aafd798ccecb5b22e708f7852c,-0.05312208760484616,-0.03887795275590544,-0.02706692913385822,-0.15354330708661423
2026-05-13,PENDLE,1.953,21178392.468233597,2423767.1110809357,23602159.579314534,0.10269259907916138,8.737800084591706,12,binance;bitget;bybit;coinbase;crypto_com;gate;htx;kraken;kucoin;mexc;okx;upbit,arbitrum;eth,arbitrum;eth,5,camelot;uniswap_v3;uniswap_v3_arbitrum,0x50e7b9293aef80c304234e86c84a01be8401c530;0x57af956d3e2cca3b86f3d8c6772c03ddca3eaacb;0xb08a8794a5d3ccca3725d92964696858d3201909;0xbfca4230115de8341f3a3d5e8845ffb3337b2be3;0xdbaeb7f0dfe3a0aafd798ccecb5b22e708f7852c,-0.03887795275590544,0.03533026113671256,-0.06144393241167445,-0.054787506400409636
2026-05-14,PENDLE,2.022,15636286.087520009,2153264.9057104373,17789550.993230447,0.12104099235162431,7.261663925350166,12,binance;bitget;bybit;coinbase;crypto_com;gate;htx;kraken;kucoin;mexc;okx;upbit,arbitrum;eth,arbitrum;eth,5,camelot;uniswap_v3;uniswap_v3_arbitrum,0x50e7b9293aef80c304234e86c84a01be8401c530;0x57af956d3e2cca3b86f3d8c6772c03ddca3eaacb;0xb08a8794a5d3ccca3725d92964696858d3201909;0xbfca4230115de8341f3a3d5e8845ffb3337b2be3;0xdbaeb7f0dfe3a0aafd798ccecb5b22e708f7852c,0.03533026113671256,-0.022255192878338104,-0.09149357072205733,-0.05885262116716117
2026-05-15,PENDLE,1.977,16153604.721959589,2876101.5458302503,19029706.26778984,0.15113746399220107,5.616493181674674,12,binance;bitget;bybit;coinbase;crypto_com;gate;htx;kraken;kucoin;mexc;okx;upbit,arbitrum;eth,arbitrum;eth,5,camelot;uniswap_v3;uniswap_v3_arbitrum,0x50e7b9293aef80c304234e86c84a01be8401c530;0x57af956d3e2cca3b86f3d8c6772c03ddca3eaacb;0xb08a8794a5d3ccca3725d92964696858d3201909;0xbfca4230115de8341f3a3d5e8845ffb3337b2be3;0xdbaeb7f0dfe3a0aafd798ccecb5b22e708f7852c,-0.022255192878338104,-0.07283763277693478,-0.06980273141122917,-0.07283763277693478
2026-05-16,PENDLE,1.833,10804321.522180103,1368248.2428026402,12172569.764982743,0.11240422270889157,7.896462925506236,12,binance;bitget;bybit;coinbase;crypto_com;gate;htx;kraken;kucoin;mexc;okx;upbit,arbitrum;eth,arbitrum;eth,5,camelot;uniswap_v3;uniswap_v3_arbitrum,0x50e7b9293aef80c304234e86c84a01be8401c530;0x57af956d3e2cca3b86f3d8c6772c03ddca3eaacb;0xb08a8794a5d3ccca3725d92964696858d3201909;0xbfca4230115de8341f3a3d5e8845ffb3337b2be3;0xdbaeb7f0dfe3a0aafd798ccecb5b22e708f7852c,-0.07283763277693478,0.0021822149481725006,-0.061647572285870145,0.03218767048554283
2026-05-17,PENDLE,1.837,9462828.23197104,1347909.6593564374,10810737.891327478,0.12468248448033774,7.020372742553897,12,binance;bitget;bybit;coinbase;crypto_com;gate;htx;kraken;kucoin;mexc;okx;upbit,arbitrum;eth,arbitrum;eth,5,camelot;uniswap_v3;uniswap_v3_arbitrum,0x50e7b9293aef80c304234e86c84a01be8401c530;0x57af956d3e2cca3b86f3d8c6772c03ddca3eaacb;0xb08a8794a5d3ccca3725d92964696858d3201909;0xbfca4230115de8341f3a3d5e8845ffb3337b2be3;0xdbaeb7f0dfe3a0aafd798ccecb5b22e708f7852c,0.0021822149481725006,0.0010887316276537717,0.004899292324442195,-0.008165487207403288
2026-05-18,PENDLE,1.839,9977375.08825492,1851505.1238828765,11828880.212137796,0.1565241249110815,5.388791507814414,12,binance;bitget;bybit;coinbase;crypto_com;gate;htx;kraken;kucoin;mexc;okx;upbit,arbitrum;eth,arbitrum;eth,5,camelot;uniswap_v3;uniswap_v3_arbitrum,0x50e7b9293aef80c304234e86c84a01be8401c530;0x57af956d3e2cca3b86f3d8c6772c03ddca3eaacb;0xb08a8794a5d3ccca3725d92964696858d3201909;0xbfca4230115de8341f3a3d5e8845ffb3337b2be3;0xdbaeb7f0dfe3a0aafd798ccecb5b22e708f7852c,0.0010887316276537717,-0.06470908102229478,0.034801522566612286,0.04513322457857538
2026-05-19,PENDLE,1.72,6741529.946477844,1391491.0751959877,8133021.021673832,0.17109153800141158,4.844824423705569,12,binance;bitget;bybit;coinbase;crypto_com;gate;htx;kraken;kucoin;mexc;okx;upbit,arbitrum;eth,arbitrum;eth,5,camelot;uniswap_v3;uniswap_v3_arbitrum,0x50e7b9293aef80c304234e86c84a01be8401c530;0x57af956d3e2cca3b86f3d8c6772c03ddca3eaacb;0xb08a8794a5d3ccca3725d92964696858d3201909;0xbfca4230115de8341f3a3d5e8845ffb3337b2be3;0xdbaeb7f0dfe3a0aafd798ccecb5b22e708f7852c,-0.06470908102229478,0.07325581395348846,0.06569767441860463,0.04302325581395361
2026-05-20,PENDLE,1.846,12658679.772356523,2900837.6059807637,15559517.378337286,0.18643493467345268,4.363801595186734,12,binance;bitget;bybit;coinbase;crypto_com;gate;htx;kraken;kucoin;mexc;okx;upbit,arbitrum;eth,arbitrum;eth,5,camelot;uniswap_v3;uniswap_v3_arbitrum,0x50e7b9293aef80c304234e86c84a01be8401c530;0x57af956d3e2cca3b86f3d8c6772c03ddca3eaacb;0xb08a8794a5d3ccca3725d92964696858d3201909;0xbfca4230115de8341f3a3d5e8845ffb3337b2be3;0xdbaeb7f0dfe3a0aafd798ccecb5b22e708f7852c,0.07325581395348846,0.030877573131094183,0.024918743228602214,-0.1462621885157096
2026-05-21,PENDLE,1.903,12047046.896270985,2962409.8351962226,15009456.731467208,0.19736955761933433,4.066637489904572,12,binance;bitget;bybit;coinbase;crypto_com;gate;htx;kraken;kucoin;mexc;okx;upbit,arbitrum;eth,arbitrum;eth,5,camelot;uniswap_v3;uniswap_v3_arbitrum,0x50e7b9293aef80c304234e86c84a01be8401c530;0x57af956d3e2cca3b86f3d8c6772c03ddca3eaacb;0xb08a8794a5d3ccca3725d92964696858d3201909;0xbfca4230115de8341f3a3d5e8845ffb3337b2be3;0xdbaeb7f0dfe3a0aafd798ccecb5b22e708f7852c,0.030877573131094183,-0.03678402522333157,-0.042564372044140764,-0.23436678928008403
2026-05-22,PENDLE,1.833,14977622.012192471,3249830.098904491,18227452.111096963,0.17829316347104696,4.608740012975259,12,binance;bitget;bybit;coinbase;crypto_com;gate;htx;kraken;kucoin;mexc;okx;upbit,arbitrum;eth,arbitrum;eth,5,camelot;uniswap_v3;uniswap_v3_arbitrum,0x50e7b9293aef80c304234e86c84a01be8401c530;0x57af956d3e2cca3b86f3d8c6772c03ddca3eaacb;0xb08a8794a5d3ccca3725d92964696858d3201909;0xbfca4230115de8341f3a3d5e8845ffb3337b2be3;0xdbaeb7f0dfe3a0aafd798ccecb5b22e708f7852c,-0.03678402522333157,0.03218767048554283,0.048554282596835696,-0.24604473540643756
2026-05-23,PENDLE,1.892,11222843.681908373,2019559.3479248947,13242403.029833268,0.15250701427642038,5.557075454821315,12,binance;bitget;bybit;coinbase;crypto_com;gate;htx;kraken;kucoin;mexc;okx;upbit,arbitrum;eth,arbitrum;eth,5,camelot;uniswap_v3;uniswap_v3_arbitrum,0x50e7b9293aef80c304234e86c84a01be8401c530;0x57af956d3e2cca3b86f3d8c6772c03ddca3eaacb;0xb08a8794a5d3ccca3725d92964696858d3201909;0xbfca4230115de8341f3a3d5e8845ffb3337b2be3;0xdbaeb7f0dfe3a0aafd798ccecb5b22e708f7852c,0.03218767048554283,-0.036997885835095,-0.05179704016913311,-0.2912262156448203
2026-05-24,PENDLE,1.822,7455171.746297728,1482437.7230269955,8937609.469324723,0.1658651262527138,5.028994898399498,12,binance;bitget;bybit;coinbase;crypto_com;gate;htx;kraken;kucoin;mexc;okx;upbit,arbitrum;eth,arbitrum;eth,5,camelot;uniswap_v3;uniswap_v3_arbitrum,0x50e7b9293aef80c304234e86c84a01be8401c530;0x57af956d3e2cca3b86f3d8c6772c03ddca3eaacb;0xb08a8794a5d3ccca3725d92964696858d3201909;0xbfca4230115de8341f3a3d5e8845ffb3337b2be3;0xdbaeb7f0dfe3a0aafd798ccecb5b22e708f7852c,-0.036997885835095,0.05488474204171223,-0.13501646542261247,-0.24753018660812298
2026-05-25,PENDLE,1.922,12135208.938569695,2755992.069967885,14891201.00853758,0.18507520436986855,4.403208946356331,12,binance;bitget;bybit;coinbase;crypto_com;gate;htx;kraken;kucoin;mexc;okx;upbit,arbitrum;eth,arbitrum;eth,5,camelot;uniswap_v3;uniswap_v3_arbitrum,0x50e7b9293aef80c304234e86c84a01be8401c530;0x57af956d3e2cca3b86f3d8c6772c03ddca3eaacb;0xb08a8794a5d3ccca3725d92964696858d3201909;0xbfca4230115de8341f3a3d5e8845ffb3337b2be3;0xdbaeb7f0dfe3a0aafd798ccecb5b22e708f7852c,0.05488474204171223,-0.06659729448491147,-0.24193548387096764,-0.2596253902185224
2026-05-26,PENDLE,1.794,14477358.936328307,2861068.6328307292,17338427.569159035,0.16501315482148418,5.06012291009058,12,binance;bitget;bybit;coinbase;crypto_com;gate;htx;kraken;kucoin;mexc;okx;upbit,arbitrum;eth,arbitrum;eth,5,camelot;uniswap_v3;uniswap_v3_arbitrum,0x50e7b9293aef80c304234e86c84a01be8401c530;0x57af956d3e2cca3b86f3d8c6772c03ddca3eaacb;0xb08a8794a5d3ccca3725d92964696858d3201909;0xbfca4230115de8341f3a3d5e8845ffb3337b2be3;0xdbaeb7f0dfe3a0aafd798ccecb5b22e708f7852c,-0.06659729448491147,-0.12151616499442586,-0.22965440356744715,-0.2681159420289856
2026-05-27,PENDLE,1.576,17187123.184355248,1874970.2738335477,19062093.458188795,0.09836119406014601,9.166611025365542,12,binance;bitget;bybit;coinbase;crypto_com;gate;htx;kraken;kucoin;mexc;okx;upbit,arbitrum;eth,arbitrum;eth,5,camelot;uniswap_v3;uniswap_v3_arbitrum,0x50e7b9293aef80c304234e86c84a01be8401c530;0x57af956d3e2cca3b86f3d8c6772c03ddca3eaacb;0xb08a8794a5d3ccca3725d92964696858d3201909;0xbfca4230115de8341f3a3d5e8845ffb3337b2be3;0xdbaeb7f0dfe3a0aafd798ccecb5b22e708f7852c,-0.12151616499442586,-0.07550761421319796,-0.1491116751269036,-0.1465736040609138
2026-05-28,PENDLE,1.457,15893512.46682431,1468385.815865609,17361898.282689918,0.08457518826323343,10.82379868771419,12,binance;bitget;bybit;coinbase;crypto_com;gate;htx;kraken;kucoin;mexc;okx;upbit,arbitrum;eth,arbitrum;eth,5,camelot;uniswap_v3;uniswap_v3_arbitrum,0x50e7b9293aef80c304234e86c84a01be8401c530;0x57af956d3e2cca3b86f3d8c6772c03ddca3eaacb;0xb08a8794a5d3ccca3725d92964696858d3201909;0xbfca4230115de8341f3a3d5e8845ffb3337b2be3;0xdbaeb7f0dfe3a0aafd798ccecb5b22e708f7852c,-0.07550761421319796,-0.05147563486616347,-0.059025394646534,-0.09334248455730965
2026-05-29,PENDLE,1.382,18058328.243066415,1654196.6939428844,19712524.9370093,0.08391602289553537,10.916675332014615,12,binance;bitget;bybit;coinbase;crypto_com;gate;htx;kraken;kucoin;mexc;okx;upbit,arbitrum;eth,arbitrum;eth,5,camelot;uniswap_v3;uniswap_v3_arbitrum,0x50e7b9293aef80c304234e86c84a01be8401c530;0x57af956d3e2cca3b86f3d8c6772c03ddca3eaacb;0xb08a8794a5d3ccca3725d92964696858d3201909;0xbfca4230115de8341f3a3d5e8845ffb3337b2be3;0xdbaeb7f0dfe3a0aafd798ccecb5b22e708f7852c,-0.05147563486616347,-0.029667149059334208,0.02966714905933432,-0.11143270622286539
2026-05-30,PENDLE,1.341,13407939.287136458,620792.9982511625,14028732.28538762,0.04425153931391098,21.59808394248646,12,binance;bitget;bybit;coinbase;crypto_com;gate;htx;kraken;kucoin;mexc;okx;upbit,arbitrum;eth,arbitrum;eth,5,camelot;uniswap_v3;uniswap_v3_arbitrum,0x50e7b9293aef80c304234e86c84a01be8401c530;0x57af956d3e2cca3b86f3d8c6772c03ddca3eaacb;0xb08a8794a5d3ccca3725d92964696858d3201909;0xbfca4230115de8341f3a3d5e8845ffb3337b2be3;0xdbaeb7f0dfe3a0aafd798ccecb5b22e708f7852c,-0.029667149059334208,0.022371364653243964,-0.020879940343027648,-0.09023117076808351
2026-05-31,PENDLE,1.371,10318039.374848653,1140710.232248528,11458749.60709718,0.09954927643606147,9.045276427923413,12,binance;bitget;bybit;coinbase;crypto_com;gate;htx;kraken;kucoin;mexc;okx;upbit,arbitrum;eth,arbitrum;eth,5,camelot;uniswap_v3;uniswap_v3_arbitrum,0x50e7b9293aef80c304234e86c84a01be8401c530;0x57af956d3e2cca3b86f3d8c6772c03ddca3eaacb;0xb08a8794a5d3ccca3725d92964696858d3201909;0xbfca4230115de8341f3a3d5e8845ffb3337b2be3;0xdbaeb7f0dfe3a0aafd798ccecb5b22e708f7852c,0.022371364653243964,0.03792851932895691,-0.018964259664478456,-0.07366885485047414
2026-06-01,PENDLE,1.423,15343456.964620277,1638442.7378535676,16981899.702473845,0.09648171091334892,9.364658654302978,12,binance;bitget;bybit;coinbase;crypto_com;gate;htx;kraken;kucoin;mexc;okx;upbit,arbitrum;eth,arbitrum;eth,5,camelot;uniswap_v3;uniswap_v3_arbitrum,0x50e7b9293aef80c304234e86c84a01be8401c530;0x57af956d3e2cca3b86f3d8c6772c03ddca3eaacb;0xb08a8794a5d3ccca3725d92964696858d3201909;0xbfca4230115de8341f3a3d5e8845ffb3337b2be3;0xdbaeb7f0dfe3a0aafd798ccecb5b22e708f7852c,0.03792851932895691,-0.07730147575544632,-0.07167955024595929,-0.10541110330288128
2026-06-02,PENDLE,1.313,17027630.56424208,2201276.3781493967,19228906.942391478,0.11447745754578115,7.735344245395089,12,binance;bitget;bybit;coinbase;crypto_com;gate;htx;kraken;kucoin;mexc;okx;upbit,arbitrum;eth,arbitrum;eth,5,camelot;uniswap_v3;uniswap_v3_arbitrum,0x50e7b9293aef80c304234e86c84a01be8401c530;0x57af956d3e2cca3b86f3d8c6772c03ddca3eaacb;0xb08a8794a5d3ccca3725d92964696858d3201909;0xbfca4230115de8341f3a3d5e8845ffb3337b2be3;0xdbaeb7f0dfe3a0aafd798ccecb5b22e708f7852c,-0.07730147575544632,0.02437166793602441,-0.06473724295506467,-0.0487433358720486
2026-06-03,PENDLE,1.345,17974053.59976922,2345659.261190363,20319712.860959582,0.11543761849593338,7.662687372013205,12,binance;bitget;bybit;coinbase;crypto_com;gate;htx;kraken;kucoin;mexc;okx;upbit,arbitrum;eth,arbitrum;eth,5,camelot;uniswap_v3;uniswap_v3_arbitrum,0x50e7b9293aef80c304234e86c84a01be8401c530;0x57af956d3e2cca3b86f3d8c6772c03ddca3eaacb;0xb08a8794a5d3ccca3725d92964696858d3201909;0xbfca4230115de8341f3a3d5e8845ffb3337b2be3;0xdbaeb7f0dfe3a0aafd798ccecb5b22e708f7852c,0.02437166793602441,-0.017843866171003753,-0.09293680297397766,-0.12713754646840147
2026-06-04,PENDLE,1.321,18480175.032932453,2532240.1285304506,21012415.161462903,0.12051161701652548,7.297955207611831,12,binance;bitget;bybit;coinbase;crypto_com;gate;htx;kraken;kucoin;mexc;okx;upbit,arbitrum;eth,arbitrum;eth,5,camelot;uniswap_v3;uniswap_v3_arbitrum,0x50e7b9293aef80c304234e86c84a01be8401c530;0x57af956d3e2cca3b86f3d8c6772c03ddca3eaacb;0xb08a8794a5d3ccca3725d92964696858d3201909;0xbfca4230115de8341f3a3d5e8845ffb3337b2be3;0xdbaeb7f0dfe3a0aafd798ccecb5b22e708f7852c,-0.017843866171003753,-0.07040121120363363,-0.03860711582134746,-0.05677517032551094
2026-06-05,PENDLE,1.228,13954776.597279714,2192294.1797130755,16147070.77699279,0.13577039513796976,6.3653759273794615,12,binance;bitget;bybit;coinbase;crypto_com;gate;htx;kraken;kucoin;mexc;okx;upbit,arbitrum;eth,arbitrum;eth,5,camelot;uniswap_v3;uniswap_v3_arbitrum,0x50e7b9293aef80c304234e86c84a01be8401c530;0x57af956d3e2cca3b86f3d8c6772c03ddca3eaacb;0xb08a8794a5d3ccca3725d92964696858d3201909;0xbfca4230115de8341f3a3d5e8845ffb3337b2be3;0xdbaeb7f0dfe3a0aafd798ccecb5b22e708f7852c,-0.07040121120363363,-0.006514657980456029,0.03664495114006505,0.02035830618892498
2026-06-06,PENDLE,1.22,6323613.964845233,773918.6414287272,7097532.60627396,0.1090405193411315,8.170902762041294,12,binance;bitget;bybit;coinbase;crypto_com;gate;htx;kraken;kucoin;mexc;okx;upbit,arbitrum;eth,arbitrum;eth,5,camelot;uniswap_v3;uniswap_v3_arbitrum,0x50e7b9293aef80c304234e86c84a01be8401c530;0x57af956d3e2cca3b86f3d8c6772c03ddca3eaacb;0xb08a8794a5d3ccca3725d92964696858d3201909;0xbfca4230115de8341f3a3d5e8845ffb3337b2be3;0xdbaeb7f0dfe3a0aafd798ccecb5b22e708f7852c,-0.006514657980456029,0.040983606557376984,0.023770491803278837,0.08196721311475419
2026-06-07,PENDLE,1.27,6833578.924976515,929406.5397778437,7762985.464754358,0.11972282364788026,7.352626253964112,12,binance;bitget;bybit;coinbase;crypto_com;gate;htx;kraken;kucoin;mexc;okx;upbit,arbitrum;eth,arbitrum;eth,5,camelot;uniswap_v3;uniswap_v3_arbitrum,0x50e7b9293aef80c304234e86c84a01be8401c530;0x57af956d3e2cca3b86f3d8c6772c03ddca3eaacb;0xb08a8794a5d3ccca3725d92964696858d3201909;0xbfca4230115de8341f3a3d5e8845ffb3337b2be3;0xdbaeb7f0dfe3a0aafd798ccecb5b22e708f7852c,0.040983606557376984,0.0023622047244094,-0.07559055118110247,0.09133858267716533
2026-06-08,PENDLE,1.273,6163032.891832849,1107484.0518936147,7270516.943726463,0.15232535189251342,5.564895387247411,12,binance;bitget;bybit;coinbase;crypto_com;gate;htx;kraken;kucoin;mexc;okx;upbit,arbitrum;eth,arbitrum;eth,5,camelot;uniswap_v3;uniswap_v3_arbitrum,0x50e7b9293aef80c304234e86c84a01be8401c530;0x57af956d3e2cca3b86f3d8c6772c03ddca3eaacb;0xb08a8794a5d3ccca3725d92964696858d3201909;0xbfca4230115de8341f3a3d5e8845ffb3337b2be3;0xdbaeb7f0dfe3a0aafd798ccecb5b22e708f7852c,0.0023622047244094,-0.01885310290651987,-0.02120974076983495,0.06362922230950518
2026-06-09,PENDLE,1.249,5666259.347147856,841252.5928629736,6507511.94001083,0.12927407596298218,6.73550298117274,12,binance;bitget;bybit;coinbase;crypto_com;gate;htx;kraken;kucoin;mexc;okx;upbit,arbitrum;eth,arbitrum;eth,5,camelot;uniswap_v3;uniswap_v3_arbitrum,0x50e7b9293aef80c304234e86c84a01be8401c530;0x57af956d3e2cca3b86f3d8c6772c03ddca3eaacb;0xb08a8794a5d3ccca3725d92964696858d3201909;0xbfca4230115de8341f3a3d5e8845ffb3337b2be3;0xdbaeb7f0dfe3a0aafd798ccecb5b22e708f7852c,-0.01885310290651987,-0.06004803843074469,0.0032025620496396456,0.12009607686148915
2026-06-10,PENDLE,1.174,6087278.610246546,1031459.2584566326,7118737.868703178,0.14489355802681547,5.9016180817019475,12,binance;bitget;bybit;coinbase;crypto_com;gate;htx;kraken;kucoin;mexc;okx;upbit,arbitrum;eth,arbitrum;eth,5,camelot;uniswap_v3;uniswap_v3_arbitrum,0x50e7b9293aef80c304234e86c84a01be8401c530;0x57af956d3e2cca3b86f3d8c6772c03ddca3eaacb;0xb08a8794a5d3ccca3725d92964696858d3201909;0xbfca4230115de8341f3a3d5e8845ffb3337b2be3;0xdbaeb7f0dfe3a0aafd798ccecb5b22e708f7852c,-0.06004803843074469,0.061328790459965976,0.1243611584327089,0.2427597955706986
2026-06-11,PENDLE,1.246,6177592.505999288,938384.5043505939,7115977.010349882,0.13187008656516935,6.583220926345615,12,binance;bitget;bybit;coinbase;crypto_com;gate;htx;kraken;kucoin;mexc;okx;upbit,arbitrum;eth,arbitrum;eth,5,camelot;uniswap_v3;uniswap_v3_arbitrum,0x50e7b9293aef80c304234e86c84a01be8401c530;0x57af956d3e2cca3b86f3d8c6772c03ddca3eaacb;0xb08a8794a5d3ccca3725d92964696858d3201909;0xbfca4230115de8341f3a3d5e8845ffb3337b2be3;0xdbaeb7f0dfe3a0aafd798ccecb5b22e708f7852c,0.061328790459965976,0.00561797752808979,0.11235955056179758,0.1284109149277688
2026-06-12,PENDLE,1.253,6035719.365518181,893610.5700193277,6929329.935537509,0.12896060345407845,6.754306146342512,12,binance;bitget;bybit;coinbase;crypto_com;gate;htx;kraken;kucoin;mexc;okx;upbit,arbitrum;eth,arbitrum;eth,5,camelot;uniswap_v3;uniswap_v3_arbitrum,0x50e7b9293aef80c304234e86c84a01be8401c530;0x57af956d3e2cca3b86f3d8c6772c03ddca3eaacb;0xb08a8794a5d3ccca3725d92964696858d3201909;0xbfca4230115de8341f3a3d5e8845ffb3337b2be3;0xdbaeb7f0dfe3a0aafd798ccecb5b22e708f7852c,0.00561797752808979,0.05347166799680769,0.0806065442936954,0.10774142059058267
2026-06-13,PENDLE,1.32,5007675.692055296,877678.2141689337,5885353.90622423,0.14912921604267826,5.705594158785202,12,binance;bitget;bybit;coinbase;crypto_com;gate;htx;kraken;kucoin;mexc;okx;upbit,arbitrum;eth,arbitrum;eth,5,camelot;uniswap_v3;uniswap_v3_arbitrum,0x50e7b9293aef80c304234e86c84a01be8401c530;0x57af956d3e2cca3b86f3d8c6772c03ddca3eaacb;0xb08a8794a5d3ccca3725d92964696858d3201909;0xbfca4230115de8341f3a3d5e8845ffb3337b2be3;0xdbaeb7f0dfe3a0aafd798ccecb5b22e708f7852c,0.05347166799680769,0.04999999999999982,0.05984848484848482,0.06969696969696959
2026-06-14,PENDLE,1.386,7303220.2176007535,1120064.6840157318,8423284.901616486,0.13297243261958097,6.520355763219633,12,binance;bitget;bybit;coinbase;crypto_com;gate;htx;kraken;kucoin;mexc;okx;upbit,arbitrum;eth,arbitrum;eth,5,camelot;uniswap_v3;uniswap_v3_arbitrum,0x50e7b9293aef80c304234e86c84a01be8401c530;0x57af956d3e2cca3b86f3d8c6772c03ddca3eaacb;0xb08a8794a5d3ccca3725d92964696858d3201909;0xbfca4230115de8341f3a3d5e8845ffb3337b2be3;0xdbaeb7f0dfe3a0aafd798ccecb5b22e708f7852c,0.04999999999999982,-0.023088023088022935,0.052669552669552866,0.00721500721500723
2026-06-15,PENDLE,1.354,7653449.652472366,639971.5021617837,8293421.15463415,0.0771661646296817,11.959047592931077,12,binance;bitget;bybit;coinbase;crypto_com;gate;htx;kraken;kucoin;mexc;okx;upbit,arbitrum;eth,arbitrum;eth,5,camelot;uniswap_v3;uniswap_v3_arbitrum,0x50e7b9293aef80c304234e86c84a01be8401c530;0x57af956d3e2cca3b86f3d8c6772c03ddca3eaacb;0xb08a8794a5d3ccca3725d92964696858d3201909;0xbfca4230115de8341f3a3d5e8845ffb3337b2be3;0xdbaeb7f0dfe3a0aafd798ccecb5b22e708f7852c,-0.023088023088022935,0.03323485967503692,0.03840472673559803,0.0036927621861151394
2026-06-16,PENDLE,1.399,9471374.502498223,1180947.3774328714,10652321.879931094,0.11086290770632538,8.020149486327645,12,binance;bitget;bybit;coinbase;crypto_com;gate;htx;kraken;kucoin;mexc;okx;upbit,arbitrum;eth,arbitrum;eth,5,camelot;uniswap_v3;uniswap_v3_arbitrum,0x50e7b9293aef80c304234e86c84a01be8401c530;0x57af956d3e2cca3b86f3d8c6772c03ddca3eaacb;0xb08a8794a5d3ccca3725d92964696858d3201909;0xbfca4230115de8341f3a3d5e8845ffb3337b2be3;0xdbaeb7f0dfe3a0aafd798ccecb5b22e708f7852c,0.03323485967503692,0.04288777698355983,-0.00786275911365264,-0.06361686919228016
2026-06-17,PENDLE,1.459,15902216.154785536,2187402.5588704185,18089618.713655956,0.12092032416466224,7.2699083624540926,12,binance;bitget;bybit;coinbase;crypto_com;gate;htx;kraken;kucoin;mexc;okx;upbit,arbitrum;eth,arbitrum;eth,5,camelot;uniswap_v3;uniswap_v3_arbitrum,0x50e7b9293aef80c304234e86c84a01be8401c530;0x57af956d3e2cca3b86f3d8c6772c03ddca3eaacb;0xb08a8794a5d3ccca3725d92964696858d3201909;0xbfca4230115de8341f3a3d5e8845ffb3337b2be3;0xdbaeb7f0dfe3a0aafd798ccecb5b22e708f7852c,0.04288777698355983,-0.03632625085675134,-0.03221384509938319,-0.13570938999314608
2026-06-18,PENDLE,1.406,9093286.798285307,1471092.7859611888,10564379.584246496,0.1392502772387002,6.181314248199441,12,binance;bitget;bybit;coinbase;crypto_com;gate;htx;kraken;kucoin;mexc;okx;upbit,arbitrum;eth,arbitrum;eth,5,camelot;uniswap_v3;uniswap_v3_arbitrum,0x50e7b9293aef80c304234e86c84a01be8401c530;0x57af956d3e2cca3b86f3d8c6772c03ddca3eaacb;0xb08a8794a5d3ccca3725d92964696858d3201909;0xbfca4230115de8341f3a3d5e8845ffb3337b2be3;0xdbaeb7f0dfe3a0aafd798ccecb5b22e708f7852c,-0.03632625085675134,-0.012802275960170695,-0.007112375533428139,-0.11450924608819335
2026-06-19,PENDLE,1.388,4912953.97515975,597814.769596079,5510768.74475583,0.10848119332987305,8.21818768124322,12,binance;bitget;bybit;coinbase;crypto_com;gate;htx;kraken;kucoin;mexc;okx;upbit,arbitrum;eth,arbitrum;eth,5,camelot;uniswap_v3;uniswap_v3_arbitrum,0x50e7b9293aef80c304234e86c84a01be8401c530;0x57af956d3e2cca3b86f3d8c6772c03ddca3eaacb;0xb08a8794a5d3ccca3725d92964696858d3201909;0xbfca4230115de8341f3a3d5e8845ffb3337b2be3;0xdbaeb7f0dfe3a0aafd798ccecb5b22e708f7852c,-0.012802275960170695,0.01729106628242083,-0.02089337175792505,-0.0835734870317002
2026-06-20,PENDLE,1.412,6741441.414267212,805509.1599072295,7546950.574174441,0.10673306416815163,8.36916791243395,12,binance;bitget;bybit;coinbase;crypto_com;gate;htx;kraken;kucoin;mexc;okx;upbit,arbitrum;eth,arbitrum;eth,5,camelot;uniswap_v3;uniswap_v3_arbitrum,0x50e7b9293aef80c304234e86c84a01be8401c530;0x57af956d3e2cca3b86f3d8c6772c03ddca3eaacb;0xb08a8794a5d3ccca3725d92964696858d3201909;0xbfca4230115de8341f3a3d5e8845ffb3337b2be3;0xdbaeb7f0dfe3a0aafd798ccecb5b22e708f7852c,0.01729106628242083,-0.011331444759206777,-0.07223796033994323,-0.12252124645892337
2026-06-21,PENDLE,1.396,10586283.833735617,1025003.3989730797,11611287.232708696,0.0882764656863945,10.328047540468352,12,binance;bitget;bybit;coinbase;crypto_com;gate;htx;kraken;kucoin;mexc;okx;upbit,arbitrum;eth,arbitrum;eth,5,camelot;uniswap_v3;uniswap_v3_arbitrum,0x50e7b9293aef80c304234e86c84a01be8401c530;0x57af956d3e2cca3b86f3d8c6772c03ddca3eaacb;0xb08a8794a5d3ccca3725d92964696858d3201909;0xbfca4230115de8341f3a3d5e8845ffb3337b2be3;0xdbaeb7f0dfe3a0aafd798ccecb5b22e708f7852c,-0.011331444759206777,-0.026504297994269232,-0.09670487106017189,-0.09670487106017189
2026-06-22,PENDLE,1.359,7793716.187799336,956737.6530926225,8750453.84089196,0.10933577509107796,8.14613720135965,12,binance;bitget;bybit;coinbase;crypto_com;gate;htx;kraken;kucoin;mexc;okx;upbit,arbitrum;eth,arbitrum;eth,5,camelot;uniswap_v3;uniswap_v3_arbitrum,0x50e7b9293aef80c304234e86c84a01be8401c530;0x57af956d3e2cca3b86f3d8c6772c03ddca3eaacb;0xb08a8794a5d3ccca3725d92964696858d3201909;0xbfca4230115de8341f3a3d5e8845ffb3337b2be3;0xdbaeb7f0dfe3a0aafd798ccecb5b22e708f7852c,-0.026504297994269232,-0.036055923473142015,-0.08388520971302416,-0.005886681383370118
2026-06-23,PENDLE,1.31,6057087.153114314,695947.4067547015,6753034.559869016,0.10305698876331537,8.703369097040458,12,binance;bitget;bybit;coinbase;crypto_com;gate;htx;kraken;kucoin;mexc;okx;upbit,arbitrum;eth,arbitrum;eth,5,camelot;uniswap_v3;uniswap_v3_arbitrum,0x50e7b9293aef80c304234e86c84a01be8401c530;0x57af956d3e2cca3b86f3d8c6772c03ddca3eaacb;0xb08a8794a5d3ccca3725d92964696858d3201909;0xbfca4230115de8341f3a3d5e8845ffb3337b2be3;0xdbaeb7f0dfe3a0aafd798ccecb5b22e708f7852c,-0.036055923473142015,-0.037404580152671896,-0.02900763358778624,0.006106870229007688
2026-06-24,PENDLE,1.261,8142266.451049444,902927.2317314654,9045193.68278091,0.09982397982813165,9.017633054920411,12,binance;bitget;bybit;coinbase;crypto_com;gate;htx;kraken;kucoin;mexc;okx;upbit,arbitrum;eth,arbitrum;eth,5,camelot;uniswap_v3;uniswap_v3_arbitrum,0x50e7b9293aef80c304234e86c84a01be8401c530;0x57af956d3e2cca3b86f3d8c6772c03ddca3eaacb;0xb08a8794a5d3ccca3725d92964696858d3201909;0xbfca4230115de8341f3a3d5e8845ffb3337b2be3;0xdbaeb7f0dfe3a0aafd798ccecb5b22e708f7852c,-0.037404580152671896,-0.012688342585249646,-0.017446471054718304,0.1316415543219669
2026-06-25,PENDLE,1.245,8292587.889338512,1002470.0823268855,9295057.971665397,0.10784979344752518,8.272154985503562,12,binance;bitget;bybit;coinbase;crypto_com;gate;htx;kraken;kucoin;mexc;okx;upbit,arbitrum;eth,arbitrum;eth,5,camelot;uniswap_v3;uniswap_v3_arbitrum,0x50e7b9293aef80c304234e86c84a01be8401c530;0x57af956d3e2cca3b86f3d8c6772c03ddca3eaacb;0xb08a8794a5d3ccca3725d92964696858d3201909;0xbfca4230115de8341f3a3d5e8845ffb3337b2be3;0xdbaeb7f0dfe3a0aafd798ccecb5b22e708f7852c,-0.012688342585249646,0.02168674698795181,0.012851405622489764,0.21526104417670666
2026-06-26,PENDLE,1.272,7251599.751527401,1288032.4241311783,8539632.17565858,0.1508299652299538,5.629982301430689,12,binance;bitget;bybit;coinbase;crypto_com;gate;htx;kraken;kucoin;mexc;okx;upbit,arbitrum;eth,arbitrum;eth,5,camelot;uniswap_v3;uniswap_v3_arbitrum,0x50e7b9293aef80c304234e86c84a01be8401c530;0x57af956d3e2cca3b86f3d8c6772c03ddca3eaacb;0xb08a8794a5d3ccca3725d92964696858d3201909;0xbfca4230115de8341f3a3d5e8845ffb3337b2be3;0xdbaeb7f0dfe3a0aafd798ccecb5b22e708f7852c,0.02168674698795181,-0.02594339622641506,0.062106918238993725,0.16273584905660377
2026-06-27,PENDLE,1.239,5033210.2594360765,560721.2893694896,5593931.5488055665,0.10023742415818739,8.976313820892614,12,binance;bitget;bybit;coinbase;crypto_com;gate;htx;kraken;kucoin;mexc;okx;upbit,arbitrum;eth,arbitrum;eth,5,camelot;uniswap_v3;uniswap_v3_arbitrum,0x50e7b9293aef80c304234e86c84a01be8401c530;0x57af956d3e2cca3b86f3d8c6772c03ddca3eaacb;0xb08a8794a5d3ccca3725d92964696858d3201909;0xbfca4230115de8341f3a3d5e8845ffb3337b2be3;0xdbaeb7f0dfe3a0aafd798ccecb5b22e708f7852c,-0.02594339622641506,0.01775625504439038,0.06376109765940274,0.1807909604519773
2026-06-28,PENDLE,1.261,4951210.230766745,372268.9671599202,5323479.197926666,0.06992963686322053,13.300088558388463,12,binance;bitget;bybit;coinbase;crypto_com;gate;htx;kraken;kucoin;mexc;okx;upbit,arbitrum;eth,arbitrum;eth,5,camelot;uniswap_v3;uniswap_v3_arbitrum,0x50e7b9293aef80c304234e86c84a01be8401c530;0x57af956d3e2cca3b86f3d8c6772c03ddca3eaacb;0xb08a8794a5d3ccca3725d92964696858d3201909;0xbfca4230115de8341f3a3d5e8845ffb3337b2be3;0xdbaeb7f0dfe3a0aafd798ccecb5b22e708f7852c,0.01775625504439038,0.0713719270420301,0.1316415543219669,0.1260904044409199
2026-06-29,PENDLE,1.351,9845508.727400403,1425849.3772994934,11271358.104699897,0.1265020030465492,6.9050131690960495,12,binance;bitget;bybit;coinbase;crypto_com;gate;htx;kraken;kucoin;mexc;okx;upbit,arbitrum;eth,arbitrum;eth,5,camelot;uniswap_v3;uniswap_v3_arbitrum,0x50e7b9293aef80c304234e86c84a01be8401c530;0x57af956d3e2cca3b86f3d8c6772c03ddca3eaacb;0xb08a8794a5d3ccca3725d92964696858d3201909;0xbfca4230115de8341f3a3d5e8845ffb3337b2be3;0xdbaeb7f0dfe3a0aafd798ccecb5b22e708f7852c,0.0713719270420301,-0.024426350851221246,0.11991117690599551,0.06439674315321975
2026-06-30,PENDLE,1.318,6119803.581661247,842222.1750142213,6962025.756675468,0.1209737229435937,7.26625795807135,12,binance;bitget;bybit;coinbase;crypto_com;gate;htx;kraken;kucoin;mexc;okx;upbit,arbitrum;eth,arbitrum;eth,5,camelot;uniswap_v3;uniswap_v3_arbitrum,0x50e7b9293aef80c304234e86c84a01be8401c530;0x57af956d3e2cca3b86f3d8c6772c03ddca3eaacb;0xb08a8794a5d3ccca3725d92964696858d3201909;0xbfca4230115de8341f3a3d5e8845ffb3337b2be3;0xdbaeb7f0dfe3a0aafd798ccecb5b22e708f7852c,-0.024426350851221246,0.08270106221547802,0.12215477996965096,0.12291350531107725
2026-07-01,PENDLE,1.427,9761740.229780473,1466113.804988033,11227854.034768505,0.13057827439224107,6.658241806719876,12,binance;bitget;bybit;coinbase;crypto_com;gate;htx;kraken;kucoin;mexc;okx;upbit,arbitrum;eth,arbitrum;eth,5,camelot;uniswap_v3;uniswap_v3_arbitrum,0x50e7b9293aef80c304234e86c84a01be8401c530;0x57af956d3e2cca3b86f3d8c6772c03ddca3eaacb;0xb08a8794a5d3ccca3725d92964696858d3201909;0xbfca4230115de8341f3a3d5e8845ffb3337b2be3;0xdbaeb7f0dfe3a0aafd798ccecb5b22e708f7852c,0.08270106221547802,0.060266292922214415,0.02522775052557824,
2026-07-02,PENDLE,1.513,9901524.249958053,2224761.1867302777,12126285.43668833,0.18346600847768404,4.450600949448549,12,binance;bitget;bybit;coinbase;crypto_com;gate;htx;kraken;kucoin;mexc;okx;upbit,arbitrum;eth,arbitrum;eth,5,camelot;uniswap_v3;uniswap_v3_arbitrum,0x50e7b9293aef80c304234e86c84a01be8401c530;0x57af956d3e2cca3b86f3d8c6772c03ddca3eaacb;0xb08a8794a5d3ccca3725d92964696858d3201909;0xbfca4230115de8341f3a3d5e8845ffb3337b2be3;0xdbaeb7f0dfe3a0aafd798ccecb5b22e708f7852c,0.060266292922214415,-0.022471910112359383,-0.061467283542630535,
2026-07-03,PENDLE,1.479,6105646.922254973,665986.2394197431,6771633.1616747165,0.09834942672160872,9.167827442763185,12,binance;bitget;bybit;coinbase;crypto_com;gate;htx;kraken;kucoin;mexc;okx;upbit,arbitrum;eth,arbitrum;eth,5,camelot;uniswap_v3;uniswap_v3_arbitrum,0x50e7b9293aef80c304234e86c84a01be8401c530;0x57af956d3e2cca3b86f3d8c6772c03ddca3eaacb;0xb08a8794a5d3ccca3725d92964696858d3201909;0xbfca4230115de8341f3a3d5e8845ffb3337b2be3;0xdbaeb7f0dfe3a0aafd798ccecb5b22e708f7852c,-0.022471910112359383,-0.010818120351588911,-0.027721433400946682,
2026-07-04,PENDLE,1.463,6299054.832148619,688754.5108131786,6987809.3429617975,0.09856515497333941,9.145573253250472,12,binance;bitget;bybit;coinbase;crypto_com;gate;htx;kraken;kucoin;mexc;okx;upbit,arbitrum;eth,arbitrum;eth,5,camelot;uniswap_v3;uniswap_v3_arbitrum,0x50e7b9293aef80c304234e86c84a01be8401c530;0x57af956d3e2cca3b86f3d8c6772c03ddca3eaacb;0xb08a8794a5d3ccca3725d92964696858d3201909;0xbfca4230115de8341f3a3d5e8845ffb3337b2be3;0xdbaeb7f0dfe3a0aafd798ccecb5b22e708f7852c,-0.010818120351588911,-0.029391660970608413,0.011619958988380086,
2026-07-05,PENDLE,1.42,8772609.126131745,719736.8153474136,9492345.94147916,0.07582285978457076,12.18863470516962,12,binance;bitget;bybit;coinbase;crypto_com;gate;htx;kraken;kucoin;mexc;okx;upbit,arbitrum;eth,arbitrum;eth,5,camelot;uniswap_v3;uniswap_v3_arbitrum,0x50e7b9293aef80c304234e86c84a01be8401c530;0x57af956d3e2cca3b86f3d8c6772c03ddca3eaacb;0xb08a8794a5d3ccca3725d92964696858d3201909;0xbfca4230115de8341f3a3d5e8845ffb3337b2be3;0xdbaeb7f0dfe3a0aafd798ccecb5b22e708f7852c,-0.029391660970608413,0.012676056338028152,,
2026-07-06,PENDLE,1.438,8521809.274958696,865516.1641939859,9387325.439152682,0.09220050692863899,9.845927352373197,12,binance;bitget;bybit;coinbase;crypto_com;gate;htx;kraken;kucoin;mexc;okx;upbit,arbitrum;eth,arbitrum;eth,5,camelot;uniswap_v3;uniswap_v3_arbitrum,0x50e7b9293aef80c304234e86c84a01be8401c530;0x57af956d3e2cca3b86f3d8c6772c03ddca3eaacb;0xb08a8794a5d3ccca3725d92964696858d3201909;0xbfca4230115de8341f3a3d5e8845ffb3337b2be3;0xdbaeb7f0dfe3a0aafd798ccecb5b22e708f7852c,0.012676056338028152,0.029207232267037586,,
2026-07-07,PENDLE,1.48,10765414.456496274,126555.16104373254,10891969.617540007,0.011619125418779446,85.06499748972044,12,binance;bitget;bybit;coinbase;crypto_com;gate;htx;kraken;kucoin;mexc;okx;upbit,arbitrum;eth,arbitrum;eth,5,camelot;uniswap_v3;uniswap_v3_arbitrum,0x50e7b9293aef80c304234e86c84a01be8401c530;0x57af956d3e2cca3b86f3d8c6772c03ddca3eaacb;0xb08a8794a5d3ccca3725d92964696858d3201909;0xbfca4230115de8341f3a3d5e8845ffb3337b2be3;0xdbaeb7f0dfe3a0aafd798ccecb5b22e708f7852c,0.029207232267037586,,,
2026-01-17,PEPE,5.79e-06,65610921.44098545,719305.2251523819,66330226.66613783,0.010844305248237507,91.21429839062553,12,binance;bitget;bybit;coinbase;crypto_com;gate;htx;kraken;kucoin;mexc;okx;upbit,arbitrum;eth,arbitrum;eth,5,uniswap-v4-ethereum;uniswap_v2;uniswap_v3;uniswap_v3_arbitrum,0x11950d141ecb863f01007add7d1a342041227b58;0x1944ac04bd9fed9a2bcdb38b70c35949c864ec35;0x992c59d45dd67706d7aaa118beb331c203858417;0xa43fe16908251ee70ef74718545e4fe6c5ccec9f;0xe42df52d7938631f6c6cb56aac2fafc1e00ea77b7517a02ee244bd7d86c061cd,,-0.05526770293609662,-0.13816925734024177,-0.13471502590673567
2026-01-18,PEPE,5.47e-06,118513117.375772,1066501.1615283126,119579618.53730032,0.00891875366867507,111.12328954798406,12,binance;bitget;bybit;coinbase;crypto_com;gate;htx;kraken;kucoin;mexc;okx;upbit,arbitrum;eth,arbitrum;eth,5,uniswap-v4-ethereum;uniswap_v2;uniswap_v3;uniswap_v3_arbitrum,0x11950d141ecb863f01007add7d1a342041227b58;0x1944ac04bd9fed9a2bcdb38b70c35949c864ec35;0x992c59d45dd67706d7aaa118beb331c203858417;0xa43fe16908251ee70ef74718545e4fe6c5ccec9f;0xe42df52d7938631f6c6cb56aac2fafc1e00ea77b7517a02ee244bd7d86c061cd,-0.05526770293609662,-0.034734917733089565,-0.058500914076782484,-0.13893967093235837
2026-01-19,PEPE,5.28e-06,189261770.33849946,1773642.3231187465,191035412.6616182,0.009284364078928164,106.70796917255805,12,binance;bitget;bybit;coinbase;crypto_com;gate;htx;kraken;kucoin;mexc;okx;upbit,arbitrum;eth,arbitrum;eth,5,uniswap-v4-ethereum;uniswap_v2;uniswap_v3;uniswap_v3_arbitrum,0x11950d141ecb863f01007add7d1a342041227b58;0x1944ac04bd9fed9a2bcdb38b70c35949c864ec35;0x992c59d45dd67706d7aaa118beb331c203858417;0xa43fe16908251ee70ef74718545e4fe6c5ccec9f;0xe42df52d7938631f6c6cb56aac2fafc1e00ea77b7517a02ee244bd7d86c061cd,-0.034734917733089565,-0.05492424242424254,-0.0625,-0.051136363636363646
2026-01-20,PEPE,4.99e-06,135178401.18193144,1631486.1451744046,136809887.32710585,0.01192520640904849,82.85599089012244,12,binance;bitget;bybit;coinbase;crypto_com;gate;htx;kraken;kucoin;mexc;okx;upbit,arbitrum;eth,arbitrum;eth,5,uniswap-v4-ethereum;uniswap_v2;uniswap_v3;uniswap_v3_arbitrum,0x11950d141ecb863f01007add7d1a342041227b58;0x1944ac04bd9fed9a2bcdb38b70c35949c864ec35;0x992c59d45dd67706d7aaa118beb331c203858417;0xa43fe16908251ee70ef74718545e4fe6c5ccec9f;0xe42df52d7938631f6c6cb56aac2fafc1e00ea77b7517a02ee244bd7d86c061cd,-0.05492424242424254,0.03206412825651306,0.008016032064128265,0.008016032064128265
2026-01-21,PEPE,5.15e-06,208646885.53941464,2650308.681504117,211297194.22091877,0.012543037740165752,78.72550355945795,12,binance;bitget;bybit;coinbase;crypto_com;gate;htx;kraken;kucoin;mexc;okx;upbit,arbitrum;eth,arbitrum;eth,5,uniswap-v4-ethereum;uniswap_v2;uniswap_v3;uniswap_v3_arbitrum,0x11950d141ecb863f01007add7d1a342041227b58;0x1944ac04bd9fed9a2bcdb38b70c35949c864ec35;0x992c59d45dd67706d7aaa118beb331c203858417;0xa43fe16908251ee70ef74718545e4fe6c5ccec9f;0xe42df52d7938631f6c6cb56aac2fafc1e00ea77b7517a02ee244bd7d86c061cd,0.03206412825651306,-0.03883495145631066,-0.027184466019417375,-0.03300970873786413
2026-01-22,PEPE,4.95e-06,108403380.45562832,1018890.6892160227,109422271.14484434,0.009311547626966158,106.39353328377005,12,binance;bitget;bybit;coinbase;crypto_com;gate;htx;kraken;kucoin;mexc;okx;upbit,arbitrum;eth,arbitrum;eth,5,uniswap-v4-ethereum;uniswap_v2;uniswap_v3;uniswap_v3_arbitrum,0x11950d141ecb863f01007add7d1a342041227b58;0x1944ac04bd9fed9a2bcdb38b70c35949c864ec35;0x992c59d45dd67706d7aaa118beb331c203858417;0xa43fe16908251ee70ef74718545e4fe6c5ccec9f;0xe42df52d7938631f6c6cb56aac2fafc1e00ea77b7517a02ee244bd7d86c061cd,-0.03883495145631066,0.016161616161616266,-0.048484848484848575,-0.04444444444444451
2026-01-23,PEPE,5.03e-06,107716996.28431757,1611957.26369831,109328953.54801588,0.014744102192383639,66.82372958026363,12,binance;bitget;bybit;coinbase;crypto_com;gate;htx;kraken;kucoin;mexc;okx;upbit,arbitrum;eth,arbitrum;eth,5,uniswap-v4-ethereum;uniswap_v2;uniswap_v3;uniswap_v3_arbitrum,0x11950d141ecb863f01007add7d1a342041227b58;0x1944ac04bd9fed9a2bcdb38b70c35949c864ec35;0x992c59d45dd67706d7aaa118beb331c203858417;0xa43fe16908251ee70ef74718545e4fe6c5ccec9f;0xe42df52d7938631f6c6cb56aac2fafc1e00ea77b7517a02ee244bd7d86c061cd,0.016161616161616266,-0.003976143141153021,-0.003976143141153021,-0.07753479125248519
2026-01-24,PEPE,5.01e-06,56299100.54534666,761964.2328727773,57061064.77821944,0.013353487808794338,73.88680218372762,12,binance;bitget;bybit;coinbase;crypto_com;gate;htx;kraken;kucoin;mexc;okx;upbit,arbitrum;eth,arbitrum;eth,5,uniswap-v4-ethereum;uniswap_v2;uniswap_v3;uniswap_v3_arbitrum,0x11950d141ecb863f01007add7d1a342041227b58;0x1944ac04bd9fed9a2bcdb38b70c35949c864ec35;0x992c59d45dd67706d7aaa118beb331c203858417;0xa43fe16908251ee70ef74718545e4fe6c5ccec9f;0xe42df52d7938631f6c6cb56aac2fafc1e00ea77b7517a02ee244bd7d86c061cd,-0.003976143141153021,-0.05988023952095822,0.003992015968063756,-0.1716566866267465
2026-01-25,PEPE,4.71e-06,123227112.47349398,1410807.0989364234,124637919.5724304,0.011319244606907659,87.34511795864381,12,binance;bitget;bybit;coinbase;crypto_com;gate;htx;kraken;kucoin;mexc;okx;upbit,arbitrum;eth,arbitrum;eth,5,uniswap-v4-ethereum;uniswap_v2;uniswap_v3;uniswap_v3_arbitrum,0x11950d141ecb863f01007add7d1a342041227b58;0x1944ac04bd9fed9a2bcdb38b70c35949c864ec35;0x992c59d45dd67706d7aaa118beb331c203858417;0xa43fe16908251ee70ef74718545e4fe6c5ccec9f;0xe42df52d7938631f6c6cb56aac2fafc1e00ea77b7517a02ee244bd7d86c061cd,-0.05988023952095822,0.06369426751592377,0.0573248407643312,-0.11889596602972397
2026-01-26,PEPE,5.01e-06,89736396.37784028,939450.4129307602,90675846.79077104,0.010360536418242495,95.52009892453374,12,binance;bitget;bybit;coinbase;crypto_com;gate;htx;kraken;kucoin;mexc;okx;upbit,arbitrum;eth,arbitrum;eth,5,uniswap-v4-ethereum;uniswap_v2;uniswap_v3;uniswap_v3_arbitrum,0x11950d141ecb863f01007add7d1a342041227b58;0x1944ac04bd9fed9a2bcdb38b70c35949c864ec35;0x992c59d45dd67706d7aaa118beb331c203858417;0xa43fe16908251ee70ef74718545e4fe6c5ccec9f;0xe42df52d7938631f6c6cb56aac2fafc1e00ea77b7517a02ee244bd7d86c061cd,0.06369426751592377,0.003992015968063756,-0.055888223552894356,-0.15369261477045915
2026-01-27,PEPE,5.03e-06,107829708.56422512,1714817.1796852935,109544525.74391042,0.01565406548652314,62.881168815916716,12,binance;bitget;bybit;coinbase;crypto_com;gate;htx;kraken;kucoin;mexc;okx;upbit,arbitrum;eth,arbitrum;eth,5,uniswap-v4-ethereum;uniswap_v2;uniswap_v3;uniswap_v3_arbitrum,0x11950d141ecb863f01007add7d1a342041227b58;0x1944ac04bd9fed9a2bcdb38b70c35949c864ec35;0x992c59d45dd67706d7aaa118beb331c203858417;0xa43fe16908251ee70ef74718545e4fe6c5ccec9f;0xe42df52d7938631f6c6cb56aac2fafc1e00ea77b7517a02ee244bd7d86c061cd,0.003992015968063756,-0.00994035785288283,-0.07753479125248519,-0.1809145129224652
2026-01-28,PEPE,4.98e-06,81020035.29376093,1317361.7365962013,82337397.03035712,0.01599955529454618,61.501737178962294,12,binance;bitget;bybit;coinbase;crypto_com;gate;htx;kraken;kucoin;mexc;okx;upbit,arbitrum;eth,arbitrum;eth,5,uniswap-v4-ethereum;uniswap_v2;uniswap_v3;uniswap_v3_arbitrum,0x11950d141ecb863f01007add7d1a342041227b58;0x1944ac04bd9fed9a2bcdb38b70c35949c864ec35;0x992c59d45dd67706d7aaa118beb331c203858417;0xa43fe16908251ee70ef74718545e4fe6c5ccec9f;0xe42df52d7938631f6c6cb56aac2fafc1e00ea77b7517a02ee244bd7d86c061cd,-0.00994035785288283,-0.050200803212851475,-0.16666666666666663,-0.15662650602409645
2026-01-29,PEPE,4.73e-06,121958490.43841475,1096930.144719769,123055420.58313452,0.008914114790893737,111.18163816126258,12,binance;bitget;bybit;coinbase;crypto_com;gate;htx;kraken;kucoin;mexc;okx;upbit,arbitrum;eth,arbitrum;eth,5,uniswap-v4-ethereum;uniswap_v2;uniswap_v3;uniswap_v3_arbitrum,0x11950d141ecb863f01007add7d1a342041227b58;0x1944ac04bd9fed9a2bcdb38b70c35949c864ec35;0x992c59d45dd67706d7aaa118beb331c203858417;0xa43fe16908251ee70ef74718545e4fe6c5ccec9f;0xe42df52d7938631f6c6cb56aac2fafc1e00ea77b7517a02ee244bd7d86c061cd,-0.050200803212851475,-0.019027484143763207,-0.12262156448202954,-0.2748414376321352
2026-01-30,PEPE,4.64e-06,132092131.45542793,1954798.4774533443,134046929.93288128,0.014582941052302597,67.57327314246417,12,binance;bitget;bybit;coinbase;crypto_com;gate;htx;kraken;kucoin;mexc;okx;upbit,arbitrum;eth,arbitrum;eth,5,uniswap-v4-ethereum;uniswap_v2;uniswap_v3;uniswap_v3_arbitrum,0x11950d141ecb863f01007add7d1a342041227b58;0x1944ac04bd9fed9a2bcdb38b70c35949c864ec35;0x992c59d45dd67706d7aaa118beb331c203858417;0xa43fe16908251ee70ef74718545e4fe6c5ccec9f;0xe42df52d7938631f6c6cb56aac2fafc1e00ea77b7517a02ee244bd7d86c061cd,-0.019027484143763207,-0.10560344827586199,-0.08620689655172409,-0.15517241379310343
2026-01-31,PEPE,4.15e-06,182303259.70180935,2039770.5685248561,184343030.2703342,0.01106508103687775,89.3743946083355,12,binance;bitget;bybit;coinbase;crypto_com;gate;htx;kraken;kucoin;mexc;okx;upbit,arbitrum;eth,arbitrum;eth,5,uniswap-v4-ethereum;uniswap_v2;uniswap_v3;uniswap_v3_arbitrum,0x11950d141ecb863f01007add7d1a342041227b58;0x1944ac04bd9fed9a2bcdb38b70c35949c864ec35;0x992c59d45dd67706d7aaa118beb331c203858417;0xa43fe16908251ee70ef74718545e4fe6c5ccec9f;0xe42df52d7938631f6c6cb56aac2fafc1e00ea77b7517a02ee244bd7d86c061cd,-0.10560344827586199,0.0,-0.0072289156626504925,-0.06746987951807226
2026-02-01,PEPE,4.15e-06,126574641.82058422,2326121.0342867225,128900762.85487095,0.018045828300532998,54.41446939127002,12,binance;bitget;bybit;coinbase;crypto_com;gate;htx;kraken;kucoin;mexc;okx;upbit,arbitrum;eth,arbitrum;eth,5,uniswap-v4-ethereum;uniswap_v2;uniswap_v3;uniswap_v3_arbitrum,0x11950d141ecb863f01007add7d1a342041227b58;0x1944ac04bd9fed9a2bcdb38b70c35949c864ec35;0x992c59d45dd67706d7aaa118beb331c203858417;0xa43fe16908251ee70ef74718545e4fe6c5ccec9f;0xe42df52d7938631f6c6cb56aac2fafc1e00ea77b7517a02ee244bd7d86c061cd,0.0,0.02168674698795181,0.012048192771084265,-0.08915662650602418
2026-02-02,PEPE,4.24e-06,122703910.73372523,1406926.9043499522,124110837.63807519,0.011336051960689772,87.21413340973716,12,binance;bitget;bybit;coinbase;crypto_com;gate;htx;kraken;kucoin;mexc;okx;upbit,arbitrum;eth,arbitrum;eth,5,uniswap-v4-ethereum;uniswap_v2;uniswap_v3;uniswap_v3_arbitrum,0x11950d141ecb863f01007add7d1a342041227b58;0x1944ac04bd9fed9a2bcdb38b70c35949c864ec35;0x992c59d45dd67706d7aaa118beb331c203858417;0xa43fe16908251ee70ef74718545e4fe6c5ccec9f;0xe42df52d7938631f6c6cb56aac2fafc1e00ea77b7517a02ee244bd7d86c061cd,0.02168674698795181,-0.028301886792452713,-0.1910377358490566,-0.1014150943396227
2026-02-03,PEPE,4.12e-06,165238169.38849363,1418987.8207570359,166657157.20925066,0.00851441272921384,116.4479123579358,12,binance;bitget;bybit;coinbase;crypto_com;gate;htx;kraken;kucoin;mexc;okx;upbit,arbitrum;eth,arbitrum;eth,5,uniswap-v4-ethereum;uniswap_v2;uniswap_v3;uniswap_v3_arbitrum,0x11950d141ecb863f01007add7d1a342041227b58;0x1944ac04bd9fed9a2bcdb38b70c35949c864ec35;0x992c59d45dd67706d7aaa118beb331c203858417;0xa43fe16908251ee70ef74718545e4fe6c5ccec9f;0xe42df52d7938631f6c6cb56aac2fafc1e00ea77b7517a02ee244bd7d86c061cd,-0.028301886792452713,0.01941747572815511,-0.04854368932038855,-0.1165048543689321
2026-02-04,PEPE,4.2e-06,137849688.32349414,1424829.8596206766,139274518.18311483,0.010230370050516665,96.74817480326597,12,binance;bitget;bybit;coinbase;crypto_com;gate;htx;kraken;kucoin;mexc;okx;upbit,arbitrum;eth,arbitrum;eth,5,uniswap-v4-ethereum;uniswap_v2;uniswap_v3;uniswap_v3_arbitrum,0x11950d141ecb863f01007add7d1a342041227b58;0x1944ac04bd9fed9a2bcdb38b70c35949c864ec35;0x992c59d45dd67706d7aaa118beb331c203858417;0xa43fe16908251ee70ef74718545e4fe6c5ccec9f;0xe42df52d7938631f6c6cb56aac2fafc1e00ea77b7517a02ee244bd7d86c061cd,0.01941747572815511,-0.18333333333333324,-0.0785714285714284,-0.1499999999999999
2026-02-05,PEPE,3.43e-06,230647568.8150038,3344805.9057259313,233992374.72072974,0.014294508142489525,68.956936610331,12,binance;bitget;bybit;coinbase;crypto_com;gate;htx;kraken;kucoin;mexc;okx;upbit,arbitrum;eth,arbitrum;eth,5,uniswap-v4-ethereum;uniswap_v2;uniswap_v3;uniswap_v3_arbitrum,0x11950d141ecb863f01007add7d1a342041227b58;0x1944ac04bd9fed9a2bcdb38b70c35949c864ec35;0x992c59d45dd67706d7aaa118beb331c203858417;0xa43fe16908251ee70ef74718545e4fe6c5ccec9f;0xe42df52d7938631f6c6cb56aac2fafc1e00ea77b7517a02ee244bd7d86c061cd,-0.18333333333333324,0.1428571428571428,0.1020408163265305,0.08163265306122436
2026-02-06,PEPE,3.92e-06,207300340.34510174,3062160.2772420975,210362500.62234384,0.014556588118998846,67.6974167177835,12,binance;bitget;bybit;coinbase;crypto_com;gate;htx;kraken;kucoin;mexc;okx;upbit,arbitrum;eth,arbitrum;eth,5,uniswap-v4-ethereum;uniswap_v2;uniswap_v3;uniswap_v3_arbitrum,0x11950d141ecb863f01007add7d1a342041227b58;0x1944ac04bd9fed9a2bcdb38b70c35949c864ec35;0x992c59d45dd67706d7aaa118beb331c203858417;0xa43fe16908251ee70ef74718545e4fe6c5ccec9f;0xe42df52d7938631f6c6cb56aac2fafc1e00ea77b7517a02ee244bd7d86c061cd,0.1428571428571428,-0.012755102040816202,-0.028061224489795866,-0.0357142857142857
2026-02-07,PEPE,3.87e-06,129027958.96718363,1438969.0130080439,130466927.98019168,0.011029377600019197,89.66694751644549,12,binance;bitget;bybit;coinbase;crypto_com;gate;htx;kraken;kucoin;mexc;okx;upbit,arbitrum;eth,arbitrum;eth,5,uniswap-v4-ethereum;uniswap_v2;uniswap_v3;uniswap_v3_arbitrum,0x11950d141ecb863f01007add7d1a342041227b58;0x1944ac04bd9fed9a2bcdb38b70c35949c864ec35;0x992c59d45dd67706d7aaa118beb331c203858417;0xa43fe16908251ee70ef74718545e4fe6c5ccec9f;0xe42df52d7938631f6c6cb56aac2fafc1e00ea77b7517a02ee244bd7d86c061cd,-0.012755102040816202,-0.023255813953488524,-0.05943152454780365,0.24806201550387597
2026-02-08,PEPE,3.78e-06,80061981.50649714,587256.5994536194,80649238.10595076,0.007281613729346419,136.3321954678524,12,binance;bitget;bybit;coinbase;crypto_com;gate;htx;kraken;kucoin;mexc;okx;upbit,arbitrum;eth,arbitrum;eth,5,uniswap-v4-ethereum;uniswap_v2;uniswap_v3;uniswap_v3_arbitrum,0x11950d141ecb863f01007add7d1a342041227b58;0x1944ac04bd9fed9a2bcdb38b70c35949c864ec35;0x992c59d45dd67706d7aaa118beb331c203858417;0xa43fe16908251ee70ef74718545e4fe6c5ccec9f;0xe42df52d7938631f6c6cb56aac2fafc1e00ea77b7517a02ee244bd7d86c061cd,-0.023255813953488524,0.007936507936507908,-0.05555555555555547,0.1693121693121693
2026-02-09,PEPE,3.81e-06,77260399.66126306,614224.5729036982,77874624.23416676,0.00788735199616171,125.7852633541192,12,binance;bitget;bybit;coinbase;crypto_com;gate;htx;kraken;kucoin;mexc;okx;upbit,arbitrum;eth,arbitrum;eth,5,uniswap-v4-ethereum;uniswap_v2;uniswap_v3;uniswap_v3_arbitrum,0x11950d141ecb863f01007add7d1a342041227b58;0x1944ac04bd9fed9a2bcdb38b70c35949c864ec35;0x992c59d45dd67706d7aaa118beb331c203858417;0xa43fe16908251ee70ef74718545e4fe6c5ccec9f;0xe42df52d7938631f6c6cb56aac2fafc1e00ea77b7517a02ee244bd7d86c061cd,0.007936507936507908,-0.044619422572178546,-0.026246719160104903,0.17322834645669305
2026-02-10,PEPE,3.64e-06,65446464.05350376,491396.65855555015,65937860.71205931,0.007452420403831498,133.1845931673248,12,binance;bitget;bybit;coinbase;crypto_com;gate;htx;kraken;kucoin;mexc;okx;upbit,arbitrum;eth,arbitrum;eth,5,uniswap-v4-ethereum;uniswap_v2;uniswap_v3;uniswap_v3_arbitrum,0x11950d141ecb863f01007add7d1a342041227b58;0x1944ac04bd9fed9a2bcdb38b70c35949c864ec35;0x992c59d45dd67706d7aaa118beb331c203858417;0xa43fe16908251ee70ef74718545e4fe6c5ccec9f;0xe42df52d7938631f6c6cb56aac2fafc1e00ea77b7517a02ee244bd7d86c061cd,-0.044619422572178546,-0.019230769230769162,0.03846153846153855,0.2060439560439562
2026-02-11,PEPE,3.57e-06,79625276.17664205,968828.2504879881,80594104.42713003,0.012021080913728175,82.18719482688049,12,binance;bitget;bybit;coinbase;crypto_com;gate;htx;kraken;kucoin;mexc;okx;upbit,arbitrum;eth,arbitrum;eth,5,uniswap-v4-ethereum;uniswap_v2;uniswap_v3;uniswap_v3_arbitrum,0x11950d141ecb863f01007add7d1a342041227b58;0x1944ac04bd9fed9a2bcdb38b70c35949c864ec35;0x992c59d45dd67706d7aaa118beb331c203858417;0xa43fe16908251ee70ef74718545e4fe6c5ccec9f;0xe42df52d7938631f6c6cb56aac2fafc1e00ea77b7517a02ee244bd7d86c061cd,-0.019230769230769162,0.03921568627450989,0.3529411764705883,0.1876750700280112
2026-02-12,PEPE,3.71e-06,71900567.08498916,745639.8678590963,72646206.95284826,0.01026398898352754,96.4280079221518,12,binance;bitget;bybit;coinbase;crypto_com;gate;htx;kraken;kucoin;mexc;okx;upbit,arbitrum;eth,arbitrum;eth,5,uniswap-v4-ethereum;uniswap_v2;uniswap_v3;uniswap_v3_arbitrum,0x11950d141ecb863f01007add7d1a342041227b58;0x1944ac04bd9fed9a2bcdb38b70c35949c864ec35;0x992c59d45dd67706d7aaa118beb331c203858417;0xa43fe16908251ee70ef74718545e4fe6c5ccec9f;0xe42df52d7938631f6c6cb56aac2fafc1e00ea77b7517a02ee244bd7d86c061cd,0.03921568627450989,0.018867924528301883,0.19137466307277617,0.14016172506738545
2026-02-13,PEPE,3.78e-06,73217789.88034788,704039.9426269418,73921829.82297482,0.009524114112339345,103.99664201885301,12,binance;bitget;bybit;coinbase;crypto_com;gate;htx;kraken;kucoin;mexc;okx;upbit,arbitrum;eth,arbitrum;eth,5,uniswap-v4-ethereum;uniswap_v2;uniswap_v3;uniswap_v3_arbitrum,0x11950d141ecb863f01007add7d1a342041227b58;0x1944ac04bd9fed9a2bcdb38b70c35949c864ec35;0x992c59d45dd67706d7aaa118beb331c203858417;0xa43fe16908251ee70ef74718545e4fe6c5ccec9f;0xe42df52d7938631f6c6cb56aac2fafc1e00ea77b7517a02ee244bd7d86c061cd,0.018867924528301883,0.2777777777777779,0.18253968253968278,0.12698412698412698
2026-02-14,PEPE,4.83e-06,288688519.06470567,5359170.911916395,294047689.97662205,0.018225516113874147,53.868130688422674,12,binance;bitget;bybit;coinbase;crypto_com;gate;htx;kraken;kucoin;mexc;okx;upbit,arbitrum;eth,arbitrum;eth,5,uniswap-v4-ethereum;uniswap_v2;uniswap_v3;uniswap_v3_arbitrum,0x11950d141ecb863f01007add7d1a342041227b58;0x1944ac04bd9fed9a2bcdb38b70c35949c864ec35;0x992c59d45dd67706d7aaa118beb331c203858417;0xa43fe16908251ee70ef74718545e4fe6c5ccec9f;0xe42df52d7938631f6c6cb56aac2fafc1e00ea77b7517a02ee244bd7d86c061cd,0.2777777777777779,-0.08488612836438925,-0.09109730848861286,-0.13871635610766053
2026-02-15,PEPE,4.42e-06,279195772.70787096,4714213.0297942525,283909985.73766524,0.01660460451063605,59.224258840940884,12,binance;bitget;bybit;coinbase;crypto_com;gate;htx;kraken;kucoin;mexc;okx;upbit,arbitrum;eth,arbitrum;eth,5,uniswap-v4-ethereum;uniswap_v2;uniswap_v3;uniswap_v3_arbitrum,0x11950d141ecb863f01007add7d1a342041227b58;0x1944ac04bd9fed9a2bcdb38b70c35949c864ec35;0x992c59d45dd67706d7aaa118beb331c203858417;0xa43fe16908251ee70ef74718545e4fe6c5ccec9f;0xe42df52d7938631f6c6cb56aac2fafc1e00ea77b7517a02ee244bd7d86c061cd,-0.08488612836438925,0.011312217194570318,-0.040723981900452455,-0.08144796380090491
2026-02-16,PEPE,4.47e-06,147771090.02750584,2123010.734955891,149894100.76246172,0.014163404191071146,69.60449497236104,12,binance;bitget;bybit;coinbase;crypto_com;gate;htx;kraken;kucoin;mexc;okx;upbit,arbitrum;eth,arbitrum;eth,5,uniswap-v4-ethereum;uniswap_v2;uniswap_v3;uniswap_v3_arbitrum,0x11950d141ecb863f01007add7d1a342041227b58;0x1944ac04bd9fed9a2bcdb38b70c35949c864ec35;0x992c59d45dd67706d7aaa118beb331c203858417;0xa43fe16908251ee70ef74718545e4fe6c5ccec9f;0xe42df52d7938631f6c6cb56aac2fafc1e00ea77b7517a02ee244bd7d86c061cd,0.011312217194570318,-0.017897091722595126,-0.05369127516778527,-0.11185682326621926
2026-02-17,PEPE,4.39e-06,94795024.32642952,1290108.6309042606,96085132.95733377,0.01342672473042347,73.47832737153767,12,binance;bitget;bybit;coinbase;crypto_com;gate;htx;kraken;kucoin;mexc;okx;upbit,arbitrum;eth,arbitrum;eth,5,uniswap-v4-ethereum;uniswap_v2;uniswap_v3;uniswap_v3_arbitrum,0x11950d141ecb863f01007add7d1a342041227b58;0x1944ac04bd9fed9a2bcdb38b70c35949c864ec35;0x992c59d45dd67706d7aaa118beb331c203858417;0xa43fe16908251ee70ef74718545e4fe6c5ccec9f;0xe42df52d7938631f6c6cb56aac2fafc1e00ea77b7517a02ee244bd7d86c061cd,-0.017897091722595126,-0.034168564920273425,-0.029612756264236983,-0.10022779043280183
2026-02-18,PEPE,4.24e-06,82518132.02613793,812455.8551797984,83330587.88131773,0.009749791473173402,101.56629618710357,12,binance;bitget;bybit;coinbase;crypto_com;gate;htx;kraken;kucoin;mexc;okx;upbit,arbitrum;eth,arbitrum;eth,5,uniswap-v4-ethereum;uniswap_v2;uniswap_v3;uniswap_v3_arbitrum,0x11950d141ecb863f01007add7d1a342041227b58;0x1944ac04bd9fed9a2bcdb38b70c35949c864ec35;0x992c59d45dd67706d7aaa118beb331c203858417;0xa43fe16908251ee70ef74718545e4fe6c5ccec9f;0xe42df52d7938631f6c6cb56aac2fafc1e00ea77b7517a02ee244bd7d86c061cd,-0.034168564920273425,-0.002358490566037763,-0.018867924528301883,-0.023584905660377298
2026-02-19,PEPE,4.23e-06,64442841.41605368,586397.0564011049,65029238.47245479,0.009017436927998043,109.89625666192593,12,binance;bitget;bybit;coinbase;crypto_com;gate;htx;kraken;kucoin;mexc;okx;upbit,arbitrum;eth,arbitrum;eth,5,uniswap-v4-ethereum;uniswap_v2;uniswap_v3;uniswap_v3_arbitrum,0x11950d141ecb863f01007add7d1a342041227b58;0x1944ac04bd9fed9a2bcdb38b70c35949c864ec35;0x992c59d45dd67706d7aaa118beb331c203858417;0xa43fe16908251ee70ef74718545e4fe6c5ccec9f;0xe42df52d7938631f6c6cb56aac2fafc1e00ea77b7517a02ee244bd7d86c061cd,-0.002358490566037763,0.007092198581560183,-0.04018912529550833,-0.09456264775413725
2026-02-20,PEPE,4.26e-06,97270417.10293575,2058820.1512177929,99329237.25415353,0.020727232063102362,47.245708686793385,12,binance;bitget;bybit;coinbase;crypto_com;gate;htx;kraken;kucoin;mexc;okx;upbit,arbitrum;eth,arbitrum;eth,5,uniswap-v4-ethereum;uniswap_v2;uniswap_v3;uniswap_v3_arbitrum,0x11950d141ecb863f01007add7d1a342041227b58;0x1944ac04bd9fed9a2bcdb38b70c35949c864ec35;0x992c59d45dd67706d7aaa118beb331c203858417;0xa43fe16908251ee70ef74718545e4fe6c5ccec9f;0xe42df52d7938631f6c6cb56aac2fafc1e00ea77b7517a02ee244bd7d86c061cd,0.007092198581560183,-0.023474178403755874,-0.068075117370892,-0.1338028169014085
2026-02-21,PEPE,4.16e-06,67012705.37033061,757679.5835096268,67770384.95384024,0.011180098564080719,88.44464972900933,12,binance;bitget;bybit;coinbase;crypto_com;gate;htx;kraken;kucoin;mexc;okx;upbit,arbitrum;eth,arbitrum;eth,5,uniswap-v4-ethereum;uniswap_v2;uniswap_v3;uniswap_v3_arbitrum,0x11950d141ecb863f01007add7d1a342041227b58;0x1944ac04bd9fed9a2bcdb38b70c35949c864ec35;0x992c59d45dd67706d7aaa118beb331c203858417;0xa43fe16908251ee70ef74718545e4fe6c5ccec9f;0xe42df52d7938631f6c6cb56aac2fafc1e00ea77b7517a02ee244bd7d86c061cd,-0.023474178403755874,-0.024038461538461564,-0.05048076923076916,-0.12259615384615374
2026-02-22,PEPE,4.06e-06,62170811.76311222,587544.204874588,62758355.96798681,0.009362007589464193,105.81469657484351,12,binance;bitget;bybit;coinbase;crypto_com;gate;htx;kraken;kucoin;mexc;okx;upbit,arbitrum;eth,arbitrum;eth,5,uniswap-v4-ethereum;uniswap_v2;uniswap_v3;uniswap_v3_arbitrum,0x11950d141ecb863f01007add7d1a342041227b58;0x1944ac04bd9fed9a2bcdb38b70c35949c864ec35;0x992c59d45dd67706d7aaa118beb331c203858417;0xa43fe16908251ee70ef74718545e4fe6c5ccec9f;0xe42df52d7938631f6c6cb56aac2fafc1e00ea77b7517a02ee244bd7d86c061cd,-0.024038461538461564,-0.022167487684729092,0.019704433497536922,-0.1502463054187192
2026-02-23,PEPE,3.97e-06,103626092.4691146,1583664.5359287765,105209757.00504337,0.015052449326091129,65.4343708014783,12,binance;bitget;bybit;coinbase;crypto_com;gate;htx;kraken;kucoin;mexc;okx;upbit,arbitrum;eth,arbitrum;eth,5,uniswap-v4-ethereum;uniswap_v2;uniswap_v3;uniswap_v3_arbitrum,0x11950d141ecb863f01007add7d1a342041227b58;0x1944ac04bd9fed9a2bcdb38b70c35949c864ec35;0x992c59d45dd67706d7aaa118beb331c203858417;0xa43fe16908251ee70ef74718545e4fe6c5ccec9f;0xe42df52d7938631f6c6cb56aac2fafc1e00ea77b7517a02ee244bd7d86c061cd,-0.022167487684729092,-0.005037783375314797,-0.035264483627204135,-0.11335012594458438
2026-02-24,PEPE,3.95e-06,82313208.1613433,660159.1978907327,82973367.35923404,0.00795627824808612,124.68690646792672,12,binance;bitget;bybit;coinbase;crypto_com;gate;htx;kraken;kucoin;mexc;okx;upbit,arbitrum;eth,arbitrum;eth,5,uniswap-v4-ethereum;uniswap_v2;uniswap_v3;uniswap_v3_arbitrum,0x11950d141ecb863f01007add7d1a342041227b58;0x1944ac04bd9fed9a2bcdb38b70c35949c864ec35;0x992c59d45dd67706d7aaa118beb331c203858417;0xa43fe16908251ee70ef74718545e4fe6c5ccec9f;0xe42df52d7938631f6c6cb56aac2fafc1e00ea77b7517a02ee244bd7d86c061cd,-0.005037783375314797,0.048101265822784844,-0.06582278481012671,-0.12658227848101278
2026-02-25,PEPE,4.14e-06,184308146.22579056,2312541.330892581,186620687.55668315,0.012391666546562166,79.69939553670697,12,binance;bitget;bybit;coinbase;crypto_com;gate;htx;kraken;kucoin;mexc;okx;upbit,arbitrum;eth,arbitrum;eth,5,uniswap-v4-ethereum;uniswap_v2;uniswap_v3;uniswap_v3_arbitrum,0x11950d141ecb863f01007add7d1a342041227b58;0x1944ac04bd9fed9a2bcdb38b70c35949c864ec35;0x992c59d45dd67706d7aaa118beb331c203858417;0xa43fe16908251ee70ef74718545e4fe6c5ccec9f;0xe42df52d7938631f6c6cb56aac2fafc1e00ea77b7517a02ee244bd7d86c061cd,0.048101265822784844,-0.07487922705314021,-0.11835748792270528,-0.11835748792270528
2026-02-26,PEPE,3.83e-06,161497300.63553336,919148.4507548049,162416449.08628815,0.005659207893816729,175.703174501259,12,binance;bitget;bybit;coinbase;crypto_com;gate;htx;kraken;kucoin;mexc;okx;upbit,arbitrum;eth,arbitrum;eth,5,uniswap-v4-ethereum;uniswap_v2;uniswap_v3;uniswap_v3_arbitrum,0x11950d141ecb863f01007add7d1a342041227b58;0x1944ac04bd9fed9a2bcdb38b70c35949c864ec35;0x992c59d45dd67706d7aaa118beb331c203858417;0xa43fe16908251ee70ef74718545e4fe6c5ccec9f;0xe42df52d7938631f6c6cb56aac2fafc1e00ea77b7517a02ee244bd7d86c061cd,-0.07487922705314021,-0.036553524804177506,-0.09921671018276756,-0.09399477806788514
2026-02-27,PEPE,3.69e-06,101224345.32694471,1095763.782333314,102320109.10927802,0.0107091733176617,92.37788924853685,12,binance;bitget;bybit;coinbase;crypto_com;gate;htx;kraken;kucoin;mexc;okx;upbit,arbitrum;eth,arbitrum;eth,5,uniswap-v4-ethereum;uniswap_v2;uniswap_v3;uniswap_v3_arbitrum,0x11950d141ecb863f01007add7d1a342041227b58;0x1944ac04bd9fed9a2bcdb38b70c35949c864ec35;0x992c59d45dd67706d7aaa118beb331c203858417;0xa43fe16908251ee70ef74718545e4fe6c5ccec9f;0xe42df52d7938631f6c6cb56aac2fafc1e00ea77b7517a02ee244bd7d86c061cd,-0.036553524804177506,-0.010840108401083959,-0.046070460704606964,-0.08130081300812997
2026-02-28,PEPE,3.65e-06,107044497.28613321,1047603.9282757543,108092101.21440896,0.009691771336721004,102.18031299511942,12,binance;bitget;bybit;coinbase;crypto_com;gate;htx;kraken;kucoin;mexc;okx;upbit,arbitrum;eth,arbitrum;eth,5,uniswap-v4-ethereum;uniswap_v2;uniswap_v3;uniswap_v3_arbitrum,0x11950d141ecb863f01007add7d1a342041227b58;0x1944ac04bd9fed9a2bcdb38b70c35949c864ec35;0x992c59d45dd67706d7aaa118beb331c203858417;0xa43fe16908251ee70ef74718545e4fe6c5ccec9f;0xe42df52d7938631f6c6cb56aac2fafc1e00ea77b7517a02ee244bd7d86c061cd,-0.010840108401083959,-0.0547945205479452,-0.0547945205479452,-0.11232876712328776
2026-03-01,PEPE,3.45e-06,113982279.52662171,1140513.3124152746,115122792.83903699,0.009906928804358697,99.9394555818384,12,binance;bitget;bybit;coinbase;crypto_com;gate;htx;kraken;kucoin;mexc;okx;upbit,arbitrum;eth,arbitrum;eth,5,uniswap-v4-ethereum;uniswap_v2;uniswap_v3;uniswap_v3_arbitrum,0x11950d141ecb863f01007add7d1a342041227b58;0x1944ac04bd9fed9a2bcdb38b70c35949c864ec35;0x992c59d45dd67706d7aaa118beb331c203858417;0xa43fe16908251ee70ef74718545e4fe6c5ccec9f;0xe42df52d7938631f6c6cb56aac2fafc1e00ea77b7517a02ee244bd7d86c061cd,-0.0547945205479452,0.020289855072463725,0.05797101449275366,-0.07536231884057976
2026-03-02,PEPE,3.52e-06,112246219.33938459,1273885.5635855827,113520104.90297017,0.01122167359406882,88.11326742996222,12,binance;bitget;bybit;coinbase;crypto_com;gate;htx;kraken;kucoin;mexc;okx;upbit,arbitrum;eth,arbitrum;eth,5,uniswap-v4-ethereum;uniswap_v2;uniswap_v3;uniswap_v3_arbitrum,0x11950d141ecb863f01007add7d1a342041227b58;0x1944ac04bd9fed9a2bcdb38b70c35949c864ec35;0x992c59d45dd67706d7aaa118beb331c203858417;0xa43fe16908251ee70ef74718545e4fe6c5ccec9f;0xe42df52d7938631f6c6cb56aac2fafc1e00ea77b7517a02ee244bd7d86c061cd,0.020289855072463725,-0.019886363636363646,-0.014204545454545525,-0.07102272727272729
2026-03-03,PEPE,3.45e-06,110394482.00244541,1167594.5839260728,111562076.58637148,0.010465873526673912,94.54864173079714,12,binance;bitget;bybit;coinbase;crypto_com;gate;htx;kraken;kucoin;mexc;okx;upbit,arbitrum;eth,arbitrum;eth,5,uniswap-v4-ethereum;uniswap_v2;uniswap_v3;uniswap_v3_arbitrum,0x11950d141ecb863f01007add7d1a342041227b58;0x1944ac04bd9fed9a2bcdb38b70c35949c864ec35;0x992c59d45dd67706d7aaa118beb331c203858417;0xa43fe16908251ee70ef74718545e4fe6c5ccec9f;0xe42df52d7938631f6c6cb56aac2fafc1e00ea77b7517a02ee244bd7d86c061cd,-0.019886363636363646,0.05797101449275366,-0.017391304347826098,-0.04637681159420293
2026-03-04,PEPE,3.65e-06,146276300.64576846,1960152.114022977,148236452.75979143,0.0132231450330189,74.62497405140354,12,binance;bitget;bybit;coinbase;crypto_com;gate;htx;kraken;kucoin;mexc;okx;upbit,arbitrum;eth,arbitrum;eth,5,uniswap-v4-ethereum;uniswap_v2;uniswap_v3;uniswap_v3_arbitrum,0x11950d141ecb863f01007add7d1a342041227b58;0x1944ac04bd9fed9a2bcdb38b70c35949c864ec35;0x992c59d45dd67706d7aaa118beb331c203858417;0xa43fe16908251ee70ef74718545e4fe6c5ccec9f;0xe42df52d7938631f6c6cb56aac2fafc1e00ea77b7517a02ee244bd7d86c061cd,0.05797101449275366,-0.049315068493150815,-0.11232876712328776,-0.08767123287671241
2026-03-05,PEPE,3.47e-06,106671126.12438966,697014.5527309005,107368140.67712057,0.0064918191591579796,153.0400272224627,12,binance;bitget;bybit;coinbase;crypto_com;gate;htx;kraken;kucoin;mexc;okx;upbit,arbitrum;eth,arbitrum;eth,5,uniswap-v4-ethereum;uniswap_v2;uniswap_v3;uniswap_v3_arbitrum,0x11950d141ecb863f01007add7d1a342041227b58;0x1944ac04bd9fed9a2bcdb38b70c35949c864ec35;0x992c59d45dd67706d7aaa118beb331c203858417;0xa43fe16908251ee70ef74718545e4fe6c5ccec9f;0xe42df52d7938631f6c6cb56aac2fafc1e00ea77b7517a02ee244bd7d86c061cd,-0.049315068493150815,-0.023054755043227515,-0.0806916426512968,-0.03170028818443793
2026-03-06,PEPE,3.39e-06,94566109.94058174,706657.9173368891,95272767.85791864,0.007417207804760496,133.8216237595746,12,binance;bitget;bybit;coinbase;crypto_com;gate;htx;kraken;kucoin;mexc;okx;upbit,arbitrum;eth,arbitrum;eth,5,uniswap-v4-ethereum;uniswap_v2;uniswap_v3;uniswap_v3_arbitrum,0x11950d141ecb863f01007add7d1a342041227b58;0x1944ac04bd9fed9a2bcdb38b70c35949c864ec35;0x992c59d45dd67706d7aaa118beb331c203858417;0xa43fe16908251ee70ef74718545e4fe6c5ccec9f;0xe42df52d7938631f6c6cb56aac2fafc1e00ea77b7517a02ee244bd7d86c061cd,-0.023054755043227515,-0.04424778761061954,-0.03539823008849563,-0.002949852507374673
2026-03-07,PEPE,3.24e-06,70385332.80935359,586714.5753806672,70972047.38473426,0.008266840213868011,119.96520243882942,12,binance;bitget;bybit;coinbase;crypto_com;gate;htx;kraken;kucoin;mexc;okx;upbit,arbitrum;eth,arbitrum;eth,5,uniswap-v4-ethereum;uniswap_v2;uniswap_v3;uniswap_v3_arbitrum,0x11950d141ecb863f01007add7d1a342041227b58;0x1944ac04bd9fed9a2bcdb38b70c35949c864ec35;0x992c59d45dd67706d7aaa118beb331c203858417;0xa43fe16908251ee70ef74718545e4fe6c5ccec9f;0xe42df52d7938631f6c6cb56aac2fafc1e00ea77b7517a02ee244bd7d86c061cd,-0.04424778761061954,-0.015432098765432056,0.015432098765432167,0.03703703703703698
2026-03-08,PEPE,3.19e-06,78850968.95766588,1373147.0577500197,80224116.01541589,0.01711638751477368,57.42354288466941,12,binance;bitget;bybit;coinbase;crypto_com;gate;htx;kraken;kucoin;mexc;okx;upbit,arbitrum;eth,arbitrum;eth,5,uniswap-v4-ethereum;uniswap_v2;uniswap_v3;uniswap_v3_arbitrum,0x11950d141ecb863f01007add7d1a342041227b58;0x1944ac04bd9fed9a2bcdb38b70c35949c864ec35;0x992c59d45dd67706d7aaa118beb331c203858417;0xa43fe16908251ee70ef74718545e4fe6c5ccec9f;0xe42df52d7938631f6c6cb56aac2fafc1e00ea77b7517a02ee244bd7d86c061cd,-0.015432098765432056,0.025078369905956244,0.043887147335423204,0.08150470219435735
2026-03-09,PEPE,3.27e-06,90998371.34740771,676037.4143506215,91674408.76175834,0.0073743307808779475,134.60552539805454,12,binance;bitget;bybit;coinbase;crypto_com;gate;htx;kraken;kucoin;mexc;okx;upbit,arbitrum;eth,arbitrum;eth,5,uniswap-v4-ethereum;uniswap_v2;uniswap_v3;uniswap_v3_arbitrum,0x11950d141ecb863f01007add7d1a342041227b58;0x1944ac04bd9fed9a2bcdb38b70c35949c864ec35;0x992c59d45dd67706d7aaa118beb331c203858417;0xa43fe16908251ee70ef74718545e4fe6c5ccec9f;0xe42df52d7938631f6c6cb56aac2fafc1e00ea77b7517a02ee244bd7d86c061cd,0.025078369905956244,0.006116207951070374,0.02752293577981657,0.22629969418960227
2026-03-10,PEPE,3.29e-06,111990008.28797424,1293816.1090192779,113283824.39699352,0.011421013687578285,86.55790224536892,12,binance;bitget;bybit;coinbase;crypto_com;gate;htx;kraken;kucoin;mexc;okx;upbit,arbitrum;eth,arbitrum;eth,5,uniswap-v4-ethereum;uniswap_v2;uniswap_v3;uniswap_v3_arbitrum,0x11950d141ecb863f01007add7d1a342041227b58;0x1944ac04bd9fed9a2bcdb38b70c35949c864ec35;0x992c59d45dd67706d7aaa118beb331c203858417;0xa43fe16908251ee70ef74718545e4fe6c5ccec9f;0xe42df52d7938631f6c6cb56aac2fafc1e00ea77b7517a02ee244bd7d86c061cd,0.006116207951070374,0.012158054711246313,0.02735562310030404,0.11246200607902734
2026-03-11,PEPE,3.33e-06,73763421.40649584,637696.9316583404,74401118.33815418,0.008571066482629985,115.67159530574024,12,binance;bitget;bybit;coinbase;crypto_com;gate;htx;kraken;kucoin;mexc;okx;upbit,arbitrum;eth,arbitrum;eth,5,uniswap-v4-ethereum;uniswap_v2;uniswap_v3;uniswap_v3_arbitrum,0x11950d141ecb863f01007add7d1a342041227b58;0x1944ac04bd9fed9a2bcdb38b70c35949c864ec35;0x992c59d45dd67706d7aaa118beb331c203858417;0xa43fe16908251ee70ef74718545e4fe6c5ccec9f;0xe42df52d7938631f6c6cb56aac2fafc1e00ea77b7517a02ee244bd7d86c061cd,0.012158054711246313,0.009009009009009139,0.009009009009009139,0.057057057057057214
2026-03-12,PEPE,3.36e-06,92605182.07985023,732439.1901871006,93337621.27003732,0.00784720223443517,126.43395290767329,12,binance;bitget;bybit;coinbase;crypto_com;gate;htx;kraken;kucoin;mexc;okx;upbit,arbitrum;eth,arbitrum;eth,5,uniswap-v4-ethereum;uniswap_v2;uniswap_v3;uniswap_v3_arbitrum,0x11950d141ecb863f01007add7d1a342041227b58;0x1944ac04bd9fed9a2bcdb38b70c35949c864ec35;0x992c59d45dd67706d7aaa118beb331c203858417;0xa43fe16908251ee70ef74718545e4fe6c5ccec9f;0xe42df52d7938631f6c6cb56aac2fafc1e00ea77b7517a02ee244bd7d86c061cd,0.009009009009009139,0.005952380952380931,0.02678571428571419,0.017857142857142794
2026-03-13,PEPE,3.38e-06,152075047.65570167,2123809.2386357062,154198856.8943374,0.013773184065112862,71.60485268130377,12,binance;bitget;bybit;coinbase;crypto_com;gate;htx;kraken;kucoin;mexc;okx;upbit,arbitrum;eth,arbitrum;eth,5,uniswap-v4-ethereum;uniswap_v2;uniswap_v3;uniswap_v3_arbitrum,0x11950d141ecb863f01007add7d1a342041227b58;0x1944ac04bd9fed9a2bcdb38b70c35949c864ec35;0x992c59d45dd67706d7aaa118beb331c203858417;0xa43fe16908251ee70ef74718545e4fe6c5ccec9f;0xe42df52d7938631f6c6cb56aac2fafc1e00ea77b7517a02ee244bd7d86c061cd,0.005952380952380931,-0.005917159763313529,0.18639053254437865,0.008875739644970349
2026-03-14,PEPE,3.36e-06,57355912.961585596,472078.0836164245,57827991.045202024,0.008163487527128832,121.49666538679804,12,binance;bitget;bybit;coinbase;crypto_com;gate;htx;kraken;kucoin;mexc;okx;upbit,arbitrum;eth,arbitrum;eth,5,uniswap-v4-ethereum;uniswap_v2;uniswap_v3;uniswap_v3_arbitrum,0x11950d141ecb863f01007add7d1a342041227b58;0x1944ac04bd9fed9a2bcdb38b70c35949c864ec35;0x992c59d45dd67706d7aaa118beb331c203858417;0xa43fe16908251ee70ef74718545e4fe6c5ccec9f;0xe42df52d7938631f6c6cb56aac2fafc1e00ea77b7517a02ee244bd7d86c061cd,-0.005917159763313529,0.02678571428571419,0.08928571428571441,-0.011904761904761862
2026-03-15,PEPE,3.45e-06,97926855.7037124,439663.1942075012,98366518.89791991,0.004469642711091187,222.73152948412448,12,binance;bitget;bybit;coinbase;crypto_com;gate;htx;kraken;kucoin;mexc;okx;upbit,arbitrum;eth,arbitrum;eth,5,uniswap-v4-ethereum;uniswap_v2;uniswap_v3;uniswap_v3_arbitrum,0x11950d141ecb863f01007add7d1a342041227b58;0x1944ac04bd9fed9a2bcdb38b70c35949c864ec35;0x992c59d45dd67706d7aaa118beb331c203858417;0xa43fe16908251ee70ef74718545e4fe6c5ccec9f;0xe42df52d7938631f6c6cb56aac2fafc1e00ea77b7517a02ee244bd7d86c061cd,0.02678571428571419,0.16231884057971002,0.020289855072463725,-0.049275362318840554
2026-03-16,PEPE,4.01e-06,343066658.884214,5679296.6417275695,348745955.52594155,0.016284910410395034,60.406539845725945,12,binance;bitget;bybit;coinbase;crypto_com;gate;htx;kraken;kucoin;mexc;okx;upbit,arbitrum;eth,arbitrum;eth,5,uniswap-v4-ethereum;uniswap_v2;uniswap_v3;uniswap_v3_arbitrum,0x11950d141ecb863f01007add7d1a342041227b58;0x1944ac04bd9fed9a2bcdb38b70c35949c864ec35;0x992c59d45dd67706d7aaa118beb331c203858417;0xa43fe16908251ee70ef74718545e4fe6c5ccec9f;0xe42df52d7938631f6c6cb56aac2fafc1e00ea77b7517a02ee244bd7d86c061cd,0.16231884057971002,-0.08728179551122184,-0.1471321695760598,-0.1371571072319202
2026-03-17,PEPE,3.66e-06,190780992.5054104,2256149.2450699187,193037141.75048032,0.011687643241144834,84.5604487036043,12,binance;bitget;bybit;coinbase;crypto_com;gate;htx;kraken;kucoin;mexc;okx;upbit,arbitrum;eth,arbitrum;eth,5,uniswap-v4-ethereum;uniswap_v2;uniswap_v3;uniswap_v3_arbitrum,0x11950d141ecb863f01007add7d1a342041227b58;0x1944ac04bd9fed9a2bcdb38b70c35949c864ec35;0x992c59d45dd67706d7aaa118beb331c203858417;0xa43fe16908251ee70ef74718545e4fe6c5ccec9f;0xe42df52d7938631f6c6cb56aac2fafc1e00ea77b7517a02ee244bd7d86c061cd,-0.08728179551122184,-0.03825136612021851,-0.06830601092896182,-0.03551912568306015
2026-03-18,PEPE,3.52e-06,136281401.67238027,1109608.8436053812,137391010.51598564,0.008076284172000297,122.81931822890832,12,binance;bitget;bybit;coinbase;crypto_com;gate;htx;kraken;kucoin;mexc;okx;upbit,arbitrum;eth,arbitrum;eth,5,uniswap-v4-ethereum;uniswap_v2;uniswap_v3;uniswap_v3_arbitrum,0x11950d141ecb863f01007add7d1a342041227b58;0x1944ac04bd9fed9a2bcdb38b70c35949c864ec35;0x992c59d45dd67706d7aaa118beb331c203858417;0xa43fe16908251ee70ef74718545e4fe6c5ccec9f;0xe42df52d7938631f6c6cb56aac2fafc1e00ea77b7517a02ee244bd7d86c061cd,-0.03825136612021851,-0.02840909090909105,-0.05681818181818188,0.008522727272727293
2026-03-19,PEPE,3.42e-06,100251986.48727764,714609.5290952562,100966596.0163729,0.007077682692000174,140.28918228141094,12,binance;bitget;bybit;coinbase;crypto_com;gate;htx;kraken;kucoin;mexc;okx;upbit,arbitrum;eth,arbitrum;eth,5,uniswap-v4-ethereum;uniswap_v2;uniswap_v3;uniswap_v3_arbitrum,0x11950d141ecb863f01007add7d1a342041227b58;0x1944ac04bd9fed9a2bcdb38b70c35949c864ec35;0x992c59d45dd67706d7aaa118beb331c203858417;0xa43fe16908251ee70ef74718545e4fe6c5ccec9f;0xe42df52d7938631f6c6cb56aac2fafc1e00ea77b7517a02ee244bd7d86c061cd,-0.02840909090909105,-0.0029239766081871066,-0.040935672514619825,-0.0029239766081871066
2026-03-20,PEPE,3.41e-06,60339621.66800662,668157.8084988547,61007779.47650547,0.010952009960568505,90.30744069813568,12,binance;bitget;bybit;coinbase;crypto_com;gate;htx;kraken;kucoin;mexc;okx;upbit,arbitrum;eth,arbitrum;eth,5,uniswap-v4-ethereum;uniswap_v2;uniswap_v3;uniswap_v3_arbitrum,0x11950d141ecb863f01007add7d1a342041227b58;0x1944ac04bd9fed9a2bcdb38b70c35949c864ec35;0x992c59d45dd67706d7aaa118beb331c203858417;0xa43fe16908251ee70ef74718545e4fe6c5ccec9f;0xe42df52d7938631f6c6cb56aac2fafc1e00ea77b7517a02ee244bd7d86c061cd,-0.0029239766081871066,-0.02639296187683282,0.014662756598240456,-0.038123167155425186
2026-03-21,PEPE,3.32e-06,52132770.6151929,260756.1928479697,52393526.808040865,0.0049768780369248075,199.92917539484168,12,binance;bitget;bybit;coinbase;crypto_com;gate;htx;kraken;kucoin;mexc;okx;upbit,arbitrum;eth,arbitrum;eth,5,uniswap-v4-ethereum;uniswap_v2;uniswap_v3;uniswap_v3_arbitrum,0x11950d141ecb863f01007add7d1a342041227b58;0x1944ac04bd9fed9a2bcdb38b70c35949c864ec35;0x992c59d45dd67706d7aaa118beb331c203858417;0xa43fe16908251ee70ef74718545e4fe6c5ccec9f;0xe42df52d7938631f6c6cb56aac2fafc1e00ea77b7517a02ee244bd7d86c061cd,-0.02639296187683282,-0.012048192771084376,0.06325301204819289,-0.009036144578313254
2026-03-22,PEPE,3.28e-06,78201279.39599907,255836.3488699405,78457115.74486901,0.0032608431554109465,305.6691503823573,12,binance;bitget;bybit;coinbase;crypto_com;gate;htx;kraken;kucoin;mexc;okx;upbit,arbitrum;eth,arbitrum;eth,5,uniswap-v4-ethereum;uniswap_v2;uniswap_v3;uniswap_v3_arbitrum,0x11950d141ecb863f01007add7d1a342041227b58;0x1944ac04bd9fed9a2bcdb38b70c35949c864ec35;0x992c59d45dd67706d7aaa118beb331c203858417;0xa43fe16908251ee70ef74718545e4fe6c5ccec9f;0xe42df52d7938631f6c6cb56aac2fafc1e00ea77b7517a02ee244bd7d86c061cd,-0.012048192771084376,0.054878048780487854,0.08231707317073167,0.0
2026-03-23,PEPE,3.46e-06,133027283.96683568,1182365.235375704,134209649.20221138,0.008809837760579007,112.50946829857139,12,binance;bitget;bybit;coinbase;crypto_com;gate;htx;kraken;kucoin;mexc;okx;upbit,arbitrum;eth,arbitrum;eth,5,uniswap-v4-ethereum;uniswap_v2;uniswap_v3;uniswap_v3_arbitrum,0x11950d141ecb863f01007add7d1a342041227b58;0x1944ac04bd9fed9a2bcdb38b70c35949c864ec35;0x992c59d45dd67706d7aaa118beb331c203858417;0xa43fe16908251ee70ef74718545e4fe6c5ccec9f;0xe42df52d7938631f6c6cb56aac2fafc1e00ea77b7517a02ee244bd7d86c061cd,0.054878048780487854,0.020231213872832443,-0.014450867052023142,-0.040462427745664775
2026-03-24,PEPE,3.53e-06,73526156.24850896,605988.5897114374,74132144.8382204,0.008174437567318395,121.33257539307961,12,binance;bitget;bybit;coinbase;crypto_com;gate;htx;kraken;kucoin;mexc;okx;upbit,arbitrum;eth,arbitrum;eth,5,uniswap-v4-ethereum;uniswap_v2;uniswap_v3;uniswap_v3_arbitrum,0x11950d141ecb863f01007add7d1a342041227b58;0x1944ac04bd9fed9a2bcdb38b70c35949c864ec35;0x992c59d45dd67706d7aaa118beb331c203858417;0xa43fe16908251ee70ef74718545e4fe6c5ccec9f;0xe42df52d7938631f6c6cb56aac2fafc1e00ea77b7517a02ee244bd7d86c061cd,0.020231213872832443,0.005665722379603277,-0.07082152974504252,-0.03399433427762044
2026-03-25,PEPE,3.55e-06,78403284.51146828,822759.0609422703,79226043.57241055,0.010384957065163677,95.29312800478476,12,binance;bitget;bybit;coinbase;crypto_com;gate;htx;kraken;kucoin;mexc;okx;upbit,arbitrum;eth,arbitrum;eth,5,uniswap-v4-ethereum;uniswap_v2;uniswap_v3;uniswap_v3_arbitrum,0x11950d141ecb863f01007add7d1a342041227b58;0x1944ac04bd9fed9a2bcdb38b70c35949c864ec35;0x992c59d45dd67706d7aaa118beb331c203858417;0xa43fe16908251ee70ef74718545e4fe6c5ccec9f;0xe42df52d7938631f6c6cb56aac2fafc1e00ea77b7517a02ee244bd7d86c061cd,0.005665722379603277,-0.03943661971830981,-0.07323943661971832,-0.04225352112676051
2026-03-26,PEPE,3.41e-06,66759942.32606664,369554.1023850841,67129496.42845173,0.005505092724462248,180.6499830341518,12,binance;bitget;bybit;coinbase;crypto_com;gate;htx;kraken;kucoin;mexc;okx;upbit,arbitrum;eth,arbitrum;eth,5,uniswap-v4-ethereum;uniswap_v2;uniswap_v3;uniswap_v3_arbitrum,0x11950d141ecb863f01007add7d1a342041227b58;0x1944ac04bd9fed9a2bcdb38b70c35949c864ec35;0x992c59d45dd67706d7aaa118beb331c203858417;0xa43fe16908251ee70ef74718545e4fe6c5ccec9f;0xe42df52d7938631f6c6cb56aac2fafc1e00ea77b7517a02ee244bd7d86c061cd,-0.03943661971830981,-0.038123167155425186,-0.038123167155425186,-0.02052785923753664
2026-03-27,PEPE,3.28e-06,73977087.80227607,520045.9205354909,74497133.72281156,0.006980750728886756,142.25106837892685,12,binance;bitget;bybit;coinbase;crypto_com;gate;htx;kraken;kucoin;mexc;okx;upbit,arbitrum;eth,arbitrum;eth,5,uniswap-v4-ethereum;uniswap_v2;uniswap_v3;uniswap_v3_arbitrum,0x11950d141ecb863f01007add7d1a342041227b58;0x1944ac04bd9fed9a2bcdb38b70c35949c864ec35;0x992c59d45dd67706d7aaa118beb331c203858417;0xa43fe16908251ee70ef74718545e4fe6c5ccec9f;0xe42df52d7938631f6c6cb56aac2fafc1e00ea77b7517a02ee244bd7d86c061cd,-0.038123167155425186,0.0030487804878047697,0.012195121951219523,0.04268292682926833
2026-03-28,PEPE,3.29e-06,48045337.81157829,515233.65686930204,48560571.46844759,0.010610123425011112,93.24961048452202,12,binance;bitget;bybit;coinbase;crypto_com;gate;htx;kraken;kucoin;mexc;okx;upbit,arbitrum;eth,arbitrum;eth,5,uniswap-v4-ethereum;uniswap_v2;uniswap_v3;uniswap_v3_arbitrum,0x11950d141ecb863f01007add7d1a342041227b58;0x1944ac04bd9fed9a2bcdb38b70c35949c864ec35;0x992c59d45dd67706d7aaa118beb331c203858417;0xa43fe16908251ee70ef74718545e4fe6c5ccec9f;0xe42df52d7938631f6c6cb56aac2fafc1e00ea77b7517a02ee244bd7d86c061cd,0.0030487804878047697,-0.003039513677811523,0.03647416413373872,0.033434650455927084
2026-03-29,PEPE,3.28e-06,55736655.9346462,418101.3926470667,56154757.32729326,0.007445520425103042,133.30894590369223,12,binance;bitget;bybit;coinbase;crypto_com;gate;htx;kraken;kucoin;mexc;okx;upbit,arbitrum;eth,arbitrum;eth,5,uniswap-v4-ethereum;uniswap_v2;uniswap_v3;uniswap_v3_arbitrum,0x11950d141ecb863f01007add7d1a342041227b58;0x1944ac04bd9fed9a2bcdb38b70c35949c864ec35;0x992c59d45dd67706d7aaa118beb331c203858417;0xa43fe16908251ee70ef74718545e4fe6c5ccec9f;0xe42df52d7938631f6c6cb56aac2fafc1e00ea77b7517a02ee244bd7d86c061cd,-0.003039513677811523,0.012195121951219523,0.03658536585365857,0.06402439024390238
2026-03-30,PEPE,3.32e-06,60770701.24778669,503981.46647629485,61274682.714262985,0.008224954322921078,120.58122230700143,12,binance;bitget;bybit;coinbase;crypto_com;gate;htx;kraken;kucoin;mexc;okx;upbit,arbitrum;eth,arbitrum;eth,5,uniswap-v4-ethereum;uniswap_v2;uniswap_v3;uniswap_v3_arbitrum,0x11950d141ecb863f01007add7d1a342041227b58;0x1944ac04bd9fed9a2bcdb38b70c35949c864ec35;0x992c59d45dd67706d7aaa118beb331c203858417;0xa43fe16908251ee70ef74718545e4fe6c5ccec9f;0xe42df52d7938631f6c6cb56aac2fafc1e00ea77b7517a02ee244bd7d86c061cd,0.012195121951219523,0.027108433734939652,0.006024096385542244,0.0
2026-03-31,PEPE,3.41e-06,73920104.26073053,375765.11283354065,74295869.37356408,0.005057685117649962,196.71891225696686,12,binance;bitget;bybit;coinbase;crypto_com;gate;htx;kraken;kucoin;mexc;okx;upbit,arbitrum;eth,arbitrum;eth,5,uniswap-v4-ethereum;uniswap_v2;uniswap_v3;uniswap_v3_arbitrum,0x11950d141ecb863f01007add7d1a342041227b58;0x1944ac04bd9fed9a2bcdb38b70c35949c864ec35;0x992c59d45dd67706d7aaa118beb331c203858417;0xa43fe16908251ee70ef74718545e4fe6c5ccec9f;0xe42df52d7938631f6c6cb56aac2fafc1e00ea77b7517a02ee244bd7d86c061cd,0.027108433734939652,-0.0029325513196480912,0.0029325513196480912,0.08797653958944274
2026-04-01,PEPE,3.4e-06,75967796.50833213,766205.746428778,76734002.2547609,0.009985218076921556,99.14803805950527,12,binance;bitget;bybit;coinbase;crypto_com;gate;htx;kraken;kucoin;mexc;okx;upbit,arbitrum;eth,arbitrum;eth,5,uniswap-v4-ethereum;uniswap_v2;uniswap_v3;uniswap_v3_arbitrum,0x11950d141ecb863f01007add7d1a342041227b58;0x1944ac04bd9fed9a2bcdb38b70c35949c864ec35;0x992c59d45dd67706d7aaa118beb331c203858417;0xa43fe16908251ee70ef74718545e4fe6c5ccec9f;0xe42df52d7938631f6c6cb56aac2fafc1e00ea77b7517a02ee244bd7d86c061cd,-0.0029325513196480912,-0.01764705882352935,0.0,0.04117647058823537
2026-04-02,PEPE,3.34e-06,95463640.31099693,532748.1494881168,95996388.46048506,0.005549668670164729,179.19093741146122,12,binance;bitget;bybit;coinbase;crypto_com;gate;htx;kraken;kucoin;mexc;okx;upbit,arbitrum;eth,arbitrum;eth,5,uniswap-v4-ethereum;uniswap_v2;uniswap_v3;uniswap_v3_arbitrum,0x11950d141ecb863f01007add7d1a342041227b58;0x1944ac04bd9fed9a2bcdb38b70c35949c864ec35;0x992c59d45dd67706d7aaa118beb331c203858417;0xa43fe16908251ee70ef74718545e4fe6c5ccec9f;0xe42df52d7938631f6c6cb56aac2fafc1e00ea77b7517a02ee244bd7d86c061cd,-0.01764705882352935,0.0239520958083832,0.04491017964071853,0.05089820359281427
2026-04-03,PEPE,3.42e-06,65864534.63528548,860298.8893708669,66724833.52465635,0.012893233956933993,76.56006005476998,12,binance;bitget;bybit;coinbase;crypto_com;gate;htx;kraken;kucoin;mexc;okx;upbit,arbitrum;eth,arbitrum;eth,5,uniswap-v4-ethereum;uniswap_v2;uniswap_v3;uniswap_v3_arbitrum,0x11950d141ecb863f01007add7d1a342041227b58;0x1944ac04bd9fed9a2bcdb38b70c35949c864ec35;0x992c59d45dd67706d7aaa118beb331c203858417;0xa43fe16908251ee70ef74718545e4fe6c5ccec9f;0xe42df52d7938631f6c6cb56aac2fafc1e00ea77b7517a02ee244bd7d86c061cd,0.0239520958083832,-0.005847953216374213,-0.029239766081871288,0.06140350877192979
2026-04-04,PEPE,3.4e-06,45615208.379137866,352234.374383783,45967442.75352165,0.007662692403240067,129.50243274507056,12,binance;bitget;bybit;coinbase;crypto_com;gate;htx;kraken;kucoin;mexc;okx;upbit,arbitrum;eth,arbitrum;eth,5,uniswap-v4-ethereum;uniswap_v2;uniswap_v3;uniswap_v3_arbitrum,0x11950d141ecb863f01007add7d1a342041227b58;0x1944ac04bd9fed9a2bcdb38b70c35949c864ec35;0x992c59d45dd67706d7aaa118beb331c203858417;0xa43fe16908251ee70ef74718545e4fe6c5ccec9f;0xe42df52d7938631f6c6cb56aac2fafc1e00ea77b7517a02ee244bd7d86c061cd,-0.005847953216374213,0.026470588235294024,0.09117647058823519,0.07058823529411762
2026-04-05,PEPE,3.49e-06,69255378.05349553,355126.42013628763,69610504.47363181,0.005101621124880773,195.01612419294864,12,binance;bitget;bybit;coinbase;crypto_com;gate;htx;kraken;kucoin;mexc;okx;upbit,arbitrum;eth,arbitrum;eth,5,uniswap-v4-ethereum;uniswap_v2;uniswap_v3;uniswap_v3_arbitrum,0x11950d141ecb863f01007add7d1a342041227b58;0x1944ac04bd9fed9a2bcdb38b70c35949c864ec35;0x992c59d45dd67706d7aaa118beb331c203858417;0xa43fe16908251ee70ef74718545e4fe6c5ccec9f;0xe42df52d7938631f6c6cb56aac2fafc1e00ea77b7517a02ee244bd7d86c061cd,0.026470588235294024,-0.04871060171919772,0.014326647564469885,-0.005730659025788065
2026-04-06,PEPE,3.32e-06,118898326.93056226,1444894.2371668082,120343221.16772906,0.012006444759800625,82.28860208045514,12,binance;bitget;bybit;coinbase;crypto_com;gate;htx;kraken;kucoin;mexc;okx;upbit,arbitrum;eth,arbitrum;eth,5,uniswap-v4-ethereum;uniswap_v2;uniswap_v3;uniswap_v3_arbitrum,0x11950d141ecb863f01007add7d1a342041227b58;0x1944ac04bd9fed9a2bcdb38b70c35949c864ec35;0x992c59d45dd67706d7aaa118beb331c203858417;0xa43fe16908251ee70ef74718545e4fe6c5ccec9f;0xe42df52d7938631f6c6cb56aac2fafc1e00ea77b7517a02ee244bd7d86c061cd,-0.04871060171919772,0.11746987951807242,0.05722891566265065,0.12951807228915668
2026-04-07,PEPE,3.71e-06,143417231.11014518,1173786.9793990583,144591018.08954424,0.008117979905723742,122.1833549249032,12,binance;bitget;bybit;coinbase;crypto_com;gate;htx;kraken;kucoin;mexc;okx;upbit,arbitrum;eth,arbitrum;eth,5,uniswap-v4-ethereum;uniswap_v2;uniswap_v3;uniswap_v3_arbitrum,0x11950d141ecb863f01007add7d1a342041227b58;0x1944ac04bd9fed9a2bcdb38b70c35949c864ec35;0x992c59d45dd67706d7aaa118beb331c203858417;0xa43fe16908251ee70ef74718545e4fe6c5ccec9f;0xe42df52d7938631f6c6cb56aac2fafc1e00ea77b7517a02ee244bd7d86c061cd,0.11746987951807242,-0.04582210242587603,-0.021563342318059342,-0.040431266846361225
2026-04-08,PEPE,3.54e-06,102489786.42022178,1016221.0721077517,103506007.49232952,0.009817991213534735,100.8538291846743,12,binance;bitget;bybit;coinbase;crypto_com;gate;htx;kraken;kucoin;mexc;okx;upbit,arbitrum;eth,arbitrum;eth,5,uniswap-v4-ethereum;uniswap_v2;uniswap_v3;uniswap_v3_arbitrum,0x11950d141ecb863f01007add7d1a342041227b58;0x1944ac04bd9fed9a2bcdb38b70c35949c864ec35;0x992c59d45dd67706d7aaa118beb331c203858417;0xa43fe16908251ee70ef74718545e4fe6c5ccec9f;0xe42df52d7938631f6c6cb56aac2fafc1e00ea77b7517a02ee244bd7d86c061cd,-0.04582210242587603,-0.008474576271186529,0.02824858757062154,0.05084745762711873
2026-04-09,PEPE,3.51e-06,83727120.4124424,842556.0073371219,84569676.41977952,0.009962861902828106,99.37276535130283,12,binance;bitget;bybit;coinbase;crypto_com;gate;htx;kraken;kucoin;mexc;okx;upbit,arbitrum;eth,arbitrum;eth,5,uniswap-v4-ethereum;uniswap_v2;uniswap_v3;uniswap_v3_arbitrum,0x11950d141ecb863f01007add7d1a342041227b58;0x1944ac04bd9fed9a2bcdb38b70c35949c864ec35;0x992c59d45dd67706d7aaa118beb331c203858417;0xa43fe16908251ee70ef74718545e4fe6c5ccec9f;0xe42df52d7938631f6c6cb56aac2fafc1e00ea77b7517a02ee244bd7d86c061cd,-0.008474576271186529,0.03418803418803429,-0.01139601139601143,0.13390313390313402
2026-04-10,PEPE,3.63e-06,88312537.99375199,887791.9854552081,89200329.9792072,0.009952788130516494,99.47435822871329,12,binance;bitget;bybit;coinbase;crypto_com;gate;htx;kraken;kucoin;mexc;okx;upbit,arbitrum;eth,arbitrum;eth,5,uniswap-v4-ethereum;uniswap_v2;uniswap_v3;uniswap_v3_arbitrum,0x11950d141ecb863f01007add7d1a342041227b58;0x1944ac04bd9fed9a2bcdb38b70c35949c864ec35;0x992c59d45dd67706d7aaa118beb331c203858417;0xa43fe16908251ee70ef74718545e4fe6c5ccec9f;0xe42df52d7938631f6c6cb56aac2fafc1e00ea77b7517a02ee244bd7d86c061cd,0.03418803418803429,0.0027548209366390353,0.03305785123966953,0.0881542699724518
2026-04-11,PEPE,3.64e-06,87490211.2413715,2162291.569050517,89652502.81042202,0.02411858566428279,40.46180103259122,12,binance;bitget;bybit;coinbase;crypto_com;gate;htx;kraken;kucoin;mexc;okx;upbit,arbitrum;eth,arbitrum;eth,5,uniswap-v4-ethereum;uniswap_v2;uniswap_v3;uniswap_v3_arbitrum,0x11950d141ecb863f01007add7d1a342041227b58;0x1944ac04bd9fed9a2bcdb38b70c35949c864ec35;0x992c59d45dd67706d7aaa118beb331c203858417;0xa43fe16908251ee70ef74718545e4fe6c5ccec9f;0xe42df52d7938631f6c6cb56aac2fafc1e00ea77b7517a02ee244bd7d86c061cd,0.0027548209366390353,-0.04670329670329676,-0.02197802197802201,0.03571428571428581
2026-04-12,PEPE,3.47e-06,72072158.94776224,563285.3853159085,72635444.33307815,0.007754965781346347,127.94963410481857,12,binance;bitget;bybit;coinbase;crypto_com;gate;htx;kraken;kucoin;mexc;okx;upbit,arbitrum;eth,arbitrum;eth,5,uniswap-v4-ethereum;uniswap_v2;uniswap_v3;uniswap_v3_arbitrum,0x11950d141ecb863f01007add7d1a342041227b58;0x1944ac04bd9fed9a2bcdb38b70c35949c864ec35;0x992c59d45dd67706d7aaa118beb331c203858417;0xa43fe16908251ee70ef74718545e4fe6c5ccec9f;0xe42df52d7938631f6c6cb56aac2fafc1e00ea77b7517a02ee244bd7d86c061cd,-0.04670329670329676,0.08069164265129691,0.07204610951008661,0.05187319884726227
2026-04-13,PEPE,3.75e-06,102829895.7997033,839219.8706140576,103669115.67031735,0.008095177287736274,122.5303396646967,12,binance;bitget;bybit;coinbase;crypto_com;gate;htx;kraken;kucoin;mexc;okx;upbit,arbitrum;eth,arbitrum;eth,5,uniswap-v4-ethereum;uniswap_v2;uniswap_v3;uniswap_v3_arbitrum,0x11950d141ecb863f01007add7d1a342041227b58;0x1944ac04bd9fed9a2bcdb38b70c35949c864ec35;0x992c59d45dd67706d7aaa118beb331c203858417;0xa43fe16908251ee70ef74718545e4fe6c5ccec9f;0xe42df52d7938631f6c6cb56aac2fafc1e00ea77b7517a02ee244bd7d86c061cd,0.08069164265129691,-0.05066666666666675,0.06133333333333324,0.002666666666666595
2026-04-14,PEPE,3.56e-06,113576604.30648233,1562237.077344388,115138841.38382672,0.013568289020179699,72.70126023352913,12,binance;bitget;bybit;coinbase;crypto_com;gate;htx;kraken;kucoin;mexc;okx;upbit,arbitrum;eth,arbitrum;eth,5,uniswap-v4-ethereum;uniswap_v2;uniswap_v3;uniswap_v3_arbitrum,0x11950d141ecb863f01007add7d1a342041227b58;0x1944ac04bd9fed9a2bcdb38b70c35949c864ec35;0x992c59d45dd67706d7aaa118beb331c203858417;0xa43fe16908251ee70ef74718545e4fe6c5ccec9f;0xe42df52d7938631f6c6cb56aac2fafc1e00ea77b7517a02ee244bd7d86c061cd,-0.05066666666666675,0.04494382022471921,0.10955056179775302,0.0702247191011236
2026-04-15,PEPE,3.72e-06,87572627.48540843,760818.8750237671,88333446.3604322,0.008613032847369645,115.10312159733517,12,binance;bitget;bybit;coinbase;crypto_com;gate;htx;kraken;kucoin;mexc;okx;upbit,arbitrum;eth,arbitrum;eth,5,uniswap-v4-ethereum;uniswap_v2;uniswap_v3;uniswap_v3_arbitrum,0x11950d141ecb863f01007add7d1a342041227b58;0x1944ac04bd9fed9a2bcdb38b70c35949c864ec35;0x992c59d45dd67706d7aaa118beb331c203858417;0xa43fe16908251ee70ef74718545e4fe6c5ccec9f;0xe42df52d7938631f6c6cb56aac2fafc1e00ea77b7517a02ee244bd7d86c061cd,0.04494382022471921,0.06989247311827951,0.013440860215053752,0.018817204301075252
2026-04-16,PEPE,3.98e-06,235322200.31193456,3359483.489111576,238681683.80104613,0.014075162516080975,70.04713703003378,12,binance;bitget;bybit;coinbase;crypto_com;gate;htx;kraken;kucoin;mexc;okx;upbit,arbitrum;eth,arbitrum;eth,5,uniswap-v4-ethereum;uniswap_v2;uniswap_v3;uniswap_v3_arbitrum,0x11950d141ecb863f01007add7d1a342041227b58;0x1944ac04bd9fed9a2bcdb38b70c35949c864ec35;0x992c59d45dd67706d7aaa118beb331c203858417;0xa43fe16908251ee70ef74718545e4fe6c5ccec9f;0xe42df52d7938631f6c6cb56aac2fafc1e00ea77b7517a02ee244bd7d86c061cd,0.06989247311827951,-0.007537688442211032,-0.08291457286432158,-0.04020100502512569
2026-04-17,PEPE,3.95e-06,169209396.54509684,2694684.1789724696,171904080.72406933,0.01567551024747239,62.79377667538738,12,binance;bitget;bybit;coinbase;crypto_com;gate;htx;kraken;kucoin;mexc;okx;upbit,arbitrum;eth,arbitrum;eth,5,uniswap-v4-ethereum;uniswap_v2;uniswap_v3;uniswap_v3_arbitrum,0x11950d141ecb863f01007add7d1a342041227b58;0x1944ac04bd9fed9a2bcdb38b70c35949c864ec35;0x992c59d45dd67706d7aaa118beb331c203858417;0xa43fe16908251ee70ef74718545e4fe6c5ccec9f;0xe42df52d7938631f6c6cb56aac2fafc1e00ea77b7517a02ee244bd7d86c061cd,-0.007537688442211032,-0.04556962025316469,-0.048101265822784844,-0.020253164556962022
2026-04-18,PEPE,3.77e-06,85307063.25869308,1075459.47145381,86382522.7301469,0.01244996600543228,79.32150445741547,12,binance;bitget;bybit;coinbase;crypto_com;gate;htx;kraken;kucoin;mexc;okx;upbit,arbitrum;eth,arbitrum;eth,5,uniswap-v4-ethereum;uniswap_v2;uniswap_v3;uniswap_v3_arbitrum,0x11950d141ecb863f01007add7d1a342041227b58;0x1944ac04bd9fed9a2bcdb38b70c35949c864ec35;0x992c59d45dd67706d7aaa118beb331c203858417;0xa43fe16908251ee70ef74718545e4fe6c5ccec9f;0xe42df52d7938631f6c6cb56aac2fafc1e00ea77b7517a02ee244bd7d86c061cd,-0.04556962025316469,-0.03183023872679036,0.010610079575596787,0.021220159151193796
2026-04-19,PEPE,3.65e-06,126029294.85976233,1233909.7162564136,127263204.57601874,0.009695730359511389,102.13818174811479,12,binance;bitget;bybit;coinbase;crypto_com;gate;htx;kraken;kucoin;mexc;okx;upbit,arbitrum;eth,arbitrum;eth,5,uniswap-v4-ethereum;uniswap_v2;uniswap_v3;uniswap_v3_arbitrum,0x11950d141ecb863f01007add7d1a342041227b58;0x1944ac04bd9fed9a2bcdb38b70c35949c864ec35;0x992c59d45dd67706d7aaa118beb331c203858417;0xa43fe16908251ee70ef74718545e4fe6c5ccec9f;0xe42df52d7938631f6c6cb56aac2fafc1e00ea77b7517a02ee244bd7d86c061cd,-0.03183023872679036,0.03013698630136985,0.03835616438356171,0.06849315068493134
2026-04-20,PEPE,3.76e-06,129326156.37371734,837426.9436905327,130163583.31740788,0.006433650045177702,154.43276258079084,12,binance;bitget;bybit;coinbase;crypto_com;gate;htx;kraken;kucoin;mexc;okx;upbit,arbitrum;eth,arbitrum;eth,5,uniswap-v4-ethereum;uniswap_v2;uniswap_v3;uniswap_v3_arbitrum,0x11950d141ecb863f01007add7d1a342041227b58;0x1944ac04bd9fed9a2bcdb38b70c35949c864ec35;0x992c59d45dd67706d7aaa118beb331c203858417;0xa43fe16908251ee70ef74718545e4fe6c5ccec9f;0xe42df52d7938631f6c6cb56aac2fafc1e00ea77b7517a02ee244bd7d86c061cd,0.03013698630136985,0.013297872340425565,0.015957446808510634,0.03989361702127647
2026-04-21,PEPE,3.81e-06,99665856.96560276,619127.2635708764,100284984.22917363,0.0061736786252668905,160.97798115167836,12,binance;bitget;bybit;coinbase;crypto_com;gate;htx;kraken;kucoin;mexc;okx;upbit,arbitrum;eth,arbitrum;eth,5,uniswap-v4-ethereum;uniswap_v2;uniswap_v3;uniswap_v3_arbitrum,0x11950d141ecb863f01007add7d1a342041227b58;0x1944ac04bd9fed9a2bcdb38b70c35949c864ec35;0x992c59d45dd67706d7aaa118beb331c203858417;0xa43fe16908251ee70ef74718545e4fe6c5ccec9f;0xe42df52d7938631f6c6cb56aac2fafc1e00ea77b7517a02ee244bd7d86c061cd,0.013297872340425565,-0.005249343832020914,0.015748031496062964,0.018372703412073532
2026-04-22,PEPE,3.79e-06,109713478.50451183,1396676.1614015833,111110154.66591342,0.012570193656926465,78.5532692091006,12,binance;bitget;bybit;coinbase;crypto_com;gate;htx;kraken;kucoin;mexc;okx;upbit,arbitrum;eth,arbitrum;eth,5,uniswap-v4-ethereum;uniswap_v2;uniswap_v3;uniswap_v3_arbitrum,0x11950d141ecb863f01007add7d1a342041227b58;0x1944ac04bd9fed9a2bcdb38b70c35949c864ec35;0x992c59d45dd67706d7aaa118beb331c203858417;0xa43fe16908251ee70ef74718545e4fe6c5ccec9f;0xe42df52d7938631f6c6cb56aac2fafc1e00ea77b7517a02ee244bd7d86c061cd,-0.005249343832020914,0.0079155672823219,0.0158311345646438,0.0158311345646438
2026-04-23,PEPE,3.82e-06,84118347.88230708,566029.7942328556,84684377.67653994,0.006683993078332113,148.61116630143704,12,binance;bitget;bybit;coinbase;crypto_com;gate;htx;kraken;kucoin;mexc;okx;upbit,arbitrum;eth,arbitrum;eth,5,uniswap-v4-ethereum;uniswap_v2;uniswap_v3;uniswap_v3_arbitrum,0x11950d141ecb863f01007add7d1a342041227b58;0x1944ac04bd9fed9a2bcdb38b70c35949c864ec35;0x992c59d45dd67706d7aaa118beb331c203858417;0xa43fe16908251ee70ef74718545e4fe6c5ccec9f;0xe42df52d7938631f6c6cb56aac2fafc1e00ea77b7517a02ee244bd7d86c061cd,0.0079155672823219,0.01308900523560208,0.020942408376963373,0.015706806282722585
2026-04-24,PEPE,3.87e-06,85435626.0188509,670626.3305959227,86106252.34944682,0.007788358130769711,127.39676645701083,12,binance;bitget;bybit;coinbase;crypto_com;gate;htx;kraken;kucoin;mexc;okx;upbit,arbitrum;eth,arbitrum;eth,5,uniswap-v4-ethereum;uniswap_v2;uniswap_v3;uniswap_v3_arbitrum,0x11950d141ecb863f01007add7d1a342041227b58;0x1944ac04bd9fed9a2bcdb38b70c35949c864ec35;0x992c59d45dd67706d7aaa118beb331c203858417;0xa43fe16908251ee70ef74718545e4fe6c5ccec9f;0xe42df52d7938631f6c6cb56aac2fafc1e00ea77b7517a02ee244bd7d86c061cd,0.01308900523560208,-0.0051679586563306845,0.010335917312661369,0.01808785529715773
2026-04-25,PEPE,3.85e-06,42607612.27881558,409913.45108512713,43017525.72990071,0.009528987177433211,103.94294738565975,12,binance;bitget;bybit;coinbase;crypto_com;gate;htx;kraken;kucoin;mexc;okx;upbit,arbitrum;eth,arbitrum;eth,5,uniswap-v4-ethereum;uniswap_v2;uniswap_v3;uniswap_v3_arbitrum,0x11950d141ecb863f01007add7d1a342041227b58;0x1944ac04bd9fed9a2bcdb38b70c35949c864ec35;0x992c59d45dd67706d7aaa118beb331c203858417;0xa43fe16908251ee70ef74718545e4fe6c5ccec9f;0xe42df52d7938631f6c6cb56aac2fafc1e00ea77b7517a02ee244bd7d86c061cd,-0.0051679586563306845,0.01298701298701288,0.007792207792207684,0.036363636363636154
2026-04-26,PEPE,3.9e-06,65927181.968126684,528680.7774938137,66455862.7456205,0.007955367000764041,124.70130327161012,12,binance;bitget;bybit;coinbase;crypto_com;gate;htx;kraken;kucoin;mexc;okx;upbit,arbitrum;eth,arbitrum;eth,5,uniswap-v4-ethereum;uniswap_v2;uniswap_v3;uniswap_v3_arbitrum,0x11950d141ecb863f01007add7d1a342041227b58;0x1944ac04bd9fed9a2bcdb38b70c35949c864ec35;0x992c59d45dd67706d7aaa118beb331c203858417;0xa43fe16908251ee70ef74718545e4fe6c5ccec9f;0xe42df52d7938631f6c6cb56aac2fafc1e00ea77b7517a02ee244bd7d86c061cd,0.01298701298701288,0.002564102564102555,-0.012820512820512664,0.010256410256410442
2026-04-27,PEPE,3.91e-06,113135763.39785603,780541.2592830131,113916304.65713903,0.006851883596753393,144.94526977571934,12,binance;bitget;bybit;coinbase;crypto_com;gate;htx;kraken;kucoin;mexc;okx;upbit,arbitrum;eth,arbitrum;eth,5,uniswap-v4-ethereum;uniswap_v2;uniswap_v3;uniswap_v3_arbitrum,0x11950d141ecb863f01007add7d1a342041227b58;0x1944ac04bd9fed9a2bcdb38b70c35949c864ec35;0x992c59d45dd67706d7aaa118beb331c203858417;0xa43fe16908251ee70ef74718545e4fe6c5ccec9f;0xe42df52d7938631f6c6cb56aac2fafc1e00ea77b7517a02ee244bd7d86c061cd,0.002564102564102555,-0.007672634271099654,-0.007672634271099654,0.020460358056266115
2026-04-28,PEPE,3.88e-06,74761525.88604707,363461.957865031,75124987.8439121,0.0048380967278184375,205.69284974195077,12,binance;bitget;bybit;coinbase;crypto_com;gate;htx;kraken;kucoin;mexc;okx;upbit,arbitrum;eth,arbitrum;eth,4,uniswap_v2;uniswap_v3;uniswap_v3_arbitrum,0x11950d141ecb863f01007add7d1a342041227b58;0x1944ac04bd9fed9a2bcdb38b70c35949c864ec35;0x992c59d45dd67706d7aaa118beb331c203858417;0xa43fe16908251ee70ef74718545e4fe6c5ccec9f,-0.007672634271099654,-0.0077319587628865705,0.015463917525773363,0.05927835051546371
2026-04-29,PEPE,3.85e-06,180149409.94909322,1723222.4704249552,181872632.41951817,0.009474886064496325,104.542166226899,12,binance;bitget;bybit;coinbase;crypto_com;gate;htx;kraken;kucoin;mexc;okx;upbit,arbitrum;eth,arbitrum;eth,5,uniswap-v4-ethereum;uniswap_v2;uniswap_v3;uniswap_v3_arbitrum,0x11950d141ecb863f01007add7d1a342041227b58;0x1944ac04bd9fed9a2bcdb38b70c35949c864ec35;0x992c59d45dd67706d7aaa118beb331c203858417;0xa43fe16908251ee70ef74718545e4fe6c5ccec9f;0xe42df52d7938631f6c6cb56aac2fafc1e00ea77b7517a02ee244bd7d86c061cd,-0.0077319587628865705,0.007792207792207684,0.036363636363636154,0.08051948051948044
2026-04-30,PEPE,3.88e-06,90865104.55814157,793894.0484255449,91658998.60656711,0.008661386885026087,114.45495118441278,12,binance;bitget;bybit;coinbase;crypto_com;gate;htx;kraken;kucoin;mexc;okx;upbit,arbitrum;eth,arbitrum;eth,5,uniswap-v4-ethereum;uniswap_v2;uniswap_v3;uniswap_v3_arbitrum,0x11950d141ecb863f01007add7d1a342041227b58;0x1944ac04bd9fed9a2bcdb38b70c35949c864ec35;0x992c59d45dd67706d7aaa118beb331c203858417;0xa43fe16908251ee70ef74718545e4fe6c5ccec9f;0xe42df52d7938631f6c6cb56aac2fafc1e00ea77b7517a02ee244bd7d86c061cd,0.007792207792207684,0.015463917525773363,0.015463917525773363,0.06958762886597936
2026-05-01,PEPE,3.94e-06,73537154.6908996,559827.979546612,74096982.6704462,0.007555341113368993,131.3566977314266,12,binance;bitget;bybit;coinbase;crypto_com;gate;htx;kraken;kucoin;mexc;okx;upbit,arbitrum;eth,arbitrum;eth,4,uniswap_v2;uniswap_v3;uniswap_v3_arbitrum,0x11950d141ecb863f01007add7d1a342041227b58;0x1944ac04bd9fed9a2bcdb38b70c35949c864ec35;0x992c59d45dd67706d7aaa118beb331c203858417;0xa43fe16908251ee70ef74718545e4fe6c5ccec9f,0.015463917525773363,0.01269035532994911,0.01269035532994911,0.09644670050761417
2026-05-02,PEPE,3.99e-06,42908951.42487823,482556.6381239528,43391508.063002184,0.011120992555117143,88.92003142200346,12,binance;bitget;bybit;coinbase;crypto_com;gate;htx;kraken;kucoin;mexc;okx;upbit,arbitrum;eth,arbitrum;eth,5,uniswap-v4-ethereum;uniswap_v2;uniswap_v3;uniswap_v3_arbitrum,0x11950d141ecb863f01007add7d1a342041227b58;0x1944ac04bd9fed9a2bcdb38b70c35949c864ec35;0x992c59d45dd67706d7aaa118beb331c203858417;0xa43fe16908251ee70ef74718545e4fe6c5ccec9f;0xe42df52d7938631f6c6cb56aac2fafc1e00ea77b7517a02ee244bd7d86c061cd,0.01269035532994911,-0.012531328320801838,0.03007518796992481,0.06516290726817053
2026-05-03,PEPE,3.94e-06,54041420.524591774,313274.21629765804,54354694.74088943,0.005763517167947429,172.50516548493803,12,binance;bitget;bybit;coinbase;crypto_com;gate;htx;kraken;kucoin;mexc;okx;upbit,arbitrum;eth,arbitrum;eth,5,uniswap-v4-ethereum;uniswap_v2;uniswap_v3;uniswap_v3_arbitrum,0x11950d141ecb863f01007add7d1a342041227b58;0x1944ac04bd9fed9a2bcdb38b70c35949c864ec35;0x992c59d45dd67706d7aaa118beb331c203858417;0xa43fe16908251ee70ef74718545e4fe6c5ccec9f;0xe42df52d7938631f6c6cb56aac2fafc1e00ea77b7517a02ee244bd7d86c061cd,-0.012531328320801838,0.01269035532994911,0.055837563451776484,0.1192893401015227
2026-05-04,PEPE,3.99e-06,132123074.10010569,760215.8347216144,132883289.9348273,0.005720928757065412,173.79679304955312,12,binance;bitget;bybit;coinbase;crypto_com;gate;htx;kraken;kucoin;mexc;okx;upbit,arbitrum;eth,arbitrum;eth,5,uniswap-v4-ethereum;uniswap_v2;uniswap_v3;uniswap_v3_arbitrum,0x11950d141ecb863f01007add7d1a342041227b58;0x1944ac04bd9fed9a2bcdb38b70c35949c864ec35;0x992c59d45dd67706d7aaa118beb331c203858417;0xa43fe16908251ee70ef74718545e4fe6c5ccec9f;0xe42df52d7938631f6c6cb56aac2fafc1e00ea77b7517a02ee244bd7d86c061cd,0.01269035532994911,0.03007518796992481,0.040100250626566414,0.09022556390977443
2026-05-05,PEPE,4.11e-06,135064164.05927354,2644915.8930087,137709079.95228225,0.019206546829919954,51.06557997412633,12,binance;bitget;bybit;coinbase;crypto_com;gate;htx;kraken;kucoin;mexc;okx;upbit,arbitrum;eth,arbitrum;eth,5,uniswap-v4-ethereum;uniswap_v2;uniswap_v3;uniswap_v3_arbitrum,0x11950d141ecb863f01007add7d1a342041227b58;0x1944ac04bd9fed9a2bcdb38b70c35949c864ec35;0x992c59d45dd67706d7aaa118beb331c203858417;0xa43fe16908251ee70ef74718545e4fe6c5ccec9f;0xe42df52d7938631f6c6cb56aac2fafc1e00ea77b7517a02ee244bd7d86c061cd,0.03007518796992481,0.012165450121654597,0.051094890510948954,0.007299270072992803
2026-05-06,PEPE,4.16e-06,131963927.34199913,936978.0991551401,132900905.44115427,0.007050201020413772,140.83992727363545,12,binance;bitget;bybit;coinbase;crypto_com;gate;htx;kraken;kucoin;mexc;okx;upbit,arbitrum;eth,arbitrum;eth,5,uniswap-v4-ethereum;uniswap_v2;uniswap_v3;uniswap_v3_arbitrum,0x11950d141ecb863f01007add7d1a342041227b58;0x1944ac04bd9fed9a2bcdb38b70c35949c864ec35;0x992c59d45dd67706d7aaa118beb331c203858417;0xa43fe16908251ee70ef74718545e4fe6c5ccec9f;0xe42df52d7938631f6c6cb56aac2fafc1e00ea77b7517a02ee244bd7d86c061cd,0.012165450121654597,-0.0024038461538461453,0.02163461538461542,-0.0264423076923076
2026-05-07,PEPE,4.15e-06,105251645.66783142,823832.7041968018,106075478.37202822,0.0077664764452671465,127.75851836380644,12,binance;bitget;bybit;coinbase;crypto_com;gate;htx;kraken;kucoin;mexc;okx;upbit,arbitrum;eth,arbitrum;eth,5,uniswap-v4-ethereum;uniswap_v2;uniswap_v3;uniswap_v3_arbitrum,0x11950d141ecb863f01007add7d1a342041227b58;0x1944ac04bd9fed9a2bcdb38b70c35949c864ec35;0x992c59d45dd67706d7aaa118beb331c203858417;0xa43fe16908251ee70ef74718545e4fe6c5ccec9f;0xe42df52d7938631f6c6cb56aac2fafc1e00ea77b7517a02ee244bd7d86c061cd,-0.0024038461538461453,0.04096385542168668,0.06265060240963849,-0.012048192771084376
2026-05-08,PEPE,4.32e-06,97734965.33392577,699218.4807681427,98434183.81469391,0.007103411169482017,139.7774344101385,12,binance;bitget;bybit;coinbase;crypto_com;gate;htx;kraken;kucoin;mexc;okx;upbit,arbitrum;eth,arbitrum;eth,5,uniswap-v4-ethereum;uniswap_v2;uniswap_v3;uniswap_v3_arbitrum,0x11950d141ecb863f01007add7d1a342041227b58;0x1944ac04bd9fed9a2bcdb38b70c35949c864ec35;0x992c59d45dd67706d7aaa118beb331c203858417;0xa43fe16908251ee70ef74718545e4fe6c5ccec9f;0xe42df52d7938631f6c6cb56aac2fafc1e00ea77b7517a02ee244bd7d86c061cd,0.04096385542168668,-0.01620370370370372,0.00694444444444442,-0.09490740740740744
2026-05-09,PEPE,4.25e-06,53843948.6808057,432241.8080146715,54276190.48882037,0.007963746241617735,124.56904372142105,12,binance;bitget;bybit;coinbase;crypto_com;gate;htx;kraken;kucoin;mexc;okx;upbit,arbitrum;eth,arbitrum;eth,5,uniswap-v4-ethereum;uniswap_v2;uniswap_v3;uniswap_v3_arbitrum,0x11950d141ecb863f01007add7d1a342041227b58;0x1944ac04bd9fed9a2bcdb38b70c35949c864ec35;0x992c59d45dd67706d7aaa118beb331c203858417;0xa43fe16908251ee70ef74718545e4fe6c5ccec9f;0xe42df52d7938631f6c6cb56aac2fafc1e00ea77b7517a02ee244bd7d86c061cd,-0.01620370370370372,0.03764705882352937,-0.025882352941176467,-0.11529411764705877
2026-05-10,PEPE,4.41e-06,130080851.2969255,1659974.1124440548,131740825.40936956,0.012600301442516964,78.36318067960806,12,binance;bitget;bybit;coinbase;crypto_com;gate;htx;kraken;kucoin;mexc;okx;upbit,arbitrum;eth,arbitrum;eth,5,uniswap-v4-ethereum;uniswap_v2;uniswap_v3;uniswap_v3_arbitrum,0x11950d141ecb863f01007add7d1a342041227b58;0x1944ac04bd9fed9a2bcdb38b70c35949c864ec35;0x992c59d45dd67706d7aaa118beb331c203858417;0xa43fe16908251ee70ef74718545e4fe6c5ccec9f;0xe42df52d7938631f6c6cb56aac2fafc1e00ea77b7517a02ee244bd7d86c061cd,0.03764705882352937,-0.013605442176870763,-0.08163265306122447,-0.1655328798185941
2026-05-11,PEPE,4.35e-06,93863697.0225129,505836.6041088418,94369533.62662174,0.005360168527590824,185.56129837198588,12,binance;bitget;bybit;coinbase;crypto_com;gate;htx;kraken;kucoin;mexc;okx;upbit,arbitrum;eth,arbitrum;eth,5,uniswap-v4-ethereum;uniswap_v2;uniswap_v3;uniswap_v3_arbitrum,0x11950d141ecb863f01007add7d1a342041227b58;0x1944ac04bd9fed9a2bcdb38b70c35949c864ec35;0x992c59d45dd67706d7aaa118beb331c203858417;0xa43fe16908251ee70ef74718545e4fe6c5ccec9f;0xe42df52d7938631f6c6cb56aac2fafc1e00ea77b7517a02ee244bd7d86c061cd,-0.013605442176870763,-0.04827586206896539,-0.05747126436781613,-0.14942528735632177
2026-05-12,PEPE,4.14e-06,85372196.49687606,492944.46395183814,85865140.9608279,0.005740914862956107,173.18826508865536,12,binance;bitget;bybit;coinbase;crypto_com;gate;htx;kraken;kucoin;mexc;okx;upbit,arbitrum;eth,arbitrum;eth,5,uniswap-v4-ethereum;uniswap_v2;uniswap_v3;uniswap_v3_arbitrum,0x11950d141ecb863f01007add7d1a342041227b58;0x1944ac04bd9fed9a2bcdb38b70c35949c864ec35;0x992c59d45dd67706d7aaa118beb331c203858417;0xa43fe16908251ee70ef74718545e4fe6c5ccec9f;0xe42df52d7938631f6c6cb56aac2fafc1e00ea77b7517a02ee244bd7d86c061cd,-0.04827586206896539,-0.021739130434782594,-0.05555555555555558,-0.11835748792270528
2026-05-13,PEPE,4.05e-06,69169508.55622663,552231.7750001597,69721740.33122678,0.007920510480327578,125.25448858173114,12,binance;bitget;bybit;coinbase;crypto_com;gate;htx;kraken;kucoin;mexc;okx;upbit,arbitrum;eth,arbitrum;eth,5,uniswap-v4-ethereum;uniswap_v2;uniswap_v3;uniswap_v3_arbitrum,0x11950d141ecb863f01007add7d1a342041227b58;0x1944ac04bd9fed9a2bcdb38b70c35949c864ec35;0x992c59d45dd67706d7aaa118beb331c203858417;0xa43fe16908251ee70ef74718545e4fe6c5ccec9f;0xe42df52d7938631f6c6cb56aac2fafc1e00ea77b7517a02ee244bd7d86c061cd,-0.021739130434782594,0.012345679012345512,-0.07160493827160497,-0.08148148148148149
2026-05-14,PEPE,4.1e-06,74446340.32242975,680495.580362881,75126835.90279263,0.009057956084339569,109.40018197139577,12,binance;bitget;bybit;coinbase;crypto_com;gate;htx;kraken;kucoin;mexc;okx;upbit,arbitrum;eth,arbitrum;eth,5,uniswap-v4-ethereum;uniswap_v2;uniswap_v3;uniswap_v3_arbitrum,0x11950d141ecb863f01007add7d1a342041227b58;0x1944ac04bd9fed9a2bcdb38b70c35949c864ec35;0x992c59d45dd67706d7aaa118beb331c203858417;0xa43fe16908251ee70ef74718545e4fe6c5ccec9f;0xe42df52d7938631f6c6cb56aac2fafc1e00ea77b7517a02ee244bd7d86c061cd,0.012345679012345512,-0.046341463414634076,-0.10243902439024388,-0.07073170731707312
2026-05-15,PEPE,3.91e-06,74240626.08953433,584842.1004873916,74825468.19002172,0.007816083408955971,126.94131634447007,12,binance;bitget;bybit;coinbase;crypto_com;gate;htx;kraken;kucoin;mexc;okx;upbit,arbitrum;eth,arbitrum;eth,5,uniswap-v4-ethereum;uniswap_v2;uniswap_v3;uniswap_v3_arbitrum,0x11950d141ecb863f01007add7d1a342041227b58;0x1944ac04bd9fed9a2bcdb38b70c35949c864ec35;0x992c59d45dd67706d7aaa118beb331c203858417;0xa43fe16908251ee70ef74718545e4fe6c5ccec9f;0xe42df52d7938631f6c6cb56aac2fafc1e00ea77b7517a02ee244bd7d86c061cd,-0.046341463414634076,-0.038363171355498715,-0.053708439897698135,-0.07672634271099732
2026-05-16,PEPE,3.76e-06,44489647.584161475,513805.90225901623,45003453.48642049,0.011417032748699029,86.58843230207516,12,binance;bitget;bybit;coinbase;crypto_com;gate;htx;kraken;kucoin;mexc;okx;upbit,arbitrum;eth,arbitrum;eth,5,uniswap-v4-ethereum;uniswap_v2;uniswap_v3;uniswap_v3_arbitrum,0x11950d141ecb863f01007add7d1a342041227b58;0x1944ac04bd9fed9a2bcdb38b70c35949c864ec35;0x992c59d45dd67706d7aaa118beb331c203858417;0xa43fe16908251ee70ef74718545e4fe6c5ccec9f;0xe42df52d7938631f6c6cb56aac2fafc1e00ea77b7517a02ee244bd7d86c061cd,-0.038363171355498715,-0.021276595744680882,-0.029255319148936088,-0.029255319148936088
2026-05-17,PEPE,3.68e-06,48885328.746718906,687845.5638013675,49573174.31052028,0.013875358464898523,71.07021011599598,12,binance;bitget;bybit;coinbase;crypto_com;gate;htx;kraken;kucoin;mexc;okx;upbit,arbitrum;eth,arbitrum;eth,5,uniswap-v4-ethereum;uniswap_v2;uniswap_v3;uniswap_v3_arbitrum,0x11950d141ecb863f01007add7d1a342041227b58;0x1944ac04bd9fed9a2bcdb38b70c35949c864ec35;0x992c59d45dd67706d7aaa118beb331c203858417;0xa43fe16908251ee70ef74718545e4fe6c5ccec9f;0xe42df52d7938631f6c6cb56aac2fafc1e00ea77b7517a02ee244bd7d86c061cd,-0.021276595744680882,0.005434782608695787,0.010869565217391353,-0.02717391304347827
2026-05-18,PEPE,3.7e-06,51825440.32729791,332712.96056293213,52158153.28786084,0.006378925241595295,155.76622034684823,12,binance;bitget;bybit;coinbase;crypto_com;gate;htx;kraken;kucoin;mexc;okx;upbit,arbitrum;eth,arbitrum;eth,5,uniswap-v4-ethereum;uniswap_v2;uniswap_v3;uniswap_v3_arbitrum,0x11950d141ecb863f01007add7d1a342041227b58;0x1944ac04bd9fed9a2bcdb38b70c35949c864ec35;0x992c59d45dd67706d7aaa118beb331c203858417;0xa43fe16908251ee70ef74718545e4fe6c5ccec9f;0xe42df52d7938631f6c6cb56aac2fafc1e00ea77b7517a02ee244bd7d86c061cd,0.005434782608695787,-0.013513513513513487,0.029729729729729648,-0.027027027027027084
2026-05-19,PEPE,3.65e-06,28425390.872030832,184505.1733416811,28609896.045372512,0.006448998383254306,154.06283930798227,12,binance;bitget;bybit;coinbase;crypto_com;gate;htx;kraken;kucoin;mexc;okx;upbit,arbitrum;eth,arbitrum;eth,5,uniswap-v4-ethereum;uniswap_v2;uniswap_v3;uniswap_v3_arbitrum,0x11950d141ecb863f01007add7d1a342041227b58;0x1944ac04bd9fed9a2bcdb38b70c35949c864ec35;0x992c59d45dd67706d7aaa118beb331c203858417;0xa43fe16908251ee70ef74718545e4fe6c5ccec9f;0xe42df52d7938631f6c6cb56aac2fafc1e00ea77b7517a02ee244bd7d86c061cd,-0.013513513513513487,0.019178082191780854,-0.010958904109588996,-0.03561643835616435
2026-05-20,PEPE,3.72e-06,30264234.869001605,125434.13582873382,30389669.004830338,0.004127525568271128,241.27590682590588,12,binance;bitget;bybit;coinbase;crypto_com;gate;htx;kraken;kucoin;mexc;okx;upbit,arbitrum;eth,arbitrum;eth,5,uniswap-v4-ethereum;uniswap_v2;uniswap_v3;uniswap_v3_arbitrum,0x11950d141ecb863f01007add7d1a342041227b58;0x1944ac04bd9fed9a2bcdb38b70c35949c864ec35;0x992c59d45dd67706d7aaa118beb331c203858417;0xa43fe16908251ee70ef74718545e4fe6c5ccec9f;0xe42df52d7938631f6c6cb56aac2fafc1e00ea77b7517a02ee244bd7d86c061cd,0.019178082191780854,0.024193548387096753,-0.018817204301075252,-0.06451612903225801
2026-05-21,PEPE,3.81e-06,39588320.27433653,388434.03909713373,39976754.31343366,0.009716497643897159,101.91774224101117,12,binance;bitget;bybit;coinbase;crypto_com;gate;htx;kraken;kucoin;mexc;okx;upbit,arbitrum;eth,arbitrum;eth,5,uniswap-v4-ethereum;uniswap_v2;uniswap_v3;uniswap_v3_arbitrum,0x11950d141ecb863f01007add7d1a342041227b58;0x1944ac04bd9fed9a2bcdb38b70c35949c864ec35;0x992c59d45dd67706d7aaa118beb331c203858417;0xa43fe16908251ee70ef74718545e4fe6c5ccec9f;0xe42df52d7938631f6c6cb56aac2fafc1e00ea77b7517a02ee244bd7d86c061cd,0.024193548387096753,-0.05249343832020992,-0.0603674540682414,-0.11023622047244086
2026-05-22,PEPE,3.61e-06,43371875.80298405,639079.1049098427,44010954.907893896,0.014520909765473327,67.86620853314032,12,binance;bitget;bybit;coinbase;crypto_com;gate;htx;kraken;kucoin;mexc;okx;upbit,arbitrum;eth,arbitrum;eth,5,uniswap-v4-ethereum;uniswap_v2;uniswap_v3;uniswap_v3_arbitrum,0x11950d141ecb863f01007add7d1a342041227b58;0x1944ac04bd9fed9a2bcdb38b70c35949c864ec35;0x992c59d45dd67706d7aaa118beb331c203858417;0xa43fe16908251ee70ef74718545e4fe6c5ccec9f;0xe42df52d7938631f6c6cb56aac2fafc1e00ea77b7517a02ee244bd7d86c061cd,-0.05249343832020992,0.011080332409972415,-0.0027700831024931594,-0.06094182825484762
2026-05-23,PEPE,3.65e-06,58504444.57459515,572810.8819547773,59077255.45654993,0.009695962981490695,102.13570729477519,12,binance;bitget;bybit;coinbase;crypto_com;gate;htx;kraken;kucoin;mexc;okx;upbit,arbitrum;eth,arbitrum;eth,5,uniswap-v4-ethereum;uniswap_v2;uniswap_v3;uniswap_v3_arbitrum,0x11950d141ecb863f01007add7d1a342041227b58;0x1944ac04bd9fed9a2bcdb38b70c35949c864ec35;0x992c59d45dd67706d7aaa118beb331c203858417;0xa43fe16908251ee70ef74718545e4fe6c5ccec9f;0xe42df52d7938631f6c6cb56aac2fafc1e00ea77b7517a02ee244bd7d86c061cd,0.011080332409972415,-0.019178082191780854,-0.03561643835616435,-0.06575342465753431
2026-05-24,PEPE,3.58e-06,26806787.435188577,128133.75887250851,26934921.194061086,0.004757161082793919,209.20940485216698,12,binance;bitget;bybit;coinbase;crypto_com;gate;htx;kraken;kucoin;mexc;okx;upbit,arbitrum;eth,arbitrum;eth,5,uniswap-v4-ethereum;uniswap_v2;uniswap_v3;uniswap_v3_arbitrum,0x11950d141ecb863f01007add7d1a342041227b58;0x1944ac04bd9fed9a2bcdb38b70c35949c864ec35;0x992c59d45dd67706d7aaa118beb331c203858417;0xa43fe16908251ee70ef74718545e4fe6c5ccec9f;0xe42df52d7938631f6c6cb56aac2fafc1e00ea77b7517a02ee244bd7d86c061cd,-0.019178082191780854,0.005586592178770999,-0.027932960893854664,-0.04189944134078205
2026-05-25,PEPE,3.6e-06,26523635.51564224,189686.8434750391,26713322.35911728,0.00710083309462624,139.82854598522795,12,binance;bitget;bybit;coinbase;crypto_com;gate;htx;kraken;kucoin;mexc;okx;upbit,arbitrum;eth,arbitrum;eth,5,uniswap-v4-ethereum;uniswap_v2;uniswap_v3;uniswap_v3_arbitrum,0x11950d141ecb863f01007add7d1a342041227b58;0x1944ac04bd9fed9a2bcdb38b70c35949c864ec35;0x992c59d45dd67706d7aaa118beb331c203858417;0xa43fe16908251ee70ef74718545e4fe6c5ccec9f;0xe42df52d7938631f6c6cb56aac2fafc1e00ea77b7517a02ee244bd7d86c061cd,0.005586592178770999,-0.022222222222222143,-0.05833333333333324,-0.050000000000000044
2026-05-26,PEPE,3.52e-06,41161827.74407897,299526.5953564618,41461354.339435436,0.007224235679912919,137.42294801933343,12,binance;bitget;bybit;coinbase;crypto_com;gate;htx;kraken;kucoin;mexc;okx;upbit,arbitrum;eth,arbitrum;eth,5,uniswap-v4-ethereum;uniswap_v2;uniswap_v3;uniswap_v3_arbitrum,0x11950d141ecb863f01007add7d1a342041227b58;0x1944ac04bd9fed9a2bcdb38b70c35949c864ec35;0x992c59d45dd67706d7aaa118beb331c203858417;0xa43fe16908251ee70ef74718545e4fe6c5ccec9f;0xe42df52d7938631f6c6cb56aac2fafc1e00ea77b7517a02ee244bd7d86c061cd,-0.022222222222222143,-0.011363636363636354,-0.03693181818181823,-0.11363636363636365
2026-05-27,PEPE,3.48e-06,47964882.73923459,632883.1589276312,48597765.89816222,0.013022885872034796,75.78789554221535,12,binance;bitget;bybit;coinbase;crypto_com;gate;htx;kraken;kucoin;mexc;okx;upbit,arbitrum;eth,arbitrum;eth,5,uniswap-v4-ethereum;uniswap_v2;uniswap_v3;uniswap_v3_arbitrum,0x11950d141ecb863f01007add7d1a342041227b58;0x1944ac04bd9fed9a2bcdb38b70c35949c864ec35;0x992c59d45dd67706d7aaa118beb331c203858417;0xa43fe16908251ee70ef74718545e4fe6c5ccec9f;0xe42df52d7938631f6c6cb56aac2fafc1e00ea77b7517a02ee244bd7d86c061cd,-0.011363636363636354,-0.025862068965517238,-0.02011494252873569,-0.10344827586206895
2026-05-28,PEPE,3.39e-06,52222265.33048264,601911.675684246,52824177.00616688,0.01139462476838923,86.7606784186683,12,binance;bitget;bybit;coinbase;crypto_com;gate;htx;kraken;kucoin;mexc;okx;upbit,arbitrum;eth,arbitrum;eth,5,uniswap-v4-ethereum;uniswap_v2;uniswap_v3;uniswap_v3_arbitrum,0x11950d141ecb863f01007add7d1a342041227b58;0x1944ac04bd9fed9a2bcdb38b70c35949c864ec35;0x992c59d45dd67706d7aaa118beb331c203858417;0xa43fe16908251ee70ef74718545e4fe6c5ccec9f;0xe42df52d7938631f6c6cb56aac2fafc1e00ea77b7517a02ee244bd7d86c061cd,-0.025862068965517238,0.0,0.01179941002949847,-0.12684365781710916
2026-05-29,PEPE,3.39e-06,34824820.70911564,344248.86044889176,35169069.56956453,0.00978839829037747,101.16176031405001,12,binance;bitget;bybit;coinbase;crypto_com;gate;htx;kraken;kucoin;mexc;okx;upbit,arbitrum;eth,arbitrum;eth,4,uniswap_v2;uniswap_v3;uniswap_v3_arbitrum,0x11950d141ecb863f01007add7d1a342041227b58;0x1944ac04bd9fed9a2bcdb38b70c35949c864ec35;0x992c59d45dd67706d7aaa118beb331c203858417;0xa43fe16908251ee70ef74718545e4fe6c5ccec9f,0.0,0.005899705014749124,0.008849557522123908,-0.20353982300884965
2026-05-30,PEPE,3.41e-06,21517810.450603943,290578.8527633949,21808389.30336734,0.013324177623632565,74.05153625589166,12,binance;bitget;bybit;coinbase;crypto_com;gate;htx;kraken;kucoin;mexc;okx;upbit,arbitrum;eth,arbitrum;eth,5,uniswap-v4-ethereum;uniswap_v2;uniswap_v3;uniswap_v3_arbitrum,0x11950d141ecb863f01007add7d1a342041227b58;0x1944ac04bd9fed9a2bcdb38b70c35949c864ec35;0x992c59d45dd67706d7aaa118beb331c203858417;0xa43fe16908251ee70ef74718545e4fe6c5ccec9f;0xe42df52d7938631f6c6cb56aac2fafc1e00ea77b7517a02ee244bd7d86c061cd,0.005899705014749124,0.0058651026392961825,-0.08504398826979465,-0.21114369501466268
2026-05-31,PEPE,3.43e-06,26797319.668044373,263102.04878542357,27060421.716829795,0.009722762325680662,101.85142910042214,12,binance;bitget;bybit;coinbase;crypto_com;gate;htx;kraken;kucoin;mexc;okx;upbit,arbitrum;eth,arbitrum;eth,5,uniswap-v4-ethereum;uniswap_v2;uniswap_v3;uniswap_v3_arbitrum,0x11950d141ecb863f01007add7d1a342041227b58;0x1944ac04bd9fed9a2bcdb38b70c35949c864ec35;0x992c59d45dd67706d7aaa118beb331c203858417;0xa43fe16908251ee70ef74718545e4fe6c5ccec9f;0xe42df52d7938631f6c6cb56aac2fafc1e00ea77b7517a02ee244bd7d86c061cd,0.0058651026392961825,-0.00291545189504383,-0.09037900874635563,-0.18075801749271136
2026-06-01,PEPE,3.42e-06,45936787.79859785,342348.57971508976,46279136.37831294,0.007397471225835562,134.18133014259175,12,binance;bitget;bybit;coinbase;crypto_com;gate;htx;kraken;kucoin;mexc;okx;upbit,arbitrum;eth,arbitrum;eth,5,uniswap-v4-ethereum;uniswap_v2;uniswap_v3;uniswap_v3_arbitrum,0x11950d141ecb863f01007add7d1a342041227b58;0x1944ac04bd9fed9a2bcdb38b70c35949c864ec35;0x992c59d45dd67706d7aaa118beb331c203858417;0xa43fe16908251ee70ef74718545e4fe6c5ccec9f;0xe42df52d7938631f6c6cb56aac2fafc1e00ea77b7517a02ee244bd7d86c061cd,-0.00291545189504383,-0.08771929824561397,-0.13450292397660812,-0.17836257309941517
2026-06-02,PEPE,3.12e-06,76409540.58146176,657408.7867488309,77066949.36821058,0.00853035953983156,116.22835307592979,12,binance;bitget;bybit;coinbase;crypto_com;gate;htx;kraken;kucoin;mexc;okx;upbit,arbitrum;eth,arbitrum;eth,5,uniswap-v4-ethereum;uniswap_v2;uniswap_v3;uniswap_v3_arbitrum,0x11950d141ecb863f01007add7d1a342041227b58;0x1944ac04bd9fed9a2bcdb38b70c35949c864ec35;0x992c59d45dd67706d7aaa118beb331c203858417;0xa43fe16908251ee70ef74718545e4fe6c5ccec9f;0xe42df52d7938631f6c6cb56aac2fafc1e00ea77b7517a02ee244bd7d86c061cd,-0.08771929824561397,0.0,-0.1346153846153847,-0.11217948717948723
2026-06-03,PEPE,3.12e-06,61150045.23256825,519629.8533593478,61669675.0859276,0.008426018989646374,117.68000786952516,12,binance;bitget;bybit;coinbase;crypto_com;gate;htx;kraken;kucoin;mexc;okx;upbit,arbitrum;eth,arbitrum;eth,5,uniswap-v4-ethereum;uniswap_v2;uniswap_v3;uniswap_v3_arbitrum,0x11950d141ecb863f01007add7d1a342041227b58;0x1944ac04bd9fed9a2bcdb38b70c35949c864ec35;0x992c59d45dd67706d7aaa118beb331c203858417;0xa43fe16908251ee70ef74718545e4fe6c5ccec9f;0xe42df52d7938631f6c6cb56aac2fafc1e00ea77b7517a02ee244bd7d86c061cd,0.0,-0.05128205128205132,-0.13782051282051289,-0.1346153846153847
2026-06-04,PEPE,2.96e-06,86491702.49604473,1127512.0531398326,87619214.54918456,0.012868319568271294,76.71022429887775,12,binance;bitget;bybit;coinbase;crypto_com;gate;htx;kraken;kucoin;mexc;okx;upbit,arbitrum;eth,arbitrum;eth,5,uniswap-v4-ethereum;uniswap_v2;uniswap_v3;uniswap_v3_arbitrum,0x11950d141ecb863f01007add7d1a342041227b58;0x1944ac04bd9fed9a2bcdb38b70c35949c864ec35;0x992c59d45dd67706d7aaa118beb331c203858417;0xa43fe16908251ee70ef74718545e4fe6c5ccec9f;0xe42df52d7938631f6c6cb56aac2fafc1e00ea77b7517a02ee244bd7d86c061cd,-0.05128205128205132,-0.08783783783783783,-0.05067567567567566,-0.057432432432432456
2026-06-05,PEPE,2.7e-06,113262936.84143674,1521200.1354221734,114784136.97685891,0.013252703513629721,74.45630210255226,12,binance;bitget;bybit;coinbase;crypto_com;gate;htx;kraken;kucoin;mexc;okx;upbit,arbitrum;eth,arbitrum;eth,5,uniswap-v4-ethereum;uniswap_v2;uniswap_v3;uniswap_v3_arbitrum,0x11950d141ecb863f01007add7d1a342041227b58;0x1944ac04bd9fed9a2bcdb38b70c35949c864ec35;0x992c59d45dd67706d7aaa118beb331c203858417;0xa43fe16908251ee70ef74718545e4fe6c5ccec9f;0xe42df52d7938631f6c6cb56aac2fafc1e00ea77b7517a02ee244bd7d86c061cd,-0.08783783783783783,-0.0037037037037036535,0.040740740740740744,0.040740740740740744
2026-06-06,PEPE,2.69e-06,66297216.739619665,1030705.3684836016,67327922.10810326,0.015308735754961772,64.32218048612448,12,binance;bitget;bybit;coinbase;crypto_com;gate;htx;kraken;kucoin;mexc;okx;upbit,arbitrum;eth,arbitrum;eth,5,uniswap-v4-ethereum;uniswap_v2;uniswap_v3;uniswap_v3_arbitrum,0x11950d141ecb863f01007add7d1a342041227b58;0x1944ac04bd9fed9a2bcdb38b70c35949c864ec35;0x992c59d45dd67706d7aaa118beb331c203858417;0xa43fe16908251ee70ef74718545e4fe6c5ccec9f;0xe42df52d7938631f6c6cb56aac2fafc1e00ea77b7517a02ee244bd7d86c061cd,-0.0037037037037036535,0.04460966542750944,0.029739776951672958,0.06319702602230493
2026-06-07,PEPE,2.81e-06,56852995.75294459,421964.43730589224,57274960.19025048,0.007367345798307868,134.73409303384133,12,binance;bitget;bybit;coinbase;crypto_com;gate;htx;kraken;kucoin;mexc;okx;upbit,arbitrum;eth,arbitrum;eth,5,uniswap-v4-ethereum;uniswap_v2;uniswap_v3;uniswap_v3_arbitrum,0x11950d141ecb863f01007add7d1a342041227b58;0x1944ac04bd9fed9a2bcdb38b70c35949c864ec35;0x992c59d45dd67706d7aaa118beb331c203858417;0xa43fe16908251ee70ef74718545e4fe6c5ccec9f;0xe42df52d7938631f6c6cb56aac2fafc1e00ea77b7517a02ee244bd7d86c061cd,0.04460966542750944,0.0,-0.039145907473309705,0.039145907473309594
2026-06-08,PEPE,2.81e-06,38516856.43209202,335575.85529457015,38852432.28738659,0.008637190403225144,114.77839011475284,12,binance;bitget;bybit;coinbase;crypto_com;gate;htx;kraken;kucoin;mexc;okx;upbit,arbitrum;eth,arbitrum;eth,5,uniswap-v4-ethereum;uniswap_v2;uniswap_v3;uniswap_v3_arbitrum,0x11950d141ecb863f01007add7d1a342041227b58;0x1944ac04bd9fed9a2bcdb38b70c35949c864ec35;0x992c59d45dd67706d7aaa118beb331c203858417;0xa43fe16908251ee70ef74718545e4fe6c5ccec9f;0xe42df52d7938631f6c6cb56aac2fafc1e00ea77b7517a02ee244bd7d86c061cd,0.0,-0.014234875444839923,-0.007117437722420017,0.0462633451957295
2026-06-09,PEPE,2.77e-06,43023089.41114072,226062.3951341483,43249151.80627487,0.005226978696524395,190.31510917864188,12,binance;bitget;bybit;coinbase;crypto_com;gate;htx;kraken;kucoin;mexc;okx;upbit,arbitrum;eth,arbitrum;eth,5,uniswap-v4-ethereum;uniswap_v2;uniswap_v3;uniswap_v3_arbitrum,0x11950d141ecb863f01007add7d1a342041227b58;0x1944ac04bd9fed9a2bcdb38b70c35949c864ec35;0x992c59d45dd67706d7aaa118beb331c203858417;0xa43fe16908251ee70ef74718545e4fe6c5ccec9f;0xe42df52d7938631f6c6cb56aac2fafc1e00ea77b7517a02ee244bd7d86c061cd,-0.014234875444839923,-0.02527075812274371,0.014440433212996373,0.06498194945848379
2026-06-10,PEPE,2.7e-06,45482001.31682447,338254.5947290534,45820255.911553524,0.007382206580905692,134.46085293610332,12,binance;bitget;bybit;coinbase;crypto_com;gate;htx;kraken;kucoin;mexc;okx;upbit,arbitrum;eth,arbitrum;eth,5,uniswap-v4-ethereum;uniswap_v2;uniswap_v3;uniswap_v3_arbitrum,0x11950d141ecb863f01007add7d1a342041227b58;0x1944ac04bd9fed9a2bcdb38b70c35949c864ec35;0x992c59d45dd67706d7aaa118beb331c203858417;0xa43fe16908251ee70ef74718545e4fe6c5ccec9f;0xe42df52d7938631f6c6cb56aac2fafc1e00ea77b7517a02ee244bd7d86c061cd,-0.02527075812274371,0.03333333333333344,0.059259259259259345,0.09259259259259256
2026-06-11,PEPE,2.79e-06,43656100.42109808,309404.36544730957,43965504.786545396,0.0070374346194700226,141.09723486927516,12,binance;bitget;bybit;coinbase;crypto_com;gate;htx;kraken;kucoin;mexc;okx;upbit,arbitrum;eth,arbitrum;eth,5,uniswap-v4-ethereum;uniswap_v2;uniswap_v3;uniswap_v3_arbitrum,0x11950d141ecb863f01007add7d1a342041227b58;0x1944ac04bd9fed9a2bcdb38b70c35949c864ec35;0x992c59d45dd67706d7aaa118beb331c203858417;0xa43fe16908251ee70ef74718545e4fe6c5ccec9f;0xe42df52d7938631f6c6cb56aac2fafc1e00ea77b7517a02ee244bd7d86c061cd,0.03333333333333344,0.007168458781362075,0.04659498207885315,0.017921146953405076
2026-06-12,PEPE,2.81e-06,51324609.02041126,239794.8911473789,51564403.91155864,0.00465039587306519,214.03545661390655,12,binance;bitget;bybit;coinbase;crypto_com;gate;htx;kraken;kucoin;mexc;okx;upbit,arbitrum;eth,arbitrum;eth,5,uniswap-v4-ethereum;uniswap_v2;uniswap_v3;uniswap_v3_arbitrum,0x11950d141ecb863f01007add7d1a342041227b58;0x1944ac04bd9fed9a2bcdb38b70c35949c864ec35;0x992c59d45dd67706d7aaa118beb331c203858417;0xa43fe16908251ee70ef74718545e4fe6c5ccec9f;0xe42df52d7938631f6c6cb56aac2fafc1e00ea77b7517a02ee244bd7d86c061cd,0.007168458781362075,0.017793594306049876,0.0462633451957295,0.003558718861209842
2026-06-13,PEPE,2.86e-06,35029800.46607168,153900.0446136674,35183700.51068535,0.004374185841166074,227.6139721337078,12,binance;bitget;bybit;coinbase;crypto_com;gate;htx;kraken;kucoin;mexc;okx;upbit,arbitrum;eth,arbitrum;eth,4,uniswap_v2;uniswap_v3;uniswap_v3_arbitrum,0x11950d141ecb863f01007add7d1a342041227b58;0x1944ac04bd9fed9a2bcdb38b70c35949c864ec35;0x992c59d45dd67706d7aaa118beb331c203858417;0xa43fe16908251ee70ef74718545e4fe6c5ccec9f,0.017793594306049876,0.020979020979020824,0.03146853146853146,-0.010489510489510523
2026-06-14,PEPE,2.92e-06,35628661.56148229,258778.1620815592,35887439.72356385,0.007210828191559297,137.68032539876063,12,binance;bitget;bybit;coinbase;crypto_com;gate;htx;kraken;kucoin;mexc;okx;upbit,arbitrum;eth,arbitrum;eth,5,uniswap-v4-ethereum;uniswap_v2;uniswap_v3;uniswap_v3_arbitrum,0x11950d141ecb863f01007add7d1a342041227b58;0x1944ac04bd9fed9a2bcdb38b70c35949c864ec35;0x992c59d45dd67706d7aaa118beb331c203858417;0xa43fe16908251ee70ef74718545e4fe6c5ccec9f;0xe42df52d7938631f6c6cb56aac2fafc1e00ea77b7517a02ee244bd7d86c061cd,0.020979020979020824,0.006849315068493178,0.010273972602739878,-0.047945205479452024
2026-06-15,PEPE,2.94e-06,63713055.06622422,894759.2013197998,64607814.267544016,0.013849086390921066,71.20692916289134,12,binance;bitget;bybit;coinbase;crypto_com;gate;htx;kraken;kucoin;mexc;okx;upbit,arbitrum;eth,arbitrum;eth,5,uniswap-v4-ethereum;uniswap_v2;uniswap_v3;uniswap_v3_arbitrum,0x11950d141ecb863f01007add7d1a342041227b58;0x1944ac04bd9fed9a2bcdb38b70c35949c864ec35;0x992c59d45dd67706d7aaa118beb331c203858417;0xa43fe16908251ee70ef74718545e4fe6c5ccec9f;0xe42df52d7938631f6c6cb56aac2fafc1e00ea77b7517a02ee244bd7d86c061cd,0.006849315068493178,0.003401360544217802,-0.0340136054421768,-0.04421768707482976
2026-06-16,PEPE,2.95e-06,35541428.03168359,394078.8909720024,35935506.92265559,0.010966281672892023,90.18861158490382,12,binance;bitget;bybit;coinbase;crypto_com;gate;htx;kraken;kucoin;mexc;okx;upbit,arbitrum;eth,arbitrum;eth,5,uniswap-v4-ethereum;uniswap_v2;uniswap_v3;uniswap_v3_arbitrum,0x11950d141ecb863f01007add7d1a342041227b58;0x1944ac04bd9fed9a2bcdb38b70c35949c864ec35;0x992c59d45dd67706d7aaa118beb331c203858417;0xa43fe16908251ee70ef74718545e4fe6c5ccec9f;0xe42df52d7938631f6c6cb56aac2fafc1e00ea77b7517a02ee244bd7d86c061cd,0.003401360544217802,0.0,-0.04406779661016946,-0.0847457627118644
2026-06-17,PEPE,2.95e-06,49209975.5259128,451300.91267827386,49661276.43859107,0.00908758181510563,109.0402747778042,12,binance;bitget;bybit;coinbase;crypto_com;gate;htx;kraken;kucoin;mexc;okx;upbit,arbitrum;eth,arbitrum;eth,5,uniswap-v4-ethereum;uniswap_v2;uniswap_v3;uniswap_v3_arbitrum,0x11950d141ecb863f01007add7d1a342041227b58;0x1944ac04bd9fed9a2bcdb38b70c35949c864ec35;0x992c59d45dd67706d7aaa118beb331c203858417;0xa43fe16908251ee70ef74718545e4fe6c5ccec9f;0xe42df52d7938631f6c6cb56aac2fafc1e00ea77b7517a02ee244bd7d86c061cd,0.0,-0.03728813559322042,-0.04067796610169494,-0.1423728813559323
2026-06-18,PEPE,2.84e-06,34234509.687380254,327893.2541461751,34562402.94152643,0.00948699240330348,104.40748400428659,12,binance;bitget;bybit;coinbase;crypto_com;gate;htx;kraken;kucoin;mexc;okx;upbit,arbitrum;eth,arbitrum;eth,5,uniswap-v4-ethereum;uniswap_v2;uniswap_v3;uniswap_v3_arbitrum,0x11950d141ecb863f01007add7d1a342041227b58;0x1944ac04bd9fed9a2bcdb38b70c35949c864ec35;0x992c59d45dd67706d7aaa118beb331c203858417;0xa43fe16908251ee70ef74718545e4fe6c5ccec9f;0xe42df52d7938631f6c6cb56aac2fafc1e00ea77b7517a02ee244bd7d86c061cd,-0.03728813559322042,-0.00704225352112664,-0.021126760563380254,-0.16901408450704225
2026-06-19,PEPE,2.82e-06,22798784.01389701,259649.35865226752,23058433.372549277,0.01126049434743369,87.80604786484385,12,binance;bitget;bybit;coinbase;crypto_com;gate;htx;kraken;kucoin;mexc;okx;upbit,arbitrum;eth,arbitrum;eth,5,uniswap-v4-ethereum;uniswap_v2;uniswap_v3;uniswap_v3_arbitrum,0x11950d141ecb863f01007add7d1a342041227b58;0x1944ac04bd9fed9a2bcdb38b70c35949c864ec35;0x992c59d45dd67706d7aaa118beb331c203858417;0xa43fe16908251ee70ef74718545e4fe6c5ccec9f;0xe42df52d7938631f6c6cb56aac2fafc1e00ea77b7517a02ee244bd7d86c061cd,-0.00704225352112664,0.0035460992907800915,-0.0035460992907800915,-0.15248226950354615
2026-06-20,PEPE,2.83e-06,18722672.93170634,121235.54118396384,18843908.472890303,0.006433672789186955,154.43221310239707,12,binance;bitget;bybit;coinbase;crypto_com;gate;htx;kraken;kucoin;mexc;okx;upbit,arbitrum;eth,arbitrum;eth,5,uniswap-v4-ethereum;uniswap_v2;uniswap_v3;uniswap_v3_arbitrum,0x11950d141ecb863f01007add7d1a342041227b58;0x1944ac04bd9fed9a2bcdb38b70c35949c864ec35;0x992c59d45dd67706d7aaa118beb331c203858417;0xa43fe16908251ee70ef74718545e4fe6c5ccec9f;0xe42df52d7938631f6c6cb56aac2fafc1e00ea77b7517a02ee244bd7d86c061cd,0.0035460992907800915,-0.017667844522968212,-0.04593639575971731,-0.1590106007067138
2026-06-21,PEPE,2.78e-06,20408447.323097043,105988.87434018475,20514436.197437227,0.005166550682656609,192.55273206877865,12,binance;bitget;bybit;coinbase;crypto_com;gate;htx;kraken;kucoin;mexc;okx;upbit,arbitrum;eth,arbitrum;eth,5,uniswap-v4-ethereum;uniswap_v2;uniswap_v3;uniswap_v3_arbitrum,0x11950d141ecb863f01007add7d1a342041227b58;0x1944ac04bd9fed9a2bcdb38b70c35949c864ec35;0x992c59d45dd67706d7aaa118beb331c203858417;0xa43fe16908251ee70ef74718545e4fe6c5ccec9f;0xe42df52d7938631f6c6cb56aac2fafc1e00ea77b7517a02ee244bd7d86c061cd,-0.017667844522968212,0.010791366906474975,-0.08992805755395683,-0.15107913669064754
2026-06-22,PEPE,2.81e-06,31586861.52471523,124999.10184751247,31711860.62656274,0.00394171453133878,252.696707879136,12,binance;bitget;bybit;coinbase;crypto_com;gate;htx;kraken;kucoin;mexc;okx;upbit,arbitrum;eth,arbitrum;eth,4,uniswap_v2;uniswap_v3;uniswap_v3_arbitrum,0x11950d141ecb863f01007add7d1a342041227b58;0x1944ac04bd9fed9a2bcdb38b70c35949c864ec35;0x992c59d45dd67706d7aaa118beb331c203858417;0xa43fe16908251ee70ef74718545e4fe6c5ccec9f,0.010791366906474975,-0.039145907473309705,-0.16014234875444855,-0.16014234875444855
2026-06-23,PEPE,2.7e-06,31434672.33758497,245504.4883674814,31680176.82595245,0.0077494671104980616,128.04113092438553,12,binance;bitget;bybit;coinbase;crypto_com;gate;htx;kraken;kucoin;mexc;okx;upbit,arbitrum;eth,arbitrum;eth,5,uniswap-v4-ethereum;uniswap_v2;uniswap_v3;uniswap_v3_arbitrum,0x11950d141ecb863f01007add7d1a342041227b58;0x1944ac04bd9fed9a2bcdb38b70c35949c864ec35;0x992c59d45dd67706d7aaa118beb331c203858417;0xa43fe16908251ee70ef74718545e4fe6c5ccec9f;0xe42df52d7938631f6c6cb56aac2fafc1e00ea77b7517a02ee244bd7d86c061cd,-0.039145907473309705,-0.062962962962963,-0.11481481481481481,-0.13703703703703696
2026-06-24,PEPE,2.53e-06,57792255.0102886,456569.3855113012,58248824.395799905,0.007838259230931751,126.57934772733049,12,binance;bitget;bybit;coinbase;crypto_com;gate;htx;kraken;kucoin;mexc;okx;upbit,arbitrum;eth,arbitrum;eth,5,uniswap-v4-ethereum;uniswap_v2;uniswap_v3;uniswap_v3_arbitrum,0x11950d141ecb863f01007add7d1a342041227b58;0x1944ac04bd9fed9a2bcdb38b70c35949c864ec35;0x992c59d45dd67706d7aaa118beb331c203858417;0xa43fe16908251ee70ef74718545e4fe6c5ccec9f;0xe42df52d7938631f6c6cb56aac2fafc1e00ea77b7517a02ee244bd7d86c061cd,-0.062962962962963,-0.06719367588932812,-0.059288537549407105,-0.07905138339920936
2026-06-25,PEPE,2.36e-06,62583546.341534644,626387.7934930823,63209934.13502773,0.009909641610367855,99.91182298194929,12,binance;bitget;bybit;coinbase;crypto_com;gate;htx;kraken;kucoin;mexc;okx;upbit,arbitrum;eth,arbitrum;eth,5,uniswap-v4-ethereum;uniswap_v2;uniswap_v3;uniswap_v3_arbitrum,0x11950d141ecb863f01007add7d1a342041227b58;0x1944ac04bd9fed9a2bcdb38b70c35949c864ec35;0x992c59d45dd67706d7aaa118beb331c203858417;0xa43fe16908251ee70ef74718545e4fe6c5ccec9f;0xe42df52d7938631f6c6cb56aac2fafc1e00ea77b7517a02ee244bd7d86c061cd,-0.06719367588932812,0.012711864406779627,0.0,0.03813559322033888
2026-06-26,PEPE,2.39e-06,42187250.25613601,565226.4683609839,42752476.72449699,0.01322090582034307,74.63778258379962,12,binance;bitget;bybit;coinbase;crypto_com;gate;htx;kraken;kucoin;mexc;okx;upbit,arbitrum;eth,arbitrum;eth,5,uniswap-v4-ethereum;uniswap_v2;uniswap_v3;uniswap_v3_arbitrum,0x11950d141ecb863f01007add7d1a342041227b58;0x1944ac04bd9fed9a2bcdb38b70c35949c864ec35;0x992c59d45dd67706d7aaa118beb331c203858417;0xa43fe16908251ee70ef74718545e4fe6c5ccec9f;0xe42df52d7938631f6c6cb56aac2fafc1e00ea77b7517a02ee244bd7d86c061cd,0.012711864406779627,-0.004184100418409997,-0.012552301255230214,0.16317991631799167
2026-06-27,PEPE,2.38e-06,19605857.557200607,242179.42312736964,19848036.980327975,0.012201681373699647,80.9559181536628,12,binance;bitget;bybit;coinbase;crypto_com;gate;htx;kraken;kucoin;mexc;okx;upbit,arbitrum;eth,arbitrum;eth,5,uniswap-v4-ethereum;uniswap_v2;uniswap_v3;uniswap_v3_arbitrum,0x11950d141ecb863f01007add7d1a342041227b58;0x1944ac04bd9fed9a2bcdb38b70c35949c864ec35;0x992c59d45dd67706d7aaa118beb331c203858417;0xa43fe16908251ee70ef74718545e4fe6c5ccec9f;0xe42df52d7938631f6c6cb56aac2fafc1e00ea77b7517a02ee244bd7d86c061cd,-0.004184100418409997,-0.008403361344537896,-0.021008403361344463,0.1470588235294117
2026-06-28,PEPE,2.36e-06,19004277.45207279,145249.05512618052,19149526.50719897,0.007584994598773832,130.83925011122054,12,binance;bitget;bybit;coinbase;crypto_com;gate;htx;kraken;kucoin;mexc;okx;upbit,arbitrum;eth,arbitrum;eth,5,uniswap-v4-ethereum;uniswap_v2;uniswap_v3;uniswap_v3_arbitrum,0x11950d141ecb863f01007add7d1a342041227b58;0x1944ac04bd9fed9a2bcdb38b70c35949c864ec35;0x992c59d45dd67706d7aaa118beb331c203858417;0xa43fe16908251ee70ef74718545e4fe6c5ccec9f;0xe42df52d7938631f6c6cb56aac2fafc1e00ea77b7517a02ee244bd7d86c061cd,-0.008403361344537896,0.0,-0.012711864406779516,0.1652542372881356
2026-06-29,PEPE,2.36e-06,35039920.41799529,360880.4192760432,35400800.83727133,0.010194131509479704,97.09565425657715,12,binance;bitget;bybit;coinbase;crypto_com;gate;htx;kraken;kucoin;mexc;okx;upbit,arbitrum;eth,arbitrum;eth,5,uniswap-v4-ethereum;uniswap_v2;uniswap_v3;uniswap_v3_arbitrum,0x11950d141ecb863f01007add7d1a342041227b58;0x1944ac04bd9fed9a2bcdb38b70c35949c864ec35;0x992c59d45dd67706d7aaa118beb331c203858417;0xa43fe16908251ee70ef74718545e4fe6c5ccec9f;0xe42df52d7938631f6c6cb56aac2fafc1e00ea77b7517a02ee244bd7d86c061cd,0.0,-0.012711864406779516,0.03813559322033888,0.15677966101694918
2026-06-30,PEPE,2.33e-06,27168513.82659754,505386.54584086203,27673900.372438405,0.018262208761299064,53.75788898652728,12,binance;bitget;bybit;coinbase;crypto_com;gate;htx;kraken;kucoin;mexc;okx;upbit,arbitrum;eth,arbitrum;eth,5,uniswap-v4-ethereum;uniswap_v2;uniswap_v3;uniswap_v3_arbitrum,0x11950d141ecb863f01007add7d1a342041227b58;0x1944ac04bd9fed9a2bcdb38b70c35949c864ec35;0x992c59d45dd67706d7aaa118beb331c203858417;0xa43fe16908251ee70ef74718545e4fe6c5ccec9f;0xe42df52d7938631f6c6cb56aac2fafc1e00ea77b7517a02ee244bd7d86c061cd,-0.012711864406779516,0.0,0.19313304721030033,0.14163090128755362
2026-07-01,PEPE,2.33e-06,46330473.05692088,708889.7856249224,47039362.8425458,0.015070140044153642,65.35638401966564,12,binance;bitget;bybit;coinbase;crypto_com;gate;htx;kraken;kucoin;mexc;okx;upbit,arbitrum;eth,arbitrum;eth,5,uniswap-v4-ethereum;uniswap_v2;uniswap_v3;uniswap_v3_arbitrum,0x11950d141ecb863f01007add7d1a342041227b58;0x1944ac04bd9fed9a2bcdb38b70c35949c864ec35;0x992c59d45dd67706d7aaa118beb331c203858417;0xa43fe16908251ee70ef74718545e4fe6c5ccec9f;0xe42df52d7938631f6c6cb56aac2fafc1e00ea77b7517a02ee244bd7d86c061cd,0.0,0.05150214592274671,0.1716738197424892,
2026-07-02,PEPE,2.45e-06,39207944.24299137,508803.512699016,39716747.75569039,0.012810805049517619,77.05910683479289,12,binance;bitget;bybit;coinbase;crypto_com;gate;htx;kraken;kucoin;mexc;okx;upbit,arbitrum;eth,arbitrum;eth,5,uniswap-v4-ethereum;uniswap_v2;uniswap_v3;uniswap_v3_arbitrum,0x11950d141ecb863f01007add7d1a342041227b58;0x1944ac04bd9fed9a2bcdb38b70c35949c864ec35;0x992c59d45dd67706d7aaa118beb331c203858417;0xa43fe16908251ee70ef74718545e4fe6c5ccec9f;0xe42df52d7938631f6c6cb56aac2fafc1e00ea77b7517a02ee244bd7d86c061cd,0.05150214592274671,0.13469387755102047,0.12244897959183687,
2026-07-03,PEPE,2.78e-06,50145429.02686912,1449323.206272252,51594752.23314137,0.028090515867257013,34.59920382827943,12,binance;bitget;bybit;coinbase;crypto_com;gate;htx;kraken;kucoin;mexc;okx;upbit,arbitrum;eth,arbitrum;eth,5,uniswap-v4-ethereum;uniswap_v2;uniswap_v3;uniswap_v3_arbitrum,0x11950d141ecb863f01007add7d1a342041227b58;0x1944ac04bd9fed9a2bcdb38b70c35949c864ec35;0x992c59d45dd67706d7aaa118beb331c203858417;0xa43fe16908251ee70ef74718545e4fe6c5ccec9f;0xe42df52d7938631f6c6cb56aac2fafc1e00ea77b7517a02ee244bd7d86c061cd,0.13469387755102047,-0.017985611510791366,-0.017985611510791366,
2026-07-04,PEPE,2.73e-06,54765813.85717601,1817247.394101635,56583061.25127765,0.03211645594838865,30.136685866180457,12,binance;bitget;bybit;coinbase;crypto_com;gate;htx;kraken;kucoin;mexc;okx;upbit,arbitrum;eth,arbitrum;eth,5,uniswap-v4-ethereum;uniswap_v2;uniswap_v3;uniswap_v3_arbitrum,0x11950d141ecb863f01007add7d1a342041227b58;0x1944ac04bd9fed9a2bcdb38b70c35949c864ec35;0x992c59d45dd67706d7aaa118beb331c203858417;0xa43fe16908251ee70ef74718545e4fe6c5ccec9f;0xe42df52d7938631f6c6cb56aac2fafc1e00ea77b7517a02ee244bd7d86c061cd,-0.017985611510791366,0.0073260073260073,-0.02564102564102566,
2026-07-05,PEPE,2.75e-06,29127893.885727122,722163.6396278184,29850057.52535494,0.024193040131142304,40.33420167863723,12,binance;bitget;bybit;coinbase;crypto_com;gate;htx;kraken;kucoin;mexc;okx;upbit,arbitrum;eth,arbitrum;eth,5,uniswap-v4-ethereum;uniswap_v2;uniswap_v3;uniswap_v3_arbitrum,0x11950d141ecb863f01007add7d1a342041227b58;0x1944ac04bd9fed9a2bcdb38b70c35949c864ec35;0x992c59d45dd67706d7aaa118beb331c203858417;0xa43fe16908251ee70ef74718545e4fe6c5ccec9f;0xe42df52d7938631f6c6cb56aac2fafc1e00ea77b7517a02ee244bd7d86c061cd,0.0073260073260073,-0.0072727272727272085,,
2026-07-06,PEPE,2.73e-06,46493486.29496871,521135.4872171173,47014621.78218583,0.01108454066974073,89.21573647430084,12,binance;bitget;bybit;coinbase;crypto_com;gate;htx;kraken;kucoin;mexc;okx;upbit,arbitrum;eth,arbitrum;eth,5,uniswap-v4-ethereum;uniswap_v2;uniswap_v3;uniswap_v3_arbitrum,0x11950d141ecb863f01007add7d1a342041227b58;0x1944ac04bd9fed9a2bcdb38b70c35949c864ec35;0x992c59d45dd67706d7aaa118beb331c203858417;0xa43fe16908251ee70ef74718545e4fe6c5ccec9f;0xe42df52d7938631f6c6cb56aac2fafc1e00ea77b7517a02ee244bd7d86c061cd,-0.0072727272727272085,-0.02564102564102566,,
2026-07-07,PEPE,2.66e-06,33299023.35090572,78635.08229844923,33377658.43320417,0.0023559196777034204,423.4626883777346,12,binance;bitget;bybit;coinbase;crypto_com;gate;htx;kraken;kucoin;mexc;okx;upbit,arbitrum;eth,arbitrum;eth,4,uniswap_v2;uniswap_v3;uniswap_v3_arbitrum,0x11950d141ecb863f01007add7d1a342041227b58;0x1944ac04bd9fed9a2bcdb38b70c35949c864ec35;0x992c59d45dd67706d7aaa118beb331c203858417;0xa43fe16908251ee70ef74718545e4fe6c5ccec9f,-0.02564102564102566,,,
2026-01-17,RAY,1.126,3669994.2841134607,2812653.0360957994,6482647.32020926,0.43387414078929204,1.3048158578449205,11,binance;bitget;coinbase;crypto_com;gate;htx;kraken;kucoin;mexc;okx;upbit,solana,solana,5,raydium;raydium-clmm,2AXXcN6oN9bBT5owwmTH53C7QHUXvhLeu718Kqt8rvY2;6UmmUiYoBjSrhakAobJw8BvkmJtDVxaeBtbt7rxWo1mg;AVs9TA4nWDzfPJE9gGVNJMVhcQy3V9PGazuz33BfG2RA;DVa7Qmb5ct9RCpaU7UTpSaf3GVMYz17vNVU67XpdCRut;F73euqPynBwrgcZn3fNSEneSnYasDQohPM5aZazW9hp2,,-0.055950266429840134,-0.1465364120781527,-0.10746003552397865
2026-01-18,RAY,1.063,6228393.63123153,3374855.5310064293,9603249.162237959,0.3514285086215494,1.845528963835123,11,binance;bitget;coinbase;crypto_com;gate;htx;kraken;kucoin;mexc;okx;upbit,solana,solana,5,raydium;raydium-clmm,2AXXcN6oN9bBT5owwmTH53C7QHUXvhLeu718Kqt8rvY2;6UmmUiYoBjSrhakAobJw8BvkmJtDVxaeBtbt7rxWo1mg;AVs9TA4nWDzfPJE9gGVNJMVhcQy3V9PGazuz33BfG2RA;DVa7Qmb5ct9RCpaU7UTpSaf3GVMYz17vNVU67XpdCRut;F73euqPynBwrgcZn3fNSEneSnYasDQohPM5aZazW9hp2,-0.055950266429840134,-0.019755409219190834,-0.027281279397930347,-0.11100658513640638
2026-01-19,RAY,1.042,8231722.095718469,6060166.670241736,14291888.765960205,0.42402839607005444,1.358332624107533,11,binance;bitget;coinbase;crypto_com;gate;htx;kraken;kucoin;mexc;okx;upbit,solana,solana,5,raydium;raydium-clmm,2AXXcN6oN9bBT5owwmTH53C7QHUXvhLeu718Kqt8rvY2;6UmmUiYoBjSrhakAobJw8BvkmJtDVxaeBtbt7rxWo1mg;AVs9TA4nWDzfPJE9gGVNJMVhcQy3V9PGazuz33BfG2RA;DVa7Qmb5ct9RCpaU7UTpSaf3GVMYz17vNVU67XpdCRut;F73euqPynBwrgcZn3fNSEneSnYasDQohPM5aZazW9hp2,-0.019755409219190834,-0.07773512476007682,-0.017274472168905985,-0.06046065259117084
2026-01-20,RAY,0.961,7661604.797620186,4749851.662524347,12411456.460144533,0.3826989747558632,1.6130198039802286,11,binance;bitget;coinbase;crypto_com;gate;htx;kraken;kucoin;mexc;okx;upbit,solana,solana,5,raydium;raydium-clmm,2AXXcN6oN9bBT5owwmTH53C7QHUXvhLeu718Kqt8rvY2;6UmmUiYoBjSrhakAobJw8BvkmJtDVxaeBtbt7rxWo1mg;AVs9TA4nWDzfPJE9gGVNJMVhcQy3V9PGazuz33BfG2RA;DVa7Qmb5ct9RCpaU7UTpSaf3GVMYz17vNVU67XpdCRut;F73euqPynBwrgcZn3fNSEneSnYasDQohPM5aZazW9hp2,-0.07773512476007682,0.07596253902185235,0.04994797086368363,0.041623309053069546
2026-01-21,RAY,1.034,9174516.830954583,7061030.111876342,16235546.942830926,0.4349117486919193,1.2993170522702415,11,binance;bitget;coinbase;crypto_com;gate;htx;kraken;kucoin;mexc;okx;upbit,solana,solana,5,raydium;raydium-clmm,2AXXcN6oN9bBT5owwmTH53C7QHUXvhLeu718Kqt8rvY2;6UmmUiYoBjSrhakAobJw8BvkmJtDVxaeBtbt7rxWo1mg;AVs9TA4nWDzfPJE9gGVNJMVhcQy3V9PGazuz33BfG2RA;DVa7Qmb5ct9RCpaU7UTpSaf3GVMYz17vNVU67XpdCRut;F73euqPynBwrgcZn3fNSEneSnYasDQohPM5aZazW9hp2,0.07596253902185235,-0.009671179883945835,-0.028046421663443066,-0.01837524177949723
2026-01-22,RAY,1.024,5241523.066030087,4264791.8437759355,9506314.909806022,0.44862724244246177,1.2290220151493676,11,binance;bitget;coinbase;crypto_com;gate;htx;kraken;kucoin;mexc;okx;upbit,solana,solana,5,raydium;raydium-clmm,2AXXcN6oN9bBT5owwmTH53C7QHUXvhLeu718Kqt8rvY2;6UmmUiYoBjSrhakAobJw8BvkmJtDVxaeBtbt7rxWo1mg;AVs9TA4nWDzfPJE9gGVNJMVhcQy3V9PGazuz33BfG2RA;DVa7Qmb5ct9RCpaU7UTpSaf3GVMYz17vNVU67XpdCRut;F73euqPynBwrgcZn3fNSEneSnYasDQohPM5aZazW9hp2,-0.009671179883945835,-0.014648437500000111,-0.07714843750000011,-0.08007812500000011
2026-01-23,RAY,1.009,4221387.816433314,4087888.064574357,8309275.881007671,0.49196682395850555,1.0326573892802657,11,binance;bitget;coinbase;crypto_com;gate;htx;kraken;kucoin;mexc;okx;upbit,solana,solana,5,raydium;raydium-clmm,2AXXcN6oN9bBT5owwmTH53C7QHUXvhLeu718Kqt8rvY2;6UmmUiYoBjSrhakAobJw8BvkmJtDVxaeBtbt7rxWo1mg;AVs9TA4nWDzfPJE9gGVNJMVhcQy3V9PGazuz33BfG2RA;DVa7Qmb5ct9RCpaU7UTpSaf3GVMYz17vNVU67XpdCRut;F73euqPynBwrgcZn3fNSEneSnYasDQohPM5aZazW9hp2,-0.014648437500000111,-0.003964321110009883,-0.02973240832507429,-0.09415262636273525
2026-01-24,RAY,1.005,3429855.8551708115,901983.694463078,4331839.549633889,0.2082218614351287,3.802569687484755,11,binance;bitget;coinbase;crypto_com;gate;htx;kraken;kucoin;mexc;okx;upbit,solana,solana,5,raydium;raydium-clmm,2AXXcN6oN9bBT5owwmTH53C7QHUXvhLeu718Kqt8rvY2;6UmmUiYoBjSrhakAobJw8BvkmJtDVxaeBtbt7rxWo1mg;AVs9TA4nWDzfPJE9gGVNJMVhcQy3V9PGazuz33BfG2RA;DVa7Qmb5ct9RCpaU7UTpSaf3GVMYz17vNVU67XpdCRut;F73euqPynBwrgcZn3fNSEneSnYasDQohPM5aZazW9hp2,-0.003964321110009883,-0.05970149253731338,-0.003980099502487566,-0.24179104477611935
2026-01-25,RAY,0.945,7400597.522600016,5500376.312433631,12900973.835033648,0.4263535747585899,1.3454711281973424,11,binance;bitget;coinbase;crypto_com;gate;htx;kraken;kucoin;mexc;okx;upbit,solana,solana,5,raydium;raydium-clmm,2AXXcN6oN9bBT5owwmTH53C7QHUXvhLeu718Kqt8rvY2;6UmmUiYoBjSrhakAobJw8BvkmJtDVxaeBtbt7rxWo1mg;AVs9TA4nWDzfPJE9gGVNJMVhcQy3V9PGazuz33BfG2RA;DVa7Qmb5ct9RCpaU7UTpSaf3GVMYz17vNVU67XpdCRut;F73euqPynBwrgcZn3fNSEneSnYasDQohPM5aZazW9hp2,-0.05970149253731338,0.035978835978836,0.07407407407407396,-0.25608465608465614
2026-01-26,RAY,0.979,4052325.5129666817,3788890.231146311,7841215.744112993,0.48320188536974307,1.0695283488697611,11,binance;bitget;coinbase;crypto_com;gate;htx;kraken;kucoin;mexc;okx;upbit,solana,solana,5,raydium;raydium-clmm,2AXXcN6oN9bBT5owwmTH53C7QHUXvhLeu718Kqt8rvY2;6UmmUiYoBjSrhakAobJw8BvkmJtDVxaeBtbt7rxWo1mg;AVs9TA4nWDzfPJE9gGVNJMVhcQy3V9PGazuz33BfG2RA;DVa7Qmb5ct9RCpaU7UTpSaf3GVMYz17vNVU67XpdCRut;F73euqPynBwrgcZn3fNSEneSnYasDQohPM5aZazW9hp2,0.035978835978836,0.022471910112359383,-0.037793667007150145,-0.26864147088866197
2026-01-27,RAY,1.001,7194874.236851562,3870230.6967409262,11065104.933592487,0.34976900083354073,1.8590298100085552,11,binance;bitget;coinbase;crypto_com;gate;htx;kraken;kucoin;mexc;okx;upbit,solana,solana,5,raydium;raydium-clmm,2AXXcN6oN9bBT5owwmTH53C7QHUXvhLeu718Kqt8rvY2;6UmmUiYoBjSrhakAobJw8BvkmJtDVxaeBtbt7rxWo1mg;AVs9TA4nWDzfPJE9gGVNJMVhcQy3V9PGazuz33BfG2RA;DVa7Qmb5ct9RCpaU7UTpSaf3GVMYz17vNVU67XpdCRut;F73euqPynBwrgcZn3fNSEneSnYasDQohPM5aZazW9hp2,0.022471910112359383,0.013986013986013957,-0.08691308691308675,-0.32467532467532456
2026-01-28,RAY,1.015,7774567.694876492,8626673.698139869,16401241.39301636,0.5259768752512295,0.9012242686949997,11,binance;bitget;coinbase;crypto_com;gate;htx;kraken;kucoin;mexc;okx;upbit,solana,solana,5,raydium;raydium-clmm,2AXXcN6oN9bBT5owwmTH53C7QHUXvhLeu718Kqt8rvY2;6UmmUiYoBjSrhakAobJw8BvkmJtDVxaeBtbt7rxWo1mg;AVs9TA4nWDzfPJE9gGVNJMVhcQy3V9PGazuz33BfG2RA;DVa7Qmb5ct9RCpaU7UTpSaf3GVMYz17vNVU67XpdCRut;F73euqPynBwrgcZn3fNSEneSnYasDQohPM5aZazW9hp2,0.013986013986013957,-0.07192118226600985,-0.24926108374384226,-0.36059113300492607
2026-01-29,RAY,0.942,9517466.490066847,7004537.263831377,16522003.753898224,0.42395204408416365,1.3587573499267724,11,binance;bitget;coinbase;crypto_com;gate;htx;kraken;kucoin;mexc;okx;upbit,solana,solana,5,raydium;raydium-clmm,2AXXcN6oN9bBT5owwmTH53C7QHUXvhLeu718Kqt8rvY2;6UmmUiYoBjSrhakAobJw8BvkmJtDVxaeBtbt7rxWo1mg;AVs9TA4nWDzfPJE9gGVNJMVhcQy3V9PGazuz33BfG2RA;DVa7Qmb5ct9RCpaU7UTpSaf3GVMYz17vNVU67XpdCRut;F73euqPynBwrgcZn3fNSEneSnYasDQohPM5aZazW9hp2,-0.07192118226600985,-0.02972399150743088,-0.25371549893842893,-0.39384288747346075
2026-01-30,RAY,0.914,7604193.2872668225,8196429.790703412,15800623.077970235,0.5187409224469859,0.9277445767780115,11,binance;bitget;coinbase;crypto_com;gate;htx;kraken;kucoin;mexc;okx;upbit,solana,solana,5,raydium;raydium-clmm,2AXXcN6oN9bBT5owwmTH53C7QHUXvhLeu718Kqt8rvY2;6UmmUiYoBjSrhakAobJw8BvkmJtDVxaeBtbt7rxWo1mg;AVs9TA4nWDzfPJE9gGVNJMVhcQy3V9PGazuz33BfG2RA;DVa7Qmb5ct9RCpaU7UTpSaf3GVMYz17vNVU67XpdCRut;F73euqPynBwrgcZn3fNSEneSnYasDQohPM5aZazW9hp2,-0.02972399150743088,-0.16630196936542674,-0.21663019693654273,-0.3107221006564551
2026-01-31,RAY,0.762,23000583.25433037,16078548.295535572,39079131.549865946,0.41143566036054163,1.4305136777004175,11,binance;bitget;coinbase;crypto_com;gate;htx;kraken;kucoin;mexc;okx;upbit,solana,solana,5,raydium;raydium-clmm,2AXXcN6oN9bBT5owwmTH53C7QHUXvhLeu718Kqt8rvY2;6UmmUiYoBjSrhakAobJw8BvkmJtDVxaeBtbt7rxWo1mg;AVs9TA4nWDzfPJE9gGVNJMVhcQy3V9PGazuz33BfG2RA;DVa7Qmb5ct9RCpaU7UTpSaf3GVMYz17vNVU67XpdCRut;F73euqPynBwrgcZn3fNSEneSnYasDQohPM5aZazW9hp2,-0.16630196936542674,-0.07742782152230976,-0.11286089238845143,-0.19685039370078738
2026-02-01,RAY,0.703,13537046.7840209,6606005.35428769,20143052.138308592,0.3279545378192321,2.0492031201934395,11,binance;bitget;coinbase;crypto_com;gate;htx;kraken;kucoin;mexc;okx;upbit,solana,solana,5,raydium;raydium-clmm,2AXXcN6oN9bBT5owwmTH53C7QHUXvhLeu718Kqt8rvY2;6UmmUiYoBjSrhakAobJw8BvkmJtDVxaeBtbt7rxWo1mg;AVs9TA4nWDzfPJE9gGVNJMVhcQy3V9PGazuz33BfG2RA;DVa7Qmb5ct9RCpaU7UTpSaf3GVMYz17vNVU67XpdCRut;F73euqPynBwrgcZn3fNSEneSnYasDQohPM5aZazW9hp2,-0.07742782152230976,0.01849217638691325,-0.07681365576102406,-0.1322901849217638
2026-02-02,RAY,0.716,8847495.816433027,6153961.465508183,15001457.28194121,0.4102242435417482,1.4376911305053837,11,binance;bitget;coinbase;crypto_com;gate;htx;kraken;kucoin;mexc;okx;upbit,solana,solana,5,raydium;raydium-clmm,2AXXcN6oN9bBT5owwmTH53C7QHUXvhLeu718Kqt8rvY2;6UmmUiYoBjSrhakAobJw8BvkmJtDVxaeBtbt7rxWo1mg;AVs9TA4nWDzfPJE9gGVNJMVhcQy3V9PGazuz33BfG2RA;DVa7Qmb5ct9RCpaU7UTpSaf3GVMYz17vNVU67XpdCRut;F73euqPynBwrgcZn3fNSEneSnYasDQohPM5aZazW9hp2,0.01849217638691325,-0.05586592178770944,-0.20251396648044695,-0.1606145251396648
2026-02-03,RAY,0.676,10298828.061667303,7055200.787225927,17354028.84889323,0.40654541078948825,1.4597498175125296,11,binance;bitget;coinbase;crypto_com;gate;htx;kraken;kucoin;mexc;okx;upbit,solana,solana,5,raydium;raydium-clmm,2AXXcN6oN9bBT5owwmTH53C7QHUXvhLeu718Kqt8rvY2;6UmmUiYoBjSrhakAobJw8BvkmJtDVxaeBtbt7rxWo1mg;AVs9TA4nWDzfPJE9gGVNJMVhcQy3V9PGazuz33BfG2RA;DVa7Qmb5ct9RCpaU7UTpSaf3GVMYz17vNVU67XpdCRut;F73euqPynBwrgcZn3fNSEneSnYasDQohPM5aZazW9hp2,-0.05586592178770944,-0.0399408284023669,-0.06804733727810652,-0.1375739644970415
2026-02-04,RAY,0.649,11997230.431151,9233903.823280266,21231134.254431266,0.43492277485612935,1.2992587599736432,11,binance;bitget;coinbase;crypto_com;gate;htx;kraken;kucoin;mexc;okx;upbit,solana,solana,5,raydium;raydium-clmm,2AXXcN6oN9bBT5owwmTH53C7QHUXvhLeu718Kqt8rvY2;6UmmUiYoBjSrhakAobJw8BvkmJtDVxaeBtbt7rxWo1mg;AVs9TA4nWDzfPJE9gGVNJMVhcQy3V9PGazuz33BfG2RA;DVa7Qmb5ct9RCpaU7UTpSaf3GVMYz17vNVU67XpdCRut;F73euqPynBwrgcZn3fNSEneSnYasDQohPM5aZazW9hp2,-0.0399408284023669,-0.12018489984591685,-0.057010785824345156,-0.12480739599383683
2026-02-05,RAY,0.571,56268972.3799355,26907284.481520493,83176256.86145599,0.3234971793253342,2.091217061260127,11,binance;bitget;coinbase;crypto_com;gate;htx;kraken;kucoin;mexc;okx;upbit,solana,solana,5,raydium;raydium-clmm,2AXXcN6oN9bBT5owwmTH53C7QHUXvhLeu718Kqt8rvY2;6UmmUiYoBjSrhakAobJw8BvkmJtDVxaeBtbt7rxWo1mg;AVs9TA4nWDzfPJE9gGVNJMVhcQy3V9PGazuz33BfG2RA;DVa7Qmb5ct9RCpaU7UTpSaf3GVMYz17vNVU67XpdCRut;F73euqPynBwrgcZn3fNSEneSnYasDQohPM5aZazW9hp2,-0.12018489984591685,0.10332749562171628,0.06830122591943955,0.035026269702276736
2026-02-06,RAY,0.63,13451979.787396189,13138275.449677536,26590255.237073727,0.4941011409081687,1.0238771320421929,11,binance;bitget;coinbase;crypto_com;gate;htx;kraken;kucoin;mexc;okx;upbit,solana,solana,5,raydium;raydium-clmm,2AXXcN6oN9bBT5owwmTH53C7QHUXvhLeu718Kqt8rvY2;6UmmUiYoBjSrhakAobJw8BvkmJtDVxaeBtbt7rxWo1mg;AVs9TA4nWDzfPJE9gGVNJMVhcQy3V9PGazuz33BfG2RA;DVa7Qmb5ct9RCpaU7UTpSaf3GVMYz17vNVU67XpdCRut;F73euqPynBwrgcZn3fNSEneSnYasDQohPM5aZazW9hp2,0.10332749562171628,-0.02857142857142858,-0.04603174603174609,-0.014285714285714346
2026-02-07,RAY,0.612,5661601.497892368,5869036.283546648,11530637.781439016,0.5089949398110567,0.9646560737346596,11,binance;bitget;coinbase;crypto_com;gate;htx;kraken;kucoin;mexc;okx;upbit,solana,solana,5,raydium;raydium-clmm,2AXXcN6oN9bBT5owwmTH53C7QHUXvhLeu718Kqt8rvY2;6UmmUiYoBjSrhakAobJw8BvkmJtDVxaeBtbt7rxWo1mg;AVs9TA4nWDzfPJE9gGVNJMVhcQy3V9PGazuz33BfG2RA;DVa7Qmb5ct9RCpaU7UTpSaf3GVMYz17vNVU67XpdCRut;F73euqPynBwrgcZn3fNSEneSnYasDQohPM5aZazW9hp2,-0.02857142857142858,-0.0032679738562091387,-0.04738562091503273,0.08496732026143805
2026-02-08,RAY,0.61,4121844.2937485715,6024786.141830595,10146630.435579166,0.593772107901425,0.6841478181491392,11,binance;bitget;coinbase;crypto_com;gate;htx;kraken;kucoin;mexc;okx;upbit,solana,solana,5,raydium;raydium-clmm,2AXXcN6oN9bBT5owwmTH53C7QHUXvhLeu718Kqt8rvY2;6UmmUiYoBjSrhakAobJw8BvkmJtDVxaeBtbt7rxWo1mg;AVs9TA4nWDzfPJE9gGVNJMVhcQy3V9PGazuz33BfG2RA;DVa7Qmb5ct9RCpaU7UTpSaf3GVMYz17vNVU67XpdCRut;F73euqPynBwrgcZn3fNSEneSnYasDQohPM5aZazW9hp2,-0.0032679738562091387,-0.014754098360655776,-0.06885245901639347,0.022950819672131084
2026-02-09,RAY,0.601,3919477.430479725,6294299.94816619,10213777.378645916,0.6162558390322633,0.622702677463225,11,binance;bitget;coinbase;crypto_com;gate;htx;kraken;kucoin;mexc;okx;upbit,solana,solana,5,raydium;raydium-clmm,2AXXcN6oN9bBT5owwmTH53C7QHUXvhLeu718Kqt8rvY2;6UmmUiYoBjSrhakAobJw8BvkmJtDVxaeBtbt7rxWo1mg;AVs9TA4nWDzfPJE9gGVNJMVhcQy3V9PGazuz33BfG2RA;DVa7Qmb5ct9RCpaU7UTpSaf3GVMYz17vNVU67XpdCRut;F73euqPynBwrgcZn3fNSEneSnYasDQohPM5aZazW9hp2,-0.014754098360655776,-0.029950083194675514,-0.016638935108153063,0.04492512479201327
2026-02-10,RAY,0.583,3912572.425578122,4790100.6131321285,8702673.038710251,0.5504171639937915,0.8168038088493902,11,binance;bitget;coinbase;crypto_com;gate;htx;kraken;kucoin;mexc;okx;upbit,solana,solana,5,raydium;raydium-clmm,2AXXcN6oN9bBT5owwmTH53C7QHUXvhLeu718Kqt8rvY2;6UmmUiYoBjSrhakAobJw8BvkmJtDVxaeBtbt7rxWo1mg;AVs9TA4nWDzfPJE9gGVNJMVhcQy3V9PGazuz33BfG2RA;DVa7Qmb5ct9RCpaU7UTpSaf3GVMYz17vNVU67XpdCRut;F73euqPynBwrgcZn3fNSEneSnYasDQohPM5aZazW9hp2,-0.029950083194675514,-0.02572898799313894,0.065180102915952,0.17495711835334493
2026-02-11,RAY,0.568,4434081.328287854,5310003.809643215,9744085.137931067,0.5449463684356387,0.8350429655502988,11,binance;bitget;coinbase;crypto_com;gate;htx;kraken;kucoin;mexc;okx;upbit,solana,solana,5,raydium;raydium-clmm,2AXXcN6oN9bBT5owwmTH53C7QHUXvhLeu718Kqt8rvY2;6UmmUiYoBjSrhakAobJw8BvkmJtDVxaeBtbt7rxWo1mg;AVs9TA4nWDzfPJE9gGVNJMVhcQy3V9PGazuz33BfG2RA;DVa7Qmb5ct9RCpaU7UTpSaf3GVMYz17vNVU67XpdCRut;F73euqPynBwrgcZn3fNSEneSnYasDQohPM5aZazW9hp2,-0.02572898799313894,0.040492957746478986,0.16901408450704247,0.1109154929577465
2026-02-12,RAY,0.591,4354900.357234273,6894167.244234903,11249067.601469176,0.6128656603801097,0.6316789545359468,11,binance;bitget;coinbase;crypto_com;gate;htx;kraken;kucoin;mexc;okx;upbit,solana,solana,5,raydium;raydium-clmm,2AXXcN6oN9bBT5owwmTH53C7QHUXvhLeu718Kqt8rvY2;6UmmUiYoBjSrhakAobJw8BvkmJtDVxaeBtbt7rxWo1mg;AVs9TA4nWDzfPJE9gGVNJMVhcQy3V9PGazuz33BfG2RA;DVa7Qmb5ct9RCpaU7UTpSaf3GVMYz17vNVU67XpdCRut;F73euqPynBwrgcZn3fNSEneSnYasDQohPM5aZazW9hp2,0.040492957746478986,0.050761421319797106,0.055837563451776706,0.08121827411167515
2026-02-13,RAY,0.621,4132457.2268772693,3438275.7890245765,7570733.015901846,0.45415361786007985,1.201898125818938,11,binance;bitget;coinbase;crypto_com;gate;htx;kraken;kucoin;mexc;okx;upbit,solana,solana,5,raydium;raydium-clmm,2AXXcN6oN9bBT5owwmTH53C7QHUXvhLeu718Kqt8rvY2;6UmmUiYoBjSrhakAobJw8BvkmJtDVxaeBtbt7rxWo1mg;AVs9TA4nWDzfPJE9gGVNJMVhcQy3V9PGazuz33BfG2RA;DVa7Qmb5ct9RCpaU7UTpSaf3GVMYz17vNVU67XpdCRut;F73euqPynBwrgcZn3fNSEneSnYasDQohPM5aZazW9hp2,0.050761421319797106,0.06924315619967802,0.011272141706924366,0.056360708534621606
2026-02-14,RAY,0.664,4834662.984869892,3110925.6441243975,7945588.62899429,0.39152865689173766,1.5540914627776834,11,binance;bitget;coinbase;crypto_com;gate;htx;kraken;kucoin;mexc;okx;upbit,solana,solana,5,raydium;raydium-clmm,2AXXcN6oN9bBT5owwmTH53C7QHUXvhLeu718Kqt8rvY2;6UmmUiYoBjSrhakAobJw8BvkmJtDVxaeBtbt7rxWo1mg;AVs9TA4nWDzfPJE9gGVNJMVhcQy3V9PGazuz33BfG2RA;DVa7Qmb5ct9RCpaU7UTpSaf3GVMYz17vNVU67XpdCRut;F73euqPynBwrgcZn3fNSEneSnYasDQohPM5aZazW9hp2,0.06924315619967802,-0.06024096385542177,0.031626506024096335,-0.028614457831325324
2026-02-15,RAY,0.624,4806356.672547981,4578048.339927829,9384405.012475811,0.48783575877657476,1.049870231956474,11,binance;bitget;coinbase;crypto_com;gate;htx;kraken;kucoin;mexc;okx;upbit,solana,solana,5,raydium;raydium-clmm,2AXXcN6oN9bBT5owwmTH53C7QHUXvhLeu718Kqt8rvY2;6UmmUiYoBjSrhakAobJw8BvkmJtDVxaeBtbt7rxWo1mg;AVs9TA4nWDzfPJE9gGVNJMVhcQy3V9PGazuz33BfG2RA;DVa7Qmb5ct9RCpaU7UTpSaf3GVMYz17vNVU67XpdCRut;F73euqPynBwrgcZn3fNSEneSnYasDQohPM5aZazW9hp2,-0.06024096385542177,0.0064102564102563875,0.011217948717948678,-0.008012820512820484
2026-02-16,RAY,0.628,10534032.692247847,6543866.558735075,17077899.25098292,0.38317748937173535,1.6097566473427705,11,binance;bitget;coinbase;crypto_com;gate;htx;kraken;kucoin;mexc;okx;upbit,solana,solana,5,raydium;raydium-clmm,2AXXcN6oN9bBT5owwmTH53C7QHUXvhLeu718Kqt8rvY2;6UmmUiYoBjSrhakAobJw8BvkmJtDVxaeBtbt7rxWo1mg;AVs9TA4nWDzfPJE9gGVNJMVhcQy3V9PGazuz33BfG2RA;DVa7Qmb5ct9RCpaU7UTpSaf3GVMYz17vNVU67XpdCRut;F73euqPynBwrgcZn3fNSEneSnYasDQohPM5aZazW9hp2,0.0064102564102563875,0.09076433121019112,0.01751592356687892,-0.0939490445859873
2026-02-17,RAY,0.685,66588965.443380274,17827438.76049854,84416404.20387882,0.21118453135533333,3.735195298548771,11,binance;bitget;coinbase;crypto_com;gate;htx;kraken;kucoin;mexc;okx;upbit,solana,solana,5,raydium;raydium-clmm,2AXXcN6oN9bBT5owwmTH53C7QHUXvhLeu718Kqt8rvY2;6UmmUiYoBjSrhakAobJw8BvkmJtDVxaeBtbt7rxWo1mg;AVs9TA4nWDzfPJE9gGVNJMVhcQy3V9PGazuz33BfG2RA;DVa7Qmb5ct9RCpaU7UTpSaf3GVMYz17vNVU67XpdCRut;F73euqPynBwrgcZn3fNSEneSnYasDQohPM5aZazW9hp2,0.09076433121019112,-0.07883211678832125,-0.04233576642335768,-0.1299270072992702
2026-02-18,RAY,0.631,12548392.47489871,6255437.251085164,18803829.725983873,0.3326682565329314,2.005997657913022,11,binance;bitget;coinbase;crypto_com;gate;htx;kraken;kucoin;mexc;okx;upbit,solana,solana,5,raydium;raydium-clmm,2AXXcN6oN9bBT5owwmTH53C7QHUXvhLeu718Kqt8rvY2;6UmmUiYoBjSrhakAobJw8BvkmJtDVxaeBtbt7rxWo1mg;AVs9TA4nWDzfPJE9gGVNJMVhcQy3V9PGazuz33BfG2RA;DVa7Qmb5ct9RCpaU7UTpSaf3GVMYz17vNVU67XpdCRut;F73euqPynBwrgcZn3fNSEneSnYasDQohPM5aZazW9hp2,-0.07883211678832125,0.01267828843106189,0.022187004754358197,0.017432646592709933
2026-02-19,RAY,0.639,5654366.735892026,5568830.451460031,11223197.187352058,0.49618930849186227,1.0153598291737485,11,binance;bitget;coinbase;crypto_com;gate;htx;kraken;kucoin;mexc;okx;upbit,solana,solana,5,raydium;raydium-clmm,2AXXcN6oN9bBT5owwmTH53C7QHUXvhLeu718Kqt8rvY2;6UmmUiYoBjSrhakAobJw8BvkmJtDVxaeBtbt7rxWo1mg;AVs9TA4nWDzfPJE9gGVNJMVhcQy3V9PGazuz33BfG2RA;DVa7Qmb5ct9RCpaU7UTpSaf3GVMYz17vNVU67XpdCRut;F73euqPynBwrgcZn3fNSEneSnYasDQohPM5aZazW9hp2,0.01267828843106189,0.026604068857589924,-0.031298904538341166,-0.0438184663536777
2026-02-20,RAY,0.656,4958955.8638911145,6543333.652018786,11502289.5159099,0.5688722791204381,0.7578638241015189,11,binance;bitget;coinbase;crypto_com;gate;htx;kraken;kucoin;mexc;okx;upbit,solana,solana,5,raydium;raydium-clmm,2AXXcN6oN9bBT5owwmTH53C7QHUXvhLeu718Kqt8rvY2;6UmmUiYoBjSrhakAobJw8BvkmJtDVxaeBtbt7rxWo1mg;AVs9TA4nWDzfPJE9gGVNJMVhcQy3V9PGazuz33BfG2RA;DVa7Qmb5ct9RCpaU7UTpSaf3GVMYz17vNVU67XpdCRut;F73euqPynBwrgcZn3fNSEneSnYasDQohPM5aZazW9hp2,0.026604068857589924,-0.01676829268292679,-0.13262195121951226,-0.09756097560975618
2026-02-21,RAY,0.645,3111755.7562808893,3346941.4604958794,6458697.216776769,0.5182068996518434,0.9297311569410762,11,binance;bitget;coinbase;crypto_com;gate;htx;kraken;kucoin;mexc;okx;upbit,solana,solana,5,raydium;raydium-clmm,2AXXcN6oN9bBT5owwmTH53C7QHUXvhLeu718Kqt8rvY2;6UmmUiYoBjSrhakAobJw8BvkmJtDVxaeBtbt7rxWo1mg;AVs9TA4nWDzfPJE9gGVNJMVhcQy3V9PGazuz33BfG2RA;DVa7Qmb5ct9RCpaU7UTpSaf3GVMYz17vNVU67XpdCRut;F73euqPynBwrgcZn3fNSEneSnYasDQohPM5aZazW9hp2,-0.01676829268292679,-0.04031007751937987,-0.07596899224806208,-0.05736434108527133
2026-02-22,RAY,0.619,3200137.908108537,2007339.7418469216,5207477.649955459,0.38547256018738574,1.5942183783817983,11,binance;bitget;coinbase;crypto_com;gate;htx;kraken;kucoin;mexc;okx;upbit,solana,solana,5,raydium;raydium-clmm,2AXXcN6oN9bBT5owwmTH53C7QHUXvhLeu718Kqt8rvY2;6UmmUiYoBjSrhakAobJw8BvkmJtDVxaeBtbt7rxWo1mg;AVs9TA4nWDzfPJE9gGVNJMVhcQy3V9PGazuz33BfG2RA;DVa7Qmb5ct9RCpaU7UTpSaf3GVMYz17vNVU67XpdCRut;F73euqPynBwrgcZn3fNSEneSnYasDQohPM5aZazW9hp2,-0.04031007751937987,-0.08077544426494354,0.03715670436187413,-0.050080775444265035
2026-02-23,RAY,0.569,5400514.681561759,6338094.985520311,11738609.66708207,0.5399357475267176,0.8520722226314846,11,binance;bitget;coinbase;crypto_com;gate;htx;kraken;kucoin;mexc;okx;upbit,solana,solana,5,raydium;raydium-clmm,2AXXcN6oN9bBT5owwmTH53C7QHUXvhLeu718Kqt8rvY2;6UmmUiYoBjSrhakAobJw8BvkmJtDVxaeBtbt7rxWo1mg;AVs9TA4nWDzfPJE9gGVNJMVhcQy3V9PGazuz33BfG2RA;DVa7Qmb5ct9RCpaU7UTpSaf3GVMYz17vNVU67XpdCRut;F73euqPynBwrgcZn3fNSEneSnYasDQohPM5aZazW9hp2,-0.08077544426494354,0.047451669595782064,0.07381370826010558,0.06326889279437609
2026-02-24,RAY,0.596,5740925.608480437,6791249.564277389,12532175.172757827,0.5419050939409195,0.8453415758240199,11,binance;bitget;coinbase;crypto_com;gate;htx;kraken;kucoin;mexc;okx;upbit,solana,solana,5,raydium;raydium-clmm,2AXXcN6oN9bBT5owwmTH53C7QHUXvhLeu718Kqt8rvY2;6UmmUiYoBjSrhakAobJw8BvkmJtDVxaeBtbt7rxWo1mg;AVs9TA4nWDzfPJE9gGVNJMVhcQy3V9PGazuz33BfG2RA;DVa7Qmb5ct9RCpaU7UTpSaf3GVMYz17vNVU67XpdCRut;F73euqPynBwrgcZn3fNSEneSnYasDQohPM5aZazW9hp2,0.047451669595782064,0.07718120805369133,-0.006711409395973145,0.011744966442952975
2026-02-25,RAY,0.642,6773081.057906866,10228775.43005467,17001856.487961538,0.6016269715779176,0.6621595228306489,11,binance;bitget;coinbase;crypto_com;gate;htx;kraken;kucoin;mexc;okx;upbit,solana,solana,5,raydium;raydium-clmm,2AXXcN6oN9bBT5owwmTH53C7QHUXvhLeu718Kqt8rvY2;6UmmUiYoBjSrhakAobJw8BvkmJtDVxaeBtbt7rxWo1mg;AVs9TA4nWDzfPJE9gGVNJMVhcQy3V9PGazuz33BfG2RA;DVa7Qmb5ct9RCpaU7UTpSaf3GVMYz17vNVU67XpdCRut;F73euqPynBwrgcZn3fNSEneSnYasDQohPM5aZazW9hp2,0.07718120805369133,-0.04828660436137078,-0.052959501557632405,-0.029595015576324046
2026-02-26,RAY,0.611,6042599.643326138,6191661.459949119,12234261.103275258,0.5060919828081434,0.9759253929519257,11,binance;bitget;coinbase;crypto_com;gate;htx;kraken;kucoin;mexc;okx;upbit,solana,solana,5,raydium;raydium-clmm,2AXXcN6oN9bBT5owwmTH53C7QHUXvhLeu718Kqt8rvY2;6UmmUiYoBjSrhakAobJw8BvkmJtDVxaeBtbt7rxWo1mg;AVs9TA4nWDzfPJE9gGVNJMVhcQy3V9PGazuz33BfG2RA;DVa7Qmb5ct9RCpaU7UTpSaf3GVMYz17vNVU67XpdCRut;F73euqPynBwrgcZn3fNSEneSnYasDQohPM5aZazW9hp2,-0.04828660436137078,-0.03109656301145669,-0.03764320785597386,-0.0016366612111292644
2026-02-27,RAY,0.592,3888662.841710612,4707902.731612314,8596565.573322926,0.5476492549794529,0.8259862328079287,11,binance;bitget;coinbase;crypto_com;gate;htx;kraken;kucoin;mexc;okx;upbit,solana,solana,5,raydium;raydium-clmm,2AXXcN6oN9bBT5owwmTH53C7QHUXvhLeu718Kqt8rvY2;6UmmUiYoBjSrhakAobJw8BvkmJtDVxaeBtbt7rxWo1mg;AVs9TA4nWDzfPJE9gGVNJMVhcQy3V9PGazuz33BfG2RA;DVa7Qmb5ct9RCpaU7UTpSaf3GVMYz17vNVU67XpdCRut;F73euqPynBwrgcZn3fNSEneSnYasDQohPM5aZazW9hp2,-0.03109656301145669,0.027027027027026973,0.02195945945945943,-0.006756756756756799
2026-02-28,RAY,0.608,5167585.03373681,3802402.52873859,8969987.5624754,0.4239027648873641,1.3590315582530148,11,binance;bitget;coinbase;crypto_com;gate;htx;kraken;kucoin;mexc;okx;upbit,solana,solana,5,raydium;raydium-clmm,2AXXcN6oN9bBT5owwmTH53C7QHUXvhLeu718Kqt8rvY2;6UmmUiYoBjSrhakAobJw8BvkmJtDVxaeBtbt7rxWo1mg;AVs9TA4nWDzfPJE9gGVNJMVhcQy3V9PGazuz33BfG2RA;DVa7Qmb5ct9RCpaU7UTpSaf3GVMYz17vNVU67XpdCRut;F73euqPynBwrgcZn3fNSEneSnYasDQohPM5aZazW9hp2,0.027027027027026973,-0.03289473684210531,-0.008223684210526327,-0.050986842105263164
2026-03-01,RAY,0.588,4722470.762426853,3220750.0452617705,7943220.807688624,0.4054715490401894,1.4662642850457612,11,binance;bitget;coinbase;crypto_com;gate;htx;kraken;kucoin;mexc;okx;upbit,solana,solana,5,raydium;raydium-clmm,2AXXcN6oN9bBT5owwmTH53C7QHUXvhLeu718Kqt8rvY2;6UmmUiYoBjSrhakAobJw8BvkmJtDVxaeBtbt7rxWo1mg;AVs9TA4nWDzfPJE9gGVNJMVhcQy3V9PGazuz33BfG2RA;DVa7Qmb5ct9RCpaU7UTpSaf3GVMYz17vNVU67XpdCRut;F73euqPynBwrgcZn3fNSEneSnYasDQohPM5aZazW9hp2,-0.03289473684210531,0.028911564625850428,0.059523809523809534,-0.04251700680272108
2026-03-02,RAY,0.605,5585435.978623691,4855113.463580523,10440549.442204215,0.46502470875282864,1.1504233671409554,11,binance;bitget;coinbase;crypto_com;gate;htx;kraken;kucoin;mexc;okx;upbit,solana,solana,5,raydium;raydium-clmm,2AXXcN6oN9bBT5owwmTH53C7QHUXvhLeu718Kqt8rvY2;6UmmUiYoBjSrhakAobJw8BvkmJtDVxaeBtbt7rxWo1mg;AVs9TA4nWDzfPJE9gGVNJMVhcQy3V9PGazuz33BfG2RA;DVa7Qmb5ct9RCpaU7UTpSaf3GVMYz17vNVU67XpdCRut;F73euqPynBwrgcZn3fNSEneSnYasDQohPM5aZazW9hp2,0.028911564625850428,-0.0033057851239669533,0.008264462809917328,-0.02148760330578514
2026-03-03,RAY,0.603,5376045.23942244,5278769.767724908,10654815.007147348,0.4954351402801326,1.0184276784133088,11,binance;bitget;coinbase;crypto_com;gate;htx;kraken;kucoin;mexc;okx;upbit,solana,solana,5,raydium;raydium-clmm,2AXXcN6oN9bBT5owwmTH53C7QHUXvhLeu718Kqt8rvY2;6UmmUiYoBjSrhakAobJw8BvkmJtDVxaeBtbt7rxWo1mg;AVs9TA4nWDzfPJE9gGVNJMVhcQy3V9PGazuz33BfG2RA;DVa7Qmb5ct9RCpaU7UTpSaf3GVMYz17vNVU67XpdCRut;F73euqPynBwrgcZn3fNSEneSnYasDQohPM5aZazW9hp2,-0.0033057851239669533,0.03316749585406309,-0.02487562189054726,-0.00995024875621886
2026-03-04,RAY,0.623,7027530.833624047,4978336.530917819,12005867.364541866,0.4146586314638824,1.4116222939087715,11,binance;bitget;coinbase;crypto_com;gate;htx;kraken;kucoin;mexc;okx;upbit,solana,solana,5,raydium;raydium-clmm,2AXXcN6oN9bBT5owwmTH53C7QHUXvhLeu718Kqt8rvY2;6UmmUiYoBjSrhakAobJw8BvkmJtDVxaeBtbt7rxWo1mg;AVs9TA4nWDzfPJE9gGVNJMVhcQy3V9PGazuz33BfG2RA;DVa7Qmb5ct9RCpaU7UTpSaf3GVMYz17vNVU67XpdCRut;F73euqPynBwrgcZn3fNSEneSnYasDQohPM5aZazW9hp2,0.03316749585406309,-0.020866773675762507,-0.07383627608346721,-0.038523274478330705
2026-03-05,RAY,0.61,5469166.169942768,4070165.2497830596,9539331.419725828,0.42667196166039495,1.3437209140917008,11,binance;bitget;coinbase;crypto_com;gate;htx;kraken;kucoin;mexc;okx;upbit,solana,solana,5,raydium;raydium-clmm,2AXXcN6oN9bBT5owwmTH53C7QHUXvhLeu718Kqt8rvY2;6UmmUiYoBjSrhakAobJw8BvkmJtDVxaeBtbt7rxWo1mg;AVs9TA4nWDzfPJE9gGVNJMVhcQy3V9PGazuz33BfG2RA;DVa7Qmb5ct9RCpaU7UTpSaf3GVMYz17vNVU67XpdCRut;F73euqPynBwrgcZn3fNSEneSnYasDQohPM5aZazW9hp2,-0.020866773675762507,-0.0360655737704918,-0.0770491803278689,-0.003278688524590123
2026-03-06,RAY,0.588,3554407.8873992893,4766458.434596548,8320866.321995838,0.5728319925049905,0.7457125528673888,11,binance;bitget;coinbase;crypto_com;gate;htx;kraken;kucoin;mexc;okx;upbit,solana,solana,5,raydium;raydium-clmm,2AXXcN6oN9bBT5owwmTH53C7QHUXvhLeu718Kqt8rvY2;6UmmUiYoBjSrhakAobJw8BvkmJtDVxaeBtbt7rxWo1mg;AVs9TA4nWDzfPJE9gGVNJMVhcQy3V9PGazuz33BfG2RA;DVa7Qmb5ct9RCpaU7UTpSaf3GVMYz17vNVU67XpdCRut;F73euqPynBwrgcZn3fNSEneSnYasDQohPM5aZazW9hp2,-0.0360655737704918,-0.018707482993197244,0.006802721088435382,0.03911564625850339
2026-03-07,RAY,0.577,2458234.666451979,2739924.2199556986,5198158.886407677,0.527095127299811,0.8971907502214517,11,binance;bitget;coinbase;crypto_com;gate;htx;kraken;kucoin;mexc;okx;upbit,solana,solana,5,raydium;raydium-clmm,2AXXcN6oN9bBT5owwmTH53C7QHUXvhLeu718Kqt8rvY2;6UmmUiYoBjSrhakAobJw8BvkmJtDVxaeBtbt7rxWo1mg;AVs9TA4nWDzfPJE9gGVNJMVhcQy3V9PGazuz33BfG2RA;DVa7Qmb5ct9RCpaU7UTpSaf3GVMYz17vNVU67XpdCRut;F73euqPynBwrgcZn3fNSEneSnYasDQohPM5aZazW9hp2,-0.018707482993197244,-0.024263431542461023,0.03466204506065851,0.05025996533795496
2026-03-08,RAY,0.563,3527063.214642871,5600903.01839243,9127966.2330353,0.6135981307777006,0.629731170680975,11,binance;bitget;coinbase;crypto_com;gate;htx;kraken;kucoin;mexc;okx;upbit,solana,solana,5,raydium;raydium-clmm,2AXXcN6oN9bBT5owwmTH53C7QHUXvhLeu718Kqt8rvY2;6UmmUiYoBjSrhakAobJw8BvkmJtDVxaeBtbt7rxWo1mg;AVs9TA4nWDzfPJE9gGVNJMVhcQy3V9PGazuz33BfG2RA;DVa7Qmb5ct9RCpaU7UTpSaf3GVMYz17vNVU67XpdCRut;F73euqPynBwrgcZn3fNSEneSnYasDQohPM5aZazW9hp2,-0.024263431542461023,0.051509769094138624,0.06394316163410307,0.1154529307282417
2026-03-09,RAY,0.592,3975579.2561930204,3411388.801824798,7386968.058017818,0.46181177108544214,1.1653843895091727,11,binance;bitget;coinbase;crypto_com;gate;htx;kraken;kucoin;mexc;okx;upbit,solana,solana,5,raydium;raydium-clmm,2AXXcN6oN9bBT5owwmTH53C7QHUXvhLeu718Kqt8rvY2;6UmmUiYoBjSrhakAobJw8BvkmJtDVxaeBtbt7rxWo1mg;AVs9TA4nWDzfPJE9gGVNJMVhcQy3V9PGazuz33BfG2RA;DVa7Qmb5ct9RCpaU7UTpSaf3GVMYz17vNVU67XpdCRut;F73euqPynBwrgcZn3fNSEneSnYasDQohPM5aZazW9hp2,0.051509769094138624,0.008445945945946054,0.027027027027026973,0.12162162162162171
2026-03-10,RAY,0.597,4339359.8067674525,2936953.221024595,7276313.027792048,0.4036320606063584,1.4775038893038988,11,binance;bitget;coinbase;crypto_com;gate;htx;kraken;kucoin;mexc;okx;upbit,solana,solana,5,raydium;raydium-clmm,2AXXcN6oN9bBT5owwmTH53C7QHUXvhLeu718Kqt8rvY2;6UmmUiYoBjSrhakAobJw8BvkmJtDVxaeBtbt7rxWo1mg;AVs9TA4nWDzfPJE9gGVNJMVhcQy3V9PGazuz33BfG2RA;DVa7Qmb5ct9RCpaU7UTpSaf3GVMYz17vNVU67XpdCRut;F73euqPynBwrgcZn3fNSEneSnYasDQohPM5aZazW9hp2,0.008445945945946054,0.003350083752093891,0.02345058626465657,0.09547738693467345
2026-03-11,RAY,0.599,3823222.1137880427,2636326.9770988314,6459549.090886874,0.40812863870299537,1.4502078638194342,11,binance;bitget;coinbase;crypto_com;gate;htx;kraken;kucoin;mexc;okx;upbit,solana,solana,5,raydium;raydium-clmm,2AXXcN6oN9bBT5owwmTH53C7QHUXvhLeu718Kqt8rvY2;6UmmUiYoBjSrhakAobJw8BvkmJtDVxaeBtbt7rxWo1mg;AVs9TA4nWDzfPJE9gGVNJMVhcQy3V9PGazuz33BfG2RA;DVa7Qmb5ct9RCpaU7UTpSaf3GVMYz17vNVU67XpdCRut;F73euqPynBwrgcZn3fNSEneSnYasDQohPM5aZazW9hp2,0.003350083752093891,0.015025041736226985,0.011686143572620988,0.026711185308848195
2026-03-12,RAY,0.608,4321614.716207692,2699221.683186217,7020836.39939391,0.3844587068599453,1.6010595732568245,11,binance;bitget;coinbase;crypto_com;gate;htx;kraken;kucoin;mexc;okx;upbit,solana,solana,5,raydium;raydium-clmm,2AXXcN6oN9bBT5owwmTH53C7QHUXvhLeu718Kqt8rvY2;6UmmUiYoBjSrhakAobJw8BvkmJtDVxaeBtbt7rxWo1mg;AVs9TA4nWDzfPJE9gGVNJMVhcQy3V9PGazuz33BfG2RA;DVa7Qmb5ct9RCpaU7UTpSaf3GVMYz17vNVU67XpdCRut;F73euqPynBwrgcZn3fNSEneSnYasDQohPM5aZazW9hp2,0.015025041736226985,0.004934210526315708,0.03289473684210531,0.009868421052631637
2026-03-13,RAY,0.611,4247051.104672874,3450605.5279653636,7697656.632638238,0.4482670106814999,1.2308132790760153,11,binance;bitget;coinbase;crypto_com;gate;htx;kraken;kucoin;mexc;okx;upbit,solana,solana,5,raydium;raydium-clmm,2AXXcN6oN9bBT5owwmTH53C7QHUXvhLeu718Kqt8rvY2;6UmmUiYoBjSrhakAobJw8BvkmJtDVxaeBtbt7rxWo1mg;AVs9TA4nWDzfPJE9gGVNJMVhcQy3V9PGazuz33BfG2RA;DVa7Qmb5ct9RCpaU7UTpSaf3GVMYz17vNVU67XpdCRut;F73euqPynBwrgcZn3fNSEneSnYasDQohPM5aZazW9hp2,0.004934210526315708,-0.008183306055646433,0.08674304418985268,0.00654664484451728
2026-03-14,RAY,0.606,2370523.2155690915,971917.4723799988,3342440.6879490903,0.2907807686413619,2.4390169771968746,11,binance;bitget;coinbase;crypto_com;gate;htx;kraken;kucoin;mexc;okx;upbit,solana,solana,5,raydium;raydium-clmm,2AXXcN6oN9bBT5owwmTH53C7QHUXvhLeu718Kqt8rvY2;6UmmUiYoBjSrhakAobJw8BvkmJtDVxaeBtbt7rxWo1mg;AVs9TA4nWDzfPJE9gGVNJMVhcQy3V9PGazuz33BfG2RA;DVa7Qmb5ct9RCpaU7UTpSaf3GVMYz17vNVU67XpdCRut;F73euqPynBwrgcZn3fNSEneSnYasDQohPM5aZazW9hp2,-0.008183306055646433,0.03630363036303641,0.07920792079207928,-0.00990099009900991
2026-03-15,RAY,0.628,4309394.692008135,1822884.7510362046,6132279.443044339,0.29726054853939315,2.3640521923059,11,binance;bitget;coinbase;crypto_com;gate;htx;kraken;kucoin;mexc;okx;upbit,solana,solana,5,raydium;raydium-clmm,2AXXcN6oN9bBT5owwmTH53C7QHUXvhLeu718Kqt8rvY2;6UmmUiYoBjSrhakAobJw8BvkmJtDVxaeBtbt7rxWo1mg;AVs9TA4nWDzfPJE9gGVNJMVhcQy3V9PGazuz33BfG2RA;DVa7Qmb5ct9RCpaU7UTpSaf3GVMYz17vNVU67XpdCRut;F73euqPynBwrgcZn3fNSEneSnYasDQohPM5aZazW9hp2,0.03630363036303641,0.0573248407643312,-0.02070063694267521,-0.0732484076433122
2026-03-16,RAY,0.664,5827640.079508584,4206180.7077607615,10033820.787269346,0.4192003023511697,1.3854944626501882,11,binance;bitget;coinbase;crypto_com;gate;htx;kraken;kucoin;mexc;okx;upbit,solana,solana,5,raydium;raydium-clmm,2AXXcN6oN9bBT5owwmTH53C7QHUXvhLeu718Kqt8rvY2;6UmmUiYoBjSrhakAobJw8BvkmJtDVxaeBtbt7rxWo1mg;AVs9TA4nWDzfPJE9gGVNJMVhcQy3V9PGazuz33BfG2RA;DVa7Qmb5ct9RCpaU7UTpSaf3GVMYz17vNVU67XpdCRut;F73euqPynBwrgcZn3fNSEneSnYasDQohPM5aZazW9hp2,0.0573248407643312,-0.015060240963855387,-0.07530120481927716,-0.08433734939759041
2026-03-17,RAY,0.654,4708370.6895258175,2667467.393301633,7375838.082827451,0.3616493967664604,1.7651089949024925,11,binance;bitget;coinbase;crypto_com;gate;htx;kraken;kucoin;mexc;okx;upbit,solana,solana,5,raydium;raydium-clmm,2AXXcN6oN9bBT5owwmTH53C7QHUXvhLeu718Kqt8rvY2;6UmmUiYoBjSrhakAobJw8BvkmJtDVxaeBtbt7rxWo1mg;AVs9TA4nWDzfPJE9gGVNJMVhcQy3V9PGazuz33BfG2RA;DVa7Qmb5ct9RCpaU7UTpSaf3GVMYz17vNVU67XpdCRut;F73euqPynBwrgcZn3fNSEneSnYasDQohPM5aZazW9hp2,-0.015060240963855387,-0.059633027522935866,-0.059633027522935866,-0.06727828746177378
2026-03-18,RAY,0.615,4751306.187353237,3812496.331506638,8563802.518859874,0.4451873245687836,1.246245445035116,11,binance;bitget;coinbase;crypto_com;gate;htx;kraken;kucoin;mexc;okx;upbit,solana,solana,5,raydium;raydium-clmm,2AXXcN6oN9bBT5owwmTH53C7QHUXvhLeu718Kqt8rvY2;6UmmUiYoBjSrhakAobJw8BvkmJtDVxaeBtbt7rxWo1mg;AVs9TA4nWDzfPJE9gGVNJMVhcQy3V9PGazuz33BfG2RA;DVa7Qmb5ct9RCpaU7UTpSaf3GVMYz17vNVU67XpdCRut;F73euqPynBwrgcZn3fNSEneSnYasDQohPM5aZazW9hp2,-0.059633027522935866,-0.001626016260162566,-0.024390243902439046,-0.004878048780487809
2026-03-19,RAY,0.614,8602708.6659771,6257461.248757369,14860169.914734468,0.4210894817933972,1.3747921599491262,11,binance;bitget;coinbase;crypto_com;gate;htx;kraken;kucoin;mexc;okx;upbit,solana,solana,5,raydium;raydium-clmm,2AXXcN6oN9bBT5owwmTH53C7QHUXvhLeu718Kqt8rvY2;6UmmUiYoBjSrhakAobJw8BvkmJtDVxaeBtbt7rxWo1mg;AVs9TA4nWDzfPJE9gGVNJMVhcQy3V9PGazuz33BfG2RA;DVa7Qmb5ct9RCpaU7UTpSaf3GVMYz17vNVU67XpdCRut;F73euqPynBwrgcZn3fNSEneSnYasDQohPM5aZazW9hp2,-0.001626016260162566,0.0016286644951140072,-0.05211726384364823,-0.04723127035830621
2026-03-20,RAY,0.615,2218164.4474642384,1695674.6614774894,3913839.108941728,0.4332509881674689,1.308130915591726,11,binance;bitget;coinbase;crypto_com;gate;htx;kraken;kucoin;mexc;okx;upbit,solana,solana,5,raydium;raydium-clmm,2AXXcN6oN9bBT5owwmTH53C7QHUXvhLeu718Kqt8rvY2;6UmmUiYoBjSrhakAobJw8BvkmJtDVxaeBtbt7rxWo1mg;AVs9TA4nWDzfPJE9gGVNJMVhcQy3V9PGazuz33BfG2RA;DVa7Qmb5ct9RCpaU7UTpSaf3GVMYz17vNVU67XpdCRut;F73euqPynBwrgcZn3fNSEneSnYasDQohPM5aZazW9hp2,0.0016286644951140072,-0.024390243902439046,-0.011382113821138184,-0.0747967479674797
2026-03-21,RAY,0.6,2511418.3289229586,1458522.1934016729,3969940.5223246315,0.36739144710098154,1.7218924335087722,11,binance;bitget;coinbase;crypto_com;gate;htx;kraken;kucoin;mexc;okx;upbit,solana,solana,5,raydium;raydium-clmm,2AXXcN6oN9bBT5owwmTH53C7QHUXvhLeu718Kqt8rvY2;6UmmUiYoBjSrhakAobJw8BvkmJtDVxaeBtbt7rxWo1mg;AVs9TA4nWDzfPJE9gGVNJMVhcQy3V9PGazuz33BfG2RA;DVa7Qmb5ct9RCpaU7UTpSaf3GVMYz17vNVU67XpdCRut;F73euqPynBwrgcZn3fNSEneSnYasDQohPM5aZazW9hp2,-0.024390243902439046,-0.030000000000000027,0.016666666666666607,-0.056666666666666754
2026-03-22,RAY,0.582,3380328.732839737,1624744.6904727858,5005073.4233125225,0.324619551614385,2.0805291764677762,11,binance;bitget;coinbase;crypto_com;gate;htx;kraken;kucoin;mexc;okx;upbit,solana,solana,5,raydium;raydium-clmm,2AXXcN6oN9bBT5owwmTH53C7QHUXvhLeu718Kqt8rvY2;6UmmUiYoBjSrhakAobJw8BvkmJtDVxaeBtbt7rxWo1mg;AVs9TA4nWDzfPJE9gGVNJMVhcQy3V9PGazuz33BfG2RA;DVa7Qmb5ct9RCpaU7UTpSaf3GVMYz17vNVU67XpdCRut;F73euqPynBwrgcZn3fNSEneSnYasDQohPM5aZazW9hp2,-0.030000000000000027,0.04467353951890041,0.05154639175257736,-0.036082474226803996
2026-03-23,RAY,0.608,4847881.590542468,2625093.2910895944,7472974.881632063,0.35127821686405647,1.8467464021174895,11,binance;bitget;coinbase;crypto_com;gate;htx;kraken;kucoin;mexc;okx;upbit,solana,solana,5,raydium;raydium-clmm,2AXXcN6oN9bBT5owwmTH53C7QHUXvhLeu718Kqt8rvY2;6UmmUiYoBjSrhakAobJw8BvkmJtDVxaeBtbt7rxWo1mg;AVs9TA4nWDzfPJE9gGVNJMVhcQy3V9PGazuz33BfG2RA;DVa7Qmb5ct9RCpaU7UTpSaf3GVMYz17vNVU67XpdCRut;F73euqPynBwrgcZn3fNSEneSnYasDQohPM5aZazW9hp2,0.04467353951890041,0.00328947368421062,-0.03782894736842113,-0.07401315789473695
2026-03-24,RAY,0.61,2641140.966652509,1933214.9838476258,4574355.950500134,0.422620146916258,1.3661910282714222,11,binance;bitget;coinbase;crypto_com;gate;htx;kraken;kucoin;mexc;okx;upbit,solana,solana,5,raydium;raydium-clmm,2AXXcN6oN9bBT5owwmTH53C7QHUXvhLeu718Kqt8rvY2;6UmmUiYoBjSrhakAobJw8BvkmJtDVxaeBtbt7rxWo1mg;AVs9TA4nWDzfPJE9gGVNJMVhcQy3V9PGazuz33BfG2RA;DVa7Qmb5ct9RCpaU7UTpSaf3GVMYz17vNVU67XpdCRut;F73euqPynBwrgcZn3fNSEneSnYasDQohPM5aZazW9hp2,0.00328947368421062,0.003278688524590123,-0.06721311475409841,0.029508196721311553
2026-03-25,RAY,0.612,2532804.071043691,1583378.656362798,4116182.727406489,0.3846716147512839,1.5996199398454896,11,binance;bitget;coinbase;crypto_com;gate;htx;kraken;kucoin;mexc;okx;upbit,solana,solana,5,raydium;raydium-clmm,2AXXcN6oN9bBT5owwmTH53C7QHUXvhLeu718Kqt8rvY2;6UmmUiYoBjSrhakAobJw8BvkmJtDVxaeBtbt7rxWo1mg;AVs9TA4nWDzfPJE9gGVNJMVhcQy3V9PGazuz33BfG2RA;DVa7Qmb5ct9RCpaU7UTpSaf3GVMYz17vNVU67XpdCRut;F73euqPynBwrgcZn3fNSEneSnYasDQohPM5aZazW9hp2,0.003278688524590123,-0.044117647058823595,-0.07516339869281052,0.07843137254901977
2026-03-26,RAY,0.585,2975293.4586243797,2140210.5910113542,5115504.049635734,0.41837726453637636,1.3901872419098757,11,binance;bitget;coinbase;crypto_com;gate;htx;kraken;kucoin;mexc;okx;upbit,solana,solana,5,raydium;raydium-clmm,2AXXcN6oN9bBT5owwmTH53C7QHUXvhLeu718Kqt8rvY2;6UmmUiYoBjSrhakAobJw8BvkmJtDVxaeBtbt7rxWo1mg;AVs9TA4nWDzfPJE9gGVNJMVhcQy3V9PGazuz33BfG2RA;DVa7Qmb5ct9RCpaU7UTpSaf3GVMYz17vNVU67XpdCRut;F73euqPynBwrgcZn3fNSEneSnYasDQohPM5aZazW9hp2,-0.044117647058823595,-0.027350427350427364,-0.04102564102564088,0.06324786324786325
2026-03-27,RAY,0.569,2148394.4021554287,1666269.7906103947,3814664.1927658236,0.4368064150365658,1.2893436670711171,11,binance;bitget;coinbase;crypto_com;gate;htx;kraken;kucoin;mexc;okx;upbit,solana,solana,5,raydium;raydium-clmm,2AXXcN6oN9bBT5owwmTH53C7QHUXvhLeu718Kqt8rvY2;6UmmUiYoBjSrhakAobJw8BvkmJtDVxaeBtbt7rxWo1mg;AVs9TA4nWDzfPJE9gGVNJMVhcQy3V9PGazuz33BfG2RA;DVa7Qmb5ct9RCpaU7UTpSaf3GVMYz17vNVU67XpdCRut;F73euqPynBwrgcZn3fNSEneSnYasDQohPM5aZazW9hp2,-0.027350427350427364,-0.005272407732864637,-0.010544815465729385,0.12478031634446407
2026-03-28,RAY,0.566,2038794.1593648926,1086899.8964683008,3125694.0558331935,0.3477307366150952,1.875788346276978,11,binance;bitget;coinbase;crypto_com;gate;htx;kraken;kucoin;mexc;okx;upbit,solana,solana,5,raydium;raydium-clmm,2AXXcN6oN9bBT5owwmTH53C7QHUXvhLeu718Kqt8rvY2;6UmmUiYoBjSrhakAobJw8BvkmJtDVxaeBtbt7rxWo1mg;AVs9TA4nWDzfPJE9gGVNJMVhcQy3V9PGazuz33BfG2RA;DVa7Qmb5ct9RCpaU7UTpSaf3GVMYz17vNVU67XpdCRut;F73euqPynBwrgcZn3fNSEneSnYasDQohPM5aZazW9hp2,-0.005272407732864637,-0.00883392226148394,0.10954063604240294,0.09717314487632511
2026-03-29,RAY,0.561,3026350.1502402904,1396043.584545604,4422393.734785894,0.31567600450510136,2.167804919375302,11,binance;bitget;coinbase;crypto_com;gate;htx;kraken;kucoin;mexc;okx;upbit,solana,solana,5,raydium;raydium-clmm,2AXXcN6oN9bBT5owwmTH53C7QHUXvhLeu718Kqt8rvY2;6UmmUiYoBjSrhakAobJw8BvkmJtDVxaeBtbt7rxWo1mg;AVs9TA4nWDzfPJE9gGVNJMVhcQy3V9PGazuz33BfG2RA;DVa7Qmb5ct9RCpaU7UTpSaf3GVMYz17vNVU67XpdCRut;F73euqPynBwrgcZn3fNSEneSnYasDQohPM5aZazW9hp2,-0.00883392226148394,0.0035650623885916666,0.17647058823529416,0.10160427807486627
2026-03-30,RAY,0.563,4305316.833663544,1546881.244983895,5852198.078647438,0.2643248270471068,2.7832238884688056,11,binance;bitget;coinbase;crypto_com;gate;htx;kraken;kucoin;mexc;okx;upbit,solana,solana,5,raydium;raydium-clmm,2AXXcN6oN9bBT5owwmTH53C7QHUXvhLeu718Kqt8rvY2;6UmmUiYoBjSrhakAobJw8BvkmJtDVxaeBtbt7rxWo1mg;AVs9TA4nWDzfPJE9gGVNJMVhcQy3V9PGazuz33BfG2RA;DVa7Qmb5ct9RCpaU7UTpSaf3GVMYz17vNVU67XpdCRut;F73euqPynBwrgcZn3fNSEneSnYasDQohPM5aZazW9hp2,0.0035650623885916666,0.1154529307282417,0.10479573712255785,0.08703374777975137
2026-03-31,RAY,0.628,58305634.07270854,5184574.893180293,63490208.965888835,0.08165943974079203,11.245981642468477,11,binance;bitget;coinbase;crypto_com;gate;htx;kraken;kucoin;mexc;okx;upbit,solana,solana,5,raydium;raydium-clmm,2AXXcN6oN9bBT5owwmTH53C7QHUXvhLeu718Kqt8rvY2;6UmmUiYoBjSrhakAobJw8BvkmJtDVxaeBtbt7rxWo1mg;AVs9TA4nWDzfPJE9gGVNJMVhcQy3V9PGazuz33BfG2RA;DVa7Qmb5ct9RCpaU7UTpSaf3GVMYz17vNVU67XpdCRut;F73euqPynBwrgcZn3fNSEneSnYasDQohPM5aZazW9hp2,0.1154529307282417,0.05095541401273884,0.019108280254777066,0.03662420382165599
2026-04-01,RAY,0.66,67055661.35134788,16657968.9262035,83713630.27755138,0.19898753489693655,4.025440415239775,11,binance;bitget;coinbase;crypto_com;gate;htx;kraken;kucoin;mexc;okx;upbit,solana,solana,5,raydium;raydium-clmm,2AXXcN6oN9bBT5owwmTH53C7QHUXvhLeu718Kqt8rvY2;6UmmUiYoBjSrhakAobJw8BvkmJtDVxaeBtbt7rxWo1mg;AVs9TA4nWDzfPJE9gGVNJMVhcQy3V9PGazuz33BfG2RA;DVa7Qmb5ct9RCpaU7UTpSaf3GVMYz17vNVU67XpdCRut;F73euqPynBwrgcZn3fNSEneSnYasDQohPM5aZazW9hp2,0.05095541401273884,-0.05757575757575761,-0.059090909090909194,-0.053030303030303094
2026-04-02,RAY,0.622,15422692.379980894,4778267.208462513,20200959.588443406,0.23653664508076494,3.2276747421464114,11,binance;bitget;coinbase;crypto_com;gate;htx;kraken;kucoin;mexc;okx;upbit,solana,solana,5,raydium;raydium-clmm,2AXXcN6oN9bBT5owwmTH53C7QHUXvhLeu718Kqt8rvY2;6UmmUiYoBjSrhakAobJw8BvkmJtDVxaeBtbt7rxWo1mg;AVs9TA4nWDzfPJE9gGVNJMVhcQy3V9PGazuz33BfG2RA;DVa7Qmb5ct9RCpaU7UTpSaf3GVMYz17vNVU67XpdCRut;F73euqPynBwrgcZn3fNSEneSnYasDQohPM5aZazW9hp2,-0.05757575757575761,0.02893890675241151,-0.006430868167202619,0.014469453376205754
2026-04-03,RAY,0.64,23604000.916718192,7025176.562410698,30629177.47912889,0.22936223368054015,3.3599156842569733,11,binance;bitget;coinbase;crypto_com;gate;htx;kraken;kucoin;mexc;okx;upbit,solana,solana,5,raydium;raydium-clmm,2AXXcN6oN9bBT5owwmTH53C7QHUXvhLeu718Kqt8rvY2;6UmmUiYoBjSrhakAobJw8BvkmJtDVxaeBtbt7rxWo1mg;AVs9TA4nWDzfPJE9gGVNJMVhcQy3V9PGazuz33BfG2RA;DVa7Qmb5ct9RCpaU7UTpSaf3GVMYz17vNVU67XpdCRut;F73euqPynBwrgcZn3fNSEneSnYasDQohPM5aZazW9hp2,0.02893890675241151,-0.029687499999999978,-0.04375000000000007,0.03125
2026-04-04,RAY,0.621,5178043.166152466,1448734.6821169674,6626777.848269434,0.2186182659639482,3.574183202811185,11,binance;bitget;coinbase;crypto_com;gate;htx;kraken;kucoin;mexc;okx;upbit,solana,solana,5,raydium;raydium-clmm,2AXXcN6oN9bBT5owwmTH53C7QHUXvhLeu718Kqt8rvY2;6UmmUiYoBjSrhakAobJw8BvkmJtDVxaeBtbt7rxWo1mg;AVs9TA4nWDzfPJE9gGVNJMVhcQy3V9PGazuz33BfG2RA;DVa7Qmb5ct9RCpaU7UTpSaf3GVMYz17vNVU67XpdCRut;F73euqPynBwrgcZn3fNSEneSnYasDQohPM5aZazW9hp2,-0.029687499999999978,-0.004830917874396157,0.048309178743961345,0.06119162640901776
2026-04-05,RAY,0.618,5363023.694297773,1437699.5154250255,6800723.209722798,0.21140391559673946,3.7302813534803954,11,binance;bitget;coinbase;crypto_com;gate;htx;kraken;kucoin;mexc;okx;upbit,solana,solana,5,raydium;raydium-clmm,2AXXcN6oN9bBT5owwmTH53C7QHUXvhLeu718Kqt8rvY2;6UmmUiYoBjSrhakAobJw8BvkmJtDVxaeBtbt7rxWo1mg;AVs9TA4nWDzfPJE9gGVNJMVhcQy3V9PGazuz33BfG2RA;DVa7Qmb5ct9RCpaU7UTpSaf3GVMYz17vNVU67XpdCRut;F73euqPynBwrgcZn3fNSEneSnYasDQohPM5aZazW9hp2,-0.004830917874396157,-0.009708737864077666,0.01132686084142387,0.008090614886731462
2026-04-06,RAY,0.612,8668065.96993789,1952101.6898044578,10620167.659742348,0.1838108165847748,4.440376244337031,11,binance;bitget;coinbase;crypto_com;gate;htx;kraken;kucoin;mexc;okx;upbit,solana,solana,5,raydium;raydium-clmm,2AXXcN6oN9bBT5owwmTH53C7QHUXvhLeu718Kqt8rvY2;6UmmUiYoBjSrhakAobJw8BvkmJtDVxaeBtbt7rxWo1mg;AVs9TA4nWDzfPJE9gGVNJMVhcQy3V9PGazuz33BfG2RA;DVa7Qmb5ct9RCpaU7UTpSaf3GVMYz17vNVU67XpdCRut;F73euqPynBwrgcZn3fNSEneSnYasDQohPM5aZazW9hp2,-0.009708737864077666,0.06372549019607843,0.03104575163398704,0.07516339869281063
2026-04-07,RAY,0.651,7746123.655310727,4224317.010293553,11970440.665604278,0.35289569768568796,1.8336984739628808,11,binance;bitget;coinbase;crypto_com;gate;htx;kraken;kucoin;mexc;okx;upbit,solana,solana,5,raydium;raydium-clmm,2AXXcN6oN9bBT5owwmTH53C7QHUXvhLeu718Kqt8rvY2;6UmmUiYoBjSrhakAobJw8BvkmJtDVxaeBtbt7rxWo1mg;AVs9TA4nWDzfPJE9gGVNJMVhcQy3V9PGazuz33BfG2RA;DVa7Qmb5ct9RCpaU7UTpSaf3GVMYz17vNVU67XpdCRut;F73euqPynBwrgcZn3fNSEneSnYasDQohPM5aZazW9hp2,0.06372549019607843,-0.03993855606758834,0.01382488479262678,-0.007680491551459334
2026-04-08,RAY,0.625,4568042.998307388,2584790.2312001595,7152833.229507548,0.36136592987197536,1.767278034081076,11,binance;bitget;coinbase;crypto_com;gate;htx;kraken;kucoin;mexc;okx;upbit,solana,solana,5,raydium;raydium-clmm,2AXXcN6oN9bBT5owwmTH53C7QHUXvhLeu718Kqt8rvY2;6UmmUiYoBjSrhakAobJw8BvkmJtDVxaeBtbt7rxWo1mg;AVs9TA4nWDzfPJE9gGVNJMVhcQy3V9PGazuz33BfG2RA;DVa7Qmb5ct9RCpaU7UTpSaf3GVMYz17vNVU67XpdCRut;F73euqPynBwrgcZn3fNSEneSnYasDQohPM5aZazW9hp2,-0.03993855606758834,0.009600000000000053,0.054400000000000004,0.060799999999999965
2026-04-09,RAY,0.631,5296640.813662408,1839009.3138267086,7135650.127489116,0.25772134016803555,2.880159863160712,11,binance;bitget;coinbase;crypto_com;gate;htx;kraken;kucoin;mexc;okx;upbit,solana,solana,5,raydium;raydium-clmm,2AXXcN6oN9bBT5owwmTH53C7QHUXvhLeu718Kqt8rvY2;6UmmUiYoBjSrhakAobJw8BvkmJtDVxaeBtbt7rxWo1mg;AVs9TA4nWDzfPJE9gGVNJMVhcQy3V9PGazuz33BfG2RA;DVa7Qmb5ct9RCpaU7UTpSaf3GVMYz17vNVU67XpdCRut;F73euqPynBwrgcZn3fNSEneSnYasDQohPM5aZazW9hp2,0.009600000000000053,0.045958795562599075,-0.01267828843106178,0.09825673534072887
2026-04-10,RAY,0.66,17777582.09299069,5857283.925794522,23634866.018785212,0.24782386839591553,3.0351238420765503,11,binance;bitget;coinbase;crypto_com;gate;htx;kraken;kucoin;mexc;okx;upbit,solana,solana,5,raydium;raydium-clmm,2AXXcN6oN9bBT5owwmTH53C7QHUXvhLeu718Kqt8rvY2;6UmmUiYoBjSrhakAobJw8BvkmJtDVxaeBtbt7rxWo1mg;AVs9TA4nWDzfPJE9gGVNJMVhcQy3V9PGazuz33BfG2RA;DVa7Qmb5ct9RCpaU7UTpSaf3GVMYz17vNVU67XpdCRut;F73euqPynBwrgcZn3fNSEneSnYasDQohPM5aZazW9hp2,0.045958795562599075,-0.0015151515151514694,-0.00303030303030305,0.05757575757575739
2026-04-11,RAY,0.659,4827404.066066281,2100919.476347661,6928323.5424139425,0.3032363404344806,2.2977577772083255,11,binance;bitget;coinbase;crypto_com;gate;htx;kraken;kucoin;mexc;okx;upbit,solana,solana,5,raydium;raydium-clmm,2AXXcN6oN9bBT5owwmTH53C7QHUXvhLeu718Kqt8rvY2;6UmmUiYoBjSrhakAobJw8BvkmJtDVxaeBtbt7rxWo1mg;AVs9TA4nWDzfPJE9gGVNJMVhcQy3V9PGazuz33BfG2RA;DVa7Qmb5ct9RCpaU7UTpSaf3GVMYz17vNVU67XpdCRut;F73euqPynBwrgcZn3fNSEneSnYasDQohPM5aZazW9hp2,-0.0015151515151514694,-0.05462822458270111,-0.019726858877086473,0.003034901365705611
2026-04-12,RAY,0.623,3440218.1087900396,1513056.3881336728,4953274.496923712,0.3054658870759886,2.273687970765905,11,binance;bitget;coinbase;crypto_com;gate;htx;kraken;kucoin;mexc;okx;upbit,solana,solana,5,raydium;raydium-clmm,2AXXcN6oN9bBT5owwmTH53C7QHUXvhLeu718Kqt8rvY2;6UmmUiYoBjSrhakAobJw8BvkmJtDVxaeBtbt7rxWo1mg;AVs9TA4nWDzfPJE9gGVNJMVhcQy3V9PGazuz33BfG2RA;DVa7Qmb5ct9RCpaU7UTpSaf3GVMYz17vNVU67XpdCRut;F73euqPynBwrgcZn3fNSEneSnYasDQohPM5aZazW9hp2,-0.05462822458270111,0.056179775280899014,0.0642054574638844,0.01605136436597121
2026-04-13,RAY,0.658,5125183.626260284,1917189.0469001331,7042372.673160417,0.2722362385346121,2.673280256084864,11,binance;bitget;coinbase;crypto_com;gate;htx;kraken;kucoin;mexc;okx;upbit,solana,solana,5,raydium;raydium-clmm,2AXXcN6oN9bBT5owwmTH53C7QHUXvhLeu718Kqt8rvY2;6UmmUiYoBjSrhakAobJw8BvkmJtDVxaeBtbt7rxWo1mg;AVs9TA4nWDzfPJE9gGVNJMVhcQy3V9PGazuz33BfG2RA;DVa7Qmb5ct9RCpaU7UTpSaf3GVMYz17vNVU67XpdCRut;F73euqPynBwrgcZn3fNSEneSnYasDQohPM5aZazW9hp2,0.056179775280899014,-0.01823708206686936,0.05319148936170204,-0.00911854103343468
2026-04-14,RAY,0.646,4042520.406086731,2749493.5364456675,6792013.942532398,0.4048127049957911,1.4702781994216245,11,binance;bitget;coinbase;crypto_com;gate;htx;kraken;kucoin;mexc;okx;upbit,solana,solana,5,raydium;raydium-clmm,2AXXcN6oN9bBT5owwmTH53C7QHUXvhLeu718Kqt8rvY2;6UmmUiYoBjSrhakAobJw8BvkmJtDVxaeBtbt7rxWo1mg;AVs9TA4nWDzfPJE9gGVNJMVhcQy3V9PGazuz33BfG2RA;DVa7Qmb5ct9RCpaU7UTpSaf3GVMYz17vNVU67XpdCRut;F73euqPynBwrgcZn3fNSEneSnYasDQohPM5aZazW9hp2,-0.01823708206686936,0.026315789473684292,0.08049535603715152,0.02941176470588247
2026-04-15,RAY,0.663,4866196.986108632,1620437.10825991,6486634.094368542,0.2498117027545479,3.003015026812209,11,binance;bitget;coinbase;crypto_com;gate;htx;kraken;kucoin;mexc;okx;upbit,solana,solana,5,raydium;raydium-clmm,2AXXcN6oN9bBT5owwmTH53C7QHUXvhLeu718Kqt8rvY2;6UmmUiYoBjSrhakAobJw8BvkmJtDVxaeBtbt7rxWo1mg;AVs9TA4nWDzfPJE9gGVNJMVhcQy3V9PGazuz33BfG2RA;DVa7Qmb5ct9RCpaU7UTpSaf3GVMYz17vNVU67XpdCRut;F73euqPynBwrgcZn3fNSEneSnYasDQohPM5aZazW9hp2,0.026315789473684292,0.04524886877828038,-0.003016591251885359,0.003016591251885359
2026-04-16,RAY,0.693,5824122.39470646,2622282.8494249275,8446405.244131386,0.31046140619962626,2.2210122740892357,11,binance;bitget;coinbase;crypto_com;gate;htx;kraken;kucoin;mexc;okx;upbit,solana,solana,5,raydium;raydium-clmm,2AXXcN6oN9bBT5owwmTH53C7QHUXvhLeu718Kqt8rvY2;6UmmUiYoBjSrhakAobJw8BvkmJtDVxaeBtbt7rxWo1mg;AVs9TA4nWDzfPJE9gGVNJMVhcQy3V9PGazuz33BfG2RA;DVa7Qmb5ct9RCpaU7UTpSaf3GVMYz17vNVU67XpdCRut;F73euqPynBwrgcZn3fNSEneSnYasDQohPM5aZazW9hp2,0.04524886877828038,0.00721500721500723,-0.08658008658008653,-0.03896103896103886
2026-04-17,RAY,0.698,4607516.227208918,2704557.813603497,7312074.040812415,0.36987560554064147,1.703611660299455,11,binance;bitget;coinbase;crypto_com;gate;htx;kraken;kucoin;mexc;okx;upbit,solana,solana,5,raydium;raydium-clmm,2AXXcN6oN9bBT5owwmTH53C7QHUXvhLeu718Kqt8rvY2;6UmmUiYoBjSrhakAobJw8BvkmJtDVxaeBtbt7rxWo1mg;AVs9TA4nWDzfPJE9gGVNJMVhcQy3V9PGazuz33BfG2RA;DVa7Qmb5ct9RCpaU7UTpSaf3GVMYz17vNVU67XpdCRut;F73euqPynBwrgcZn3fNSEneSnYasDQohPM5aZazW9hp2,0.00721500721500723,-0.053008595988538576,-0.06590257879656147,-0.04154727793696267
2026-04-18,RAY,0.661,3670981.941977753,2404969.2994446806,6075951.241422433,0.3958177417634537,1.5264153030250327,11,binance;bitget;coinbase;crypto_com;gate;htx;kraken;kucoin;mexc;okx;upbit,solana,solana,5,raydium;raydium-clmm,2AXXcN6oN9bBT5owwmTH53C7QHUXvhLeu718Kqt8rvY2;6UmmUiYoBjSrhakAobJw8BvkmJtDVxaeBtbt7rxWo1mg;AVs9TA4nWDzfPJE9gGVNJMVhcQy3V9PGazuz33BfG2RA;DVa7Qmb5ct9RCpaU7UTpSaf3GVMYz17vNVU67XpdCRut;F73euqPynBwrgcZn3fNSEneSnYasDQohPM5aZazW9hp2,-0.053008595988538576,-0.042360060514372244,0.00605143721633894,0.0408472012102874
2026-04-19,RAY,0.633,3673816.5740131238,2009823.606138071,5683640.180151194,0.35361556017513524,1.8279298555321772,11,binance;bitget;coinbase;crypto_com;gate;htx;kraken;kucoin;mexc;okx;upbit,solana,solana,5,raydium;raydium-clmm,2AXXcN6oN9bBT5owwmTH53C7QHUXvhLeu718Kqt8rvY2;6UmmUiYoBjSrhakAobJw8BvkmJtDVxaeBtbt7rxWo1mg;AVs9TA4nWDzfPJE9gGVNJMVhcQy3V9PGazuz33BfG2RA;DVa7Qmb5ct9RCpaU7UTpSaf3GVMYz17vNVU67XpdCRut;F73euqPynBwrgcZn3fNSEneSnYasDQohPM5aZazW9hp2,-0.042360060514372244,0.03001579778830976,0.050552922590837435,0.18641390205371255
2026-04-20,RAY,0.652,6117111.880056642,1326632.877152244,7443744.757208886,0.17822116695598247,4.611005791736189,11,binance;bitget;coinbase;crypto_com;gate;htx;kraken;kucoin;mexc;okx;upbit,solana,solana,5,raydium;raydium-clmm,2AXXcN6oN9bBT5owwmTH53C7QHUXvhLeu718Kqt8rvY2;6UmmUiYoBjSrhakAobJw8BvkmJtDVxaeBtbt7rxWo1mg;AVs9TA4nWDzfPJE9gGVNJMVhcQy3V9PGazuz33BfG2RA;DVa7Qmb5ct9RCpaU7UTpSaf3GVMYz17vNVU67XpdCRut;F73euqPynBwrgcZn3fNSEneSnYasDQohPM5aZazW9hp2,0.03001579778830976,0.019938650306748462,0.021472392638036908,0.15797546012269925
2026-04-21,RAY,0.665,5605484.307615317,2569222.462855409,8174706.770470726,0.3142892503662813,2.1817823830581946,11,binance;bitget;coinbase;crypto_com;gate;htx;kraken;kucoin;mexc;okx;upbit,solana,solana,5,raydium;raydium-clmm,2AXXcN6oN9bBT5owwmTH53C7QHUXvhLeu718Kqt8rvY2;6UmmUiYoBjSrhakAobJw8BvkmJtDVxaeBtbt7rxWo1mg;AVs9TA4nWDzfPJE9gGVNJMVhcQy3V9PGazuz33BfG2RA;DVa7Qmb5ct9RCpaU7UTpSaf3GVMYz17vNVU67XpdCRut;F73euqPynBwrgcZn3fNSEneSnYasDQohPM5aZazW9hp2,0.019938650306748462,0.0,0.006015037593984918,0.12180451127819536
2026-04-22,RAY,0.665,3510755.0806603353,1837892.0573900004,5348647.138050335,0.34361811687206206,1.9102074393019446,11,binance;bitget;coinbase;crypto_com;gate;htx;kraken;kucoin;mexc;okx;upbit,solana,solana,5,raydium;raydium-clmm,2AXXcN6oN9bBT5owwmTH53C7QHUXvhLeu718Kqt8rvY2;6UmmUiYoBjSrhakAobJw8BvkmJtDVxaeBtbt7rxWo1mg;AVs9TA4nWDzfPJE9gGVNJMVhcQy3V9PGazuz33BfG2RA;DVa7Qmb5ct9RCpaU7UTpSaf3GVMYz17vNVU67XpdCRut;F73euqPynBwrgcZn3fNSEneSnYasDQohPM5aZazW9hp2,0.0,0.0015037593984963404,0.03458646616541339,0.19398496240601504
2026-04-23,RAY,0.666,5821601.495744024,1263361.7041284093,7084963.199872434,0.1783159161858676,4.608024350208032,11,binance;bitget;coinbase;crypto_com;gate;htx;kraken;kucoin;mexc;okx;upbit,solana,solana,5,raydium;raydium-clmm,2AXXcN6oN9bBT5owwmTH53C7QHUXvhLeu718Kqt8rvY2;6UmmUiYoBjSrhakAobJw8BvkmJtDVxaeBtbt7rxWo1mg;AVs9TA4nWDzfPJE9gGVNJMVhcQy3V9PGazuz33BfG2RA;DVa7Qmb5ct9RCpaU7UTpSaf3GVMYz17vNVU67XpdCRut;F73euqPynBwrgcZn3fNSEneSnYasDQohPM5aZazW9hp2,0.0015037593984963404,0.0045045045045044585,0.12762762762762758,0.21621621621621623
2026-04-24,RAY,0.669,4071542.9947733507,1130049.6008046211,5201592.595577972,0.2172506939058068,3.602977242657596,11,binance;bitget;coinbase;crypto_com;gate;htx;kraken;kucoin;mexc;okx;upbit,solana,solana,5,raydium;raydium-clmm,2AXXcN6oN9bBT5owwmTH53C7QHUXvhLeu718Kqt8rvY2;6UmmUiYoBjSrhakAobJw8BvkmJtDVxaeBtbt7rxWo1mg;AVs9TA4nWDzfPJE9gGVNJMVhcQy3V9PGazuz33BfG2RA;DVa7Qmb5ct9RCpaU7UTpSaf3GVMYz17vNVU67XpdCRut;F73euqPynBwrgcZn3fNSEneSnYasDQohPM5aZazW9hp2,0.0045045045045044585,0.0284005979073243,0.1285500747384154,0.2451420029895366
2026-04-25,RAY,0.688,18784461.828131527,3689207.9478944764,22473669.776026003,0.16415689936985606,5.091732993487746,11,binance;bitget;coinbase;crypto_com;gate;htx;kraken;kucoin;mexc;okx;upbit,solana,solana,5,raydium;raydium-clmm,2AXXcN6oN9bBT5owwmTH53C7QHUXvhLeu718Kqt8rvY2;6UmmUiYoBjSrhakAobJw8BvkmJtDVxaeBtbt7rxWo1mg;AVs9TA4nWDzfPJE9gGVNJMVhcQy3V9PGazuz33BfG2RA;DVa7Qmb5ct9RCpaU7UTpSaf3GVMYz17vNVU67XpdCRut;F73euqPynBwrgcZn3fNSEneSnYasDQohPM5aZazW9hp2,0.0284005979073243,0.09156976744186052,0.0843023255813955,0.1976744186046513
2026-04-26,RAY,0.751,129146373.57021722,31953660.641864363,161100034.21208158,0.1983467030168267,4.041676946428322,11,binance;bitget;coinbase;crypto_com;gate;htx;kraken;kucoin;mexc;okx;upbit,solana,solana,5,raydium;raydium-clmm,2AXXcN6oN9bBT5owwmTH53C7QHUXvhLeu718Kqt8rvY2;6UmmUiYoBjSrhakAobJw8BvkmJtDVxaeBtbt7rxWo1mg;AVs9TA4nWDzfPJE9gGVNJMVhcQy3V9PGazuz33BfG2RA;DVa7Qmb5ct9RCpaU7UTpSaf3GVMYz17vNVU67XpdCRut;F73euqPynBwrgcZn3fNSEneSnYasDQohPM5aZazW9hp2,0.09156976744186052,0.005326231691078487,0.05725699067909451,0.07989347536617841
2026-04-27,RAY,0.755,15819287.770684976,4910899.652917931,20730187.42360291,0.2368960565849248,3.2212606423927967,11,binance;bitget;coinbase;crypto_com;gate;htx;kraken;kucoin;mexc;okx;upbit,solana,solana,5,raydium;raydium-clmm,2AXXcN6oN9bBT5owwmTH53C7QHUXvhLeu718Kqt8rvY2;6UmmUiYoBjSrhakAobJw8BvkmJtDVxaeBtbt7rxWo1mg;AVs9TA4nWDzfPJE9gGVNJMVhcQy3V9PGazuz33BfG2RA;DVa7Qmb5ct9RCpaU7UTpSaf3GVMYz17vNVU67XpdCRut;F73euqPynBwrgcZn3fNSEneSnYasDQohPM5aZazW9hp2,0.005326231691078487,-0.01192052980132452,0.07284768211920545,0.038410596026489996
2026-04-28,RAY,0.746,10365417.61613654,4106036.8048648667,14471454.421001406,0.2837335270811525,2.524433683559657,11,binance;bitget;coinbase;crypto_com;gate;htx;kraken;kucoin;mexc;okx;upbit,solana,solana,5,raydium;raydium-clmm,2AXXcN6oN9bBT5owwmTH53C7QHUXvhLeu718Kqt8rvY2;6UmmUiYoBjSrhakAobJw8BvkmJtDVxaeBtbt7rxWo1mg;AVs9TA4nWDzfPJE9gGVNJMVhcQy3V9PGazuz33BfG2RA;DVa7Qmb5ct9RCpaU7UTpSaf3GVMYz17vNVU67XpdCRut;F73euqPynBwrgcZn3fNSEneSnYasDQohPM5aZazW9hp2,-0.01192052980132452,0.06434316353887404,0.11662198391420908,0.07774798927613946
2026-04-29,RAY,0.794,20746085.273576528,8104768.500027008,28850853.773603536,0.28091953755081905,2.5597381681546354,11,binance;bitget;coinbase;crypto_com;gate;htx;kraken;kucoin;mexc;okx;upbit,solana,solana,5,raydium;raydium-clmm,2AXXcN6oN9bBT5owwmTH53C7QHUXvhLeu718Kqt8rvY2;6UmmUiYoBjSrhakAobJw8BvkmJtDVxaeBtbt7rxWo1mg;AVs9TA4nWDzfPJE9gGVNJMVhcQy3V9PGazuz33BfG2RA;DVa7Qmb5ct9RCpaU7UTpSaf3GVMYz17vNVU67XpdCRut;F73euqPynBwrgcZn3fNSEneSnYasDQohPM5aZazW9hp2,0.06434316353887404,0.02015113350125941,0.03778337531486131,0.016372795969773257
2026-04-30,RAY,0.81,9722762.154081386,4064076.0704373266,13786838.224518713,0.2947794123825806,2.39236716674822,11,binance;bitget;coinbase;crypto_com;gate;htx;kraken;kucoin;mexc;okx;upbit,solana,solana,5,raydium;raydium-clmm,2AXXcN6oN9bBT5owwmTH53C7QHUXvhLeu718Kqt8rvY2;6UmmUiYoBjSrhakAobJw8BvkmJtDVxaeBtbt7rxWo1mg;AVs9TA4nWDzfPJE9gGVNJMVhcQy3V9PGazuz33BfG2RA;DVa7Qmb5ct9RCpaU7UTpSaf3GVMYz17vNVU67XpdCRut;F73euqPynBwrgcZn3fNSEneSnYasDQohPM5aZazW9hp2,0.02015113350125941,0.02839506172839501,0.0012345679012346622,0.004938271604938205
2026-05-01,RAY,0.833,13303124.691569112,7576475.294246388,20879599.9858155,0.362864963859147,1.755846112462291,11,binance;bitget;coinbase;crypto_com;gate;htx;kraken;kucoin;mexc;okx;upbit,solana,solana,5,raydium;raydium-clmm,2AXXcN6oN9bBT5owwmTH53C7QHUXvhLeu718Kqt8rvY2;6UmmUiYoBjSrhakAobJw8BvkmJtDVxaeBtbt7rxWo1mg;AVs9TA4nWDzfPJE9gGVNJMVhcQy3V9PGazuz33BfG2RA;DVa7Qmb5ct9RCpaU7UTpSaf3GVMYz17vNVU67XpdCRut;F73euqPynBwrgcZn3fNSEneSnYasDQohPM5aZazW9hp2,0.02839506172839501,-0.010804321728691502,-0.05882352941176461,0.031212484993997647
2026-05-02,RAY,0.824,6608652.303404038,3369687.942813492,9978340.24621753,0.33770024469659,1.961206027251948,11,binance;bitget;coinbase;crypto_com;gate;htx;kraken;kucoin;mexc;okx;upbit,solana,solana,5,raydium;raydium-clmm,2AXXcN6oN9bBT5owwmTH53C7QHUXvhLeu718Kqt8rvY2;6UmmUiYoBjSrhakAobJw8BvkmJtDVxaeBtbt7rxWo1mg;AVs9TA4nWDzfPJE9gGVNJMVhcQy3V9PGazuz33BfG2RA;DVa7Qmb5ct9RCpaU7UTpSaf3GVMYz17vNVU67XpdCRut;F73euqPynBwrgcZn3fNSEneSnYasDQohPM5aZazW9hp2,-0.010804321728691502,-0.01577669902912604,-0.024271844660194053,0.025485436893203817
2026-05-03,RAY,0.811,5429638.455358285,2651565.902488459,8081204.357846744,0.3281151898991173,2.047710166382304,11,binance;bitget;coinbase;crypto_com;gate;htx;kraken;kucoin;mexc;okx;upbit,solana,solana,5,raydium;raydium-clmm,2AXXcN6oN9bBT5owwmTH53C7QHUXvhLeu718Kqt8rvY2;6UmmUiYoBjSrhakAobJw8BvkmJtDVxaeBtbt7rxWo1mg;AVs9TA4nWDzfPJE9gGVNJMVhcQy3V9PGazuz33BfG2RA;DVa7Qmb5ct9RCpaU7UTpSaf3GVMYz17vNVU67XpdCRut;F73euqPynBwrgcZn3fNSEneSnYasDQohPM5aZazW9hp2,-0.01577669902912604,-0.03329223181257712,-0.004932182490752113,0.08261405672009858
2026-05-04,RAY,0.784,5491037.532065427,2502130.3467939254,7993167.878859352,0.3130336288083801,2.194544956101628,11,binance;bitget;coinbase;crypto_com;gate;htx;kraken;kucoin;mexc;okx;upbit,solana,solana,5,raydium;raydium-clmm,2AXXcN6oN9bBT5owwmTH53C7QHUXvhLeu718Kqt8rvY2;6UmmUiYoBjSrhakAobJw8BvkmJtDVxaeBtbt7rxWo1mg;AVs9TA4nWDzfPJE9gGVNJMVhcQy3V9PGazuz33BfG2RA;DVa7Qmb5ct9RCpaU7UTpSaf3GVMYz17vNVU67XpdCRut;F73euqPynBwrgcZn3fNSEneSnYasDQohPM5aZazW9hp2,-0.03329223181257712,0.025510204081632626,0.03826530612244894,0.09948979591836737
2026-05-05,RAY,0.804,7800126.773855243,2098815.1679729787,9898941.941828221,0.21202419211131887,3.7164429211689716,11,binance;bitget;coinbase;crypto_com;gate;htx;kraken;kucoin;mexc;okx;upbit,solana,solana,5,raydium;raydium-clmm,2AXXcN6oN9bBT5owwmTH53C7QHUXvhLeu718Kqt8rvY2;6UmmUiYoBjSrhakAobJw8BvkmJtDVxaeBtbt7rxWo1mg;AVs9TA4nWDzfPJE9gGVNJMVhcQy3V9PGazuz33BfG2RA;DVa7Qmb5ct9RCpaU7UTpSaf3GVMYz17vNVU67XpdCRut;F73euqPynBwrgcZn3fNSEneSnYasDQohPM5aZazW9hp2,0.025510204081632626,0.003731343283582156,0.06840796019900486,0.00995024875621886
2026-05-06,RAY,0.807,10431311.197371973,5770110.34032148,16201421.537693452,0.3561483988856791,1.8078183227239282,11,binance;bitget;coinbase;crypto_com;gate;htx;kraken;kucoin;mexc;okx;upbit,solana,solana,5,raydium;raydium-clmm,2AXXcN6oN9bBT5owwmTH53C7QHUXvhLeu718Kqt8rvY2;6UmmUiYoBjSrhakAobJw8BvkmJtDVxaeBtbt7rxWo1mg;AVs9TA4nWDzfPJE9gGVNJMVhcQy3V9PGazuz33BfG2RA;DVa7Qmb5ct9RCpaU7UTpSaf3GVMYz17vNVU67XpdCRut;F73euqPynBwrgcZn3fNSEneSnYasDQohPM5aZazW9hp2,0.003731343283582156,0.008674101610904428,0.047087980173482036,-0.03469640644361838
2026-05-07,RAY,0.814,7295138.147960812,2620502.839405503,9915640.987366315,0.26427972157769025,2.783869583448272,11,binance;bitget;coinbase;crypto_com;gate;htx;kraken;kucoin;mexc;okx;upbit,solana,solana,5,raydium;raydium-clmm,2AXXcN6oN9bBT5owwmTH53C7QHUXvhLeu718Kqt8rvY2;6UmmUiYoBjSrhakAobJw8BvkmJtDVxaeBtbt7rxWo1mg;AVs9TA4nWDzfPJE9gGVNJMVhcQy3V9PGazuz33BfG2RA;DVa7Qmb5ct9RCpaU7UTpSaf3GVMYz17vNVU67XpdCRut;F73euqPynBwrgcZn3fNSEneSnYasDQohPM5aZazW9hp2,0.008674101610904428,0.055282555282555323,0.07862407862407861,-0.025798525798525707
2026-05-08,RAY,0.859,8758932.360372482,3863144.7674055025,12622077.127777984,0.3060625226971322,2.26730627189387,11,binance;bitget;coinbase;crypto_com;gate;htx;kraken;kucoin;mexc;okx;upbit,solana,solana,5,raydium;raydium-clmm,2AXXcN6oN9bBT5owwmTH53C7QHUXvhLeu718Kqt8rvY2;6UmmUiYoBjSrhakAobJw8BvkmJtDVxaeBtbt7rxWo1mg;AVs9TA4nWDzfPJE9gGVNJMVhcQy3V9PGazuz33BfG2RA;DVa7Qmb5ct9RCpaU7UTpSaf3GVMYz17vNVU67XpdCRut;F73euqPynBwrgcZn3fNSEneSnYasDQohPM5aZazW9hp2,0.055282555282555323,-0.016298020954598424,0.0034924330616996624,-0.1350407450523865
2026-05-09,RAY,0.845,6292390.016014655,4212067.165655039,10504457.181669693,0.4009790408784861,1.493895934832771,11,binance;bitget;coinbase;crypto_com;gate;htx;kraken;kucoin;mexc;okx;upbit,solana,solana,5,raydium;raydium-clmm,2AXXcN6oN9bBT5owwmTH53C7QHUXvhLeu718Kqt8rvY2;6UmmUiYoBjSrhakAobJw8BvkmJtDVxaeBtbt7rxWo1mg;AVs9TA4nWDzfPJE9gGVNJMVhcQy3V9PGazuz33BfG2RA;DVa7Qmb5ct9RCpaU7UTpSaf3GVMYz17vNVU67XpdCRut;F73euqPynBwrgcZn3fNSEneSnYasDQohPM5aZazW9hp2,-0.016298020954598424,0.03905325443786989,-0.03905325443786978,-0.1502958579881657
2026-05-10,RAY,0.878,7547266.9669720745,4056251.816468476,11603518.78344055,0.34957084072265876,1.8606504991455404,11,binance;bitget;coinbase;crypto_com;gate;htx;kraken;kucoin;mexc;okx;upbit,solana,solana,5,raydium;raydium-clmm,2AXXcN6oN9bBT5owwmTH53C7QHUXvhLeu718Kqt8rvY2;6UmmUiYoBjSrhakAobJw8BvkmJtDVxaeBtbt7rxWo1mg;AVs9TA4nWDzfPJE9gGVNJMVhcQy3V9PGazuz33BfG2RA;DVa7Qmb5ct9RCpaU7UTpSaf3GVMYz17vNVU67XpdCRut;F73euqPynBwrgcZn3fNSEneSnYasDQohPM5aZazW9hp2,0.03905325443786989,-0.018223234624145768,-0.11275626423690199,-0.2027334851936219
2026-05-11,RAY,0.862,5749375.406668806,2377959.00762021,8127334.414289016,0.29258781371656345,2.417777341091598,11,binance;bitget;coinbase;crypto_com;gate;htx;kraken;kucoin;mexc;okx;upbit,solana,solana,5,raydium;raydium-clmm,2AXXcN6oN9bBT5owwmTH53C7QHUXvhLeu718Kqt8rvY2;6UmmUiYoBjSrhakAobJw8BvkmJtDVxaeBtbt7rxWo1mg;AVs9TA4nWDzfPJE9gGVNJMVhcQy3V9PGazuz33BfG2RA;DVa7Qmb5ct9RCpaU7UTpSaf3GVMYz17vNVU67XpdCRut;F73euqPynBwrgcZn3fNSEneSnYasDQohPM5aZazW9hp2,-0.018223234624145768,-0.058004640371229654,-0.08004640371229688,-0.17865429234338748
2026-05-12,RAY,0.812,5318705.745433281,2206133.1333074584,7524838.878740739,0.293180115728491,2.410872519492702,11,binance;bitget;coinbase;crypto_com;gate;htx;kraken;kucoin;mexc;okx;upbit,solana,solana,5,raydium;raydium-clmm,2AXXcN6oN9bBT5owwmTH53C7QHUXvhLeu718Kqt8rvY2;6UmmUiYoBjSrhakAobJw8BvkmJtDVxaeBtbt7rxWo1mg;AVs9TA4nWDzfPJE9gGVNJMVhcQy3V9PGazuz33BfG2RA;DVa7Qmb5ct9RCpaU7UTpSaf3GVMYz17vNVU67XpdCRut;F73euqPynBwrgcZn3fNSEneSnYasDQohPM5aZazW9hp2,-0.058004640371229654,-0.04064039408866993,-0.08497536945812811,-0.13054187192118238
2026-05-13,RAY,0.779,4858411.414539946,1737699.4933338477,6596110.907873794,0.26344303751162695,2.7958869949480647,11,binance;bitget;coinbase;crypto_com;gate;htx;kraken;kucoin;mexc;okx;upbit,solana,solana,5,raydium;raydium-clmm,2AXXcN6oN9bBT5owwmTH53C7QHUXvhLeu718Kqt8rvY2;6UmmUiYoBjSrhakAobJw8BvkmJtDVxaeBtbt7rxWo1mg;AVs9TA4nWDzfPJE9gGVNJMVhcQy3V9PGazuz33BfG2RA;DVa7Qmb5ct9RCpaU7UTpSaf3GVMYz17vNVU67XpdCRut;F73euqPynBwrgcZn3fNSEneSnYasDQohPM5aZazW9hp2,-0.04064039408866993,0.01797175866495504,-0.07830551989730428,0.005134788189987249
2026-05-14,RAY,0.793,5447604.104835509,2136043.2786250263,7583647.383460536,0.28166437211777595,2.550324780096281,11,binance;bitget;coinbase;crypto_com;gate;htx;kraken;kucoin;mexc;okx;upbit,solana,solana,5,raydium;raydium-clmm,2AXXcN6oN9bBT5owwmTH53C7QHUXvhLeu718Kqt8rvY2;6UmmUiYoBjSrhakAobJw8BvkmJtDVxaeBtbt7rxWo1mg;AVs9TA4nWDzfPJE9gGVNJMVhcQy3V9PGazuz33BfG2RA;DVa7Qmb5ct9RCpaU7UTpSaf3GVMYz17vNVU67XpdCRut;F73euqPynBwrgcZn3fNSEneSnYasDQohPM5aZazW9hp2,0.01797175866495504,-0.06305170239596469,-0.11727616645649441,-0.02774274905422447
2026-05-15,RAY,0.743,3824008.0047351895,3252414.0066569387,7076422.011392128,0.45961278191450017,1.175744538336242,11,binance;bitget;coinbase;crypto_com;gate;htx;kraken;kucoin;mexc;okx;upbit,solana,solana,5,raydium;raydium-clmm,2AXXcN6oN9bBT5owwmTH53C7QHUXvhLeu718Kqt8rvY2;6UmmUiYoBjSrhakAobJw8BvkmJtDVxaeBtbt7rxWo1mg;AVs9TA4nWDzfPJE9gGVNJMVhcQy3V9PGazuz33BfG2RA;DVa7Qmb5ct9RCpaU7UTpSaf3GVMYz17vNVU67XpdCRut;F73euqPynBwrgcZn3fNSEneSnYasDQohPM5aZazW9hp2,-0.06305170239596469,-0.03364737550471064,-0.0471063257065949,0.016150740242261152
2026-05-16,RAY,0.718,2729917.781403473,1699283.500201162,4429201.281604635,0.3836546122341806,1.6065110860432084,11,binance;bitget;coinbase;crypto_com;gate;htx;kraken;kucoin;mexc;okx;upbit,solana,solana,5,raydium;raydium-clmm,2AXXcN6oN9bBT5owwmTH53C7QHUXvhLeu718Kqt8rvY2;6UmmUiYoBjSrhakAobJw8BvkmJtDVxaeBtbt7rxWo1mg;AVs9TA4nWDzfPJE9gGVNJMVhcQy3V9PGazuz33BfG2RA;DVa7Qmb5ct9RCpaU7UTpSaf3GVMYz17vNVU67XpdCRut;F73euqPynBwrgcZn3fNSEneSnYasDQohPM5aZazW9hp2,-0.03364737550471064,-0.025069637883008422,-0.01671309192200554,0.07381615598885793
2026-05-17,RAY,0.7,4261680.501760383,1380474.8216221903,5642155.323382573,0.24467153817994697,3.0871120827488183,11,binance;bitget;coinbase;crypto_com;gate;htx;kraken;kucoin;mexc;okx;upbit,solana,solana,5,raydium;raydium-clmm,2AXXcN6oN9bBT5owwmTH53C7QHUXvhLeu718Kqt8rvY2;6UmmUiYoBjSrhakAobJw8BvkmJtDVxaeBtbt7rxWo1mg;AVs9TA4nWDzfPJE9gGVNJMVhcQy3V9PGazuz33BfG2RA;DVa7Qmb5ct9RCpaU7UTpSaf3GVMYz17vNVU67XpdCRut;F73euqPynBwrgcZn3fNSEneSnYasDQohPM5aZazW9hp2,-0.025069637883008422,0.011428571428571344,0.11857142857142877,0.07857142857142874
2026-05-18,RAY,0.708,2912865.0009313803,1657128.3434533295,4569993.344384709,0.3626106688950639,1.7577787577160082,11,binance;bitget;coinbase;crypto_com;gate;htx;kraken;kucoin;mexc;okx;upbit,solana,solana,5,raydium;raydium-clmm,2AXXcN6oN9bBT5owwmTH53C7QHUXvhLeu718Kqt8rvY2;6UmmUiYoBjSrhakAobJw8BvkmJtDVxaeBtbt7rxWo1mg;AVs9TA4nWDzfPJE9gGVNJMVhcQy3V9PGazuz33BfG2RA;DVa7Qmb5ct9RCpaU7UTpSaf3GVMYz17vNVU67XpdCRut;F73euqPynBwrgcZn3fNSEneSnYasDQohPM5aZazW9hp2,0.011428571428571344,-0.0028248587570621764,0.08898305084745761,0.09039548022598876
2026-05-19,RAY,0.706,6274101.905523666,1639060.279521896,7913162.185045563,0.20713088411348649,3.8278652615227693,11,binance;bitget;coinbase;crypto_com;gate;htx;kraken;kucoin;mexc;okx;upbit,solana,solana,5,raydium;raydium-clmm,2AXXcN6oN9bBT5owwmTH53C7QHUXvhLeu718Kqt8rvY2;6UmmUiYoBjSrhakAobJw8BvkmJtDVxaeBtbt7rxWo1mg;AVs9TA4nWDzfPJE9gGVNJMVhcQy3V9PGazuz33BfG2RA;DVa7Qmb5ct9RCpaU7UTpSaf3GVMYz17vNVU67XpdCRut;F73euqPynBwrgcZn3fNSEneSnYasDQohPM5aZazW9hp2,-0.0028248587570621764,0.10906515580736564,0.06940509915014181,0.060906515580736675
2026-05-20,RAY,0.783,7362352.602351035,6180812.93077031,13543165.533121344,0.45637874805963435,1.1911625031876625,11,binance;bitget;coinbase;crypto_com;gate;htx;kraken;kucoin;mexc;okx;upbit,solana,solana,5,raydium;raydium-clmm,2AXXcN6oN9bBT5owwmTH53C7QHUXvhLeu718Kqt8rvY2;6UmmUiYoBjSrhakAobJw8BvkmJtDVxaeBtbt7rxWo1mg;AVs9TA4nWDzfPJE9gGVNJMVhcQy3V9PGazuz33BfG2RA;DVa7Qmb5ct9RCpaU7UTpSaf3GVMYz17vNVU67XpdCRut;F73euqPynBwrgcZn3fNSEneSnYasDQohPM5aZazW9hp2,0.10906515580736564,-0.01532567049808431,-0.01532567049808431,-0.07407407407407418
2026-05-21,RAY,0.771,3737721.936538554,2687796.1354844966,6425518.072023051,0.41830029973571514,1.3906270223373172,11,binance;bitget;coinbase;crypto_com;gate;htx;kraken;kucoin;mexc;okx;upbit,solana,solana,5,raydium;raydium-clmm,2AXXcN6oN9bBT5owwmTH53C7QHUXvhLeu718Kqt8rvY2;6UmmUiYoBjSrhakAobJw8BvkmJtDVxaeBtbt7rxWo1mg;AVs9TA4nWDzfPJE9gGVNJMVhcQy3V9PGazuz33BfG2RA;DVa7Qmb5ct9RCpaU7UTpSaf3GVMYz17vNVU67XpdCRut;F73euqPynBwrgcZn3fNSEneSnYasDQohPM5aZazW9hp2,-0.01532567049808431,-0.02075226977950717,-0.02075226977950717,-0.07782101167315181
2026-05-22,RAY,0.755,4736310.823866716,3000041.738665268,7736352.5625319835,0.38778503363391215,1.5787483096731587,11,binance;bitget;coinbase;crypto_com;gate;htx;kraken;kucoin;mexc;okx;upbit,solana,solana,5,raydium;raydium-clmm,2AXXcN6oN9bBT5owwmTH53C7QHUXvhLeu718Kqt8rvY2;6UmmUiYoBjSrhakAobJw8BvkmJtDVxaeBtbt7rxWo1mg;AVs9TA4nWDzfPJE9gGVNJMVhcQy3V9PGazuz33BfG2RA;DVa7Qmb5ct9RCpaU7UTpSaf3GVMYz17vNVU67XpdCRut;F73euqPynBwrgcZn3fNSEneSnYasDQohPM5aZazW9hp2,-0.02075226977950717,0.02119205298013238,0.02251655629139071,-0.052980132450331174
2026-05-23,RAY,0.771,3995393.4257470313,3781209.0312391897,7776602.456986221,0.4862289222258349,1.056644420538065,11,binance;bitget;coinbase;crypto_com;gate;htx;kraken;kucoin;mexc;okx;upbit,solana,solana,5,raydium;raydium-clmm,2AXXcN6oN9bBT5owwmTH53C7QHUXvhLeu718Kqt8rvY2;6UmmUiYoBjSrhakAobJw8BvkmJtDVxaeBtbt7rxWo1mg;AVs9TA4nWDzfPJE9gGVNJMVhcQy3V9PGazuz33BfG2RA;DVa7Qmb5ct9RCpaU7UTpSaf3GVMYz17vNVU67XpdCRut;F73euqPynBwrgcZn3fNSEneSnYasDQohPM5aZazW9hp2,0.02119205298013238,-0.02075226977950717,-0.02853437094682232,-0.06874189364461747
2026-05-24,RAY,0.755,2297110.7587772473,2345548.9547820385,4642659.713559286,0.5052166429367334,0.9793488872163436,11,binance;bitget;coinbase;crypto_com;gate;htx;kraken;kucoin;mexc;okx;upbit,solana,solana,5,raydium;raydium-clmm,2AXXcN6oN9bBT5owwmTH53C7QHUXvhLeu718Kqt8rvY2;6UmmUiYoBjSrhakAobJw8BvkmJtDVxaeBtbt7rxWo1mg;AVs9TA4nWDzfPJE9gGVNJMVhcQy3V9PGazuz33BfG2RA;DVa7Qmb5ct9RCpaU7UTpSaf3GVMYz17vNVU67XpdCRut;F73euqPynBwrgcZn3fNSEneSnYasDQohPM5aZazW9hp2,-0.02075226977950717,0.02251655629139071,-0.039735099337748325,-0.051655629139072845
2026-05-25,RAY,0.772,5477993.3925845055,2896197.493119081,8374190.885703586,0.3458480386521243,1.8914433168315952,11,binance;bitget;coinbase;crypto_com;gate;htx;kraken;kucoin;mexc;okx;upbit,solana,solana,5,raydium;raydium-clmm,2AXXcN6oN9bBT5owwmTH53C7QHUXvhLeu718Kqt8rvY2;6UmmUiYoBjSrhakAobJw8BvkmJtDVxaeBtbt7rxWo1mg;AVs9TA4nWDzfPJE9gGVNJMVhcQy3V9PGazuz33BfG2RA;DVa7Qmb5ct9RCpaU7UTpSaf3GVMYz17vNVU67XpdCRut;F73euqPynBwrgcZn3fNSEneSnYasDQohPM5aZazW9hp2,0.02251655629139071,-0.029792746113989632,-0.07901554404145084,-0.07253886010362698
2026-05-26,RAY,0.749,3765691.879372776,2950651.0504025584,6716342.929775335,0.43932406091439097,1.2762240654851482,11,binance;bitget;coinbase;crypto_com;gate;htx;kraken;kucoin;mexc;okx;upbit,solana,solana,5,raydium;raydium-clmm,2AXXcN6oN9bBT5owwmTH53C7QHUXvhLeu718Kqt8rvY2;6UmmUiYoBjSrhakAobJw8BvkmJtDVxaeBtbt7rxWo1mg;AVs9TA4nWDzfPJE9gGVNJMVhcQy3V9PGazuz33BfG2RA;DVa7Qmb5ct9RCpaU7UTpSaf3GVMYz17vNVU67XpdCRut;F73euqPynBwrgcZn3fNSEneSnYasDQohPM5aZazW9hp2,-0.029792746113989632,-0.03204272363150873,-0.04539385847797062,-0.13351134846461943
2026-05-27,RAY,0.725,4787359.919054012,3075814.005805365,7863173.924859377,0.3911669810687002,1.5564529942376992,11,binance;bitget;coinbase;crypto_com;gate;htx;kraken;kucoin;mexc;okx;upbit,solana,solana,5,raydium;raydium-clmm,2AXXcN6oN9bBT5owwmTH53C7QHUXvhLeu718Kqt8rvY2;6UmmUiYoBjSrhakAobJw8BvkmJtDVxaeBtbt7rxWo1mg;AVs9TA4nWDzfPJE9gGVNJMVhcQy3V9PGazuz33BfG2RA;DVa7Qmb5ct9RCpaU7UTpSaf3GVMYz17vNVU67XpdCRut;F73euqPynBwrgcZn3fNSEneSnYasDQohPM5aZazW9hp2,-0.03204272363150873,-0.0193103448275862,-0.0096551724137931,-0.10344827586206895
2026-05-28,RAY,0.711,3245889.8097465397,2182805.2088383036,5428695.018584844,0.4020865422289497,1.4870267839767586,11,binance;bitget;coinbase;crypto_com;gate;htx;kraken;kucoin;mexc;okx;upbit,solana,solana,5,raydium;raydium-clmm,2AXXcN6oN9bBT5owwmTH53C7QHUXvhLeu718Kqt8rvY2;6UmmUiYoBjSrhakAobJw8BvkmJtDVxaeBtbt7rxWo1mg;AVs9TA4nWDzfPJE9gGVNJMVhcQy3V9PGazuz33BfG2RA;DVa7Qmb5ct9RCpaU7UTpSaf3GVMYz17vNVU67XpdCRut;F73euqPynBwrgcZn3fNSEneSnYasDQohPM5aZazW9hp2,-0.0193103448275862,0.005625879043600568,0.007032348804500765,-0.13080168776371304
2026-05-29,RAY,0.715,3673042.2747073164,2202782.9181926358,5875825.192899952,0.3748891169965993,1.6674554012435396,11,binance;bitget;coinbase;crypto_com;gate;htx;kraken;kucoin;mexc;okx;upbit,solana,solana,5,raydium;raydium-clmm,2AXXcN6oN9bBT5owwmTH53C7QHUXvhLeu718Kqt8rvY2;6UmmUiYoBjSrhakAobJw8BvkmJtDVxaeBtbt7rxWo1mg;AVs9TA4nWDzfPJE9gGVNJMVhcQy3V9PGazuz33BfG2RA;DVa7Qmb5ct9RCpaU7UTpSaf3GVMYz17vNVU67XpdCRut;F73euqPynBwrgcZn3fNSEneSnYasDQohPM5aZazW9hp2,0.005625879043600568,0.00419580419580412,0.0013986013986013734,-0.20839160839160842
2026-05-30,RAY,0.718,2864905.807134043,1715780.39284987,4580686.199983913,0.374568420088653,1.6697392155038577,11,binance;bitget;coinbase;crypto_com;gate;htx;kraken;kucoin;mexc;okx;upbit,solana,solana,5,raydium;raydium-clmm,2AXXcN6oN9bBT5owwmTH53C7QHUXvhLeu718Kqt8rvY2;6UmmUiYoBjSrhakAobJw8BvkmJtDVxaeBtbt7rxWo1mg;AVs9TA4nWDzfPJE9gGVNJMVhcQy3V9PGazuz33BfG2RA;DVa7Qmb5ct9RCpaU7UTpSaf3GVMYz17vNVU67XpdCRut;F73euqPynBwrgcZn3fNSEneSnYasDQohPM5aZazW9hp2,0.00419580419580412,-0.0027855153203342198,-0.09610027855153191,-0.2228412256267408
2026-05-31,RAY,0.716,3357797.9381791083,1441733.24754326,4799531.185722368,0.30039043226391027,2.3290008355573804,11,binance;bitget;coinbase;crypto_com;gate;htx;kraken;kucoin;mexc;okx;upbit,solana,solana,5,raydium;raydium-clmm,2AXXcN6oN9bBT5owwmTH53C7QHUXvhLeu718Kqt8rvY2;6UmmUiYoBjSrhakAobJw8BvkmJtDVxaeBtbt7rxWo1mg;AVs9TA4nWDzfPJE9gGVNJMVhcQy3V9PGazuz33BfG2RA;DVa7Qmb5ct9RCpaU7UTpSaf3GVMYz17vNVU67XpdCRut;F73euqPynBwrgcZn3fNSEneSnYasDQohPM5aZazW9hp2,-0.0027855153203342198,0.0,-0.0921787709497206,-0.17877094972067042
2026-06-01,RAY,0.716,4934851.054277263,2694260.2361063394,7629111.290383602,0.35315518853453093,1.831616333175356,11,binance;bitget;coinbase;crypto_com;gate;htx;kraken;kucoin;mexc;okx;upbit,solana,solana,5,raydium;raydium-clmm,2AXXcN6oN9bBT5owwmTH53C7QHUXvhLeu718Kqt8rvY2;6UmmUiYoBjSrhakAobJw8BvkmJtDVxaeBtbt7rxWo1mg;AVs9TA4nWDzfPJE9gGVNJMVhcQy3V9PGazuz33BfG2RA;DVa7Qmb5ct9RCpaU7UTpSaf3GVMYz17vNVU67XpdCRut;F73euqPynBwrgcZn3fNSEneSnYasDQohPM5aZazW9hp2,0.0,-0.09357541899441335,-0.13687150837988826,-0.17318435754189943
2026-06-02,RAY,0.649,6874247.003453022,4084760.20811786,10959007.211570881,0.37273086231798763,1.682900991297229,11,binance;bitget;coinbase;crypto_com;gate;htx;kraken;kucoin;mexc;okx;upbit,solana,solana,5,raydium;raydium-clmm,2AXXcN6oN9bBT5owwmTH53C7QHUXvhLeu718Kqt8rvY2;6UmmUiYoBjSrhakAobJw8BvkmJtDVxaeBtbt7rxWo1mg;AVs9TA4nWDzfPJE9gGVNJMVhcQy3V9PGazuz33BfG2RA;DVa7Qmb5ct9RCpaU7UTpSaf3GVMYz17vNVU67XpdCRut;F73euqPynBwrgcZn3fNSEneSnYasDQohPM5aZazW9hp2,-0.09357541899441335,0.0015408320493066618,-0.12788906009245005,-0.11248073959938376
2026-06-03,RAY,0.65,7387702.861789957,5246981.212605474,12634684.07439543,0.41528392650819346,1.4079911023964717,11,binance;bitget;coinbase;crypto_com;gate;htx;kraken;kucoin;mexc;okx;upbit,solana,solana,5,raydium;raydium-clmm,2AXXcN6oN9bBT5owwmTH53C7QHUXvhLeu718Kqt8rvY2;6UmmUiYoBjSrhakAobJw8BvkmJtDVxaeBtbt7rxWo1mg;AVs9TA4nWDzfPJE9gGVNJMVhcQy3V9PGazuz33BfG2RA;DVa7Qmb5ct9RCpaU7UTpSaf3GVMYz17vNVU67XpdCRut;F73euqPynBwrgcZn3fNSEneSnYasDQohPM5aZazW9hp2,0.0015408320493066618,-0.0492307692307693,-0.1415384615384615,-0.13538461538461533
2026-06-04,RAY,0.618,8358220.405436344,8260601.556087562,16618821.961523905,0.4970630033351705,1.011817401999839,11,binance;bitget;coinbase;crypto_com;gate;htx;kraken;kucoin;mexc;okx;upbit,solana,solana,5,raydium;raydium-clmm,2AXXcN6oN9bBT5owwmTH53C7QHUXvhLeu718Kqt8rvY2;6UmmUiYoBjSrhakAobJw8BvkmJtDVxaeBtbt7rxWo1mg;AVs9TA4nWDzfPJE9gGVNJMVhcQy3V9PGazuz33BfG2RA;DVa7Qmb5ct9RCpaU7UTpSaf3GVMYz17vNVU67XpdCRut;F73euqPynBwrgcZn3fNSEneSnYasDQohPM5aZazW9hp2,-0.0492307692307693,-0.08414239482200658,-0.04854368932038844,-0.04854368932038844
2026-06-05,RAY,0.566,7294252.475170303,11010776.107862175,18305028.583032478,0.6015164662495212,0.6624648801969453,11,binance;bitget;coinbase;crypto_com;gate;htx;kraken;kucoin;mexc;okx;upbit,solana,solana,5,raydium;raydium-clmm,2AXXcN6oN9bBT5owwmTH53C7QHUXvhLeu718Kqt8rvY2;6UmmUiYoBjSrhakAobJw8BvkmJtDVxaeBtbt7rxWo1mg;AVs9TA4nWDzfPJE9gGVNJMVhcQy3V9PGazuz33BfG2RA;DVa7Qmb5ct9RCpaU7UTpSaf3GVMYz17vNVU67XpdCRut;F73euqPynBwrgcZn3fNSEneSnYasDQohPM5aZazW9hp2,-0.08414239482200658,-0.014134275618374326,0.04593639575971742,0.04770318021201425
2026-06-06,RAY,0.558,3736459.0380110894,8953941.996576201,12690401.03458729,0.7055680882087582,0.417297659448747,11,binance;bitget;coinbase;crypto_com;gate;htx;kraken;kucoin;mexc;okx;upbit,solana,solana,5,raydium;raydium-clmm,2AXXcN6oN9bBT5owwmTH53C7QHUXvhLeu718Kqt8rvY2;6UmmUiYoBjSrhakAobJw8BvkmJtDVxaeBtbt7rxWo1mg;AVs9TA4nWDzfPJE9gGVNJMVhcQy3V9PGazuz33BfG2RA;DVa7Qmb5ct9RCpaU7UTpSaf3GVMYz17vNVU67XpdCRut;F73euqPynBwrgcZn3fNSEneSnYasDQohPM5aZazW9hp2,-0.014134275618374326,0.053763440860215006,0.03225806451612878,0.10035842293906794
2026-06-07,RAY,0.588,3768164.258865734,7908660.708218738,11676824.967084473,0.6772954746270734,0.4764604776823755,11,binance;bitget;coinbase;crypto_com;gate;htx;kraken;kucoin;mexc;okx;upbit,solana,solana,5,raydium;raydium-clmm,2AXXcN6oN9bBT5owwmTH53C7QHUXvhLeu718Kqt8rvY2;6UmmUiYoBjSrhakAobJw8BvkmJtDVxaeBtbt7rxWo1mg;AVs9TA4nWDzfPJE9gGVNJMVhcQy3V9PGazuz33BfG2RA;DVa7Qmb5ct9RCpaU7UTpSaf3GVMYz17vNVU67XpdCRut;F73euqPynBwrgcZn3fNSEneSnYasDQohPM5aZazW9hp2,0.053763440860215006,0.006802721088435382,-0.04421768707482976,0.061224489795918435
2026-06-08,RAY,0.592,3980863.8675394724,7056622.118579756,11037485.986119227,0.6393323740074671,0.5641316483502843,11,binance;bitget;coinbase;crypto_com;gate;htx;kraken;kucoin;mexc;okx;upbit,solana,solana,5,raydium;raydium-clmm,2AXXcN6oN9bBT5owwmTH53C7QHUXvhLeu718Kqt8rvY2;6UmmUiYoBjSrhakAobJw8BvkmJtDVxaeBtbt7rxWo1mg;AVs9TA4nWDzfPJE9gGVNJMVhcQy3V9PGazuz33BfG2RA;DVa7Qmb5ct9RCpaU7UTpSaf3GVMYz17vNVU67XpdCRut;F73euqPynBwrgcZn3fNSEneSnYasDQohPM5aZazW9hp2,0.006802721088435382,-0.027027027027027084,-0.006756756756756799,0.07432432432432434
2026-06-09,RAY,0.576,5054461.507328793,2376839.00704193,7431300.514370724,0.3198415946772136,2.126547693114171,11,binance;bitget;coinbase;crypto_com;gate;htx;kraken;kucoin;mexc;okx;upbit,solana,solana,5,raydium;raydium-clmm,2AXXcN6oN9bBT5owwmTH53C7QHUXvhLeu718Kqt8rvY2;6UmmUiYoBjSrhakAobJw8BvkmJtDVxaeBtbt7rxWo1mg;AVs9TA4nWDzfPJE9gGVNJMVhcQy3V9PGazuz33BfG2RA;DVa7Qmb5ct9RCpaU7UTpSaf3GVMYz17vNVU67XpdCRut;F73euqPynBwrgcZn3fNSEneSnYasDQohPM5aZazW9hp2,-0.027027027027027084,-0.024305555555555358,0.02951388888888884,0.07986111111111116
2026-06-10,RAY,0.562,6619902.135815317,4045284.129115407,10665186.264930723,0.3792980289914968,1.6364492392930898,11,binance;bitget;coinbase;crypto_com;gate;htx;kraken;kucoin;mexc;okx;upbit,solana,solana,5,raydium;raydium-clmm,2AXXcN6oN9bBT5owwmTH53C7QHUXvhLeu718Kqt8rvY2;6UmmUiYoBjSrhakAobJw8BvkmJtDVxaeBtbt7rxWo1mg;AVs9TA4nWDzfPJE9gGVNJMVhcQy3V9PGazuz33BfG2RA;DVa7Qmb5ct9RCpaU7UTpSaf3GVMYz17vNVU67XpdCRut;F73euqPynBwrgcZn3fNSEneSnYasDQohPM5aZazW9hp2,-0.024305555555555358,0.04626334519572928,0.092526690391459,0.09786476868327387
2026-06-11,RAY,0.588,3810071.3818289284,2068142.7552490693,5878214.137077997,0.3518318160959551,1.8422671124412184,11,binance;bitget;coinbase;crypto_com;gate;htx;kraken;kucoin;mexc;okx;upbit,solana,solana,5,raydium;raydium-clmm,2AXXcN6oN9bBT5owwmTH53C7QHUXvhLeu718Kqt8rvY2;6UmmUiYoBjSrhakAobJw8BvkmJtDVxaeBtbt7rxWo1mg;AVs9TA4nWDzfPJE9gGVNJMVhcQy3V9PGazuz33BfG2RA;DVa7Qmb5ct9RCpaU7UTpSaf3GVMYz17vNVU67XpdCRut;F73euqPynBwrgcZn3fNSEneSnYasDQohPM5aZazW9hp2,0.04626334519572928,0.008503401360544283,0.061224489795918435,0.027210884353741527
2026-06-12,RAY,0.593,3558782.9199430253,1312890.8625396893,4871673.782482714,0.2694948227569151,2.7106464227032747,11,binance;bitget;coinbase;crypto_com;gate;htx;kraken;kucoin;mexc;okx;upbit,solana,solana,5,raydium;raydium-clmm,2AXXcN6oN9bBT5owwmTH53C7QHUXvhLeu718Kqt8rvY2;6UmmUiYoBjSrhakAobJw8BvkmJtDVxaeBtbt7rxWo1mg;AVs9TA4nWDzfPJE9gGVNJMVhcQy3V9PGazuz33BfG2RA;DVa7Qmb5ct9RCpaU7UTpSaf3GVMYz17vNVU67XpdCRut;F73euqPynBwrgcZn3fNSEneSnYasDQohPM5aZazW9hp2,0.008503401360544283,0.03541315345699836,0.07251264755480613,0.008431703204047292
2026-06-13,RAY,0.614,4017946.526327204,1828666.7383573356,5846613.264684539,0.3127736786359861,2.197199982943019,11,binance;bitget;coinbase;crypto_com;gate;htx;kraken;kucoin;mexc;okx;upbit,solana,solana,5,raydium;raydium-clmm,2AXXcN6oN9bBT5owwmTH53C7QHUXvhLeu718Kqt8rvY2;6UmmUiYoBjSrhakAobJw8BvkmJtDVxaeBtbt7rxWo1mg;AVs9TA4nWDzfPJE9gGVNJMVhcQy3V9PGazuz33BfG2RA;DVa7Qmb5ct9RCpaU7UTpSaf3GVMYz17vNVU67XpdCRut;F73euqPynBwrgcZn3fNSEneSnYasDQohPM5aZazW9hp2,0.03541315345699836,0.016286644951140072,0.013029315960912058,0.026058631921824116
2026-06-14,RAY,0.624,4429398.933677644,2232156.3466703724,6661555.280348016,0.335080360776314,1.9843587301959467,11,binance;bitget;coinbase;crypto_com;gate;htx;kraken;kucoin;mexc;okx;upbit,solana,solana,5,raydium;raydium-clmm,2AXXcN6oN9bBT5owwmTH53C7QHUXvhLeu718Kqt8rvY2;6UmmUiYoBjSrhakAobJw8BvkmJtDVxaeBtbt7rxWo1mg;AVs9TA4nWDzfPJE9gGVNJMVhcQy3V9PGazuz33BfG2RA;DVa7Qmb5ct9RCpaU7UTpSaf3GVMYz17vNVU67XpdCRut;F73euqPynBwrgcZn3fNSEneSnYasDQohPM5aZazW9hp2,0.016286644951140072,0.019230769230769162,-0.011217948717948678,-0.004807692307692291
2026-06-15,RAY,0.636,6385375.310917305,2542061.343502331,8927436.654419636,0.28474706031589175,2.511888758010788,11,binance;bitget;coinbase;crypto_com;gate;htx;kraken;kucoin;mexc;okx;upbit,solana,solana,5,raydium;raydium-clmm,2AXXcN6oN9bBT5owwmTH53C7QHUXvhLeu718Kqt8rvY2;6UmmUiYoBjSrhakAobJw8BvkmJtDVxaeBtbt7rxWo1mg;AVs9TA4nWDzfPJE9gGVNJMVhcQy3V9PGazuz33BfG2RA;DVa7Qmb5ct9RCpaU7UTpSaf3GVMYz17vNVU67XpdCRut;F73euqPynBwrgcZn3fNSEneSnYasDQohPM5aZazW9hp2,0.019230769230769162,-0.022012578616352196,-0.05031446540880502,-0.02358490566037741
2026-06-16,RAY,0.622,3031331.389465889,1806540.1546011653,4837871.544067054,0.37341631296858724,1.6779762031556527,11,binance;bitget;coinbase;crypto_com;gate;htx;kraken;kucoin;mexc;okx;upbit,solana,solana,5,raydium;raydium-clmm,2AXXcN6oN9bBT5owwmTH53C7QHUXvhLeu718Kqt8rvY2;6UmmUiYoBjSrhakAobJw8BvkmJtDVxaeBtbt7rxWo1mg;AVs9TA4nWDzfPJE9gGVNJMVhcQy3V9PGazuz33BfG2RA;DVa7Qmb5ct9RCpaU7UTpSaf3GVMYz17vNVU67XpdCRut;F73euqPynBwrgcZn3fNSEneSnYasDQohPM5aZazW9hp2,-0.022012578616352196,-0.008038585209003246,-0.03858520900321549,-0.0337620578778135
2026-06-17,RAY,0.617,5431060.770106532,1834149.969045954,7265210.7391524855,0.25245654047743626,2.961077808120312,11,binance;bitget;coinbase;crypto_com;gate;htx;kraken;kucoin;mexc;okx;upbit,solana,solana,5,raydium;raydium-clmm,2AXXcN6oN9bBT5owwmTH53C7QHUXvhLeu718Kqt8rvY2;6UmmUiYoBjSrhakAobJw8BvkmJtDVxaeBtbt7rxWo1mg;AVs9TA4nWDzfPJE9gGVNJMVhcQy3V9PGazuz33BfG2RA;DVa7Qmb5ct9RCpaU7UTpSaf3GVMYz17vNVU67XpdCRut;F73euqPynBwrgcZn3fNSEneSnYasDQohPM5aZazW9hp2,-0.008038585209003246,-0.021069692058346856,0.021069692058346856,-0.04376012965964349
2026-06-18,RAY,0.604,4170274.8701511333,1643506.9246324927,5813781.794783626,0.2826915392846559,2.5374245813315666,11,binance;bitget;coinbase;crypto_com;gate;htx;kraken;kucoin;mexc;okx;upbit,solana,solana,5,raydium;raydium-clmm,2AXXcN6oN9bBT5owwmTH53C7QHUXvhLeu718Kqt8rvY2;6UmmUiYoBjSrhakAobJw8BvkmJtDVxaeBtbt7rxWo1mg;AVs9TA4nWDzfPJE9gGVNJMVhcQy3V9PGazuz33BfG2RA;DVa7Qmb5ct9RCpaU7UTpSaf3GVMYz17vNVU67XpdCRut;F73euqPynBwrgcZn3fNSEneSnYasDQohPM5aZazW9hp2,-0.021069692058346856,-0.009933774834437137,0.0281456953642385,-0.01903973509933765
2026-06-19,RAY,0.598,4568261.661449668,1466197.6682434431,6034459.329693111,0.24297084264515348,3.115720179068766,11,binance;bitget;coinbase;crypto_com;gate;htx;kraken;kucoin;mexc;okx;upbit,solana,solana,5,raydium;raydium-clmm,2AXXcN6oN9bBT5owwmTH53C7QHUXvhLeu718Kqt8rvY2;6UmmUiYoBjSrhakAobJw8BvkmJtDVxaeBtbt7rxWo1mg;AVs9TA4nWDzfPJE9gGVNJMVhcQy3V9PGazuz33BfG2RA;DVa7Qmb5ct9RCpaU7UTpSaf3GVMYz17vNVU67XpdCRut;F73euqPynBwrgcZn3fNSEneSnYasDQohPM5aZazW9hp2,-0.009933774834437137,0.05351170568561869,0.03846153846153855,0.05769230769230771
2026-06-20,RAY,0.63,4278761.409715744,2091764.7278700622,6370526.137585806,0.3283503878162823,2.045527086630144,11,binance;bitget;coinbase;crypto_com;gate;htx;kraken;kucoin;mexc;okx;upbit,solana,solana,5,raydium;raydium-clmm,2AXXcN6oN9bBT5owwmTH53C7QHUXvhLeu718Kqt8rvY2;6UmmUiYoBjSrhakAobJw8BvkmJtDVxaeBtbt7rxWo1mg;AVs9TA4nWDzfPJE9gGVNJMVhcQy3V9PGazuz33BfG2RA;DVa7Qmb5ct9RCpaU7UTpSaf3GVMYz17vNVU67XpdCRut;F73euqPynBwrgcZn3fNSEneSnYasDQohPM5aZazW9hp2,0.05351170568561869,-0.014285714285714346,-0.04603174603174609,-0.03412698412698412
2026-06-21,RAY,0.621,4636750.692337422,1567085.1502946925,6203835.842632114,0.25259939012664495,2.958837745010521,11,binance;bitget;coinbase;crypto_com;gate;htx;kraken;kucoin;mexc;okx;upbit,solana,solana,5,raydium;raydium-clmm,2AXXcN6oN9bBT5owwmTH53C7QHUXvhLeu718Kqt8rvY2;6UmmUiYoBjSrhakAobJw8BvkmJtDVxaeBtbt7rxWo1mg;AVs9TA4nWDzfPJE9gGVNJMVhcQy3V9PGazuz33BfG2RA;DVa7Qmb5ct9RCpaU7UTpSaf3GVMYz17vNVU67XpdCRut;F73euqPynBwrgcZn3fNSEneSnYasDQohPM5aZazW9hp2,-0.014285714285714346,0.0,-0.0499194847020934,-0.011594202898550732
2026-06-22,RAY,0.621,4748310.9831904685,1057863.269386622,5806174.252577091,0.1821962661415278,4.488586682798496,11,binance;bitget;coinbase;crypto_com;gate;htx;kraken;kucoin;mexc;okx;upbit,solana,solana,5,raydium;raydium-clmm,2AXXcN6oN9bBT5owwmTH53C7QHUXvhLeu718Kqt8rvY2;6UmmUiYoBjSrhakAobJw8BvkmJtDVxaeBtbt7rxWo1mg;AVs9TA4nWDzfPJE9gGVNJMVhcQy3V9PGazuz33BfG2RA;DVa7Qmb5ct9RCpaU7UTpSaf3GVMYz17vNVU67XpdCRut;F73euqPynBwrgcZn3fNSEneSnYasDQohPM5aZazW9hp2,0.0,-0.032206119162640934,-0.04589371980676327,0.014653784219001542
2026-06-23,RAY,0.601,2913367.662988569,1040369.5122522861,3953737.175240855,0.26313572858795514,2.800320106152906,11,binance;bitget;coinbase;crypto_com;gate;htx;kraken;kucoin;mexc;okx;upbit,solana,solana,5,raydium;raydium-clmm,2AXXcN6oN9bBT5owwmTH53C7QHUXvhLeu718Kqt8rvY2;6UmmUiYoBjSrhakAobJw8BvkmJtDVxaeBtbt7rxWo1mg;AVs9TA4nWDzfPJE9gGVNJMVhcQy3V9PGazuz33BfG2RA;DVa7Qmb5ct9RCpaU7UTpSaf3GVMYz17vNVU67XpdCRut;F73euqPynBwrgcZn3fNSEneSnYasDQohPM5aZazW9hp2,-0.032206119162640934,-0.01830282861896837,0.05241264559068215,-0.003660565723793696
2026-06-24,RAY,0.59,9312977.61398519,1638480.509851678,10951458.123836868,0.14961300050861473,5.683911134730701,11,binance;bitget;coinbase;crypto_com;gate;htx;kraken;kucoin;mexc;okx;upbit,solana,solana,5,raydium;raydium-clmm,2AXXcN6oN9bBT5owwmTH53C7QHUXvhLeu718Kqt8rvY2;6UmmUiYoBjSrhakAobJw8BvkmJtDVxaeBtbt7rxWo1mg;AVs9TA4nWDzfPJE9gGVNJMVhcQy3V9PGazuz33BfG2RA;DVa7Qmb5ct9RCpaU7UTpSaf3GVMYz17vNVU67XpdCRut;F73euqPynBwrgcZn3fNSEneSnYasDQohPM5aZazW9hp2,-0.01830282861896837,0.004237288135593209,0.03135593220339006,0.09898305084745762
2026-06-25,RAY,0.5925,6398961.844098014,1892738.7256408308,8291700.569738844,0.22826906371275832,3.380795118423699,11,binance;bitget;coinbase;crypto_com;gate;htx;kraken;kucoin;mexc;okx;upbit,solana,solana,5,raydium;raydium-clmm,2AXXcN6oN9bBT5owwmTH53C7QHUXvhLeu718Kqt8rvY2;6UmmUiYoBjSrhakAobJw8BvkmJtDVxaeBtbt7rxWo1mg;AVs9TA4nWDzfPJE9gGVNJMVhcQy3V9PGazuz33BfG2RA;DVa7Qmb5ct9RCpaU7UTpSaf3GVMYz17vNVU67XpdCRut;F73euqPynBwrgcZn3fNSEneSnYasDQohPM5aZazW9hp2,0.004237288135593209,0.06751054852320659,0.03594936708860752,0.16928270042194082
2026-06-26,RAY,0.6325,5100831.206808556,3395958.297759177,8496789.504567733,0.3996754651781789,1.5020299896421987,11,binance;bitget;coinbase;crypto_com;gate;htx;kraken;kucoin;mexc;okx;upbit,solana,solana,5,raydium;raydium-clmm,2AXXcN6oN9bBT5owwmTH53C7QHUXvhLeu718Kqt8rvY2;6UmmUiYoBjSrhakAobJw8BvkmJtDVxaeBtbt7rxWo1mg;AVs9TA4nWDzfPJE9gGVNJMVhcQy3V9PGazuz33BfG2RA;DVa7Qmb5ct9RCpaU7UTpSaf3GVMYz17vNVU67XpdCRut;F73euqPynBwrgcZn3fNSEneSnYasDQohPM5aZazW9hp2,0.06751054852320659,-0.037944664031620445,-0.0037944664031619446,0.1460869565217393
2026-06-27,RAY,0.6085,3412355.3845278057,969630.9064729466,4381986.291000753,0.22127657233074172,3.5192312474241585,11,binance;bitget;coinbase;crypto_com;gate;htx;kraken;kucoin;mexc;okx;upbit,solana,solana,5,raydium;raydium-clmm,2AXXcN6oN9bBT5owwmTH53C7QHUXvhLeu718Kqt8rvY2;6UmmUiYoBjSrhakAobJw8BvkmJtDVxaeBtbt7rxWo1mg;AVs9TA4nWDzfPJE9gGVNJMVhcQy3V9PGazuz33BfG2RA;DVa7Qmb5ct9RCpaU7UTpSaf3GVMYz17vNVU67XpdCRut;F73euqPynBwrgcZn3fNSEneSnYasDQohPM5aZazW9hp2,-0.037944664031620445,0.008709942481511801,-0.01594083812654079,0.18159408381265396
2026-06-28,RAY,0.6138,6545371.596879888,877358.8190428849,7422730.415922773,0.11819893353001613,7.460313220559255,11,binance;bitget;coinbase;crypto_com;gate;htx;kraken;kucoin;mexc;okx;upbit,solana,solana,5,raydium;raydium-clmm,2AXXcN6oN9bBT5owwmTH53C7QHUXvhLeu718Kqt8rvY2;6UmmUiYoBjSrhakAobJw8BvkmJtDVxaeBtbt7rxWo1mg;AVs9TA4nWDzfPJE9gGVNJMVhcQy3V9PGazuz33BfG2RA;DVa7Qmb5ct9RCpaU7UTpSaf3GVMYz17vNVU67XpdCRut;F73euqPynBwrgcZn3fNSEneSnYasDQohPM5aZazW9hp2,0.008709942481511801,0.026555881394590974,0.05637015314434657,0.18181818181818188
2026-06-29,RAY,0.6301,4447674.194297219,1888629.2946764743,6336303.488973693,0.29806484142734463,2.35497469346366,11,binance;bitget;coinbase;crypto_com;gate;htx;kraken;kucoin;mexc;okx;upbit,solana,solana,5,raydium;raydium-clmm,2AXXcN6oN9bBT5owwmTH53C7QHUXvhLeu718Kqt8rvY2;6UmmUiYoBjSrhakAobJw8BvkmJtDVxaeBtbt7rxWo1mg;AVs9TA4nWDzfPJE9gGVNJMVhcQy3V9PGazuz33BfG2RA;DVa7Qmb5ct9RCpaU7UTpSaf3GVMYz17vNVU67XpdCRut;F73euqPynBwrgcZn3fNSEneSnYasDQohPM5aZazW9hp2,0.026555881394590974,-0.04967465481669575,0.0995080146008569,0.1731471195048404
2026-06-30,RAY,0.5988,7403440.78597939,1247148.3459498417,8650589.131929232,0.14416918049507524,5.936295237068089,11,binance;bitget;coinbase;crypto_com;gate;htx;kraken;kucoin;mexc;okx;upbit,solana,solana,5,raydium;raydium-clmm,2AXXcN6oN9bBT5owwmTH53C7QHUXvhLeu718Kqt8rvY2;6UmmUiYoBjSrhakAobJw8BvkmJtDVxaeBtbt7rxWo1mg;AVs9TA4nWDzfPJE9gGVNJMVhcQy3V9PGazuz33BfG2RA;DVa7Qmb5ct9RCpaU7UTpSaf3GVMYz17vNVU67XpdCRut;F73euqPynBwrgcZn3fNSEneSnYasDQohPM5aZazW9hp2,-0.04967465481669575,0.08283233132932533,0.2105878423513694,0.1907147628590513
2026-07-01,RAY,0.6484,10970526.225066688,2129866.1244975436,13100392.349564232,0.16258033100576494,5.150805536030929,11,binance;bitget;coinbase;crypto_com;gate;htx;kraken;kucoin;mexc;okx;upbit,solana,solana,5,raydium;raydium-clmm,2AXXcN6oN9bBT5owwmTH53C7QHUXvhLeu718Kqt8rvY2;6UmmUiYoBjSrhakAobJw8BvkmJtDVxaeBtbt7rxWo1mg;AVs9TA4nWDzfPJE9gGVNJMVhcQy3V9PGazuz33BfG2RA;DVa7Qmb5ct9RCpaU7UTpSaf3GVMYz17vNVU67XpdCRut;F73euqPynBwrgcZn3fNSEneSnYasDQohPM5aZazW9hp2,0.08283233132932533,0.06847624922887108,0.10888340530536711,
2026-07-02,RAY,0.6928,10480676.492102984,6421778.982517102,16902455.474620085,0.37993172010775217,1.632051884787063,11,binance;bitget;coinbase;crypto_com;gate;htx;kraken;kucoin;mexc;okx;upbit,solana,solana,5,raydium;raydium-clmm,2AXXcN6oN9bBT5owwmTH53C7QHUXvhLeu718Kqt8rvY2;6UmmUiYoBjSrhakAobJw8BvkmJtDVxaeBtbt7rxWo1mg;AVs9TA4nWDzfPJE9gGVNJMVhcQy3V9PGazuz33BfG2RA;DVa7Qmb5ct9RCpaU7UTpSaf3GVMYz17vNVU67XpdCRut;F73euqPynBwrgcZn3fNSEneSnYasDQohPM5aZazW9hp2,0.06847624922887108,0.04633371824480381,0.047055427251732285,
2026-07-03,RAY,0.7249,4826266.485636226,2958271.37804968,7784537.863685906,0.38001888228326586,1.6314481901312488,11,binance;bitget;coinbase;crypto_com;gate;htx;kraken;kucoin;mexc;okx;upbit,solana,solana,5,raydium;raydium-clmm,2AXXcN6oN9bBT5owwmTH53C7QHUXvhLeu718Kqt8rvY2;6UmmUiYoBjSrhakAobJw8BvkmJtDVxaeBtbt7rxWo1mg;AVs9TA4nWDzfPJE9gGVNJMVhcQy3V9PGazuz33BfG2RA;DVa7Qmb5ct9RCpaU7UTpSaf3GVMYz17vNVU67XpdCRut;F73euqPynBwrgcZn3fNSEneSnYasDQohPM5aZazW9hp2,0.04633371824480381,-0.00813905366257417,0.019726858877086473,
2026-07-04,RAY,0.719,3358829.1352067995,1478040.3181621684,4836869.453368967,0.3055778809851249,2.2724881682410736,11,binance;bitget;coinbase;crypto_com;gate;htx;kraken;kucoin;mexc;okx;upbit,solana,solana,5,raydium;raydium-clmm,2AXXcN6oN9bBT5owwmTH53C7QHUXvhLeu718Kqt8rvY2;6UmmUiYoBjSrhakAobJw8BvkmJtDVxaeBtbt7rxWo1mg;AVs9TA4nWDzfPJE9gGVNJMVhcQy3V9PGazuz33BfG2RA;DVa7Qmb5ct9RCpaU7UTpSaf3GVMYz17vNVU67XpdCRut;F73euqPynBwrgcZn3fNSEneSnYasDQohPM5aZazW9hp2,-0.00813905366257417,0.00890125173852585,-0.00834492350486793,
2026-07-05,RAY,0.7254,4541938.046766154,1405093.7588059485,5947031.805572102,0.23626807535978517,3.2324804080162606,11,binance;bitget;coinbase;crypto_com;gate;htx;kraken;kucoin;mexc;okx;upbit,solana,solana,5,raydium;raydium-clmm,2AXXcN6oN9bBT5owwmTH53C7QHUXvhLeu718Kqt8rvY2;6UmmUiYoBjSrhakAobJw8BvkmJtDVxaeBtbt7rxWo1mg;AVs9TA4nWDzfPJE9gGVNJMVhcQy3V9PGazuz33BfG2RA;DVa7Qmb5ct9RCpaU7UTpSaf3GVMYz17vNVU67XpdCRut;F73euqPynBwrgcZn3fNSEneSnYasDQohPM5aZazW9hp2,0.00890125173852585,0.019023986765922096,,
2026-07-06,RAY,0.7392,5687344.989774644,2512519.1008447977,8199864.090619442,0.30640984692893786,2.263602687781501,11,binance;bitget;coinbase;crypto_com;gate;htx;kraken;kucoin;mexc;okx;upbit,solana,solana,5,raydium;raydium-clmm,2AXXcN6oN9bBT5owwmTH53C7QHUXvhLeu718Kqt8rvY2;6UmmUiYoBjSrhakAobJw8BvkmJtDVxaeBtbt7rxWo1mg;AVs9TA4nWDzfPJE9gGVNJMVhcQy3V9PGazuz33BfG2RA;DVa7Qmb5ct9RCpaU7UTpSaf3GVMYz17vNVU67XpdCRut;F73euqPynBwrgcZn3fNSEneSnYasDQohPM5aZazW9hp2,0.019023986765922096,-0.035443722943723,,
2026-07-07,RAY,0.713,6492408.8559960835,1471433.6461277134,7963842.502123797,0.18476428253513444,4.4123014809956125,11,binance;bitget;coinbase;crypto_com;gate;htx;kraken;kucoin;mexc;okx;upbit,solana,solana,5,raydium;raydium-clmm,2AXXcN6oN9bBT5owwmTH53C7QHUXvhLeu718Kqt8rvY2;6UmmUiYoBjSrhakAobJw8BvkmJtDVxaeBtbt7rxWo1mg;AVs9TA4nWDzfPJE9gGVNJMVhcQy3V9PGazuz33BfG2RA;DVa7Qmb5ct9RCpaU7UTpSaf3GVMYz17vNVU67XpdCRut;F73euqPynBwrgcZn3fNSEneSnYasDQohPM5aZazW9hp2,-0.035443722943723,,,
2026-01-17,SHIB,8.49e-06,14218267.390198879,76539.15695174942,14294806.547150629,0.005354333176828189,185.7646197901308,12,binance;bitget;bybit;coinbase;crypto_com;gate;htx;kraken;kucoin;mexc;okx;upbit,eth,eth,5,shibaswap;uniswap_v2;uniswap_v3,0x2f62f2b4c5fcd7570a709dec05d68ea19c82a9ec;0x811beed0119b4afce20d2583eb608c6f7af1954f;0x98c2b0681d8bf07767826ea8bd3b11b0ca421631;0xcf6daab95c476106eca715d48de4b13287ffdeaa;0xe07c687cecb3caf246ded3240d186181d5eae705,,-0.04711425206124853,-0.08951707891637217,-0.07891637220259129
2026-01-18,SHIB,8.09e-06,19993057.508112423,76827.55358766881,20069885.06170009,0.0038280016727291043,260.23290570222457,12,binance;bitget;bybit;coinbase;crypto_com;gate;htx;kraken;kucoin;mexc;okx;upbit,eth,eth,5,shibaswap;uniswap_v2;uniswap_v3,0x2f62f2b4c5fcd7570a709dec05d68ea19c82a9ec;0x811beed0119b4afce20d2583eb608c6f7af1954f;0x98c2b0681d8bf07767826ea8bd3b11b0ca421631;0xcf6daab95c476106eca715d48de4b13287ffdeaa;0xe07c687cecb3caf246ded3240d186181d5eae705,-0.04711425206124853,0.006180469715698411,-0.012360939431396822,-0.07169344870210137
2026-01-19,SHIB,8.14e-06,43886390.23728037,332981.88288756064,44219372.120167926,0.007530226389978333,131.7981322488337,12,binance;bitget;bybit;coinbase;crypto_com;gate;htx;kraken;kucoin;mexc;okx;upbit,eth,eth,5,shibaswap;uniswap_v2;uniswap_v3,0x2f62f2b4c5fcd7570a709dec05d68ea19c82a9ec;0x811beed0119b4afce20d2583eb608c6f7af1954f;0x98c2b0681d8bf07767826ea8bd3b11b0ca421631;0xcf6daab95c476106eca715d48de4b13287ffdeaa;0xe07c687cecb3caf246ded3240d186181d5eae705,0.006180469715698411,-0.05036855036855026,-0.03808353808353815,-0.054054054054053946
2026-01-20,SHIB,7.73e-06,30159775.436044455,230921.09501499982,30390696.531059455,0.0075984140336828815,130.6064109651194,12,binance;bitget;bybit;coinbase;crypto_com;gate;htx;kraken;kucoin;mexc;okx;upbit,eth,eth,5,shibaswap;uniswap_v2;uniswap_v3,0x2f62f2b4c5fcd7570a709dec05d68ea19c82a9ec;0x811beed0119b4afce20d2583eb608c6f7af1954f;0x98c2b0681d8bf07767826ea8bd3b11b0ca421631;0xcf6daab95c476106eca715d48de4b13287ffdeaa;0xe07c687cecb3caf246ded3240d186181d5eae705,-0.05036855036855026,0.03363518758085382,0.02069857697283317,0.012936610608020649
2026-01-21,SHIB,7.99e-06,32043729.111644793,173575.91929970708,32217305.0309445,0.005387661045298127,184.60930088070614,12,binance;bitget;bybit;coinbase;crypto_com;gate;htx;kraken;kucoin;mexc;okx;upbit,eth,eth,5,shibaswap;uniswap_v2;uniswap_v3,0x2f62f2b4c5fcd7570a709dec05d68ea19c82a9ec;0x811beed0119b4afce20d2583eb608c6f7af1954f;0x98c2b0681d8bf07767826ea8bd3b11b0ca421631;0xcf6daab95c476106eca715d48de4b13287ffdeaa;0xe07c687cecb3caf246ded3240d186181d5eae705,0.03363518758085382,-0.020025031289111372,-0.021276595744680882,-0.02377972465581979
2026-01-22,SHIB,7.83e-06,19389091.254541587,102708.62021259461,19491799.874754183,0.005269324581237006,188.7776431462956,12,binance;bitget;bybit;coinbase;crypto_com;gate;htx;kraken;kucoin;mexc;okx;upbit,eth,eth,4,shibaswap;uniswap_v2;uniswap_v3,0x2f62f2b4c5fcd7570a709dec05d68ea19c82a9ec;0x811beed0119b4afce20d2583eb608c6f7af1954f;0x98c2b0681d8bf07767826ea8bd3b11b0ca421631;0xcf6daab95c476106eca715d48de4b13287ffdeaa,-0.020025031289111372,0.00766283524904221,-0.040868454661558085,-0.06002554278416339
2026-01-23,SHIB,7.89e-06,23930573.710784722,110888.08794845181,24041461.798733175,0.004612368785091715,215.8083357150973,12,binance;bitget;bybit;coinbase;crypto_com;gate;htx;kraken;kucoin;mexc;okx;upbit,eth,eth,5,shibaswap;uniswap_v2;uniswap_v3,0x2f62f2b4c5fcd7570a709dec05d68ea19c82a9ec;0x811beed0119b4afce20d2583eb608c6f7af1954f;0x98c2b0681d8bf07767826ea8bd3b11b0ca421631;0xcf6daab95c476106eca715d48de4b13287ffdeaa;0xe07c687cecb3caf246ded3240d186181d5eae705,0.00766283524904221,-0.00887198986058313,-0.02408111533586821,-0.08238276299112812
2026-01-24,SHIB,7.82e-06,13367599.963593498,99137.92978185396,13466737.893375352,0.007361688522253229,134.838401336481,12,binance;bitget;bybit;coinbase;crypto_com;gate;htx;kraken;kucoin;mexc;okx;upbit,eth,eth,5,shibaswap;uniswap_v2;uniswap_v3,0x2f62f2b4c5fcd7570a709dec05d68ea19c82a9ec;0x811beed0119b4afce20d2583eb608c6f7af1954f;0x98c2b0681d8bf07767826ea8bd3b11b0ca421631;0xcf6daab95c476106eca715d48de4b13287ffdeaa;0xe07c687cecb3caf246ded3240d186181d5eae705,-0.00887198986058313,-0.039641943734015306,0.0012787723785165905,-0.12915601023017897
2026-01-25,SHIB,7.51e-06,24139558.214038845,71068.30419924065,24210626.518238086,0.0029354178069577936,339.6670074800627,12,binance;bitget;bybit;coinbase;crypto_com;gate;htx;kraken;kucoin;mexc;okx;upbit,eth,eth,5,shibaswap;uniswap_v2;uniswap_v3,0x2f62f2b4c5fcd7570a709dec05d68ea19c82a9ec;0x811beed0119b4afce20d2583eb608c6f7af1954f;0x98c2b0681d8bf07767826ea8bd3b11b0ca421631;0xcf6daab95c476106eca715d48de4b13287ffdeaa;0xe07c687cecb3caf246ded3240d186181d5eae705,-0.039641943734015306,0.025299600532623367,0.038615179760319585,-0.11717709720372838
2026-01-26,SHIB,7.7e-06,23592458.518381536,105050.67452143722,23697509.192902975,0.004432983807129326,224.58169474739668,12,binance;bitget;bybit;coinbase;crypto_com;gate;htx;kraken;kucoin;mexc;okx;upbit,eth,eth,5,shibaswap;uniswap_v2;uniswap_v3,0x2f62f2b4c5fcd7570a709dec05d68ea19c82a9ec;0x811beed0119b4afce20d2583eb608c6f7af1954f;0x98c2b0681d8bf07767826ea8bd3b11b0ca421631;0xcf6daab95c476106eca715d48de4b13287ffdeaa;0xe07c687cecb3caf246ded3240d186181d5eae705,0.025299600532623367,0.016883116883116722,-0.04415584415584428,-0.10779220779220788
2026-01-27,SHIB,7.83e-06,23206110.409529217,91126.92480674232,23297237.33433596,0.003911490598605764,254.65701227978053,12,binance;bitget;bybit;coinbase;crypto_com;gate;htx;kraken;kucoin;mexc;okx;upbit,eth,eth,4,shibaswap;uniswap_v2;uniswap_v3,0x2f62f2b4c5fcd7570a709dec05d68ea19c82a9ec;0x811beed0119b4afce20d2583eb608c6f7af1954f;0x98c2b0681d8bf07767826ea8bd3b11b0ca421631;0xcf6daab95c476106eca715d48de4b13287ffdeaa,0.016883116883116722,-0.003831417624520994,-0.0753512132822477,-0.14431673052362703
2026-01-28,SHIB,7.8e-06,24876077.252745647,69238.73182077649,24945315.984566424,0.0027756205559237752,359.27979323967156,12,binance;bitget;bybit;coinbase;crypto_com;gate;htx;kraken;kucoin;mexc;okx;upbit,eth,eth,5,shibaswap;uniswap_v2;uniswap_v3,0x2f62f2b4c5fcd7570a709dec05d68ea19c82a9ec;0x811beed0119b4afce20d2583eb608c6f7af1954f;0x98c2b0681d8bf07767826ea8bd3b11b0ca421631;0xcf6daab95c476106eca715d48de4b13287ffdeaa;0xe07c687cecb3caf246ded3240d186181d5eae705,-0.003831417624520994,-0.05641025641025643,-0.12692307692307692,-0.15000000000000002
2026-01-29,SHIB,7.36e-06,37580497.989935085,323381.8463355611,37903879.836270645,0.008531629155971346,116.21090798937189,12,binance;bitget;bybit;coinbase;crypto_com;gate;htx;kraken;kucoin;mexc;okx;upbit,eth,eth,5,shibaswap;uniswap_v2;uniswap_v3,0x2f62f2b4c5fcd7570a709dec05d68ea19c82a9ec;0x811beed0119b4afce20d2583eb608c6f7af1954f;0x98c2b0681d8bf07767826ea8bd3b11b0ca421631;0xcf6daab95c476106eca715d48de4b13287ffdeaa;0xe07c687cecb3caf246ded3240d186181d5eae705,-0.05641025641025643,-0.016304347826086918,-0.09918478260869568,-0.23641304347826075
2026-01-30,SHIB,7.24e-06,40659676.83532987,128408.80562097146,40788085.640950836,0.0031481939787840955,316.64243459554,12,binance;bitget;bybit;coinbase;crypto_com;gate;htx;kraken;kucoin;mexc;okx;upbit,eth,eth,5,shibaswap;uniswap_v2;uniswap_v3,0x2f62f2b4c5fcd7570a709dec05d68ea19c82a9ec;0x811beed0119b4afce20d2583eb608c6f7af1954f;0x98c2b0681d8bf07767826ea8bd3b11b0ca421631;0xcf6daab95c476106eca715d48de4b13287ffdeaa;0xe07c687cecb3caf246ded3240d186181d5eae705,-0.016304347826086918,-0.05939226519337015,-0.05110497237569056,-0.12707182320442
2026-01-31,SHIB,6.81e-06,71702706.4902603,1028385.785522377,72731092.27578267,0.014139561958219063,69.7235487884912,12,binance;bitget;bybit;coinbase;crypto_com;gate;htx;kraken;kucoin;mexc;okx;upbit,eth,eth,5,shibaswap;uniswap_v2;uniswap_v3,0x2f62f2b4c5fcd7570a709dec05d68ea19c82a9ec;0x811beed0119b4afce20d2583eb608c6f7af1954f;0x98c2b0681d8bf07767826ea8bd3b11b0ca421631;0xcf6daab95c476106eca715d48de4b13287ffdeaa;0xe07c687cecb3caf246ded3240d186181d5eae705,-0.05939226519337015,-0.026431718061673992,-0.016152716593245242,-0.07048458149779735
2026-02-01,SHIB,6.63e-06,42492713.26134139,182695.04546672004,42675408.306808114,0.004281038019677817,232.58820814099153,12,binance;bitget;bybit;coinbase;crypto_com;gate;htx;kraken;kucoin;mexc;okx;upbit,eth,eth,5,shibaswap;uniswap_v2;uniswap_v3,0x2f62f2b4c5fcd7570a709dec05d68ea19c82a9ec;0x811beed0119b4afce20d2583eb608c6f7af1954f;0x98c2b0681d8bf07767826ea8bd3b11b0ca421631;0xcf6daab95c476106eca715d48de4b13287ffdeaa;0xe07c687cecb3caf246ded3240d186181d5eae705,-0.026431718061673992,0.03619909502262453,0.0,-0.07843137254901966
2026-02-02,SHIB,6.87e-06,40202012.988173455,409652.6146821939,40611665.60285565,0.010087067560543214,98.13683972055675,12,binance;bitget;bybit;coinbase;crypto_com;gate;htx;kraken;kucoin;mexc;okx;upbit,eth,eth,5,shibaswap;uniswap_v2;uniswap_v3,0x2f62f2b4c5fcd7570a709dec05d68ea19c82a9ec;0x811beed0119b4afce20d2583eb608c6f7af1954f;0x98c2b0681d8bf07767826ea8bd3b11b0ca421631;0xcf6daab95c476106eca715d48de4b13287ffdeaa;0xe07c687cecb3caf246ded3240d186181d5eae705,0.03619909502262453,-0.024745269286754024,-0.18195050946142644,-0.11208151382823872
2026-02-03,SHIB,6.7e-06,49737782.62823598,198785.46666718432,49936568.09490316,0.003980759476490208,250.2083450170391,12,binance;bitget;bybit;coinbase;crypto_com;gate;htx;kraken;kucoin;mexc;okx;upbit,eth,eth,5,shibaswap;uniswap_v2;uniswap_v3,0x2f62f2b4c5fcd7570a709dec05d68ea19c82a9ec;0x811beed0119b4afce20d2583eb608c6f7af1954f;0x98c2b0681d8bf07767826ea8bd3b11b0ca421631;0xcf6daab95c476106eca715d48de4b13287ffdeaa;0xe07c687cecb3caf246ded3240d186181d5eae705,-0.024745269286754024,-0.010447761194029903,-0.0567164179104479,-0.10298507462686568
2026-02-04,SHIB,6.63e-06,45515426.23299285,137552.8094342507,45652979.0424271,0.0030130084020676393,330.89419561982055,12,binance;bitget;bybit;coinbase;crypto_com;gate;htx;kraken;kucoin;mexc;okx;upbit,eth,eth,5,shibaswap;uniswap_v2;uniswap_v3,0x2f62f2b4c5fcd7570a709dec05d68ea19c82a9ec;0x811beed0119b4afce20d2583eb608c6f7af1954f;0x98c2b0681d8bf07767826ea8bd3b11b0ca421631;0xcf6daab95c476106eca715d48de4b13287ffdeaa;0xe07c687cecb3caf246ded3240d186181d5eae705,-0.010447761194029903,-0.15233785822021106,-0.04524886877828049,-0.10859728506787325
2026-02-05,SHIB,5.62e-06,98529921.44850259,245338.01852131396,98775259.4670239,0.002483800294174069,401.6088580251687,12,binance;bitget;bybit;coinbase;crypto_com;gate;htx;kraken;kucoin;mexc;okx;upbit,eth,eth,5,shibaswap;uniswap_v2;uniswap_v3,0x2f62f2b4c5fcd7570a709dec05d68ea19c82a9ec;0x811beed0119b4afce20d2583eb608c6f7af1954f;0x98c2b0681d8bf07767826ea8bd3b11b0ca421631;0xcf6daab95c476106eca715d48de4b13287ffdeaa;0xe07c687cecb3caf246ded3240d186181d5eae705,-0.15233785822021106,0.12455516014234869,0.08718861209964412,0.07651245551601416
2026-02-06,SHIB,6.32e-06,83164655.81783526,350725.0902633968,83515380.90809865,0.004199526918871854,237.1220597744463,12,binance;bitget;bybit;coinbase;crypto_com;gate;htx;kraken;kucoin;mexc;okx;upbit,eth,eth,5,shibaswap;uniswap_v2;uniswap_v3,0x2f62f2b4c5fcd7570a709dec05d68ea19c82a9ec;0x811beed0119b4afce20d2583eb608c6f7af1954f;0x98c2b0681d8bf07767826ea8bd3b11b0ca421631;0xcf6daab95c476106eca715d48de4b13287ffdeaa;0xe07c687cecb3caf246ded3240d186181d5eae705,0.12455516014234869,0.0015822784810126667,-0.034810126582278444,0.0
2026-02-07,SHIB,6.33e-06,53013603.763758674,218415.1404316117,53232018.90419029,0.0041030782774691766,242.71945460831202,12,binance;bitget;bybit;coinbase;crypto_com;gate;htx;kraken;kucoin;mexc;okx;upbit,eth,eth,5,shibaswap;uniswap_v2;uniswap_v3,0x2f62f2b4c5fcd7570a709dec05d68ea19c82a9ec;0x811beed0119b4afce20d2583eb608c6f7af1954f;0x98c2b0681d8bf07767826ea8bd3b11b0ca421631;0xcf6daab95c476106eca715d48de4b13287ffdeaa;0xe07c687cecb3caf246ded3240d186181d5eae705,0.0015822784810126667,-0.034755134281200695,-0.050552922590837324,0.11058451816745651
2026-02-08,SHIB,6.11e-06,28641449.861320622,83663.30937640938,28725113.170697033,0.0029125493389441444,342.3418231337222,12,binance;bitget;bybit;coinbase;crypto_com;gate;htx;kraken;kucoin;mexc;okx;upbit,eth,eth,4,shibaswap;uniswap_v2;uniswap_v3,0x2f62f2b4c5fcd7570a709dec05d68ea19c82a9ec;0x811beed0119b4afce20d2583eb608c6f7af1954f;0x98c2b0681d8bf07767826ea8bd3b11b0ca421631;0xcf6daab95c476106eca715d48de4b13287ffdeaa,-0.034755134281200695,-0.0016366612111292644,-0.032733224222585844,0.07037643207855981
2026-02-09,SHIB,6.1e-06,33114428.245472483,109861.56499658742,33224289.810469072,0.0033066640588347417,301.41959334459784,12,binance;bitget;bybit;coinbase;crypto_com;gate;htx;kraken;kucoin;mexc;okx;upbit,eth,eth,5,shibaswap;uniswap_v2;uniswap_v3,0x2f62f2b4c5fcd7570a709dec05d68ea19c82a9ec;0x811beed0119b4afce20d2583eb608c6f7af1954f;0x98c2b0681d8bf07767826ea8bd3b11b0ca421631;0xcf6daab95c476106eca715d48de4b13287ffdeaa;0xe07c687cecb3caf246ded3240d186181d5eae705,-0.0016366612111292644,-0.014754098360655776,-0.008196721311475419,0.07868852459016384
2026-02-10,SHIB,6.01e-06,29072924.22295094,100777.9977554086,29173702.220706347,0.0034544123674464717,288.48483667548,12,binance;bitget;bybit;coinbase;crypto_com;gate;htx;kraken;kucoin;mexc;okx;upbit,eth,eth,5,shibaswap;uniswap_v2;uniswap_v3,0x2f62f2b4c5fcd7570a709dec05d68ea19c82a9ec;0x811beed0119b4afce20d2583eb608c6f7af1954f;0x98c2b0681d8bf07767826ea8bd3b11b0ca421631;0xcf6daab95c476106eca715d48de4b13287ffdeaa;0xe07c687cecb3caf246ded3240d186181d5eae705,-0.014754098360655776,-0.016638935108153063,0.0515806988352745,0.08319467554076554
2026-02-11,SHIB,5.91e-06,34916318.58536916,132086.73521636176,35048405.32058553,0.0037686945813417993,264.3438686570249,12,binance;bitget;bybit;coinbase;crypto_com;gate;htx;kraken;kucoin;mexc;okx;upbit,eth,eth,5,shibaswap;uniswap_v2;uniswap_v3,0x2f62f2b4c5fcd7570a709dec05d68ea19c82a9ec;0x811beed0119b4afce20d2583eb608c6f7af1954f;0x98c2b0681d8bf07767826ea8bd3b11b0ca421631;0xcf6daab95c476106eca715d48de4b13287ffdeaa;0xe07c687cecb3caf246ded3240d186181d5eae705,-0.016638935108153063,0.02368866328257191,0.18950930626057527,0.0659898477157359
2026-02-12,SHIB,6.05e-06,32664807.957206562,90260.91709376537,32755068.874300327,0.002755632034850771,361.89315385831407,12,binance;bitget;bybit;coinbase;crypto_com;gate;htx;kraken;kucoin;mexc;okx;upbit,eth,eth,5,shibaswap;uniswap_v2;uniswap_v3,0x2f62f2b4c5fcd7570a709dec05d68ea19c82a9ec;0x811beed0119b4afce20d2583eb608c6f7af1954f;0x98c2b0681d8bf07767826ea8bd3b11b0ca421631;0xcf6daab95c476106eca715d48de4b13287ffdeaa;0xe07c687cecb3caf246ded3240d186181d5eae705,0.02368866328257191,0.044628099173553704,0.08099173553719008,0.026446280991735627
2026-02-13,SHIB,6.32e-06,34478344.80702178,77732.8934830947,34556077.70050488,0.0022494709659122854,443.5489695815853,12,binance;bitget;bybit;coinbase;crypto_com;gate;htx;kraken;kucoin;mexc;okx;upbit,eth,eth,5,shibaswap;uniswap_v2;uniswap_v3,0x2f62f2b4c5fcd7570a709dec05d68ea19c82a9ec;0x811beed0119b4afce20d2583eb608c6f7af1954f;0x98c2b0681d8bf07767826ea8bd3b11b0ca421631;0xcf6daab95c476106eca715d48de4b13287ffdeaa;0xe07c687cecb3caf246ded3240d186181d5eae705,0.044628099173553704,0.11234177215189867,0.04113924050632911,0.015822784810126667
2026-02-14,SHIB,7.03e-06,46210357.99448838,276854.07755130954,46487212.07203969,0.005955488944406431,166.91232581150692,12,binance;bitget;bybit;coinbase;crypto_com;gate;htx;kraken;kucoin;mexc;okx;upbit,eth,eth,5,shibaswap;uniswap_v2;uniswap_v3,0x2f62f2b4c5fcd7570a709dec05d68ea19c82a9ec;0x811beed0119b4afce20d2583eb608c6f7af1954f;0x98c2b0681d8bf07767826ea8bd3b11b0ca421631;0xcf6daab95c476106eca715d48de4b13287ffdeaa;0xe07c687cecb3caf246ded3240d186181d5eae705,0.11234177215189867,-0.06970128022759592,-0.07396870554765278,-0.09103840682788045
2026-02-15,SHIB,6.54e-06,53201622.29250574,186131.5432829635,53387753.835788704,0.0034864089591682625,285.8280834840918,12,binance;bitget;bybit;coinbase;crypto_com;gate;htx;kraken;kucoin;mexc;okx;upbit,eth,eth,5,shibaswap;uniswap_v2;uniswap_v3,0x2f62f2b4c5fcd7570a709dec05d68ea19c82a9ec;0x811beed0119b4afce20d2583eb608c6f7af1954f;0x98c2b0681d8bf07767826ea8bd3b11b0ca421631;0xcf6daab95c476106eca715d48de4b13287ffdeaa;0xe07c687cecb3caf246ded3240d186181d5eae705,-0.06970128022759592,0.006116207951070374,-0.03669724770642202,-0.05351681957186549
2026-02-16,SHIB,6.58e-06,33814243.25697785,102671.81997565962,33916915.07695351,0.003027156796032578,329.3429810145976,12,binance;bitget;bybit;coinbase;crypto_com;gate;htx;kraken;kucoin;mexc;okx;upbit,eth,eth,5,shibaswap;uniswap_v2;uniswap_v3,0x2f62f2b4c5fcd7570a709dec05d68ea19c82a9ec;0x811beed0119b4afce20d2583eb608c6f7af1954f;0x98c2b0681d8bf07767826ea8bd3b11b0ca421631;0xcf6daab95c476106eca715d48de4b13287ffdeaa;0xe07c687cecb3caf246ded3240d186181d5eae705,0.006116207951070374,-0.010638297872340274,-0.05623100303951367,-0.08510638297872342
2026-02-17,SHIB,6.51e-06,24001758.32648469,93742.51436599677,24095500.84085069,0.0038904571847317203,256.03919938369876,12,binance;bitget;bybit;coinbase;crypto_com;gate;htx;kraken;kucoin;mexc;okx;upbit,eth,eth,5,shibaswap;uniswap_v2;uniswap_v3,0x2f62f2b4c5fcd7570a709dec05d68ea19c82a9ec;0x811beed0119b4afce20d2583eb608c6f7af1954f;0x98c2b0681d8bf07767826ea8bd3b11b0ca421631;0xcf6daab95c476106eca715d48de4b13287ffdeaa;0xe07c687cecb3caf246ded3240d186181d5eae705,-0.010638297872340274,-0.032258064516129115,-0.01382488479262678,-0.09370199692780334
2026-02-18,SHIB,6.3e-06,17395918.563609354,73088.67402408102,17469007.237633437,0.0041839054177404125,238.01113915239185,12,binance;bitget;bybit;coinbase;crypto_com;gate;htx;kraken;kucoin;mexc;okx;upbit,eth,eth,5,shibaswap;uniswap_v2;uniswap_v3,0x2f62f2b4c5fcd7570a709dec05d68ea19c82a9ec;0x811beed0119b4afce20d2583eb608c6f7af1954f;0x98c2b0681d8bf07767826ea8bd3b11b0ca421631;0xcf6daab95c476106eca715d48de4b13287ffdeaa;0xe07c687cecb3caf246ded3240d186181d5eae705,-0.032258064516129115,-0.014285714285714235,0.014285714285714235,-0.011111111111111183
2026-02-19,SHIB,6.21e-06,19988209.167633373,60198.79984028797,20048407.96747366,0.003002672328793085,332.03667217060183,12,binance;bitget;bybit;coinbase;crypto_com;gate;htx;kraken;kucoin;mexc;okx;upbit,eth,eth,5,shibaswap;uniswap_v2;uniswap_v3,0x2f62f2b4c5fcd7570a709dec05d68ea19c82a9ec;0x811beed0119b4afce20d2583eb608c6f7af1954f;0x98c2b0681d8bf07767826ea8bd3b11b0ca421631;0xcf6daab95c476106eca715d48de4b13287ffdeaa;0xe07c687cecb3caf246ded3240d186181d5eae705,-0.014285714285714235,0.0338164251207731,-0.0032206119162641045,-0.03864734299516914
2026-02-20,SHIB,6.42e-06,35311477.67369684,124167.81557542017,35435645.48927226,0.0035040370751256832,284.38510825092567,12,binance;bitget;bybit;coinbase;crypto_com;gate;htx;kraken;kucoin;mexc;okx;upbit,eth,eth,5,shibaswap;uniswap_v2;uniswap_v3,0x2f62f2b4c5fcd7570a709dec05d68ea19c82a9ec;0x811beed0119b4afce20d2583eb608c6f7af1954f;0x98c2b0681d8bf07767826ea8bd3b11b0ca421631;0xcf6daab95c476106eca715d48de4b13287ffdeaa;0xe07c687cecb3caf246ded3240d186181d5eae705,0.0338164251207731,-0.004672897196261738,-0.06230529595015577,-0.09968847352024934
2026-02-21,SHIB,6.39e-06,14549114.766810983,84248.08643831861,14633362.853249302,0.0057572608075943076,172.69371189175877,12,binance;bitget;bybit;coinbase;crypto_com;gate;htx;kraken;kucoin;mexc;okx;upbit,eth,eth,5,shibaswap;uniswap_v2;uniswap_v3,0x2f62f2b4c5fcd7570a709dec05d68ea19c82a9ec;0x811beed0119b4afce20d2583eb608c6f7af1954f;0x98c2b0681d8bf07767826ea8bd3b11b0ca421631;0xcf6daab95c476106eca715d48de4b13287ffdeaa;0xe07c687cecb3caf246ded3240d186181d5eae705,-0.004672897196261738,-0.031298904538341166,-0.07668231611893572,-0.09546165884194058
2026-02-22,SHIB,6.19e-06,21308158.495974436,58771.17472078679,21366929.670695223,0.0027505671440193648,362.56138484905847,12,binance;bitget;bybit;coinbase;crypto_com;gate;htx;kraken;kucoin;mexc;okx;upbit,eth,eth,5,shibaswap;uniswap_v2;uniswap_v3,0x2f62f2b4c5fcd7570a709dec05d68ea19c82a9ec;0x811beed0119b4afce20d2583eb608c6f7af1954f;0x98c2b0681d8bf07767826ea8bd3b11b0ca421631;0xcf6daab95c476106eca715d48de4b13287ffdeaa;0xe07c687cecb3caf246ded3240d186181d5eae705,-0.031298904538341166,-0.02746365105008075,0.00646203554119551,-0.10500807754442643
2026-02-23,SHIB,6.02e-06,30093482.1751887,96142.32346360372,30189624.498652305,0.003184614749610271,313.0097244485785,12,binance;bitget;bybit;coinbase;crypto_com;gate;htx;kraken;kucoin;mexc;okx;upbit,eth,eth,5,shibaswap;uniswap_v2;uniswap_v3,0x2f62f2b4c5fcd7570a709dec05d68ea19c82a9ec;0x811beed0119b4afce20d2583eb608c6f7af1954f;0x98c2b0681d8bf07767826ea8bd3b11b0ca421631;0xcf6daab95c476106eca715d48de4b13287ffdeaa;0xe07c687cecb3caf246ded3240d186181d5eae705,-0.02746365105008075,-0.019933554817275656,-0.008305647840531671,-0.08637873754152825
2026-02-24,SHIB,5.9e-06,19130389.10568414,60732.888664061524,19191121.994348202,0.0031646345993708654,314.99224763541474,12,binance;bitget;bybit;coinbase;crypto_com;gate;htx;kraken;kucoin;mexc;okx;upbit,eth,eth,5,shibaswap;uniswap_v2;uniswap_v3,0x2f62f2b4c5fcd7570a709dec05d68ea19c82a9ec;0x811beed0119b4afce20d2583eb608c6f7af1954f;0x98c2b0681d8bf07767826ea8bd3b11b0ca421631;0xcf6daab95c476106eca715d48de4b13287ffdeaa;0xe07c687cecb3caf246ded3240d186181d5eae705,-0.019933554817275656,0.055932203389830404,-0.02033898305084758,-0.07118644067796609
2026-02-25,SHIB,6.23e-06,36670784.060309425,157464.23898055748,36828248.29928998,0.004275637486228018,232.88325208136473,12,binance;bitget;bybit;coinbase;crypto_com;gate;htx;kraken;kucoin;mexc;okx;upbit,eth,eth,5,shibaswap;uniswap_v2;uniswap_v3,0x2f62f2b4c5fcd7570a709dec05d68ea19c82a9ec;0x811beed0119b4afce20d2583eb608c6f7af1954f;0x98c2b0681d8bf07767826ea8bd3b11b0ca421631;0xcf6daab95c476106eca715d48de4b13287ffdeaa;0xe07c687cecb3caf246ded3240d186181d5eae705,0.055932203389830404,-0.0417335473515249,-0.07223113964687,-0.0850722311396469
2026-02-26,SHIB,5.97e-06,36416616.88034938,94330.84992791842,36510947.7302773,0.002583631918425744,386.05203820570495,12,binance;bitget;bybit;coinbase;crypto_com;gate;htx;kraken;kucoin;mexc;okx;upbit,eth,eth,5,shibaswap;uniswap_v2;uniswap_v3,0x2f62f2b4c5fcd7570a709dec05d68ea19c82a9ec;0x811beed0119b4afce20d2583eb608c6f7af1954f;0x98c2b0681d8bf07767826ea8bd3b11b0ca421631;0xcf6daab95c476106eca715d48de4b13287ffdeaa;0xe07c687cecb3caf246ded3240d186181d5eae705,-0.0417335473515249,-0.031825795644891075,-0.07202680067001666,-0.07537688442211055
2026-02-27,SHIB,5.78e-06,29915653.898343366,78253.28156962842,29993907.179912996,0.002608972585673495,382.2926438136007,12,binance;bitget;bybit;coinbase;crypto_com;gate;htx;kraken;kucoin;mexc;okx;upbit,eth,eth,5,shibaswap;uniswap_v2;uniswap_v3,0x2f62f2b4c5fcd7570a709dec05d68ea19c82a9ec;0x811beed0119b4afce20d2583eb608c6f7af1954f;0x98c2b0681d8bf07767826ea8bd3b11b0ca421631;0xcf6daab95c476106eca715d48de4b13287ffdeaa;0xe07c687cecb3caf246ded3240d186181d5eae705,-0.031825795644891075,0.0,-0.04844290657439443,-0.06401384083044981
2026-02-28,SHIB,5.78e-06,35024253.37151158,49777.71111424178,35074031.08262582,0.0014192184239381464,703.6131752046525,12,binance;bitget;bybit;coinbase;crypto_com;gate;htx;kraken;kucoin;mexc;okx;upbit,eth,eth,5,shibaswap;uniswap_v2;uniswap_v3,0x2f62f2b4c5fcd7570a709dec05d68ea19c82a9ec;0x811beed0119b4afce20d2583eb608c6f7af1954f;0x98c2b0681d8bf07767826ea8bd3b11b0ca421631;0xcf6daab95c476106eca715d48de4b13287ffdeaa;0xe07c687cecb3caf246ded3240d186181d5eae705,0.0,-0.04152249134948083,-0.05190311418685112,-0.07958477508650519
2026-03-01,SHIB,5.54e-06,27685788.711370584,92401.18725886784,27778189.898629453,0.0033263933897804774,299.62589802885407,12,binance;bitget;bybit;coinbase;crypto_com;gate;htx;kraken;kucoin;mexc;okx;upbit,eth,eth,5,shibaswap;uniswap_v2;uniswap_v3,0x2f62f2b4c5fcd7570a709dec05d68ea19c82a9ec;0x811beed0119b4afce20d2583eb608c6f7af1954f;0x98c2b0681d8bf07767826ea8bd3b11b0ca421631;0xcf6daab95c476106eca715d48de4b13287ffdeaa;0xe07c687cecb3caf246ded3240d186181d5eae705,-0.04152249134948083,-0.0072202166064982976,0.028880866425992746,-0.045126353790613694
2026-03-02,SHIB,5.5e-06,34811461.98145047,112251.29364795174,34923713.27509842,0.003214185523851212,310.120808857918,12,binance;bitget;bybit;coinbase;crypto_com;gate;htx;kraken;kucoin;mexc;okx;upbit,eth,eth,5,shibaswap;uniswap_v2;uniswap_v3,0x2f62f2b4c5fcd7570a709dec05d68ea19c82a9ec;0x811beed0119b4afce20d2583eb608c6f7af1954f;0x98c2b0681d8bf07767826ea8bd3b11b0ca421631;0xcf6daab95c476106eca715d48de4b13287ffdeaa;0xe07c687cecb3caf246ded3240d186181d5eae705,-0.0072202166064982976,-0.0036363636363635488,0.0036363636363636598,-0.014545454545454528
2026-03-03,SHIB,5.48e-06,41367165.547377646,91315.53530177676,41458481.08267942,0.0022025779265687252,453.0134484857228,12,binance;bitget;bybit;coinbase;crypto_com;gate;htx;kraken;kucoin;mexc;okx;upbit,eth,eth,5,shibaswap;uniswap_v2;uniswap_v3,0x2f62f2b4c5fcd7570a709dec05d68ea19c82a9ec;0x811beed0119b4afce20d2583eb608c6f7af1954f;0x98c2b0681d8bf07767826ea8bd3b11b0ca421631;0xcf6daab95c476106eca715d48de4b13287ffdeaa;0xe07c687cecb3caf246ded3240d186181d5eae705,-0.0036363636363635488,0.04014598540145986,-0.012773722627737238,0.031021897810219023
2026-03-04,SHIB,5.7e-06,41558621.51982447,148151.7559216189,41706773.275746085,0.0035522229193351244,280.51386405309603,12,binance;bitget;bybit;coinbase;crypto_com;gate;htx;kraken;kucoin;mexc;okx;upbit,eth,eth,5,shibaswap;uniswap_v2;uniswap_v3,0x2f62f2b4c5fcd7570a709dec05d68ea19c82a9ec;0x811beed0119b4afce20d2583eb608c6f7af1954f;0x98c2b0681d8bf07767826ea8bd3b11b0ca421631;0xcf6daab95c476106eca715d48de4b13287ffdeaa;0xe07c687cecb3caf246ded3240d186181d5eae705,0.04014598540145986,-0.03157894736842104,-0.06666666666666665,0.0052631578947368585
2026-03-05,SHIB,5.52e-06,24960083.26148964,170035.05849017162,25130118.319979813,0.006766186148633629,146.7937464374877,12,binance;bitget;bybit;coinbase;crypto_com;gate;htx;kraken;kucoin;mexc;okx;upbit,eth,eth,5,shibaswap;uniswap_v2;uniswap_v3,0x2f62f2b4c5fcd7570a709dec05d68ea19c82a9ec;0x811beed0119b4afce20d2583eb608c6f7af1954f;0x98c2b0681d8bf07767826ea8bd3b11b0ca421631;0xcf6daab95c476106eca715d48de4b13287ffdeaa;0xe07c687cecb3caf246ded3240d186181d5eae705,-0.03157894736842104,-0.019927536231884035,-0.04166666666666663,0.07246376811594213
2026-03-06,SHIB,5.41e-06,24483520.197121512,55287.14693898364,24538807.344060495,0.0022530494723642567,442.84289482584757,12,binance;bitget;bybit;coinbase;crypto_com;gate;htx;kraken;kucoin;mexc;okx;upbit,eth,eth,5,shibaswap;uniswap_v2;uniswap_v3,0x2f62f2b4c5fcd7570a709dec05d68ea19c82a9ec;0x811beed0119b4afce20d2583eb608c6f7af1954f;0x98c2b0681d8bf07767826ea8bd3b11b0ca421631;0xcf6daab95c476106eca715d48de4b13287ffdeaa;0xe07c687cecb3caf246ded3240d186181d5eae705,-0.019927536231884035,-0.01663585951940849,0.001848428835489857,0.09796672828096109
2026-03-07,SHIB,5.32e-06,14855537.21221632,36963.06356751912,14892500.275783839,0.0024819918001024606,401.9022174685341,12,binance;bitget;bybit;coinbase;crypto_com;gate;htx;kraken;kucoin;mexc;okx;upbit,eth,eth,5,shibaswap;uniswap_v2;uniswap_v3,0x2f62f2b4c5fcd7570a709dec05d68ea19c82a9ec;0x811beed0119b4afce20d2583eb608c6f7af1954f;0x98c2b0681d8bf07767826ea8bd3b11b0ca421631;0xcf6daab95c476106eca715d48de4b13287ffdeaa;0xe07c687cecb3caf246ded3240d186181d5eae705,-0.01663585951940849,-0.005639097744360888,0.06203007518796988,0.10526315789473673
2026-03-08,SHIB,5.29e-06,19398140.575162187,49137.671561564326,19447278.246723752,0.0025267120127641747,394.7712612075719,12,binance;bitget;bybit;coinbase;crypto_com;gate;htx;kraken;kucoin;mexc;okx;upbit,eth,eth,5,shibaswap;uniswap_v2;uniswap_v3,0x2f62f2b4c5fcd7570a709dec05d68ea19c82a9ec;0x811beed0119b4afce20d2583eb608c6f7af1954f;0x98c2b0681d8bf07767826ea8bd3b11b0ca421631;0xcf6daab95c476106eca715d48de4b13287ffdeaa;0xe07c687cecb3caf246ded3240d186181d5eae705,-0.005639097744360888,0.02457466918714557,0.08317580340264641,0.12287334593572763
2026-03-09,SHIB,5.42e-06,26200532.470439054,79278.9870406598,26279811.457479715,0.0030167258684078405,330.4852073475862,12,binance;bitget;bybit;coinbase;crypto_com;gate;htx;kraken;kucoin;mexc;okx;upbit,eth,eth,5,shibaswap;uniswap_v2;uniswap_v3,0x2f62f2b4c5fcd7570a709dec05d68ea19c82a9ec;0x811beed0119b4afce20d2583eb608c6f7af1954f;0x98c2b0681d8bf07767826ea8bd3b11b0ca421631;0xcf6daab95c476106eca715d48de4b13287ffdeaa;0xe07c687cecb3caf246ded3240d186181d5eae705,0.02457466918714557,0.04243542435424352,0.09225092250922518,0.1420664206642066
2026-03-10,SHIB,5.65e-06,61176181.90360761,262508.7658685927,61438690.669476196,0.0042726946653342595,233.04433930496376,12,binance;bitget;bybit;coinbase;crypto_com;gate;htx;kraken;kucoin;mexc;okx;upbit,eth,eth,5,shibaswap;uniswap_v2;uniswap_v3,0x2f62f2b4c5fcd7570a709dec05d68ea19c82a9ec;0x811beed0119b4afce20d2583eb608c6f7af1954f;0x98c2b0681d8bf07767826ea8bd3b11b0ca421631;0xcf6daab95c476106eca715d48de4b13287ffdeaa;0xe07c687cecb3caf246ded3240d186181d5eae705,0.04243542435424352,0.014159292035398341,0.051327433628318486,0.07256637168141578
2026-03-11,SHIB,5.73e-06,33646639.13895483,207093.9908131435,33853733.12976798,0.006117316220911642,162.47037882095518,12,binance;bitget;bybit;coinbase;crypto_com;gate;htx;kraken;kucoin;mexc;okx;upbit,eth,eth,5,shibaswap;uniswap_v2;uniswap_v3,0x2f62f2b4c5fcd7570a709dec05d68ea19c82a9ec;0x811beed0119b4afce20d2583eb608c6f7af1954f;0x98c2b0681d8bf07767826ea8bd3b11b0ca421631;0xcf6daab95c476106eca715d48de4b13287ffdeaa;0xe07c687cecb3caf246ded3240d186181d5eae705,0.014159292035398341,0.03315881326352521,0.02617801047120416,0.015706806282722585
2026-03-12,SHIB,5.92e-06,38717226.489405826,191937.11478121366,38909163.60418704,0.0049329540139629,201.71828952174795,12,binance;bitget;bybit;coinbase;crypto_com;gate;htx;kraken;kucoin;mexc;okx;upbit,eth,eth,5,shibaswap;uniswap_v2;uniswap_v3,0x2f62f2b4c5fcd7570a709dec05d68ea19c82a9ec;0x811beed0119b4afce20d2583eb608c6f7af1954f;0x98c2b0681d8bf07767826ea8bd3b11b0ca421631;0xcf6daab95c476106eca715d48de4b13287ffdeaa;0xe07c687cecb3caf246ded3240d186181d5eae705,0.03315881326352521,0.0033783783783782884,0.0033783783783782884,-0.01858108108108103
2026-03-13,SHIB,5.94e-06,42661274.88202247,238834.914055139,42900109.79607761,0.005567233165379355,178.62243906338338,12,binance;bitget;bybit;coinbase;crypto_com;gate;htx;kraken;kucoin;mexc;okx;upbit,eth,eth,5,shibaswap;uniswap_v2;uniswap_v3,0x2f62f2b4c5fcd7570a709dec05d68ea19c82a9ec;0x811beed0119b4afce20d2583eb608c6f7af1954f;0x98c2b0681d8bf07767826ea8bd3b11b0ca421631;0xcf6daab95c476106eca715d48de4b13287ffdeaa;0xe07c687cecb3caf246ded3240d186181d5eae705,0.0033783783783782884,-0.010101010101010166,0.042087542087542174,0.0033670033670032407
2026-03-14,SHIB,5.88e-06,15880683.582218654,44827.09536285723,15925510.677581511,0.002814797984843321,354.26528205030763,12,binance;bitget;bybit;coinbase;crypto_com;gate;htx;kraken;kucoin;mexc;okx;upbit,eth,eth,5,shibaswap;uniswap_v2;uniswap_v3,0x2f62f2b4c5fcd7570a709dec05d68ea19c82a9ec;0x811beed0119b4afce20d2583eb608c6f7af1954f;0x98c2b0681d8bf07767826ea8bd3b11b0ca421631;0xcf6daab95c476106eca715d48de4b13287ffdeaa;0xe07c687cecb3caf246ded3240d186181d5eae705,-0.010101010101010166,0.010204081632653184,0.030612244897959107,-0.003401360544217691
2026-03-15,SHIB,5.94e-06,21654073.23565931,103964.3490100329,21758037.58466934,0.004778204312106066,208.28364186236206,12,binance;bitget;bybit;coinbase;crypto_com;gate;htx;kraken;kucoin;mexc;okx;upbit,eth,eth,5,shibaswap;uniswap_v2;uniswap_v3,0x2f62f2b4c5fcd7570a709dec05d68ea19c82a9ec;0x811beed0119b4afce20d2583eb608c6f7af1954f;0x98c2b0681d8bf07767826ea8bd3b11b0ca421631;0xcf6daab95c476106eca715d48de4b13287ffdeaa;0xe07c687cecb3caf246ded3240d186181d5eae705,0.010204081632653184,0.042087542087542174,-0.02020202020202011,-0.0387205387205386
2026-03-16,SHIB,6.19e-06,52403327.347304374,290684.4425160782,52694011.789820455,0.005516460649751349,180.27565181582042,12,binance;bitget;bybit;coinbase;crypto_com;gate;htx;kraken;kucoin;mexc;okx;upbit,eth,eth,5,shibaswap;uniswap_v2;uniswap_v3,0x2f62f2b4c5fcd7570a709dec05d68ea19c82a9ec;0x811beed0119b4afce20d2583eb608c6f7af1954f;0x98c2b0681d8bf07767826ea8bd3b11b0ca421631;0xcf6daab95c476106eca715d48de4b13287ffdeaa;0xe07c687cecb3caf246ded3240d186181d5eae705,0.042087542087542174,-0.021001615508885352,-0.06138933764135701,-0.01292407108239102
2026-03-17,SHIB,6.06e-06,40174488.12610969,89918.49160442135,40264406.617714114,0.002233200465566086,446.7878342849591,12,binance;bitget;bybit;coinbase;crypto_com;gate;htx;kraken;kucoin;mexc;okx;upbit,eth,eth,5,shibaswap;uniswap_v2;uniswap_v3,0x2f62f2b4c5fcd7570a709dec05d68ea19c82a9ec;0x811beed0119b4afce20d2583eb608c6f7af1954f;0x98c2b0681d8bf07767826ea8bd3b11b0ca421631;0xcf6daab95c476106eca715d48de4b13287ffdeaa;0xe07c687cecb3caf246ded3240d186181d5eae705,-0.021001615508885352,-0.03960396039603953,-0.01650165016501648,0.02310231023102327
2026-03-18,SHIB,5.82e-06,50607269.59188482,122400.51623308365,50729670.10811791,0.002412799373073328,413.4563411114616,12,binance;bitget;bybit;coinbase;crypto_com;gate;htx;kraken;kucoin;mexc;okx;upbit,eth,eth,5,shibaswap;uniswap_v2;uniswap_v3,0x2f62f2b4c5fcd7570a709dec05d68ea19c82a9ec;0x811beed0119b4afce20d2583eb608c6f7af1954f;0x98c2b0681d8bf07767826ea8bd3b11b0ca421631;0xcf6daab95c476106eca715d48de4b13287ffdeaa;0xe07c687cecb3caf246ded3240d186181d5eae705,-0.03960396039603953,-0.0017182130584192379,0.0068728522336769515,0.053264604810996596
2026-03-19,SHIB,5.81e-06,32747920.58668167,80009.25501588112,32827929.84169755,0.00243723120530904,409.30165616692096,12,binance;bitget;bybit;coinbase;crypto_com;gate;htx;kraken;kucoin;mexc;okx;upbit,eth,eth,5,shibaswap;uniswap_v2;uniswap_v3,0x2f62f2b4c5fcd7570a709dec05d68ea19c82a9ec;0x811beed0119b4afce20d2583eb608c6f7af1954f;0x98c2b0681d8bf07767826ea8bd3b11b0ca421631;0xcf6daab95c476106eca715d48de4b13287ffdeaa;0xe07c687cecb3caf246ded3240d186181d5eae705,-0.0017182130584192379,0.025817555938037806,-0.01721170395869187,0.018932874354561147
2026-03-20,SHIB,5.96e-06,55610000.26202625,269186.9381330269,55879187.200159274,0.0048173023198923625,206.58506184480945,12,binance;bitget;bybit;coinbase;crypto_com;gate;htx;kraken;kucoin;mexc;okx;upbit,eth,eth,5,shibaswap;uniswap_v2;uniswap_v3,0x2f62f2b4c5fcd7570a709dec05d68ea19c82a9ec;0x811beed0119b4afce20d2583eb608c6f7af1954f;0x98c2b0681d8bf07767826ea8bd3b11b0ca421631;0xcf6daab95c476106eca715d48de4b13287ffdeaa;0xe07c687cecb3caf246ded3240d186181d5eae705,0.025817555938037806,-0.016778523489932917,0.025167785234899265,-0.030201342281879207
2026-03-21,SHIB,5.86e-06,24391135.193484657,82931.2579183409,24474066.451402996,0.003388536109559627,294.1126880952612,12,binance;bitget;bybit;coinbase;crypto_com;gate;htx;kraken;kucoin;mexc;okx;upbit,eth,eth,5,shibaswap;uniswap_v2;uniswap_v3,0x2f62f2b4c5fcd7570a709dec05d68ea19c82a9ec;0x811beed0119b4afce20d2583eb608c6f7af1954f;0x98c2b0681d8bf07767826ea8bd3b11b0ca421631;0xcf6daab95c476106eca715d48de4b13287ffdeaa;0xe07c687cecb3caf246ded3240d186181d5eae705,-0.016778523489932917,-0.025597269624573316,0.058020477815699634,-0.005119453924914641
2026-03-22,SHIB,5.71e-06,25324759.8525761,64483.950220248706,25389243.80279635,0.0025398137384913567,392.72966011042905,12,binance;bitget;bybit;coinbase;crypto_com;gate;htx;kraken;kucoin;mexc;okx;upbit,eth,eth,5,shibaswap;uniswap_v2;uniswap_v3,0x2f62f2b4c5fcd7570a709dec05d68ea19c82a9ec;0x811beed0119b4afce20d2583eb608c6f7af1954f;0x98c2b0681d8bf07767826ea8bd3b11b0ca421631;0xcf6daab95c476106eca715d48de4b13287ffdeaa;0xe07c687cecb3caf246ded3240d186181d5eae705,-0.025597269624573316,0.07005253940455325,0.07355516637478088,0.012259194395796813
2026-03-23,SHIB,6.11e-06,59420301.496539585,243961.23846336745,59664262.73500295,0.004088900579345362,243.5645181620193,12,binance;bitget;bybit;coinbase;crypto_com;gate;htx;kraken;kucoin;mexc;okx;upbit,eth,eth,5,shibaswap;uniswap_v2;uniswap_v3,0x2f62f2b4c5fcd7570a709dec05d68ea19c82a9ec;0x811beed0119b4afce20d2583eb608c6f7af1954f;0x98c2b0681d8bf07767826ea8bd3b11b0ca421631;0xcf6daab95c476106eca715d48de4b13287ffdeaa;0xe07c687cecb3caf246ded3240d186181d5eae705,0.07005253940455325,0.014729950900163713,-0.03109656301145658,-0.03109656301145658
2026-03-24,SHIB,6.2e-06,35217786.35435939,95927.51731200656,35313713.87167139,0.0027164380857987148,367.12913396697934,12,binance;bitget;bybit;coinbase;crypto_com;gate;htx;kraken;kucoin;mexc;okx;upbit,eth,eth,5,shibaswap;uniswap_v2;uniswap_v3,0x2f62f2b4c5fcd7570a709dec05d68ea19c82a9ec;0x811beed0119b4afce20d2583eb608c6f7af1954f;0x98c2b0681d8bf07767826ea8bd3b11b0ca421631;0xcf6daab95c476106eca715d48de4b13287ffdeaa;0xe07c687cecb3caf246ded3240d186181d5eae705,0.014729950900163713,-0.011290322580645218,-0.06774193548387097,-0.03870967741935483
2026-03-25,SHIB,6.13e-06,27209621.455760982,69331.46484561713,27278952.9206066,0.0025415735364697207,392.45703976325365,12,binance;bitget;bybit;coinbase;crypto_com;gate;htx;kraken;kucoin;mexc;okx;upbit,eth,eth,5,shibaswap;uniswap_v2;uniswap_v3,0x2f62f2b4c5fcd7570a709dec05d68ea19c82a9ec;0x811beed0119b4afce20d2583eb608c6f7af1954f;0x98c2b0681d8bf07767826ea8bd3b11b0ca421631;0xcf6daab95c476106eca715d48de4b13287ffdeaa;0xe07c687cecb3caf246ded3240d186181d5eae705,-0.011290322580645218,-0.03425774877650889,-0.04893964110929849,-0.021207177814029254
2026-03-26,SHIB,5.92e-06,26954800.10610058,72560.70922299585,27027360.815323576,0.002684713084595979,371.47928120799156,12,binance;bitget;bybit;coinbase;crypto_com;gate;htx;kraken;kucoin;mexc;okx;upbit,eth,eth,5,shibaswap;uniswap_v2;uniswap_v3,0x2f62f2b4c5fcd7570a709dec05d68ea19c82a9ec;0x811beed0119b4afce20d2583eb608c6f7af1954f;0x98c2b0681d8bf07767826ea8bd3b11b0ca421631;0xcf6daab95c476106eca715d48de4b13287ffdeaa;0xe07c687cecb3caf246ded3240d186181d5eae705,-0.03425774877650889,-0.023648648648648685,-0.023648648648648685,-0.008445945945946054
2026-03-27,SHIB,5.78e-06,17772380.977476344,80940.47789770637,17853321.45537405,0.004533636953774916,219.57346236499012,12,binance;bitget;bybit;coinbase;crypto_com;gate;htx;kraken;kucoin;mexc;okx;upbit,eth,eth,5,shibaswap;uniswap_v2;uniswap_v3,0x2f62f2b4c5fcd7570a709dec05d68ea19c82a9ec;0x811beed0119b4afce20d2583eb608c6f7af1954f;0x98c2b0681d8bf07767826ea8bd3b11b0ca421631;0xcf6daab95c476106eca715d48de4b13287ffdeaa;0xe07c687cecb3caf246ded3240d186181d5eae705,-0.023648648648648685,0.00865051903114189,0.02422145328719738,0.03460207612456756
2026-03-28,SHIB,5.83e-06,13021850.365031177,59816.90797810055,13081667.273009278,0.004572575248226781,217.69514348348767,12,binance;bitget;bybit;coinbase;crypto_com;gate;htx;kraken;kucoin;mexc;okx;upbit,eth,eth,5,shibaswap;uniswap_v2;uniswap_v3,0x2f62f2b4c5fcd7570a709dec05d68ea19c82a9ec;0x811beed0119b4afce20d2583eb608c6f7af1954f;0x98c2b0681d8bf07767826ea8bd3b11b0ca421631;0xcf6daab95c476106eca715d48de4b13287ffdeaa;0xe07c687cecb3caf246ded3240d186181d5eae705,0.00865051903114189,-0.00857632933104635,0.022298456260720245,0.027444253859348233
2026-03-29,SHIB,5.78e-06,11218748.93341087,48573.276594778115,11267322.210005648,0.004310986735751987,230.9654550794077,12,binance;bitget;bybit;coinbase;crypto_com;gate;htx;kraken;kucoin;mexc;okx;upbit,eth,eth,4,shibaswap;uniswap_v2;uniswap_v3,0x2f62f2b4c5fcd7570a709dec05d68ea19c82a9ec;0x811beed0119b4afce20d2583eb608c6f7af1954f;0x98c2b0681d8bf07767826ea8bd3b11b0ca421631;0xcf6daab95c476106eca715d48de4b13287ffdeaa,-0.00857632933104635,0.02422145328719738,0.03806228373702436,0.03806228373702436
2026-03-30,SHIB,5.92e-06,27355788.558385573,120161.16245975293,27475949.720845327,0.0043733215295771784,227.6591537431921,12,binance;bitget;bybit;coinbase;crypto_com;gate;htx;kraken;kucoin;mexc;okx;upbit,eth,eth,5,shibaswap;uniswap_v2;uniswap_v3,0x2f62f2b4c5fcd7570a709dec05d68ea19c82a9ec;0x811beed0119b4afce20d2583eb608c6f7af1954f;0x98c2b0681d8bf07767826ea8bd3b11b0ca421631;0xcf6daab95c476106eca715d48de4b13287ffdeaa;0xe07c687cecb3caf246ded3240d186181d5eae705,0.02422145328719738,0.006756756756756799,-0.008445945945946054,-0.015202702702702742
2026-03-31,SHIB,5.96e-06,26189891.05245013,89817.23432165867,26279708.28677179,0.003417740917880328,291.59093185454117,12,binance;bitget;bybit;coinbase;crypto_com;gate;htx;kraken;kucoin;mexc;okx;upbit,eth,eth,5,shibaswap;uniswap_v2;uniswap_v3,0x2f62f2b4c5fcd7570a709dec05d68ea19c82a9ec;0x811beed0119b4afce20d2583eb608c6f7af1954f;0x98c2b0681d8bf07767826ea8bd3b11b0ca421631;0xcf6daab95c476106eca715d48de4b13287ffdeaa;0xe07c687cecb3caf246ded3240d186181d5eae705,0.006756756756756799,0.006711409395973256,0.003355704697986628,0.030201342281879207
2026-04-01,SHIB,6e-06,25038589.761727247,122306.3805219598,25160896.142249208,0.004860970763143354,204.7202251826235,12,binance;bitget;bybit;coinbase;crypto_com;gate;htx;kraken;kucoin;mexc;okx;upbit,eth,eth,5,shibaswap;uniswap_v2;uniswap_v3,0x2f62f2b4c5fcd7570a709dec05d68ea19c82a9ec;0x811beed0119b4afce20d2583eb608c6f7af1954f;0x98c2b0681d8bf07767826ea8bd3b11b0ca421631;0xcf6daab95c476106eca715d48de4b13287ffdeaa;0xe07c687cecb3caf246ded3240d186181d5eae705,0.006711409395973256,-0.021666666666666723,-0.0016666666666667052,-0.011666666666666714
2026-04-02,SHIB,5.87e-06,29450278.594705123,58091.1431598068,29508369.73786493,0.0019686327532105123,506.96675935070493,12,binance;bitget;bybit;coinbase;crypto_com;gate;htx;kraken;kucoin;mexc;okx;upbit,eth,eth,5,shibaswap;uniswap_v2;uniswap_v3,0x2f62f2b4c5fcd7570a709dec05d68ea19c82a9ec;0x811beed0119b4afce20d2583eb608c6f7af1954f;0x98c2b0681d8bf07767826ea8bd3b11b0ca421631;0xcf6daab95c476106eca715d48de4b13287ffdeaa;0xe07c687cecb3caf246ded3240d186181d5eae705,-0.021666666666666723,0.01873935264054527,0.022146507666098936,0.006814310051107331
2026-04-03,SHIB,5.98e-06,17223253.989256784,80963.10931617995,17304217.098572966,0.004678807995471623,212.72965100680526,12,binance;bitget;bybit;coinbase;crypto_com;gate;htx;kraken;kucoin;mexc;okx;upbit,eth,eth,5,shibaswap;uniswap_v2;uniswap_v3,0x2f62f2b4c5fcd7570a709dec05d68ea19c82a9ec;0x811beed0119b4afce20d2583eb608c6f7af1954f;0x98c2b0681d8bf07767826ea8bd3b11b0ca421631;0xcf6daab95c476106eca715d48de4b13287ffdeaa;0xe07c687cecb3caf246ded3240d186181d5eae705,0.01873935264054527,0.0016722408026754731,-0.025083612040133874,-0.0033444816053512794
2026-04-04,SHIB,5.99e-06,14625799.203034943,45742.07240879311,14671541.275443736,0.003117741452655229,319.74500569902887,12,binance;bitget;bybit;coinbase;crypto_com;gate;htx;kraken;kucoin;mexc;okx;upbit,eth,eth,5,shibaswap;uniswap_v2;uniswap_v3,0x2f62f2b4c5fcd7570a709dec05d68ea19c82a9ec;0x811beed0119b4afce20d2583eb608c6f7af1954f;0x98c2b0681d8bf07767826ea8bd3b11b0ca421631;0xcf6daab95c476106eca715d48de4b13287ffdeaa;0xe07c687cecb3caf246ded3240d186181d5eae705,0.0016722408026754731,0.0016694490818029983,0.025041736227044975,-0.006677796327212104
2026-04-05,SHIB,6e-06,19655284.449018154,46401.08829657964,19701685.537314735,0.0023551836825685085,423.595333010045,12,binance;bitget;bybit;coinbase;crypto_com;gate;htx;kraken;kucoin;mexc;okx;upbit,eth,eth,5,shibaswap;uniswap_v2;uniswap_v3,0x2f62f2b4c5fcd7570a709dec05d68ea19c82a9ec;0x811beed0119b4afce20d2583eb608c6f7af1954f;0x98c2b0681d8bf07767826ea8bd3b11b0ca421631;0xcf6daab95c476106eca715d48de4b13287ffdeaa;0xe07c687cecb3caf246ded3240d186181d5eae705,0.0016694490818029983,-0.02833333333333332,-0.011666666666666714,-0.03833333333333344
2026-04-06,SHIB,5.83e-06,24606003.253978536,98016.99312129339,24704020.247099828,0.003967653529299559,251.03813604574944,12,binance;bitget;bybit;coinbase;crypto_com;gate;htx;kraken;kucoin;mexc;okx;upbit,eth,eth,4,shibaswap;uniswap_v2;uniswap_v3,0x2f62f2b4c5fcd7570a709dec05d68ea19c82a9ec;0x811beed0119b4afce20d2583eb608c6f7af1954f;0x98c2b0681d8bf07767826ea8bd3b11b0ca421631;0xcf6daab95c476106eca715d48de4b13287ffdeaa,-0.02833333333333332,0.05317324185248706,0.013722126929674117,0.029159519725557415
2026-04-07,SHIB,6.14e-06,31899234.76032103,92546.00430679259,31991780.76462782,0.002892805654917385,344.68516495400684,12,binance;bitget;bybit;coinbase;crypto_com;gate;htx;kraken;kucoin;mexc;okx;upbit,eth,eth,5,shibaswap;uniswap_v2;uniswap_v3,0x2f62f2b4c5fcd7570a709dec05d68ea19c82a9ec;0x811beed0119b4afce20d2583eb608c6f7af1954f;0x98c2b0681d8bf07767826ea8bd3b11b0ca421631;0xcf6daab95c476106eca715d48de4b13287ffdeaa;0xe07c687cecb3caf246ded3240d186181d5eae705,0.05317324185248706,-0.03420195439739404,-0.02931596091205213,-0.05048859934853411
2026-04-08,SHIB,5.93e-06,25181707.6614573,86252.09621691771,25267959.757674217,0.003413496659172167,291.9547323015449,12,binance;bitget;bybit;coinbase;crypto_com;gate;htx;kraken;kucoin;mexc;okx;upbit,eth,eth,5,shibaswap;uniswap_v2;uniswap_v3,0x2f62f2b4c5fcd7570a709dec05d68ea19c82a9ec;0x811beed0119b4afce20d2583eb608c6f7af1954f;0x98c2b0681d8bf07767826ea8bd3b11b0ca421631;0xcf6daab95c476106eca715d48de4b13287ffdeaa;0xe07c687cecb3caf246ded3240d186181d5eae705,-0.03420195439739404,-0.003372681281618828,0.003372681281618828,0.005059021922428242
2026-04-09,SHIB,5.91e-06,29502681.886278957,56578.47794640053,29559260.364225358,0.0019140694743118702,521.4470759398696,12,binance;bitget;bybit;coinbase;crypto_com;gate;htx;kraken;kucoin;mexc;okx;upbit,eth,eth,5,shibaswap;uniswap_v2;uniswap_v3,0x2f62f2b4c5fcd7570a709dec05d68ea19c82a9ec;0x811beed0119b4afce20d2583eb608c6f7af1954f;0x98c2b0681d8bf07767826ea8bd3b11b0ca421631;0xcf6daab95c476106eca715d48de4b13287ffdeaa;0xe07c687cecb3caf246ded3240d186181d5eae705,-0.003372681281618828,0.008460236886632666,-0.02368866328257202,0.060913705583756306
2026-04-10,SHIB,5.96e-06,30079823.870817274,66662.76440477851,30146486.63522205,0.0022112946431008707,451.22376996206737,12,binance;bitget;bybit;coinbase;crypto_com;gate;htx;kraken;kucoin;mexc;okx;upbit,eth,eth,5,shibaswap;uniswap_v2;uniswap_v3,0x2f62f2b4c5fcd7570a709dec05d68ea19c82a9ec;0x811beed0119b4afce20d2583eb608c6f7af1954f;0x98c2b0681d8bf07767826ea8bd3b11b0ca421631;0xcf6daab95c476106eca715d48de4b13287ffdeaa;0xe07c687cecb3caf246ded3240d186181d5eae705,0.008460236886632666,-0.001677852348993314,0.006711409395973256,0.0587248322147651
2026-04-11,SHIB,5.95e-06,20093610.068186585,54533.42757732428,20148143.49576391,0.0027066229495928385,368.4640955255447,12,binance;bitget;bybit;coinbase;crypto_com;gate;htx;kraken;kucoin;mexc;okx;upbit,eth,eth,5,shibaswap;uniswap_v2;uniswap_v3,0x2f62f2b4c5fcd7570a709dec05d68ea19c82a9ec;0x811beed0119b4afce20d2583eb608c6f7af1954f;0x98c2b0681d8bf07767826ea8bd3b11b0ca421631;0xcf6daab95c476106eca715d48de4b13287ffdeaa;0xe07c687cecb3caf246ded3240d186181d5eae705,-0.001677852348993314,-0.030252100840336138,-0.020168067226890685,0.018487394957983128
2026-04-12,SHIB,5.77e-06,23348195.879449315,36357.352568170354,23384553.232017487,0.0015547593408109619,642.1863592975105,12,binance;bitget;bybit;coinbase;crypto_com;gate;htx;kraken;kucoin;mexc;okx;upbit,eth,eth,4,shibaswap;uniswap_v2;uniswap_v3,0x2f62f2b4c5fcd7570a709dec05d68ea19c82a9ec;0x811beed0119b4afce20d2583eb608c6f7af1954f;0x98c2b0681d8bf07767826ea8bd3b11b0ca421631;0xcf6daab95c476106eca715d48de4b13287ffdeaa,-0.030252100840336138,0.03986135181975747,0.032928942807625594,0.020797227036395194
2026-04-13,SHIB,6e-06,24507179.550634984,82055.31219755783,24589234.862832543,0.0033370421103093044,298.66658104512555,12,binance;bitget;bybit;coinbase;crypto_com;gate;htx;kraken;kucoin;mexc;okx;upbit,eth,eth,5,shibaswap;uniswap_v2;uniswap_v3,0x2f62f2b4c5fcd7570a709dec05d68ea19c82a9ec;0x811beed0119b4afce20d2583eb608c6f7af1954f;0x98c2b0681d8bf07767826ea8bd3b11b0ca421631;0xcf6daab95c476106eca715d48de4b13287ffdeaa;0xe07c687cecb3caf246ded3240d186181d5eae705,0.03986135181975747,-0.02833333333333332,0.04499999999999993,0.0
2026-04-14,SHIB,5.83e-06,29055699.099195518,114064.91094167797,29169764.010137197,0.0039103816850228085,254.7295119885892,12,binance;bitget;bybit;coinbase;crypto_com;gate;htx;kraken;kucoin;mexc;okx;upbit,eth,eth,5,shibaswap;uniswap_v2;uniswap_v3,0x2f62f2b4c5fcd7570a709dec05d68ea19c82a9ec;0x811beed0119b4afce20d2583eb608c6f7af1954f;0x98c2b0681d8bf07767826ea8bd3b11b0ca421631;0xcf6daab95c476106eca715d48de4b13287ffdeaa;0xe07c687cecb3caf246ded3240d186181d5eae705,-0.02833333333333332,0.022298456260720245,0.08233276157804448,0.044596912521440935
2026-04-15,SHIB,5.96e-06,26535014.986911047,32880.23018768059,26567895.217098728,0.001237592587557306,807.0203534296747,12,binance;bitget;bybit;coinbase;crypto_com;gate;htx;kraken;kucoin;mexc;okx;upbit,eth,eth,5,shibaswap;uniswap_v2;uniswap_v3,0x2f62f2b4c5fcd7570a709dec05d68ea19c82a9ec;0x811beed0119b4afce20d2583eb608c6f7af1954f;0x98c2b0681d8bf07767826ea8bd3b11b0ca421631;0xcf6daab95c476106eca715d48de4b13287ffdeaa;0xe07c687cecb3caf246ded3240d186181d5eae705,0.022298456260720245,0.052013422818792066,0.016778523489932917,0.023489932885906173
2026-04-16,SHIB,6.27e-06,43085543.87016758,203209.42156825983,43288753.29173584,0.0046942775228191675,212.02532607817483,12,binance;bitget;bybit;coinbase;crypto_com;gate;htx;kraken;kucoin;mexc;okx;upbit,eth,eth,5,shibaswap;uniswap_v2;uniswap_v3,0x2f62f2b4c5fcd7570a709dec05d68ea19c82a9ec;0x811beed0119b4afce20d2583eb608c6f7af1954f;0x98c2b0681d8bf07767826ea8bd3b11b0ca421631;0xcf6daab95c476106eca715d48de4b13287ffdeaa;0xe07c687cecb3caf246ded3240d186181d5eae705,0.052013422818792066,0.006379585326953707,-0.06060606060606055,-0.01754385964912275
2026-04-17,SHIB,6.31e-06,37827298.73555403,119456.40865552498,37946755.14420956,0.003148000618275613,316.6619452342332,12,binance;bitget;bybit;coinbase;crypto_com;gate;htx;kraken;kucoin;mexc;okx;upbit,eth,eth,5,shibaswap;uniswap_v2;uniswap_v3,0x2f62f2b4c5fcd7570a709dec05d68ea19c82a9ec;0x811beed0119b4afce20d2583eb608c6f7af1954f;0x98c2b0681d8bf07767826ea8bd3b11b0ca421631;0xcf6daab95c476106eca715d48de4b13287ffdeaa;0xe07c687cecb3caf246ded3240d186181d5eae705,0.006379585326953707,-0.03961965134706813,-0.04912836767036444,-0.017432646592709933
2026-04-18,SHIB,6.06e-06,24337487.109891336,49392.332206934276,24386879.44209827,0.002025365005153956,492.7381644569226,12,binance;bitget;bybit;coinbase;crypto_com;gate;htx;kraken;kucoin;mexc;okx;upbit,eth,eth,5,shibaswap;uniswap_v2;uniswap_v3,0x2f62f2b4c5fcd7570a709dec05d68ea19c82a9ec;0x811beed0119b4afce20d2583eb608c6f7af1954f;0x98c2b0681d8bf07767826ea8bd3b11b0ca421631;0xcf6daab95c476106eca715d48de4b13287ffdeaa;0xe07c687cecb3caf246ded3240d186181d5eae705,-0.03961965134706813,-0.028052805280527893,0.004950495049504955,0.01980198019801982
2026-04-19,SHIB,5.89e-06,21984378.774444554,90967.74173913249,22075346.516183686,0.004120784318037455,241.67224946057243,12,binance;bitget;bybit;coinbase;crypto_com;gate;htx;kraken;kucoin;mexc;okx;upbit,eth,eth,4,shibaswap;uniswap_v2;uniswap_v3,0x2f62f2b4c5fcd7570a709dec05d68ea19c82a9ec;0x811beed0119b4afce20d2583eb608c6f7af1954f;0x98c2b0681d8bf07767826ea8bd3b11b0ca421631;0xcf6daab95c476106eca715d48de4b13287ffdeaa,-0.028052805280527893,0.018675721561969505,0.035653650254668934,0.05432937181663822
2026-04-20,SHIB,6e-06,19109279.189979773,43415.37561365946,19152694.565593433,0.002266802483847487,440.1500371671911,12,binance;bitget;bybit;coinbase;crypto_com;gate;htx;kraken;kucoin;mexc;okx;upbit,eth,eth,5,shibaswap;uniswap_v2;uniswap_v3,0x2f62f2b4c5fcd7570a709dec05d68ea19c82a9ec;0x811beed0119b4afce20d2583eb608c6f7af1954f;0x98c2b0681d8bf07767826ea8bd3b11b0ca421631;0xcf6daab95c476106eca715d48de4b13287ffdeaa;0xe07c687cecb3caf246ded3240d186181d5eae705,0.018675721561969505,0.014999999999999902,0.026666666666666616,0.023333333333333206
2026-04-21,SHIB,6.09e-06,20261192.862361018,41486.21169783592,20302679.074058853,0.002043386074640942,488.3837794092421,12,binance;bitget;bybit;coinbase;crypto_com;gate;htx;kraken;kucoin;mexc;okx;upbit,eth,eth,5,shibaswap;uniswap_v2;uniswap_v3,0x2f62f2b4c5fcd7570a709dec05d68ea19c82a9ec;0x811beed0119b4afce20d2583eb608c6f7af1954f;0x98c2b0681d8bf07767826ea8bd3b11b0ca421631;0xcf6daab95c476106eca715d48de4b13287ffdeaa;0xe07c687cecb3caf246ded3240d186181d5eae705,0.014999999999999902,0.0016420361247946325,0.018062397372742067,0.006568144499178974
2026-04-22,SHIB,6.1e-06,22408225.817772433,85099.91865589804,22493325.73642833,0.003783340874225515,263.3166537841265,12,binance;bitget;bybit;coinbase;crypto_com;gate;htx;kraken;kucoin;mexc;okx;upbit,eth,eth,5,shibaswap;uniswap_v2;uniswap_v3,0x2f62f2b4c5fcd7570a709dec05d68ea19c82a9ec;0x811beed0119b4afce20d2583eb608c6f7af1954f;0x98c2b0681d8bf07767826ea8bd3b11b0ca421631;0xcf6daab95c476106eca715d48de4b13287ffdeaa;0xe07c687cecb3caf246ded3240d186181d5eae705,0.0016420361247946325,0.009836065573770592,0.013114754098360715,0.009836065573770592
2026-04-23,SHIB,6.16e-06,14583698.98348728,94049.31044374923,14677748.29393103,0.0064076116145578565,155.0643903147995,12,binance;bitget;bybit;coinbase;crypto_com;gate;htx;kraken;kucoin;mexc;okx;upbit,eth,eth,5,shibaswap;uniswap_v2;uniswap_v3,0x2f62f2b4c5fcd7570a709dec05d68ea19c82a9ec;0x811beed0119b4afce20d2583eb608c6f7af1954f;0x98c2b0681d8bf07767826ea8bd3b11b0ca421631;0xcf6daab95c476106eca715d48de4b13287ffdeaa;0xe07c687cecb3caf246ded3240d186181d5eae705,0.009836065573770592,0.006493506493506329,0.008116883116882967,0.009740259740259605
2026-04-24,SHIB,6.2e-06,16135342.907158745,59805.36057969796,16195148.267738443,0.0036927948785027967,269.7976026021351,12,binance;bitget;bybit;coinbase;crypto_com;gate;htx;kraken;kucoin;mexc;okx;upbit,eth,eth,5,shibaswap;uniswap_v2;uniswap_v3,0x2f62f2b4c5fcd7570a709dec05d68ea19c82a9ec;0x811beed0119b4afce20d2583eb608c6f7af1954f;0x98c2b0681d8bf07767826ea8bd3b11b0ca421631;0xcf6daab95c476106eca715d48de4b13287ffdeaa;0xe07c687cecb3caf246ded3240d186181d5eae705,0.006493506493506329,-0.003225806451612856,-0.00967741935483879,0.011290322580645107
2026-04-25,SHIB,6.18e-06,11381787.770095823,49425.443902554216,11431213.213998377,0.004323726885089419,230.28195341119908,12,binance;bitget;bybit;coinbase;crypto_com;gate;htx;kraken;kucoin;mexc;okx;upbit,eth,eth,4,shibaswap;uniswap_v2;uniswap_v3,0x2f62f2b4c5fcd7570a709dec05d68ea19c82a9ec;0x811beed0119b4afce20d2583eb608c6f7af1954f;0x98c2b0681d8bf07767826ea8bd3b11b0ca421631;0xcf6daab95c476106eca715d48de4b13287ffdeaa,-0.003225806451612856,0.004854368932038833,-0.008090614886731462,0.014563106796116498
2026-04-26,SHIB,6.21e-06,11900031.326896949,39290.644024244124,11939321.970921192,0.0032908605798502148,302.8718826689144,12,binance;bitget;bybit;coinbase;crypto_com;gate;htx;kraken;kucoin;mexc;okx;upbit,eth,eth,4,shibaswap;uniswap_v2;uniswap_v3,0x2f62f2b4c5fcd7570a709dec05d68ea19c82a9ec;0x811beed0119b4afce20d2583eb608c6f7af1954f;0x98c2b0681d8bf07767826ea8bd3b11b0ca421631;0xcf6daab95c476106eca715d48de4b13287ffdeaa,0.004854368932038833,-0.011272141706924366,-0.00805152979066015,-0.00805152979066015
2026-04-27,SHIB,6.14e-06,19342930.043056082,48238.364720091,19391168.407776173,0.002487646113204124,400.9864379793095,12,binance;bitget;bybit;coinbase;crypto_com;gate;htx;kraken;kucoin;mexc;okx;upbit,eth,eth,4,shibaswap;uniswap_v2;uniswap_v3,0x2f62f2b4c5fcd7570a709dec05d68ea19c82a9ec;0x811beed0119b4afce20d2583eb608c6f7af1954f;0x98c2b0681d8bf07767826ea8bd3b11b0ca421631;0xcf6daab95c476106eca715d48de4b13287ffdeaa,-0.011272141706924366,-0.0016286644951140072,0.013029315960912058,0.008143322475570036
2026-04-28,SHIB,6.13e-06,16486422.825261638,40488.7679263377,16526911.593187975,0.002449868972677646,407.1850952653296,12,binance;bitget;bybit;coinbase;crypto_com;gate;htx;kraken;kucoin;mexc;okx;upbit,eth,eth,4,shibaswap;uniswap_v2;uniswap_v3,0x2f62f2b4c5fcd7570a709dec05d68ea19c82a9ec;0x811beed0119b4afce20d2583eb608c6f7af1954f;0x98c2b0681d8bf07767826ea8bd3b11b0ca421631;0xcf6daab95c476106eca715d48de4b13287ffdeaa,-0.0016286644951140072,0.004893964110930016,0.022838499184339334,0.03588907014681908
2026-04-29,SHIB,6.16e-06,51898847.78595423,170857.41880367164,52069705.2047579,0.003281321031716912,303.7553074917397,12,binance;bitget;bybit;coinbase;crypto_com;gate;htx;kraken;kucoin;mexc;okx;upbit,eth,eth,5,shibaswap;uniswap_v2;uniswap_v3,0x2f62f2b4c5fcd7570a709dec05d68ea19c82a9ec;0x811beed0119b4afce20d2583eb608c6f7af1954f;0x98c2b0681d8bf07767826ea8bd3b11b0ca421631;0xcf6daab95c476106eca715d48de4b13287ffdeaa;0xe07c687cecb3caf246ded3240d186181d5eae705,0.004893964110930016,0.009740259740259605,0.017857142857142794,0.0405844155844155
2026-04-30,SHIB,6.22e-06,38769928.61714706,84239.58453717594,38854168.20168424,0.002168096460073603,460.2340910173581,12,binance;bitget;bybit;coinbase;crypto_com;gate;htx;kraken;kucoin;mexc;okx;upbit,eth,eth,5,shibaswap;uniswap_v2;uniswap_v3,0x2f62f2b4c5fcd7570a709dec05d68ea19c82a9ec;0x811beed0119b4afce20d2583eb608c6f7af1954f;0x98c2b0681d8bf07767826ea8bd3b11b0ca421631;0xcf6daab95c476106eca715d48de4b13287ffdeaa;0xe07c687cecb3caf246ded3240d186181d5eae705,0.009740259740259605,0.008038585209003246,-0.009646302250803762,0.008038585209003246
2026-05-01,SHIB,6.27e-06,34147651.08731021,61482.29568979366,34209133.383,0.0017972479747279091,555.4062466958089,12,binance;bitget;bybit;coinbase;crypto_com;gate;htx;kraken;kucoin;mexc;okx;upbit,eth,eth,5,shibaswap;uniswap_v2;uniswap_v3,0x2f62f2b4c5fcd7570a709dec05d68ea19c82a9ec;0x811beed0119b4afce20d2583eb608c6f7af1954f;0x98c2b0681d8bf07767826ea8bd3b11b0ca421631;0xcf6daab95c476106eca715d48de4b13287ffdeaa;0xe07c687cecb3caf246ded3240d186181d5eae705,0.008038585209003246,0.0,-0.012759170653907526,0.030303030303030276
2026-05-02,SHIB,6.27e-06,16838432.42241955,30522.523045008056,16868954.94546456,0.0018093902760238528,551.6723633098696,12,binance;bitget;bybit;coinbase;crypto_com;gate;htx;kraken;kucoin;mexc;okx;upbit,eth,eth,5,shibaswap;uniswap_v2;uniswap_v3,0x2f62f2b4c5fcd7570a709dec05d68ea19c82a9ec;0x811beed0119b4afce20d2583eb608c6f7af1954f;0x98c2b0681d8bf07767826ea8bd3b11b0ca421631;0xcf6daab95c476106eca715d48de4b13287ffdeaa;0xe07c687cecb3caf246ded3240d186181d5eae705,0.0,-0.01754385964912275,0.012759170653907415,0.014354066985645897
2026-05-03,SHIB,6.16e-06,24873823.720679063,36920.81915545225,24910744.539834514,0.0014821242735805246,673.7072548674978,12,binance;bitget;bybit;coinbase;crypto_com;gate;htx;kraken;kucoin;mexc;okx;upbit,eth,eth,5,shibaswap;uniswap_v2;uniswap_v3,0x2f62f2b4c5fcd7570a709dec05d68ea19c82a9ec;0x811beed0119b4afce20d2583eb608c6f7af1954f;0x98c2b0681d8bf07767826ea8bd3b11b0ca421631;0xcf6daab95c476106eca715d48de4b13287ffdeaa;0xe07c687cecb3caf246ded3240d186181d5eae705,-0.01754385964912275,0.004870129870129913,0.0405844155844155,0.07305194805194803
2026-05-04,SHIB,6.19e-06,37687677.24305959,56298.33568066279,37743975.578740254,0.001491584678545985,669.4279109214317,12,binance;bitget;bybit;coinbase;crypto_com;gate;htx;kraken;kucoin;mexc;okx;upbit,eth,eth,5,shibaswap;uniswap_v2;uniswap_v3,0x2f62f2b4c5fcd7570a709dec05d68ea19c82a9ec;0x811beed0119b4afce20d2583eb608c6f7af1954f;0x98c2b0681d8bf07767826ea8bd3b11b0ca421631;0xcf6daab95c476106eca715d48de4b13287ffdeaa;0xe07c687cecb3caf246ded3240d186181d5eae705,0.004870129870129913,0.02584814216478204,0.01292407108239102,0.06462035541195466
2026-05-05,SHIB,6.35e-06,33314225.162316415,76123.38321552597,33390348.54553194,0.0022798019946309385,437.6345842117237,12,binance;bitget;bybit;coinbase;crypto_com;gate;htx;kraken;kucoin;mexc;okx;upbit,eth,eth,4,shibaswap;uniswap_v2;uniswap_v3,0x2f62f2b4c5fcd7570a709dec05d68ea19c82a9ec;0x811beed0119b4afce20d2583eb608c6f7af1954f;0x98c2b0681d8bf07767826ea8bd3b11b0ca421631;0xcf6daab95c476106eca715d48de4b13287ffdeaa,0.02584814216478204,0.0094488188976376,0.017322834645669305,0.0094488188976376
2026-05-06,SHIB,6.41e-06,32832124.134787038,67983.11589867988,32900107.250685718,0.0020663493702520667,482.9452681121458,12,binance;bitget;bybit;coinbase;crypto_com;gate;htx;kraken;kucoin;mexc;okx;upbit,eth,eth,5,shibaswap;uniswap_v2;uniswap_v3,0x2f62f2b4c5fcd7570a709dec05d68ea19c82a9ec;0x811beed0119b4afce20d2583eb608c6f7af1954f;0x98c2b0681d8bf07767826ea8bd3b11b0ca421631;0xcf6daab95c476106eca715d48de4b13287ffdeaa;0xe07c687cecb3caf246ded3240d186181d5eae705,0.0094488188976376,-0.021840873634945357,-0.007800312012480437,-0.020280811232449292
2026-05-07,SHIB,6.27e-06,24274539.831576124,31765.548192759103,24306305.379768882,0.0013068850940710574,764.1782123284578,12,binance;bitget;bybit;coinbase;crypto_com;gate;htx;kraken;kucoin;mexc;okx;upbit,eth,eth,5,shibaswap;uniswap_v2;uniswap_v3,0x2f62f2b4c5fcd7570a709dec05d68ea19c82a9ec;0x811beed0119b4afce20d2583eb608c6f7af1954f;0x98c2b0681d8bf07767826ea8bd3b11b0ca421631;0xcf6daab95c476106eca715d48de4b13287ffdeaa;0xe07c687cecb3caf246ded3240d186181d5eae705,-0.021840873634945357,0.030303030303030276,0.054226475279106845,0.01594896331738438
2026-05-08,SHIB,6.46e-06,22519535.859571792,63840.97602206335,22583376.835593857,0.002826901241865788,352.7442289069809,12,binance;bitget;bybit;coinbase;crypto_com;gate;htx;kraken;kucoin;mexc;okx;upbit,eth,eth,5,shibaswap;uniswap_v2;uniswap_v3,0x2f62f2b4c5fcd7570a709dec05d68ea19c82a9ec;0x811beed0119b4afce20d2583eb608c6f7af1954f;0x98c2b0681d8bf07767826ea8bd3b11b0ca421631;0xcf6daab95c476106eca715d48de4b13287ffdeaa;0xe07c687cecb3caf246ded3240d186181d5eae705,0.030303030303030276,-0.015479876160990669,0.020123839009287936,-0.052631578947368474
2026-05-09,SHIB,6.36e-06,18485707.902947653,32080.95536353738,18517788.85831119,0.0017324398506217303,576.2206172936535,12,binance;bitget;bybit;coinbase;crypto_com;gate;htx;kraken;kucoin;mexc;okx;upbit,eth,eth,5,shibaswap;uniswap_v2;uniswap_v3,0x2f62f2b4c5fcd7570a709dec05d68ea19c82a9ec;0x811beed0119b4afce20d2583eb608c6f7af1954f;0x98c2b0681d8bf07767826ea8bd3b11b0ca421631;0xcf6daab95c476106eca715d48de4b13287ffdeaa;0xe07c687cecb3caf246ded3240d186181d5eae705,-0.015479876160990669,0.03930817610062887,0.007861635220125729,-0.07704402515723274
2026-05-10,SHIB,6.61e-06,42785328.56158439,121844.45778018155,42907173.01936457,0.002839722340252795,351.1471046042406,12,binance;bitget;bybit;coinbase;crypto_com;gate;htx;kraken;kucoin;mexc;okx;upbit,eth,eth,5,shibaswap;uniswap_v2;uniswap_v3,0x2f62f2b4c5fcd7570a709dec05d68ea19c82a9ec;0x811beed0119b4afce20d2583eb608c6f7af1954f;0x98c2b0681d8bf07767826ea8bd3b11b0ca421631;0xcf6daab95c476106eca715d48de4b13287ffdeaa;0xe07c687cecb3caf246ded3240d186181d5eae705,0.03930817610062887,-0.003025718608169581,-0.04992435703479581,-0.13313161875945534
2026-05-11,SHIB,6.59e-06,27103075.760709256,64878.64713477362,27167954.40784403,0.0023880578626133747,417.7503224505827,12,binance;bitget;bybit;coinbase;crypto_com;gate;htx;kraken;kucoin;mexc;okx;upbit,eth,eth,5,shibaswap;uniswap_v2;uniswap_v3,0x2f62f2b4c5fcd7570a709dec05d68ea19c82a9ec;0x811beed0119b4afce20d2583eb608c6f7af1954f;0x98c2b0681d8bf07767826ea8bd3b11b0ca421631;0xcf6daab95c476106eca715d48de4b13287ffdeaa;0xe07c687cecb3caf246ded3240d186181d5eae705,-0.003025718608169581,-0.0273141122913505,-0.03338391502276172,-0.12746585735963578
2026-05-12,SHIB,6.41e-06,26870579.04326277,60495.773928292976,26931074.81719106,0.0022463185869461243,444.1728289171584,12,binance;bitget;bybit;coinbase;crypto_com;gate;htx;kraken;kucoin;mexc;okx;upbit,eth,eth,5,shibaswap;uniswap_v2;uniswap_v3,0x2f62f2b4c5fcd7570a709dec05d68ea19c82a9ec;0x811beed0119b4afce20d2583eb608c6f7af1954f;0x98c2b0681d8bf07767826ea8bd3b11b0ca421631;0xcf6daab95c476106eca715d48de4b13287ffdeaa;0xe07c687cecb3caf246ded3240d186181d5eae705,-0.0273141122913505,-0.020280811232449292,-0.04524180967238689,-0.11232449297971914
2026-05-13,SHIB,6.28e-06,31155631.463955954,65143.98157253756,31220775.445528492,0.002086558730297893,478.2580172700111,12,binance;bitget;bybit;coinbase;crypto_com;gate;htx;kraken;kucoin;mexc;okx;upbit,eth,eth,5,shibaswap;uniswap_v2;uniswap_v3,0x2f62f2b4c5fcd7570a709dec05d68ea19c82a9ec;0x811beed0119b4afce20d2583eb608c6f7af1954f;0x98c2b0681d8bf07767826ea8bd3b11b0ca421631;0xcf6daab95c476106eca715d48de4b13287ffdeaa;0xe07c687cecb3caf246ded3240d186181d5eae705,-0.020280811232449292,0.014331210191082855,-0.0652866242038217,-0.07961783439490455
2026-05-14,SHIB,6.37e-06,29185719.710640274,45205.375222827875,29230925.085863102,0.0015464914329615406,645.6249852318896,12,binance;bitget;bybit;coinbase;crypto_com;gate;htx;kraken;kucoin;mexc;okx;upbit,eth,eth,5,shibaswap;uniswap_v2;uniswap_v3,0x2f62f2b4c5fcd7570a709dec05d68ea19c82a9ec;0x811beed0119b4afce20d2583eb608c6f7af1954f;0x98c2b0681d8bf07767826ea8bd3b11b0ca421631;0xcf6daab95c476106eca715d48de4b13287ffdeaa;0xe07c687cecb3caf246ded3240d186181d5eae705,0.014331210191082855,-0.039246467817896424,-0.10047095761381475,-0.08320251177394034
2026-05-15,SHIB,6.12e-06,33584314.04725676,71979.40859033562,33656293.4558471,0.002138661189318536,466.5822449083861,12,binance;bitget;bybit;coinbase;crypto_com;gate;htx;kraken;kucoin;mexc;okx;upbit,eth,eth,5,shibaswap;uniswap_v2;uniswap_v3,0x2f62f2b4c5fcd7570a709dec05d68ea19c82a9ec;0x811beed0119b4afce20d2583eb608c6f7af1954f;0x98c2b0681d8bf07767826ea8bd3b11b0ca421631;0xcf6daab95c476106eca715d48de4b13287ffdeaa;0xe07c687cecb3caf246ded3240d186181d5eae705,-0.039246467817896424,-0.040849673202614456,-0.06045751633986929,-0.07679738562091498
2026-05-16,SHIB,5.87e-06,26635987.596143752,41926.740219319945,26677914.336363073,0.0015715898810789758,635.2983193258087,12,binance;bitget;bybit;coinbase;crypto_com;gate;htx;kraken;kucoin;mexc;okx;upbit,eth,eth,5,shibaswap;uniswap_v2;uniswap_v3,0x2f62f2b4c5fcd7570a709dec05d68ea19c82a9ec;0x811beed0119b4afce20d2583eb608c6f7af1954f;0x98c2b0681d8bf07767826ea8bd3b11b0ca421631;0xcf6daab95c476106eca715d48de4b13287ffdeaa;0xe07c687cecb3caf246ded3240d186181d5eae705,-0.040849673202614456,-0.023850085178875546,-0.030664395229982988,-0.03236797274275982
2026-05-17,SHIB,5.73e-06,34542045.35880259,57734.15205085826,34599779.51085345,0.0016686277446579653,598.2948416454502,12,binance;bitget;bybit;coinbase;crypto_com;gate;htx;kraken;kucoin;mexc;okx;upbit,eth,eth,5,shibaswap;uniswap_v2;uniswap_v3,0x2f62f2b4c5fcd7570a709dec05d68ea19c82a9ec;0x811beed0119b4afce20d2583eb608c6f7af1954f;0x98c2b0681d8bf07767826ea8bd3b11b0ca421631;0xcf6daab95c476106eca715d48de4b13287ffdeaa;0xe07c687cecb3caf246ded3240d186181d5eae705,-0.023850085178875546,0.003490401396160525,0.008726003490401313,-0.02617801047120427
2026-05-18,SHIB,5.75e-06,27079225.408614293,70728.63449275246,27149954.043107044,0.0026051106525062195,382.86085406313185,12,binance;bitget;bybit;coinbase;crypto_com;gate;htx;kraken;kucoin;mexc;okx;upbit,eth,eth,5,shibaswap;uniswap_v2;uniswap_v3,0x2f62f2b4c5fcd7570a709dec05d68ea19c82a9ec;0x811beed0119b4afce20d2583eb608c6f7af1954f;0x98c2b0681d8bf07767826ea8bd3b11b0ca421631;0xcf6daab95c476106eca715d48de4b13287ffdeaa;0xe07c687cecb3caf246ded3240d186181d5eae705,0.003490401396160525,-0.01043478260869568,0.01565217391304352,-0.03304347826086951
2026-05-19,SHIB,5.69e-06,13477752.91692614,23298.784074587482,13501051.701000728,0.001725701418716923,578.474519261571,12,binance;bitget;bybit;coinbase;crypto_com;gate;htx;kraken;kucoin;mexc;okx;upbit,eth,eth,5,shibaswap;uniswap_v2;uniswap_v3,0x2f62f2b4c5fcd7570a709dec05d68ea19c82a9ec;0x811beed0119b4afce20d2583eb608c6f7af1954f;0x98c2b0681d8bf07767826ea8bd3b11b0ca421631;0xcf6daab95c476106eca715d48de4b13287ffdeaa;0xe07c687cecb3caf246ded3240d186181d5eae705,-0.01043478260869568,0.01581722319859402,-0.007029876977152849,-0.028119507908611507
2026-05-20,SHIB,5.78e-06,10758732.790027231,44123.91963197462,10802856.709659206,0.00408446773088473,243.82994257452282,12,binance;bitget;bybit;coinbase;crypto_com;gate;htx;kraken;kucoin;mexc;okx;upbit,eth,eth,5,shibaswap;uniswap_v2;uniswap_v3,0x2f62f2b4c5fcd7570a709dec05d68ea19c82a9ec;0x811beed0119b4afce20d2583eb608c6f7af1954f;0x98c2b0681d8bf07767826ea8bd3b11b0ca421631;0xcf6daab95c476106eca715d48de4b13287ffdeaa;0xe07c687cecb3caf246ded3240d186181d5eae705,0.01581722319859402,0.01038062283737018,-0.01730103806228367,-0.06055363321799312
2026-05-21,SHIB,5.84e-06,11890273.884141067,41080.249536171,11931354.133677239,0.0034430500575134706,289.4401572140336,12,binance;bitget;bybit;coinbase;crypto_com;gate;htx;kraken;kucoin;mexc;okx;upbit,eth,eth,5,shibaswap;uniswap_v2;uniswap_v3,0x2f62f2b4c5fcd7570a709dec05d68ea19c82a9ec;0x811beed0119b4afce20d2583eb608c6f7af1954f;0x98c2b0681d8bf07767826ea8bd3b11b0ca421631;0xcf6daab95c476106eca715d48de4b13287ffdeaa;0xe07c687cecb3caf246ded3240d186181d5eae705,0.01038062283737018,-0.03253424657534243,-0.044520547945205435,-0.08219178082191769
2026-05-22,SHIB,5.65e-06,14076786.868406756,48853.01114602202,14125639.879552778,0.003458463585549706,288.14573632587627,12,binance;bitget;bybit;coinbase;crypto_com;gate;htx;kraken;kucoin;mexc;okx;upbit,eth,eth,5,shibaswap;uniswap_v2;uniswap_v3,0x2f62f2b4c5fcd7570a709dec05d68ea19c82a9ec;0x811beed0119b4afce20d2583eb608c6f7af1954f;0x98c2b0681d8bf07767826ea8bd3b11b0ca421631;0xcf6daab95c476106eca715d48de4b13287ffdeaa;0xe07c687cecb3caf246ded3240d186181d5eae705,-0.03253424657534243,0.005309734513274211,-0.015929203539822967,-0.038938053097345215
2026-05-23,SHIB,5.68e-06,17678968.432155754,66462.7066859029,17745431.13884166,0.0037453418948175123,265.9983216709042,12,binance;bitget;bybit;coinbase;crypto_com;gate;htx;kraken;kucoin;mexc;okx;upbit,eth,eth,5,shibaswap;uniswap_v2;uniswap_v3,0x2f62f2b4c5fcd7570a709dec05d68ea19c82a9ec;0x811beed0119b4afce20d2583eb608c6f7af1954f;0x98c2b0681d8bf07767826ea8bd3b11b0ca421631;0xcf6daab95c476106eca715d48de4b13287ffdeaa;0xe07c687cecb3caf246ded3240d186181d5eae705,0.005309734513274211,-0.017605633802816878,-0.02640845070422526,-0.03169014084507038
2026-05-24,SHIB,5.58e-06,11855354.493195225,14990.879627237411,11870345.372822462,0.0012628848745681414,790.8378152576751,12,binance;bitget;bybit;coinbase;crypto_com;gate;htx;kraken;kucoin;mexc;okx;upbit,eth,eth,5,shibaswap;uniswap_v2;uniswap_v3,0x2f62f2b4c5fcd7570a709dec05d68ea19c82a9ec;0x811beed0119b4afce20d2583eb608c6f7af1954f;0x98c2b0681d8bf07767826ea8bd3b11b0ca421631;0xcf6daab95c476106eca715d48de4b13287ffdeaa;0xe07c687cecb3caf246ded3240d186181d5eae705,-0.017605633802816878,-0.0035842293906809264,-0.026881720430107614,-0.010752688172043112
2026-05-25,SHIB,5.56e-06,10352499.750566356,32269.52088246479,10384769.27144882,0.0031073892966678052,320.8135561811793,12,binance;bitget;bybit;coinbase;crypto_com;gate;htx;kraken;kucoin;mexc;okx;upbit,eth,eth,5,shibaswap;uniswap_v2;uniswap_v3,0x2f62f2b4c5fcd7570a709dec05d68ea19c82a9ec;0x811beed0119b4afce20d2583eb608c6f7af1954f;0x98c2b0681d8bf07767826ea8bd3b11b0ca421631;0xcf6daab95c476106eca715d48de4b13287ffdeaa;0xe07c687cecb3caf246ded3240d186181d5eae705,-0.0035842293906809264,-0.0053956834532373765,-0.03597122302158273,-0.0053956834532373765
2026-05-26,SHIB,5.53e-06,13944272.465359844,30963.835730356495,13975236.301090201,0.0022156216226512765,450.34060336682,12,binance;bitget;bybit;coinbase;crypto_com;gate;htx;kraken;kucoin;mexc;okx;upbit,eth,eth,5,shibaswap;uniswap_v2;uniswap_v3,0x2f62f2b4c5fcd7570a709dec05d68ea19c82a9ec;0x811beed0119b4afce20d2583eb608c6f7af1954f;0x98c2b0681d8bf07767826ea8bd3b11b0ca421631;0xcf6daab95c476106eca715d48de4b13287ffdeaa;0xe07c687cecb3caf246ded3240d186181d5eae705,-0.0053956834532373765,-0.018083182640144746,-0.018083182640144746,-0.06329113924050633
2026-05-27,SHIB,5.43e-06,15756227.042661706,40063.8437639178,15796290.886425624,0.0025362817165101867,393.27796742388557,12,binance;bitget;bybit;coinbase;crypto_com;gate;htx;kraken;kucoin;mexc;okx;upbit,eth,eth,5,shibaswap;uniswap_v2;uniswap_v3,0x2f62f2b4c5fcd7570a709dec05d68ea19c82a9ec;0x811beed0119b4afce20d2583eb608c6f7af1954f;0x98c2b0681d8bf07767826ea8bd3b11b0ca421631;0xcf6daab95c476106eca715d48de4b13287ffdeaa;0xe07c687cecb3caf246ded3240d186181d5eae705,-0.018083182640144746,-0.012891344383056946,0.012891344383057168,-0.04235727440147319
2026-05-28,SHIB,5.36e-06,22493659.068361484,37984.43487399328,22531643.503235478,0.0016858261967680622,592.1809589370031,12,binance;bitget;bybit;coinbase;crypto_com;gate;htx;kraken;kucoin;mexc;okx;upbit,eth,eth,5,shibaswap;uniswap_v2;uniswap_v3,0x2f62f2b4c5fcd7570a709dec05d68ea19c82a9ec;0x811beed0119b4afce20d2583eb608c6f7af1954f;0x98c2b0681d8bf07767826ea8bd3b11b0ca421631;0xcf6daab95c476106eca715d48de4b13287ffdeaa;0xe07c687cecb3caf246ded3240d186181d5eae705,-0.012891344383056946,0.013059701492537101,0.02985074626865658,-0.07649253731343286
2026-05-29,SHIB,5.43e-06,15983909.155529678,28942.635732843002,16012851.79126252,0.001807462912298712,552.2616980385012,12,binance;bitget;bybit;coinbase;crypto_com;gate;htx;kraken;kucoin;mexc;okx;upbit,eth,eth,5,shibaswap;uniswap_v2;uniswap_v3,0x2f62f2b4c5fcd7570a709dec05d68ea19c82a9ec;0x811beed0119b4afce20d2583eb608c6f7af1954f;0x98c2b0681d8bf07767826ea8bd3b11b0ca421631;0xcf6daab95c476106eca715d48de4b13287ffdeaa;0xe07c687cecb3caf246ded3240d186181d5eae705,0.013059701492537101,0.012891344383057168,0.018416206261510304,-0.16022099447513805
2026-05-30,SHIB,5.5e-06,11637519.735662784,37914.433034528,11675434.168697312,0.003247368148088176,306.94167904514626,12,binance;bitget;bybit;coinbase;crypto_com;gate;htx;kraken;kucoin;mexc;okx;upbit,eth,eth,5,shibaswap;uniswap_v2;uniswap_v3,0x2f62f2b4c5fcd7570a709dec05d68ea19c82a9ec;0x811beed0119b4afce20d2583eb608c6f7af1954f;0x98c2b0681d8bf07767826ea8bd3b11b0ca421631;0xcf6daab95c476106eca715d48de4b13287ffdeaa;0xe07c687cecb3caf246ded3240d186181d5eae705,0.012891344383057168,0.0036363636363636598,-0.05818181818181811,-0.16909090909090907
2026-05-31,SHIB,5.52e-06,12027478.511697104,51675.096333738606,12079153.608030843,0.004278039505961936,232.75193207224615,12,binance;bitget;bybit;coinbase;crypto_com;gate;htx;kraken;kucoin;mexc;okx;upbit,eth,eth,5,shibaswap;uniswap_v2;uniswap_v3,0x2f62f2b4c5fcd7570a709dec05d68ea19c82a9ec;0x811beed0119b4afce20d2583eb608c6f7af1954f;0x98c2b0681d8bf07767826ea8bd3b11b0ca421631;0xcf6daab95c476106eca715d48de4b13287ffdeaa;0xe07c687cecb3caf246ded3240d186181d5eae705,0.0036363636363636598,0.0018115942028986698,-0.05797101449275355,-0.14492753623188404
2026-06-01,SHIB,5.53e-06,20760184.589355327,33900.206956563736,20794084.796311893,0.001630281269343308,612.391087050156,12,binance;bitget;bybit;coinbase;crypto_com;gate;htx;kraken;kucoin;mexc;okx;upbit,eth,eth,5,shibaswap;uniswap_v2;uniswap_v3,0x2f62f2b4c5fcd7570a709dec05d68ea19c82a9ec;0x811beed0119b4afce20d2583eb608c6f7af1954f;0x98c2b0681d8bf07767826ea8bd3b11b0ca421631;0xcf6daab95c476106eca715d48de4b13287ffdeaa;0xe07c687cecb3caf246ded3240d186181d5eae705,0.0018115942028986698,-0.06329113924050633,-0.10488245931283913,-0.14828209764918632
2026-06-02,SHIB,5.18e-06,28333727.511467583,46556.06998490988,28380283.581452493,0.0016404370961020241,608.5936274400166,12,binance;bitget;bybit;coinbase;crypto_com;gate;htx;kraken;kucoin;mexc;okx;upbit,eth,eth,5,shibaswap;uniswap_v2;uniswap_v3,0x2f62f2b4c5fcd7570a709dec05d68ea19c82a9ec;0x811beed0119b4afce20d2583eb608c6f7af1954f;0x98c2b0681d8bf07767826ea8bd3b11b0ca421631;0xcf6daab95c476106eca715d48de4b13287ffdeaa;0xe07c687cecb3caf246ded3240d186181d5eae705,-0.06329113924050633,0.0038610038610038533,-0.11969111969111967,-0.09845559845559848
2026-06-03,SHIB,5.2e-06,22399419.34911933,94679.97220383385,22494099.321323164,0.004209102611816179,236.58033296520463,12,binance;bitget;bybit;coinbase;crypto_com;gate;htx;kraken;kucoin;mexc;okx;upbit,eth,eth,5,shibaswap;uniswap_v2;uniswap_v3,0x2f62f2b4c5fcd7570a709dec05d68ea19c82a9ec;0x811beed0119b4afce20d2583eb608c6f7af1954f;0x98c2b0681d8bf07767826ea8bd3b11b0ca421631;0xcf6daab95c476106eca715d48de4b13287ffdeaa;0xe07c687cecb3caf246ded3240d186181d5eae705,0.0038610038610038533,-0.04807692307692313,-0.12115384615384617,-0.1134615384615385
2026-06-04,SHIB,4.95e-06,32075580.605717074,98219.95342619253,32173800.559143268,0.0030527930091951796,326.5688842931523,12,binance;bitget;bybit;coinbase;crypto_com;gate;htx;kraken;kucoin;mexc;okx;upbit,eth,eth,5,shibaswap;uniswap_v2;uniswap_v3,0x2f62f2b4c5fcd7570a709dec05d68ea19c82a9ec;0x811beed0119b4afce20d2583eb608c6f7af1954f;0x98c2b0681d8bf07767826ea8bd3b11b0ca421631;0xcf6daab95c476106eca715d48de4b13287ffdeaa;0xe07c687cecb3caf246ded3240d186181d5eae705,-0.04807692307692313,-0.07878787878787874,-0.04646464646464654,-0.028282828282828354
2026-06-05,SHIB,4.56e-06,39473136.479649544,144672.5661519331,39617809.045801476,0.003651705372820582,272.84465555270106,12,binance;bitget;bybit;coinbase;crypto_com;gate;htx;kraken;kucoin;mexc;okx;upbit,eth,eth,5,shibaswap;uniswap_v2;uniswap_v3,0x2f62f2b4c5fcd7570a709dec05d68ea19c82a9ec;0x811beed0119b4afce20d2583eb608c6f7af1954f;0x98c2b0681d8bf07767826ea8bd3b11b0ca421631;0xcf6daab95c476106eca715d48de4b13287ffdeaa;0xe07c687cecb3caf246ded3240d186181d5eae705,-0.07878787878787874,0.002192982456140413,0.03289473684210509,0.0635964912280702
2026-06-06,SHIB,4.57e-06,18371811.903554853,74286.22441591513,18446098.12797077,0.004027205314671459,247.31115422819718,12,binance;bitget;bybit;coinbase;crypto_com;gate;htx;kraken;kucoin;mexc;okx;upbit,eth,eth,5,shibaswap;uniswap_v2;uniswap_v3,0x2f62f2b4c5fcd7570a709dec05d68ea19c82a9ec;0x811beed0119b4afce20d2583eb608c6f7af1954f;0x98c2b0681d8bf07767826ea8bd3b11b0ca421631;0xcf6daab95c476106eca715d48de4b13287ffdeaa;0xe07c687cecb3caf246ded3240d186181d5eae705,0.002192982456140413,0.03282275711159732,0.02188183807439814,0.09846827133479219
2026-06-07,SHIB,4.72e-06,15471590.469423201,115866.7918836444,15587457.261306845,0.0074333350168191694,133.52911751418873,12,binance;bitget;bybit;coinbase;crypto_com;gate;htx;kraken;kucoin;mexc;okx;upbit,eth,eth,5,shibaswap;uniswap_v2;uniswap_v3,0x2f62f2b4c5fcd7570a709dec05d68ea19c82a9ec;0x811beed0119b4afce20d2583eb608c6f7af1954f;0x98c2b0681d8bf07767826ea8bd3b11b0ca421631;0xcf6daab95c476106eca715d48de4b13287ffdeaa;0xe07c687cecb3caf246ded3240d186181d5eae705,0.03282275711159732,-0.0021186440677966045,-0.02330508474576265,0.06779661016949157
2026-06-08,SHIB,4.71e-06,14384361.858781355,55918.755030238855,14440280.613811594,0.003872414707561475,257.2368045569471,12,binance;bitget;bybit;coinbase;crypto_com;gate;htx;kraken;kucoin;mexc;okx;upbit,eth,eth,5,shibaswap;uniswap_v2;uniswap_v3,0x2f62f2b4c5fcd7570a709dec05d68ea19c82a9ec;0x811beed0119b4afce20d2583eb608c6f7af1954f;0x98c2b0681d8bf07767826ea8bd3b11b0ca421631;0xcf6daab95c476106eca715d48de4b13287ffdeaa;0xe07c687cecb3caf246ded3240d186181d5eae705,-0.0021186440677966045,-0.00849256900212303,0.02123142250530785,0.07430997876857748
2026-06-09,SHIB,4.67e-06,12981614.636556663,39984.73854810549,13021599.375104768,0.003070647268149715,324.66423710482763,12,binance;bitget;bybit;coinbase;crypto_com;gate;htx;kraken;kucoin;mexc;okx;upbit,eth,eth,5,shibaswap;uniswap_v2;uniswap_v3,0x2f62f2b4c5fcd7570a709dec05d68ea19c82a9ec;0x811beed0119b4afce20d2583eb608c6f7af1954f;0x98c2b0681d8bf07767826ea8bd3b11b0ca421631;0xcf6daab95c476106eca715d48de4b13287ffdeaa;0xe07c687cecb3caf246ded3240d186181d5eae705,-0.00849256900212303,-0.012847965738758127,0.03854389721627416,0.06638115631691632
2026-06-10,SHIB,4.61e-06,14968814.83341144,41808.70006714026,15010623.53347858,0.0027852740410079057,358.03109901463426,12,binance;bitget;bybit;coinbase;crypto_com;gate;htx;kraken;kucoin;mexc;okx;upbit,eth,eth,5,shibaswap;uniswap_v2;uniswap_v3,0x2f62f2b4c5fcd7570a709dec05d68ea19c82a9ec;0x811beed0119b4afce20d2583eb608c6f7af1954f;0x98c2b0681d8bf07767826ea8bd3b11b0ca421631;0xcf6daab95c476106eca715d48de4b13287ffdeaa;0xe07c687cecb3caf246ded3240d186181d5eae705,-0.012847965738758127,0.04338394793926237,0.08893709327548804,0.07375271149674623
2026-06-11,SHIB,4.81e-06,13720189.480855264,37879.692244126134,13758069.17309939,0.0027532709544876256,362.20435457689877,12,binance;bitget;bybit;coinbase;crypto_com;gate;htx;kraken;kucoin;mexc;okx;upbit,eth,eth,5,shibaswap;uniswap_v2;uniswap_v3,0x2f62f2b4c5fcd7570a709dec05d68ea19c82a9ec;0x811beed0119b4afce20d2583eb608c6f7af1954f;0x98c2b0681d8bf07767826ea8bd3b11b0ca421631;0xcf6daab95c476106eca715d48de4b13287ffdeaa;0xe07c687cecb3caf246ded3240d186181d5eae705,0.04338394793926237,0.008316008316008316,0.047817047817047875,-0.01039501039501034
2026-06-12,SHIB,4.85e-06,18346615.74992912,49101.409457523725,18395717.159386642,0.0026691761474745834,373.64743604356755,12,binance;bitget;bybit;coinbase;crypto_com;gate;htx;kraken;kucoin;mexc;okx;upbit,eth,eth,5,shibaswap;uniswap_v2;uniswap_v3,0x2f62f2b4c5fcd7570a709dec05d68ea19c82a9ec;0x811beed0119b4afce20d2583eb608c6f7af1954f;0x98c2b0681d8bf07767826ea8bd3b11b0ca421631;0xcf6daab95c476106eca715d48de4b13287ffdeaa;0xe07c687cecb3caf246ded3240d186181d5eae705,0.008316008316008316,0.035051546391752675,0.043298969072164795,-0.020618556701030855
2026-06-13,SHIB,5.02e-06,17740063.557834834,100658.44645171428,17840722.00428655,0.005642061258929392,176.24018831191398,12,binance;bitget;bybit;coinbase;crypto_com;gate;htx;kraken;kucoin;mexc;okx;upbit,eth,eth,5,shibaswap;uniswap_v2;uniswap_v3,0x2f62f2b4c5fcd7570a709dec05d68ea19c82a9ec;0x811beed0119b4afce20d2583eb608c6f7af1954f;0x98c2b0681d8bf07767826ea8bd3b11b0ca421631;0xcf6daab95c476106eca715d48de4b13287ffdeaa;0xe07c687cecb3caf246ded3240d186181d5eae705,0.035051546391752675,0.003984063745019917,-0.007968127490039945,-0.05378486055776888
2026-06-14,SHIB,5.04e-06,14468255.615009107,42164.14192587759,14510419.756934984,0.002905783749345089,343.14123219781305,12,binance;bitget;bybit;coinbase;crypto_com;gate;htx;kraken;kucoin;mexc;okx;upbit,eth,eth,5,shibaswap;uniswap_v2;uniswap_v3,0x2f62f2b4c5fcd7570a709dec05d68ea19c82a9ec;0x811beed0119b4afce20d2583eb608c6f7af1954f;0x98c2b0681d8bf07767826ea8bd3b11b0ca421631;0xcf6daab95c476106eca715d48de4b13287ffdeaa;0xe07c687cecb3caf246ded3240d186181d5eae705,0.003984063745019917,0.003968253968253954,-0.017857142857142905,-0.07738095238095233
2026-06-15,SHIB,5.06e-06,27103158.07264735,106362.82166690957,27209520.894314263,0.003909029566527034,254.8179678565202,12,binance;bitget;bybit;coinbase;crypto_com;gate;htx;kraken;kucoin;mexc;okx;upbit,eth,eth,5,shibaswap;uniswap_v2;uniswap_v3,0x2f62f2b4c5fcd7570a709dec05d68ea19c82a9ec;0x811beed0119b4afce20d2583eb608c6f7af1954f;0x98c2b0681d8bf07767826ea8bd3b11b0ca421631;0xcf6daab95c476106eca715d48de4b13287ffdeaa;0xe07c687cecb3caf246ded3240d186181d5eae705,0.003968253968253954,-0.015810276679841917,-0.059288537549407105,-0.08102766798418959
2026-06-16,SHIB,4.98e-06,12391121.141336424,74086.54869094325,12465207.690027367,0.005943466850553582,167.2519689508925,12,binance;bitget;bybit;coinbase;crypto_com;gate;htx;kraken;kucoin;mexc;okx;upbit,eth,eth,5,shibaswap;uniswap_v2;uniswap_v3,0x2f62f2b4c5fcd7570a709dec05d68ea19c82a9ec;0x811beed0119b4afce20d2583eb608c6f7af1954f;0x98c2b0681d8bf07767826ea8bd3b11b0ca421631;0xcf6daab95c476106eca715d48de4b13287ffdeaa;0xe07c687cecb3caf246ded3240d186181d5eae705,-0.015810276679841917,-0.0060240963855421326,-0.0461847389558232,-0.08232931726907622
2026-06-17,SHIB,4.95e-06,12966215.05479843,64536.07998250646,13030751.134780936,0.004952598611928858,200.91420269581187,12,binance;bitget;bybit;coinbase;crypto_com;gate;htx;kraken;kucoin;mexc;okx;upbit,eth,eth,5,shibaswap;uniswap_v2;uniswap_v3,0x2f62f2b4c5fcd7570a709dec05d68ea19c82a9ec;0x811beed0119b4afce20d2583eb608c6f7af1954f;0x98c2b0681d8bf07767826ea8bd3b11b0ca421631;0xcf6daab95c476106eca715d48de4b13287ffdeaa;0xe07c687cecb3caf246ded3240d186181d5eae705,-0.0060240963855421326,-0.03838383838383841,-0.04040404040404033,-0.11515151515151512
2026-06-18,SHIB,4.76e-06,12914548.818303786,52602.3159377775,12967151.134241564,0.0040565823127389775,245.51293204619003,12,binance;bitget;bybit;coinbase;crypto_com;gate;htx;kraken;kucoin;mexc;okx;upbit,eth,eth,5,shibaswap;uniswap_v2;uniswap_v3,0x2f62f2b4c5fcd7570a709dec05d68ea19c82a9ec;0x811beed0119b4afce20d2583eb608c6f7af1954f;0x98c2b0681d8bf07767826ea8bd3b11b0ca421631;0xcf6daab95c476106eca715d48de4b13287ffdeaa;0xe07c687cecb3caf246ded3240d186181d5eae705,-0.03838383838383841,-0.0021008403361344463,-0.02310924369747891,-0.1071428571428572
2026-06-19,SHIB,4.75e-06,7498862.186598667,32252.576329580563,7531114.762928247,0.004282576662932185,232.50428461806504,12,binance;bitget;bybit;coinbase;crypto_com;gate;htx;kraken;kucoin;mexc;okx;upbit,eth,eth,5,shibaswap;uniswap_v2;uniswap_v3,0x2f62f2b4c5fcd7570a709dec05d68ea19c82a9ec;0x811beed0119b4afce20d2583eb608c6f7af1954f;0x98c2b0681d8bf07767826ea8bd3b11b0ca421631;0xcf6daab95c476106eca715d48de4b13287ffdeaa;0xe07c687cecb3caf246ded3240d186181d5eae705,-0.0021008403361344463,0.0,-0.021052631578947323,-0.10736842105263167
2026-06-20,SHIB,4.75e-06,9228170.883775821,26569.8813201298,9254740.765095951,0.002870948197742882,347.3169779190696,12,binance;bitget;bybit;coinbase;crypto_com;gate;htx;kraken;kucoin;mexc;okx;upbit,eth,eth,5,shibaswap;uniswap_v2;uniswap_v3,0x2f62f2b4c5fcd7570a709dec05d68ea19c82a9ec;0x811beed0119b4afce20d2583eb608c6f7af1954f;0x98c2b0681d8bf07767826ea8bd3b11b0ca421631;0xcf6daab95c476106eca715d48de4b13287ffdeaa;0xe07c687cecb3caf246ded3240d186181d5eae705,0.0,-0.021052631578947323,-0.0378947368421052,-0.11368421052631572
2026-06-21,SHIB,4.65e-06,5835058.300126615,19152.981730596657,5854211.281857212,0.0032716587783487875,304.6553472562019,12,binance;bitget;bybit;coinbase;crypto_com;gate;htx;kraken;kucoin;mexc;okx;upbit,eth,eth,5,shibaswap;uniswap_v2;uniswap_v3,0x2f62f2b4c5fcd7570a709dec05d68ea19c82a9ec;0x811beed0119b4afce20d2583eb608c6f7af1954f;0x98c2b0681d8bf07767826ea8bd3b11b0ca421631;0xcf6daab95c476106eca715d48de4b13287ffdeaa;0xe07c687cecb3caf246ded3240d186181d5eae705,-0.021052631578947323,0.0,-0.058064516129032295,-0.10322580645161294
2026-06-22,SHIB,4.65e-06,10095143.967203833,38416.38300764835,10133560.35021148,0.0037910054985606937,262.7822605057322,12,binance;bitget;bybit;coinbase;crypto_com;gate;htx;kraken;kucoin;mexc;okx;upbit,eth,eth,5,shibaswap;uniswap_v2;uniswap_v3,0x2f62f2b4c5fcd7570a709dec05d68ea19c82a9ec;0x811beed0119b4afce20d2583eb608c6f7af1954f;0x98c2b0681d8bf07767826ea8bd3b11b0ca421631;0xcf6daab95c476106eca715d48de4b13287ffdeaa;0xe07c687cecb3caf246ded3240d186181d5eae705,0.0,-0.017204301075268824,-0.08602150537634412,-0.08387096774193559
2026-06-23,SHIB,4.57e-06,12653851.62838722,57211.95650769978,12711063.58489492,0.004500957463204503,221.17495014672713,12,binance;bitget;bybit;coinbase;crypto_com;gate;htx;kraken;kucoin;mexc;okx;upbit,eth,eth,5,shibaswap;uniswap_v2;uniswap_v3,0x2f62f2b4c5fcd7570a709dec05d68ea19c82a9ec;0x811beed0119b4afce20d2583eb608c6f7af1954f;0x98c2b0681d8bf07767826ea8bd3b11b0ca421631;0xcf6daab95c476106eca715d48de4b13287ffdeaa;0xe07c687cecb3caf246ded3240d186181d5eae705,-0.017204301075268824,-0.0415754923413566,-0.07221006564551424,-0.08096280087527363
2026-06-24,SHIB,4.38e-06,19848564.325659,34247.26425207616,19882811.589911077,0.0017224558054683716,579.5664196580527,12,binance;bitget;bybit;coinbase;crypto_com;gate;htx;kraken;kucoin;mexc;okx;upbit,eth,eth,5,shibaswap;uniswap_v2;uniswap_v3,0x2f62f2b4c5fcd7570a709dec05d68ea19c82a9ec;0x811beed0119b4afce20d2583eb608c6f7af1954f;0x98c2b0681d8bf07767826ea8bd3b11b0ca421631;0xcf6daab95c476106eca715d48de4b13287ffdeaa;0xe07c687cecb3caf246ded3240d186181d5eae705,-0.0415754923413566,-0.029680365296803735,-0.038812785388127824,-0.020547945205479645
2026-06-25,SHIB,4.25e-06,21359447.105579413,113784.21451236919,21473231.320091784,0.005298886451519064,187.7188957810794,12,binance;bitget;bybit;coinbase;crypto_com;gate;htx;kraken;kucoin;mexc;okx;upbit,eth,eth,5,shibaswap;uniswap_v2;uniswap_v3,0x2f62f2b4c5fcd7570a709dec05d68ea19c82a9ec;0x811beed0119b4afce20d2583eb608c6f7af1954f;0x98c2b0681d8bf07767826ea8bd3b11b0ca421631;0xcf6daab95c476106eca715d48de4b13287ffdeaa;0xe07c687cecb3caf246ded3240d186181d5eae705,-0.029680365296803735,-0.0023529411764705577,-0.018823529411764683,0.011764705882353121
2026-06-26,SHIB,4.24e-06,15944065.566679733,55974.59457102023,16000040.161250753,0.0034984033794228046,284.84468157156545,12,binance;bitget;bybit;coinbase;crypto_com;gate;htx;kraken;kucoin;mexc;okx;upbit,eth,eth,5,shibaswap;uniswap_v2;uniswap_v3,0x2f62f2b4c5fcd7570a709dec05d68ea19c82a9ec;0x811beed0119b4afce20d2583eb608c6f7af1954f;0x98c2b0681d8bf07767826ea8bd3b11b0ca421631;0xcf6daab95c476106eca715d48de4b13287ffdeaa;0xe07c687cecb3caf246ded3240d186181d5eae705,-0.0023529411764705577,-0.007075471698113178,0.004716981132075526,0.04952830188679247
2026-06-27,SHIB,4.21e-06,9481146.218814565,52712.17307770934,9533858.391892275,0.005528944411691336,179.86635088705734,12,binance;bitget;bybit;coinbase;crypto_com;gate;htx;kraken;kucoin;mexc;okx;upbit,eth,eth,5,shibaswap;uniswap_v2;uniswap_v3,0x2f62f2b4c5fcd7570a709dec05d68ea19c82a9ec;0x811beed0119b4afce20d2583eb608c6f7af1954f;0x98c2b0681d8bf07767826ea8bd3b11b0ca421631;0xcf6daab95c476106eca715d48de4b13287ffdeaa;0xe07c687cecb3caf246ded3240d186181d5eae705,-0.007075471698113178,-0.0095011876484562,-0.002375296912114244,0.05700712589073609
2026-06-28,SHIB,4.17e-06,8579704.079003777,21751.54946597079,8601455.628469748,0.002528821911721066,394.4410531500891,12,binance;bitget;bybit;coinbase;crypto_com;gate;htx;kraken;kucoin;mexc;okx;upbit,eth,eth,5,shibaswap;uniswap_v2;uniswap_v3,0x2f62f2b4c5fcd7570a709dec05d68ea19c82a9ec;0x811beed0119b4afce20d2583eb608c6f7af1954f;0x98c2b0681d8bf07767826ea8bd3b11b0ca421631;0xcf6daab95c476106eca715d48de4b13287ffdeaa;0xe07c687cecb3caf246ded3240d186181d5eae705,-0.0095011876484562,0.021582733812949728,0.028776978417266008,0.05995203836930463
2026-06-29,SHIB,4.26e-06,12655881.814118557,53081.682620778774,12708963.496739335,0.004176712179116545,238.42277013962672,12,binance;bitget;bybit;coinbase;crypto_com;gate;htx;kraken;kucoin;mexc;okx;upbit,eth,eth,5,shibaswap;uniswap_v2;uniswap_v3,0x2f62f2b4c5fcd7570a709dec05d68ea19c82a9ec;0x811beed0119b4afce20d2583eb608c6f7af1954f;0x98c2b0681d8bf07767826ea8bd3b11b0ca421631;0xcf6daab95c476106eca715d48de4b13287ffdeaa;0xe07c687cecb3caf246ded3240d186181d5eae705,0.021582733812949728,-0.014084507042253613,0.009389671361502483,0.030516431924882736
2026-06-30,SHIB,4.2e-06,10662283.777342187,65745.25848798783,10728029.035830176,0.006128363212702678,162.17570700235774,12,binance;bitget;bybit;coinbase;crypto_com;gate;htx;kraken;kucoin;mexc;okx;upbit,eth,eth,5,shibaswap;uniswap_v2;uniswap_v3,0x2f62f2b4c5fcd7570a709dec05d68ea19c82a9ec;0x811beed0119b4afce20d2583eb608c6f7af1954f;0x98c2b0681d8bf07767826ea8bd3b11b0ca421631;0xcf6daab95c476106eca715d48de4b13287ffdeaa;0xe07c687cecb3caf246ded3240d186181d5eae705,-0.014084507042253613,0.021428571428571352,0.059523809523809534,0.04285714285714315
2026-07-01,SHIB,4.29e-06,15330216.386393646,75943.92915508726,15406160.315548733,0.004929452089268507,201.86230231895658,12,binance;bitget;bybit;coinbase;crypto_com;gate;htx;kraken;kucoin;mexc;okx;upbit,eth,eth,5,shibaswap;uniswap_v2;uniswap_v3,0x2f62f2b4c5fcd7570a709dec05d68ea19c82a9ec;0x811beed0119b4afce20d2583eb608c6f7af1954f;0x98c2b0681d8bf07767826ea8bd3b11b0ca421631;0xcf6daab95c476106eca715d48de4b13287ffdeaa;0xe07c687cecb3caf246ded3240d186181d5eae705,0.021428571428571352,0.002331002331002585,0.037296037296037365,
2026-07-02,SHIB,4.3e-06,14539245.458274556,72274.88894907305,14611520.34722363,0.0049464318039160226,201.16593286666028,12,binance;bitget;bybit;coinbase;crypto_com;gate;htx;kraken;kucoin;mexc;okx;upbit,eth,eth,5,shibaswap;uniswap_v2;uniswap_v3,0x2f62f2b4c5fcd7570a709dec05d68ea19c82a9ec;0x811beed0119b4afce20d2583eb608c6f7af1954f;0x98c2b0681d8bf07767826ea8bd3b11b0ca421631;0xcf6daab95c476106eca715d48de4b13287ffdeaa;0xe07c687cecb3caf246ded3240d186181d5eae705,0.002331002331002585,0.0348837209302324,0.027906976744185963,
2026-07-03,SHIB,4.45e-06,15336540.970906401,68415.35216511702,15404956.323071519,0.004441126007131451,224.16812141655618,12,binance;bitget;bybit;coinbase;crypto_com;gate;htx;kraken;kucoin;mexc;okx;upbit,eth,eth,5,shibaswap;uniswap_v2;uniswap_v3,0x2f62f2b4c5fcd7570a709dec05d68ea19c82a9ec;0x811beed0119b4afce20d2583eb608c6f7af1954f;0x98c2b0681d8bf07767826ea8bd3b11b0ca421631;0xcf6daab95c476106eca715d48de4b13287ffdeaa;0xe07c687cecb3caf246ded3240d186181d5eae705,0.0348837209302324,0.0,-0.01348314606741563,
2026-07-04,SHIB,4.45e-06,13020996.367509678,93706.30812350602,13114702.675633185,0.007145134010366105,138.95538761753212,12,binance;bitget;bybit;coinbase;crypto_com;gate;htx;kraken;kucoin;mexc;okx;upbit,eth,eth,5,shibaswap;uniswap_v2;uniswap_v3,0x2f62f2b4c5fcd7570a709dec05d68ea19c82a9ec;0x811beed0119b4afce20d2583eb608c6f7af1954f;0x98c2b0681d8bf07767826ea8bd3b11b0ca421631;0xcf6daab95c476106eca715d48de4b13287ffdeaa;0xe07c687cecb3caf246ded3240d186181d5eae705,0.0,-0.006741573033707815,-0.01573033707865157,
2026-07-05,SHIB,4.42e-06,12440000.313713213,42679.9951743302,12482680.308887543,0.0034191370858021953,291.4714554887117,12,binance;bitget;bybit;coinbase;crypto_com;gate;htx;kraken;kucoin;mexc;okx;upbit,eth,eth,5,shibaswap;uniswap_v2;uniswap_v3,0x2f62f2b4c5fcd7570a709dec05d68ea19c82a9ec;0x811beed0119b4afce20d2583eb608c6f7af1954f;0x98c2b0681d8bf07767826ea8bd3b11b0ca421631;0xcf6daab95c476106eca715d48de4b13287ffdeaa;0xe07c687cecb3caf246ded3240d186181d5eae705,-0.006741573033707815,-0.006787330316742057,,
2026-07-06,SHIB,4.39e-06,13401797.343290964,38947.56496720953,13440744.908258174,0.0028977236926265616,344.0984655799179,12,binance;bitget;bybit;coinbase;crypto_com;gate;htx;kraken;kucoin;mexc;okx;upbit,eth,eth,5,shibaswap;uniswap_v2;uniswap_v3,0x2f62f2b4c5fcd7570a709dec05d68ea19c82a9ec;0x811beed0119b4afce20d2583eb608c6f7af1954f;0x98c2b0681d8bf07767826ea8bd3b11b0ca421631;0xcf6daab95c476106eca715d48de4b13287ffdeaa;0xe07c687cecb3caf246ded3240d186181d5eae705,-0.006787330316742057,-0.002277904328018221,,
2026-07-07,SHIB,4.38e-06,11598696.914363421,53216.424755403306,11651913.339118825,0.004567183363503096,217.95332865133435,12,binance;bitget;bybit;coinbase;crypto_com;gate;htx;kraken;kucoin;mexc;okx;upbit,eth,eth,5,shibaswap;uniswap_v2;uniswap_v3,0x2f62f2b4c5fcd7570a709dec05d68ea19c82a9ec;0x811beed0119b4afce20d2583eb608c6f7af1954f;0x98c2b0681d8bf07767826ea8bd3b11b0ca421631;0xcf6daab95c476106eca715d48de4b13287ffdeaa;0xe07c687cecb3caf246ded3240d186181d5eae705,-0.002277904328018221,,,
2026-01-17,SNX,0.488,9851786.932078654,88561.69722924299,9940348.629307898,0.00890931500814063,111.24207462484813,11,binance;bitget;bybit;coinbase;crypto_com;gate;htx;kraken;kucoin;mexc;okx,eth;optimism,eth;optimism,5,sushiswap;uniswap_v2;uniswap_v3_optimism;velodrome-finance-slipstream;velodrome-finance-v2,0x0392b358ce4547601befa962680bede836606ae2;0x43ae24960e5534731fc831386c07755a2dc33d47;0x894d6ea97767ebecefe01c9410f6bd67935aa952;0xa1d7b2d891e3a1f9ef4bbc5be20630c2feb1c470;0xf25bbc18a607bbe218c87ba1ff0e673d9b53dd58,,-0.06762295081967207,-0.15163934426229508,-0.14344262295081966
2026-01-18,SNX,0.455,9184000.289525585,41007.23595540763,9225007.525480993,0.0044452252035718,223.9604810115101,11,binance;bitget;bybit;coinbase;crypto_com;gate;htx;kraken;kucoin;mexc;okx,eth;optimism,eth;optimism,5,sushiswap;uniswap_v2;uniswap_v3_optimism;velodrome-finance-slipstream;velodrome-finance-v2,0x0392b358ce4547601befa962680bede836606ae2;0x43ae24960e5534731fc831386c07755a2dc33d47;0x894d6ea97767ebecefe01c9410f6bd67935aa952;0xa1d7b2d891e3a1f9ef4bbc5be20630c2feb1c470;0xf25bbc18a607bbe218c87ba1ff0e673d9b53dd58,-0.06762295081967207,-0.03516483516483515,-0.05934065934065935,-0.12527472527472527
2026-01-19,SNX,0.439,12854824.870763756,154293.5135726882,13009118.384336445,0.011860412751602325,83.31409774207911,11,binance;bitget;bybit;coinbase;crypto_com;gate;htx;kraken;kucoin;mexc;okx,eth;optimism,eth;optimism,5,sushiswap;uniswap_v2;uniswap_v3_optimism;velodrome-finance-slipstream;velodrome-finance-v2,0x0392b358ce4547601befa962680bede836606ae2;0x43ae24960e5534731fc831386c07755a2dc33d47;0x894d6ea97767ebecefe01c9410f6bd67935aa952;0xa1d7b2d891e3a1f9ef4bbc5be20630c2feb1c470;0xf25bbc18a607bbe218c87ba1ff0e673d9b53dd58,-0.03516483516483515,-0.056947608200455635,-0.05011389521640097,-0.056947608200455635
2026-01-20,SNX,0.414,10220487.859293444,68092.51337357576,10288580.37266702,0.006618261305949707,150.09708634517295,11,binance;bitget;bybit;coinbase;crypto_com;gate;htx;kraken;kucoin;mexc;okx,eth;optimism,eth;optimism,5,sushiswap;uniswap_v2;uniswap_v3_optimism;velodrome-finance-slipstream;velodrome-finance-v2,0x0392b358ce4547601befa962680bede836606ae2;0x43ae24960e5534731fc831386c07755a2dc33d47;0x894d6ea97767ebecefe01c9410f6bd67935aa952;0xa1d7b2d891e3a1f9ef4bbc5be20630c2feb1c470;0xf25bbc18a607bbe218c87ba1ff0e673d9b53dd58,-0.056947608200455635,0.033816425120772875,0.021739130434782705,0.019323671497584627
2026-01-21,SNX,0.428,11362738.097838724,59766.062873804854,11422504.160712529,0.0052323082603348055,190.1202379991296,11,binance;bitget;bybit;coinbase;crypto_com;gate;htx;kraken;kucoin;mexc;okx,eth;optimism,eth;optimism,5,sushiswap;uniswap_v2;uniswap_v3_optimism;velodrome-finance-slipstream;velodrome-finance-v2,0x0392b358ce4547601befa962680bede836606ae2;0x43ae24960e5534731fc831386c07755a2dc33d47;0x894d6ea97767ebecefe01c9410f6bd67935aa952;0xa1d7b2d891e3a1f9ef4bbc5be20630c2feb1c470;0xf25bbc18a607bbe218c87ba1ff0e673d9b53dd58,0.033816425120772875,-0.025700934579439227,-0.02336448598130847,-0.0210280373831776
2026-01-22,SNX,0.417,10285268.462916052,34843.33187873143,10320111.794794783,0.003376255274318401,295.1861348596872,11,binance;bitget;bybit;coinbase;crypto_com;gate;htx;kraken;kucoin;mexc;okx,eth;optimism,eth;optimism,5,sushiswap;uniswap_v2;uniswap_v3_optimism;velodrome-finance-slipstream;velodrome-finance-v2,0x0392b358ce4547601befa962680bede836606ae2;0x43ae24960e5534731fc831386c07755a2dc33d47;0x894d6ea97767ebecefe01c9410f6bd67935aa952;0xa1d7b2d891e3a1f9ef4bbc5be20630c2feb1c470;0xf25bbc18a607bbe218c87ba1ff0e673d9b53dd58,-0.025700934579439227,0.014388489208633004,-0.0455635491606714,-0.06954436450839319
2026-01-23,SNX,0.423,10210101.443118392,37343.60745397725,10247445.05057237,0.0036441871383239505,273.40961784962667,11,binance;bitget;bybit;coinbase;crypto_com;gate;htx;kraken;kucoin;mexc;okx,eth;optimism,eth;optimism,5,sushiswap;uniswap_v2;uniswap_v3_optimism;velodrome-finance-slipstream;velodrome-finance-v2,0x0392b358ce4547601befa962680bede836606ae2;0x43ae24960e5534731fc831386c07755a2dc33d47;0x894d6ea97767ebecefe01c9410f6bd67935aa952;0xa1d7b2d891e3a1f9ef4bbc5be20630c2feb1c470;0xf25bbc18a607bbe218c87ba1ff0e673d9b53dd58,0.014388489208633004,-0.011820330969267157,-0.021276595744680882,-0.05200945626477538
2026-01-24,SNX,0.418,4344065.46165501,14247.101654977489,4358312.563309987,0.003268949036587066,304.90871524997715,11,binance;bitget;bybit;coinbase;crypto_com;gate;htx;kraken;kucoin;mexc;okx,eth;optimism,eth;optimism,5,sushiswap;uniswap_v2;uniswap_v3_optimism;velodrome-finance-slipstream;velodrome-finance-v2,0x0392b358ce4547601befa962680bede836606ae2;0x43ae24960e5534731fc831386c07755a2dc33d47;0x894d6ea97767ebecefe01c9410f6bd67935aa952;0xa1d7b2d891e3a1f9ef4bbc5be20630c2feb1c470;0xf25bbc18a607bbe218c87ba1ff0e673d9b53dd58,-0.011820330969267157,-0.04784688995215303,0.009569377990430672,-0.1435406698564593
2026-01-25,SNX,0.398,8440720.460316962,40078.67678314851,8480799.13710011,0.004725813704019979,210.60377082773223,11,binance;bitget;bybit;coinbase;crypto_com;gate;htx;kraken;kucoin;mexc;okx,eth;optimism,eth;optimism,5,sushiswap;uniswap_v2;uniswap_v3_optimism;velodrome-finance-slipstream;velodrome-finance-v2,0x0392b358ce4547601befa962680bede836606ae2;0x43ae24960e5534731fc831386c07755a2dc33d47;0x894d6ea97767ebecefe01c9410f6bd67935aa952;0xa1d7b2d891e3a1f9ef4bbc5be20630c2feb1c470;0xf25bbc18a607bbe218c87ba1ff0e673d9b53dd58,-0.04784688995215303,0.04020100502512558,0.05276381909547734,-0.15829145728643212
2026-01-26,SNX,0.414,8031173.180575524,25261.459072396312,8056434.639647921,0.0031355630874329637,317.9219837444522,11,binance;bitget;bybit;coinbase;crypto_com;gate;htx;kraken;kucoin;mexc;okx,eth;optimism,eth;optimism,5,sushiswap;uniswap_v2;uniswap_v3_optimism;velodrome-finance-slipstream;velodrome-finance-v2,0x0392b358ce4547601befa962680bede836606ae2;0x43ae24960e5534731fc831386c07755a2dc33d47;0x894d6ea97767ebecefe01c9410f6bd67935aa952;0xa1d7b2d891e3a1f9ef4bbc5be20630c2feb1c470;0xf25bbc18a607bbe218c87ba1ff0e673d9b53dd58,0.04020100502512558,0.019323671497584627,-0.0628019323671497,-0.14251207729468596
2026-01-27,SNX,0.422,8367877.134003419,30253.04832518282,8398130.182328602,0.003602355246747838,276.5961645933692,11,binance;bitget;bybit;coinbase;crypto_com;gate;htx;kraken;kucoin;mexc;okx,eth;optimism,eth;optimism,5,sushiswap;uniswap_v2;uniswap_v3_optimism;velodrome-finance-slipstream;velodrome-finance-v2,0x0392b358ce4547601befa962680bede836606ae2;0x43ae24960e5534731fc831386c07755a2dc33d47;0x894d6ea97767ebecefe01c9410f6bd67935aa952;0xa1d7b2d891e3a1f9ef4bbc5be20630c2feb1c470;0xf25bbc18a607bbe218c87ba1ff0e673d9b53dd58,0.019323671497584627,-0.007109004739336511,-0.04976303317535535,-0.18957345971563977
2026-01-28,SNX,0.419,8450561.035460938,20014.936831477396,8470575.972292416,0.0023628779078243363,422.2127257564351,11,binance;bitget;bybit;coinbase;crypto_com;gate;htx;kraken;kucoin;mexc;okx,eth;optimism,eth;optimism,5,sushiswap;uniswap_v2;uniswap_v3_optimism;velodrome-finance-slipstream;velodrome-finance-v2,0x0392b358ce4547601befa962680bede836606ae2;0x43ae24960e5534731fc831386c07755a2dc33d47;0x894d6ea97767ebecefe01c9410f6bd67935aa952;0xa1d7b2d891e3a1f9ef4bbc5be20630c2feb1c470;0xf25bbc18a607bbe218c87ba1ff0e673d9b53dd58,-0.007109004739336511,-0.07398568019093077,-0.14558472553699287,-0.21718377088305485
2026-01-29,SNX,0.388,10799834.694192024,42294.22836352826,10842128.922555553,0.0039009154627871055,255.35008231773503,11,binance;bitget;bybit;coinbase;crypto_com;gate;htx;kraken;kucoin;mexc;okx,eth;optimism,eth;optimism,5,sushiswap;uniswap_v2;uniswap_v3_optimism;velodrome-finance-slipstream;velodrome-finance-v2,0x0392b358ce4547601befa962680bede836606ae2;0x43ae24960e5534731fc831386c07755a2dc33d47;0x894d6ea97767ebecefe01c9410f6bd67935aa952;0xa1d7b2d891e3a1f9ef4bbc5be20630c2feb1c470;0xf25bbc18a607bbe218c87ba1ff0e673d9b53dd58,-0.07398568019093077,0.03350515463917536,-0.13659793814432986,-0.2809278350515464
2026-01-30,SNX,0.401,13935570.503015824,67854.90074405224,14003425.403759876,0.004845593045101194,205.3730880188095,11,binance;bitget;bybit;coinbase;crypto_com;gate;htx;kraken;kucoin;mexc;okx,eth;optimism,eth;optimism,5,sushiswap;uniswap_v2;uniswap_v3_optimism;velodrome-finance-slipstream;velodrome-finance-v2,0x0392b358ce4547601befa962680bede836606ae2;0x43ae24960e5534731fc831386c07755a2dc33d47;0x894d6ea97767ebecefe01c9410f6bd67935aa952;0xa1d7b2d891e3a1f9ef4bbc5be20630c2feb1c470;0xf25bbc18a607bbe218c87ba1ff0e673d9b53dd58,0.03350515463917536,-0.10723192019950134,-0.11471321695760606,-0.25187032418952626
2026-01-31,SNX,0.358,17179702.10606744,136736.62014644907,17316438.72621389,0.007896347644475828,125.6408275096127,11,binance;bitget;bybit;coinbase;crypto_com;gate;htx;kraken;kucoin;mexc;okx,eth;optimism,eth;optimism,5,sushiswap;uniswap_v2;uniswap_v3_optimism;velodrome-finance-slipstream;velodrome-finance-v2,0x0392b358ce4547601befa962680bede836606ae2;0x43ae24960e5534731fc831386c07755a2dc33d47;0x894d6ea97767ebecefe01c9410f6bd67935aa952;0xa1d7b2d891e3a1f9ef4bbc5be20630c2feb1c470;0xf25bbc18a607bbe218c87ba1ff0e673d9b53dd58,-0.10723192019950134,-0.06424581005586583,-0.04469273743016744,-0.17877094972067042
2026-02-01,SNX,0.335,17516795.73829355,86220.8347662228,17603016.573059775,0.004898071555427492,203.16198266681354,11,binance;bitget;bybit;coinbase;crypto_com;gate;htx;kraken;kucoin;mexc;okx,eth;optimism,eth;optimism,5,sushiswap;uniswap_v2;uniswap_v3_optimism;velodrome-finance-slipstream;velodrome-finance-v2,0x0392b358ce4547601befa962680bede836606ae2;0x43ae24960e5534731fc831386c07755a2dc33d47;0x894d6ea97767ebecefe01c9410f6bd67935aa952;0xa1d7b2d891e3a1f9ef4bbc5be20630c2feb1c470;0xf25bbc18a607bbe218c87ba1ff0e673d9b53dd58,-0.06424581005586583,0.05970149253731338,-0.020895522388059695,-0.13731343283582098
2026-02-02,SNX,0.355,18039587.773909617,81651.39789234419,18121239.171801962,0.004505839645856009,220.93421839139202,11,binance;bitget;bybit;coinbase;crypto_com;gate;htx;kraken;kucoin;mexc;okx,eth;optimism,eth;optimism,5,sushiswap;uniswap_v2;uniswap_v3_optimism;velodrome-finance-slipstream;velodrome-finance-v2,0x0392b358ce4547601befa962680bede836606ae2;0x43ae24960e5534731fc831386c07755a2dc33d47;0x894d6ea97767ebecefe01c9410f6bd67935aa952;0xa1d7b2d891e3a1f9ef4bbc5be20630c2feb1c470;0xf25bbc18a607bbe218c87ba1ff0e673d9b53dd58,0.05970149253731338,-0.036619718309858995,-0.21408450704225346,-0.18028169014084505
2026-02-03,SNX,0.342,19646130.759541366,55003.15168156107,19701133.911222927,0.002791877458902405,357.18190974368144,11,binance;bitget;bybit;coinbase;crypto_com;gate;htx;kraken;kucoin;mexc;okx,eth;optimism,eth;optimism,5,sushiswap;uniswap_v2;uniswap_v3_optimism;velodrome-finance-slipstream;velodrome-finance-v2,0x0392b358ce4547601befa962680bede836606ae2;0x43ae24960e5534731fc831386c07755a2dc33d47;0x894d6ea97767ebecefe01c9410f6bd67935aa952;0xa1d7b2d891e3a1f9ef4bbc5be20630c2feb1c470;0xf25bbc18a607bbe218c87ba1ff0e673d9b53dd58,-0.036619718309858995,-0.040935672514619936,-0.1228070175438597,-0.17251461988304106
2026-02-04,SNX,0.328,16073040.287752569,86449.36270453455,16159489.650457103,0.005349758227178243,185.92433518205087,11,binance;bitget;bybit;coinbase;crypto_com;gate;htx;kraken;kucoin;mexc;okx,eth;optimism,eth;optimism,5,sushiswap;uniswap_v2;uniswap_v3_optimism;velodrome-finance-slipstream;velodrome-finance-v2,0x0392b358ce4547601befa962680bede836606ae2;0x43ae24960e5534731fc831386c07755a2dc33d47;0x894d6ea97767ebecefe01c9410f6bd67935aa952;0xa1d7b2d891e3a1f9ef4bbc5be20630c2feb1c470;0xf25bbc18a607bbe218c87ba1ff0e673d9b53dd58,-0.040935672514619936,-0.14939024390243894,-0.10365853658536595,-0.14329268292682917
2026-02-05,SNX,0.279,25525241.24641575,124332.21946929832,25649573.465885047,0.004847340624773551,205.29868569360465,11,binance;bitget;bybit;coinbase;crypto_com;gate;htx;kraken;kucoin;mexc;okx,eth;optimism,eth;optimism,5,sushiswap;uniswap_v2;uniswap_v3_optimism;velodrome-finance-slipstream;velodrome-finance-v2,0x0392b358ce4547601befa962680bede836606ae2;0x43ae24960e5534731fc831386c07755a2dc33d47;0x894d6ea97767ebecefe01c9410f6bd67935aa952;0xa1d7b2d891e3a1f9ef4bbc5be20630c2feb1c470;0xf25bbc18a607bbe218c87ba1ff0e673d9b53dd58,-0.14939024390243894,0.07526881720430101,0.03584229390680993,0.03225806451612878
2026-02-06,SNX,0.3,21835034.937496316,98871.64733534657,21933906.584831662,0.004507708052505385,220.8422285454356,11,binance;bitget;bybit;coinbase;crypto_com;gate;htx;kraken;kucoin;mexc;okx,eth;optimism,eth;optimism,5,sushiswap;uniswap_v2;uniswap_v3_optimism;velodrome-finance-slipstream;velodrome-finance-v2,0x0392b358ce4547601befa962680bede836606ae2;0x43ae24960e5534731fc831386c07755a2dc33d47;0x894d6ea97767ebecefe01c9410f6bd67935aa952;0xa1d7b2d891e3a1f9ef4bbc5be20630c2feb1c470;0xf25bbc18a607bbe218c87ba1ff0e673d9b53dd58,0.07526881720430101,-0.020000000000000018,-0.030000000000000027,0.0
2026-02-07,SNX,0.294,16005669.216755651,93282.69517588636,16098951.911931537,0.005794333425317648,171.58240536014367,11,binance;bitget;bybit;coinbase;crypto_com;gate;htx;kraken;kucoin;mexc;okx,eth;optimism,eth;optimism,5,sushiswap;uniswap_v2;uniswap_v3_optimism;velodrome-finance-slipstream;velodrome-finance-v2,0x0392b358ce4547601befa962680bede836606ae2;0x43ae24960e5534731fc831386c07755a2dc33d47;0x894d6ea97767ebecefe01c9410f6bd67935aa952;0xa1d7b2d891e3a1f9ef4bbc5be20630c2feb1c470;0xf25bbc18a607bbe218c87ba1ff0e673d9b53dd58,-0.020000000000000018,-0.017006802721088454,-0.0374149659863946,0.061224489795918435
2026-02-08,SNX,0.289,9225616.184535306,27291.651480227312,9252907.836015534,0.002949521595146416,338.0380330306954,11,binance;bitget;bybit;coinbase;crypto_com;gate;htx;kraken;kucoin;mexc;okx,eth;optimism,eth;optimism,5,sushiswap;uniswap_v2;uniswap_v3_optimism;velodrome-finance-slipstream;velodrome-finance-v2,0x0392b358ce4547601befa962680bede836606ae2;0x43ae24960e5534731fc831386c07755a2dc33d47;0x894d6ea97767ebecefe01c9410f6bd67935aa952;0xa1d7b2d891e3a1f9ef4bbc5be20630c2feb1c470;0xf25bbc18a607bbe218c87ba1ff0e673d9b53dd58,-0.017006802721088454,0.006920415224913601,-0.027681660899653848,0.006920415224913601
2026-02-09,SNX,0.291,14155179.515688593,45917.29571666241,14201096.811405255,0.0032333626287080228,308.2755483475038,11,binance;bitget;bybit;coinbase;crypto_com;gate;htx;kraken;kucoin;mexc;okx,eth;optimism,eth;optimism,5,sushiswap;uniswap_v2;uniswap_v3_optimism;velodrome-finance-slipstream;velodrome-finance-v2,0x0392b358ce4547601befa962680bede836606ae2;0x43ae24960e5534731fc831386c07755a2dc33d47;0x894d6ea97767ebecefe01c9410f6bd67935aa952;0xa1d7b2d891e3a1f9ef4bbc5be20630c2feb1c470;0xf25bbc18a607bbe218c87ba1ff0e673d9b53dd58,0.006920415224913601,-0.027491408934707917,-0.010309278350515427,0.01718213058419238
2026-02-10,SNX,0.283,11572780.485570272,28624.104586868903,11601404.590157142,0.0024672964695287114,404.301921495885,11,binance;bitget;bybit;coinbase;crypto_com;gate;htx;kraken;kucoin;mexc;okx,eth;optimism,eth;optimism,5,sushiswap;uniswap_v2;uniswap_v3_optimism;velodrome-finance-slipstream;velodrome-finance-v2,0x0392b358ce4547601befa962680bede836606ae2;0x43ae24960e5534731fc831386c07755a2dc33d47;0x894d6ea97767ebecefe01c9410f6bd67935aa952;0xa1d7b2d891e3a1f9ef4bbc5be20630c2feb1c470;0xf25bbc18a607bbe218c87ba1ff0e673d9b53dd58,-0.027491408934707917,-0.007067137809187107,0.060070671378091856,0.04593639575971742
2026-02-11,SNX,0.281,16430704.871505441,52812.95621940818,16483517.82772485,0.003203985749363413,311.11125086891724,11,binance;bitget;bybit;coinbase;crypto_com;gate;htx;kraken;kucoin;mexc;okx,eth;optimism,eth;optimism,5,sushiswap;uniswap_v2;uniswap_v3_optimism;velodrome-finance-slipstream;velodrome-finance-v2,0x0392b358ce4547601befa962680bede836606ae2;0x43ae24960e5534731fc831386c07755a2dc33d47;0x894d6ea97767ebecefe01c9410f6bd67935aa952;0xa1d7b2d891e3a1f9ef4bbc5be20630c2feb1c470;0xf25bbc18a607bbe218c87ba1ff0e673d9b53dd58,-0.007067137809187107,0.02491103202846956,0.11032028469750887,0.05693950177935925
2026-02-12,SNX,0.288,15180499.501667878,71296.7946334374,15251796.296301315,0.004674649021553445,212.91980347386323,11,binance;bitget;bybit;coinbase;crypto_com;gate;htx;kraken;kucoin;mexc;okx,eth;optimism,eth;optimism,5,sushiswap;uniswap_v2;uniswap_v3_optimism;velodrome-finance-slipstream;velodrome-finance-v2,0x0392b358ce4547601befa962680bede836606ae2;0x43ae24960e5534731fc831386c07755a2dc33d47;0x894d6ea97767ebecefe01c9410f6bd67935aa952;0xa1d7b2d891e3a1f9ef4bbc5be20630c2feb1c470;0xf25bbc18a607bbe218c87ba1ff0e673d9b53dd58,0.02491103202846956,0.04166666666666674,0.01041666666666674,0.19444444444444442
2026-02-13,SNX,0.3,12001665.210776491,97344.61634085313,12099009.827117344,0.008045668011829859,123.29048756792612,11,binance;bitget;bybit;coinbase;crypto_com;gate;htx;kraken;kucoin;mexc;okx,eth;optimism,eth;optimism,5,sushiswap;uniswap_v2;uniswap_v3_optimism;velodrome-finance-slipstream;velodrome-finance-v2,0x0392b358ce4547601befa962680bede836606ae2;0x43ae24960e5534731fc831386c07755a2dc33d47;0x894d6ea97767ebecefe01c9410f6bd67935aa952;0xa1d7b2d891e3a1f9ef4bbc5be20630c2feb1c470;0xf25bbc18a607bbe218c87ba1ff0e673d9b53dd58,0.04166666666666674,0.040000000000000036,-0.013333333333333308,0.31000000000000005
2026-02-14,SNX,0.312,10312056.241071984,23297.499259164255,10335353.740331149,0.0022541559625822534,442.62502710524416,11,binance;bitget;bybit;coinbase;crypto_com;gate;htx;kraken;kucoin;mexc;okx,eth;optimism,eth;optimism,5,sushiswap;uniswap_v2;uniswap_v3_optimism;velodrome-finance-slipstream;velodrome-finance-v2,0x0392b358ce4547601befa962680bede836606ae2;0x43ae24960e5534731fc831386c07755a2dc33d47;0x894d6ea97767ebecefe01c9410f6bd67935aa952;0xa1d7b2d891e3a1f9ef4bbc5be20630c2feb1c470;0xf25bbc18a607bbe218c87ba1ff0e673d9b53dd58,0.040000000000000036,-0.0673076923076924,-0.05128205128205132,0.33653846153846145
2026-02-15,SNX,0.291,13743806.002551416,21369.12309450621,13765175.125645922,0.0015524047387303745,643.1619089734578,11,binance;bitget;bybit;coinbase;crypto_com;gate;htx;kraken;kucoin;mexc;okx,eth;optimism,eth;optimism,5,sushiswap;uniswap_v2;uniswap_v3_optimism;velodrome-finance-slipstream;velodrome-finance-v2,0x0392b358ce4547601befa962680bede836606ae2;0x43ae24960e5534731fc831386c07755a2dc33d47;0x894d6ea97767ebecefe01c9410f6bd67935aa952;0xa1d7b2d891e3a1f9ef4bbc5be20630c2feb1c470;0xf25bbc18a607bbe218c87ba1ff0e673d9b53dd58,-0.0673076923076924,0.01718213058419238,0.020618556701030855,0.4776632302405499
2026-02-16,SNX,0.296,14825506.594575603,23598.74620631039,14849105.340781912,0.0015892369044954021,628.2328080044866,11,binance;bitget;bybit;coinbase;crypto_com;gate;htx;kraken;kucoin;mexc;okx,eth;optimism,eth;optimism,5,sushiswap;uniswap_v2;uniswap_v3_optimism;velodrome-finance-slipstream;velodrome-finance-v2,0x0392b358ce4547601befa962680bede836606ae2;0x43ae24960e5534731fc831386c07755a2dc33d47;0x894d6ea97767ebecefe01c9410f6bd67935aa952;0xa1d7b2d891e3a1f9ef4bbc5be20630c2feb1c470;0xf25bbc18a607bbe218c87ba1ff0e673d9b53dd58,0.01718213058419238,0.0,0.16216216216216206,0.2601351351351351
2026-02-17,SNX,0.296,14816318.731166864,14992.781906146653,14831311.51307301,0.0010108871284195814,988.230124596994,11,binance;bitget;bybit;coinbase;crypto_com;gate;htx;kraken;kucoin;mexc;okx,eth;optimism,eth;optimism,5,sushiswap;uniswap_v2;uniswap_v3_optimism;velodrome-finance-slipstream;velodrome-finance-v2,0x0392b358ce4547601befa962680bede836606ae2;0x43ae24960e5534731fc831386c07755a2dc33d47;0x894d6ea97767ebecefe01c9410f6bd67935aa952;0xa1d7b2d891e3a1f9ef4bbc5be20630c2feb1c470;0xf25bbc18a607bbe218c87ba1ff0e673d9b53dd58,0.0,0.0033783783783782884,0.32770270270270285,0.22297297297297303
2026-02-18,SNX,0.297,19619083.058739353,136785.7070712876,19755868.765810642,0.006923801159684149,143.42933540939788,11,binance;bitget;bybit;coinbase;crypto_com;gate;htx;kraken;kucoin;mexc;okx,eth;optimism,eth;optimism,5,sushiswap;uniswap_v2;uniswap_v3_optimism;velodrome-finance-slipstream;velodrome-finance-v2,0x0392b358ce4547601befa962680bede836606ae2;0x43ae24960e5534731fc831386c07755a2dc33d47;0x894d6ea97767ebecefe01c9410f6bd67935aa952;0xa1d7b2d891e3a1f9ef4bbc5be20630c2feb1c470;0xf25bbc18a607bbe218c87ba1ff0e673d9b53dd58,0.0033783783783782884,0.1582491582491583,0.404040404040404,0.22895622895622902
2026-02-19,SNX,0.344,33720487.402273014,291366.03098966344,34011853.433262676,0.008566602568759612,115.73239093018805,11,binance;bitget;bybit;coinbase;crypto_com;gate;htx;kraken;kucoin;mexc;okx,eth;optimism,eth;optimism,5,sushiswap;uniswap_v2;uniswap_v3_optimism;velodrome-finance-slipstream;velodrome-finance-v2,0x0392b358ce4547601befa962680bede836606ae2;0x43ae24960e5534731fc831386c07755a2dc33d47;0x894d6ea97767ebecefe01c9410f6bd67935aa952;0xa1d7b2d891e3a1f9ef4bbc5be20630c2feb1c470;0xf25bbc18a607bbe218c87ba1ff0e673d9b53dd58,0.1582491582491583,0.1424418604651163,0.25,-0.0029069767441859407
2026-02-20,SNX,0.393,31034583.035315957,397446.8547862334,31432029.89010219,0.012644644847178251,78.08486257114274,11,binance;bitget;bybit;coinbase;crypto_com;gate;htx;kraken;kucoin;mexc;okx,eth;optimism,eth;optimism,5,sushiswap;uniswap_v2;uniswap_v3_optimism;velodrome-finance-slipstream;velodrome-finance-v2,0x0392b358ce4547601befa962680bede836606ae2;0x43ae24960e5534731fc831386c07755a2dc33d47;0x894d6ea97767ebecefe01c9410f6bd67935aa952;0xa1d7b2d891e3a1f9ef4bbc5be20630c2feb1c470;0xf25bbc18a607bbe218c87ba1ff0e673d9b53dd58,0.1424418604651163,0.061068702290076216,-0.05089058524173029,-0.1628498727735369
2026-02-21,SNX,0.417,29906462.62569262,309275.76460827293,30215738.390300892,0.010235585197797084,96.69837099448122,11,binance;bitget;bybit;coinbase;crypto_com;gate;htx;kraken;kucoin;mexc;okx,eth;optimism,eth;optimism,5,sushiswap;uniswap_v2;uniswap_v3_optimism;velodrome-finance-slipstream;velodrome-finance-v2,0x0392b358ce4547601befa962680bede836606ae2;0x43ae24960e5534731fc831386c07755a2dc33d47;0x894d6ea97767ebecefe01c9410f6bd67935aa952;0xa1d7b2d891e3a1f9ef4bbc5be20630c2feb1c470;0xf25bbc18a607bbe218c87ba1ff0e673d9b53dd58,0.061068702290076216,0.031175059952038398,-0.13189448441246998,-0.22781774580335723
2026-02-22,SNX,0.43,15518695.18219472,231660.46349149014,15750355.64568621,0.014708268733915132,66.9889671647177,11,binance;bitget;bybit;coinbase;crypto_com;gate;htx;kraken;kucoin;mexc;okx,eth;optimism,eth;optimism,5,sushiswap;uniswap_v2;uniswap_v3_optimism;velodrome-finance-slipstream;velodrome-finance-v2,0x0392b358ce4547601befa962680bede836606ae2;0x43ae24960e5534731fc831386c07755a2dc33d47;0x894d6ea97767ebecefe01c9410f6bd67935aa952;0xa1d7b2d891e3a1f9ef4bbc5be20630c2feb1c470;0xf25bbc18a607bbe218c87ba1ff0e673d9b53dd58,0.031175059952038398,-0.1325581395348837,-0.15116279069767447,-0.27674418604651163
2026-02-23,SNX,0.373,13806176.201694585,198795.58415267424,14004971.78584726,0.014194643673153798,69.44910904606158,11,binance;bitget;bybit;coinbase;crypto_com;gate;htx;kraken;kucoin;mexc;okx,eth;optimism,eth;optimism,5,sushiswap;uniswap_v2;uniswap_v3_optimism;velodrome-finance-slipstream;velodrome-finance-v2,0x0392b358ce4547601befa962680bede836606ae2;0x43ae24960e5534731fc831386c07755a2dc33d47;0x894d6ea97767ebecefe01c9410f6bd67935aa952;0xa1d7b2d891e3a1f9ef4bbc5be20630c2feb1c470;0xf25bbc18a607bbe218c87ba1ff0e673d9b53dd58,-0.1325581395348837,-0.029490616621983934,-0.08042895442359244,-0.16890080428954424
2026-02-24,SNX,0.362,12281493.63912899,128268.59759842821,12409762.236727418,0.01033610436296755,95.74824913560516,11,binance;bitget;bybit;coinbase;crypto_com;gate;htx;kraken;kucoin;mexc;okx,eth;optimism,eth;optimism,5,sushiswap;uniswap_v2;uniswap_v3_optimism;velodrome-finance-slipstream;velodrome-finance-v2,0x0392b358ce4547601befa962680bede836606ae2;0x43ae24960e5534731fc831386c07755a2dc33d47;0x894d6ea97767ebecefe01c9410f6bd67935aa952;0xa1d7b2d891e3a1f9ef4bbc5be20630c2feb1c470;0xf25bbc18a607bbe218c87ba1ff0e673d9b53dd58,-0.029490616621983934,0.008287292817679592,-0.09116022099447507,-0.14088397790055252
2026-02-25,SNX,0.365,8873124.205273345,101551.08128599894,8974675.286559343,0.01131529309345419,87.37596973767232,11,binance;bitget;bybit;coinbase;crypto_com;gate;htx;kraken;kucoin;mexc;okx,eth;optimism,eth;optimism,5,sushiswap;uniswap_v2;uniswap_v3_optimism;velodrome-finance-slipstream;velodrome-finance-v2,0x0392b358ce4547601befa962680bede836606ae2;0x43ae24960e5534731fc831386c07755a2dc33d47;0x894d6ea97767ebecefe01c9410f6bd67935aa952;0xa1d7b2d891e3a1f9ef4bbc5be20630c2feb1c470;0xf25bbc18a607bbe218c87ba1ff0e673d9b53dd58,0.008287292817679592,-0.06027397260273959,-0.11780821917808215,-0.0931506849315068
2026-02-26,SNX,0.343,5379490.3019303465,48596.60508500399,5428086.907015351,0.008952805273290102,110.69683350350655,11,binance;bitget;bybit;coinbase;crypto_com;gate;htx;kraken;kucoin;mexc;okx,eth;optimism,eth;optimism,5,sushiswap;uniswap_v2;uniswap_v3_optimism;velodrome-finance-slipstream;velodrome-finance-v2,0x0392b358ce4547601befa962680bede836606ae2;0x43ae24960e5534731fc831386c07755a2dc33d47;0x894d6ea97767ebecefe01c9410f6bd67935aa952;0xa1d7b2d891e3a1f9ef4bbc5be20630c2feb1c470;0xf25bbc18a607bbe218c87ba1ff0e673d9b53dd58,-0.06027397260273959,-0.04081632653061229,-0.09329446064139946,-0.04373177842565601
2026-02-27,SNX,0.329,3407104.9012643984,54149.940570200764,3461254.841834599,0.01564459799830838,62.91982715747173,11,binance;bitget;bybit;coinbase;crypto_com;gate;htx;kraken;kucoin;mexc;okx,eth;optimism,eth;optimism,5,sushiswap;uniswap_v2;uniswap_v3_optimism;velodrome-finance-slipstream;velodrome-finance-v2,0x0392b358ce4547601befa962680bede836606ae2;0x43ae24960e5534731fc831386c07755a2dc33d47;0x894d6ea97767ebecefe01c9410f6bd67935aa952;0xa1d7b2d891e3a1f9ef4bbc5be20630c2feb1c470;0xf25bbc18a607bbe218c87ba1ff0e673d9b53dd58,-0.04081632653061229,-0.021276595744680882,-0.05775075987841949,-0.03039513677811556
2026-02-28,SNX,0.322,4353941.190170332,29784.2347112398,4383725.424881572,0.006794274692066151,146.18274507913637,11,binance;bitget;bybit;coinbase;crypto_com;gate;htx;kraken;kucoin;mexc;okx,eth;optimism,eth;optimism,5,sushiswap;uniswap_v2;uniswap_v3_optimism;velodrome-finance-slipstream;velodrome-finance-v2,0x0392b358ce4547601befa962680bede836606ae2;0x43ae24960e5534731fc831386c07755a2dc33d47;0x894d6ea97767ebecefe01c9410f6bd67935aa952;0xa1d7b2d891e3a1f9ef4bbc5be20630c2feb1c470;0xf25bbc18a607bbe218c87ba1ff0e673d9b53dd58,-0.021276595744680882,-0.03416149068322982,-0.03416149068322982,-0.0434782608695653
2026-03-01,SNX,0.311,2970261.293998851,22499.003723519578,2992760.2977223704,0.007517810143579612,132.01745866168537,11,binance;bitget;bybit;coinbase;crypto_com;gate;htx;kraken;kucoin;mexc;okx,eth;optimism,eth;optimism,5,sushiswap;uniswap_v2;uniswap_v3_optimism;velodrome-finance-slipstream;velodrome-finance-v2,0x0392b358ce4547601befa962680bede836606ae2;0x43ae24960e5534731fc831386c07755a2dc33d47;0x894d6ea97767ebecefe01c9410f6bd67935aa952;0xa1d7b2d891e3a1f9ef4bbc5be20630c2feb1c470;0xf25bbc18a607bbe218c87ba1ff0e673d9b53dd58,-0.03416149068322982,-0.003215434083601254,0.06430868167202575,-0.025723472668810365
2026-03-02,SNX,0.31,3243219.65589598,17273.95077745696,3260493.606673437,0.005297955727347966,187.75204917965158,11,binance;bitget;bybit;coinbase;crypto_com;gate;htx;kraken;kucoin;mexc;okx,eth;optimism,eth;optimism,5,sushiswap;uniswap_v2;uniswap_v3_optimism;velodrome-finance-slipstream;velodrome-finance-v2,0x0392b358ce4547601befa962680bede836606ae2;0x43ae24960e5534731fc831386c07755a2dc33d47;0x894d6ea97767ebecefe01c9410f6bd67935aa952;0xa1d7b2d891e3a1f9ef4bbc5be20630c2feb1c470;0xf25bbc18a607bbe218c87ba1ff0e673d9b53dd58,-0.003215434083601254,0.003225806451612856,0.058064516129032295,0.006451612903225712
2026-03-03,SNX,0.311,3926263.266482601,36151.09182850359,3962414.3583111046,0.009123501118119364,108.60704526182279,11,binance;bitget;bybit;coinbase;crypto_com;gate;htx;kraken;kucoin;mexc;okx,eth;optimism,eth;optimism,5,sushiswap;uniswap_v2;uniswap_v3_optimism;velodrome-finance-slipstream;velodrome-finance-v2,0x0392b358ce4547601befa962680bede836606ae2;0x43ae24960e5534731fc831386c07755a2dc33d47;0x894d6ea97767ebecefe01c9410f6bd67935aa952;0xa1d7b2d891e3a1f9ef4bbc5be20630c2feb1c470;0xf25bbc18a607bbe218c87ba1ff0e673d9b53dd58,0.003225806451612856,0.06430868167202575,0.025723472668810254,0.003215434083601254
2026-03-04,SNX,0.331,6988282.808368217,85573.23321333954,7073856.041581557,0.01209711262292062,81.66435398024498,11,binance;bitget;bybit;coinbase;crypto_com;gate;htx;kraken;kucoin;mexc;okx,eth;optimism,eth;optimism,5,sushiswap;uniswap_v2;uniswap_v3_optimism;velodrome-finance-slipstream;velodrome-finance-v2,0x0392b358ce4547601befa962680bede836606ae2;0x43ae24960e5534731fc831386c07755a2dc33d47;0x894d6ea97767ebecefe01c9410f6bd67935aa952;0xa1d7b2d891e3a1f9ef4bbc5be20630c2feb1c470;0xf25bbc18a607bbe218c87ba1ff0e673d9b53dd58,0.06430868167202575,-0.009063444108761365,-0.06948640483383695,-0.03625377643504535
2026-03-05,SNX,0.328,3243711.3589180666,28285.464775205546,3271996.823693272,0.008644710340298643,114.67767578496489,11,binance;bitget;bybit;coinbase;crypto_com;gate;htx;kraken;kucoin;mexc;okx,eth;optimism,eth;optimism,5,sushiswap;uniswap_v2;uniswap_v3_optimism;velodrome-finance-slipstream;velodrome-finance-v2,0x0392b358ce4547601befa962680bede836606ae2;0x43ae24960e5534731fc831386c07755a2dc33d47;0x894d6ea97767ebecefe01c9410f6bd67935aa952;0xa1d7b2d891e3a1f9ef4bbc5be20630c2feb1c470;0xf25bbc18a607bbe218c87ba1ff0e673d9b53dd58,-0.009063444108761365,-0.027439024390243927,-0.07621951219512202,-0.04268292682926833
2026-03-06,SNX,0.319,2712145.320861011,21846.630819540682,2733991.9516805513,0.007990744378787152,124.14478659268308,11,binance;bitget;bybit;coinbase;crypto_com;gate;htx;kraken;kucoin;mexc;okx,eth;optimism,eth;optimism,5,sushiswap;uniswap_v2;uniswap_v3_optimism;velodrome-finance-slipstream;velodrome-finance-v2,0x0392b358ce4547601befa962680bede836606ae2;0x43ae24960e5534731fc831386c07755a2dc33d47;0x894d6ea97767ebecefe01c9410f6bd67935aa952;0xa1d7b2d891e3a1f9ef4bbc5be20630c2feb1c470;0xf25bbc18a607bbe218c87ba1ff0e673d9b53dd58,-0.027439024390243927,-0.034482758620689724,-0.021943573667711602,-0.018808777429467072
2026-03-07,SNX,0.308,1669111.7176687152,23120.399572777973,1692232.1172414932,0.013662664440187157,72.19216572856865,11,binance;bitget;bybit;coinbase;crypto_com;gate;htx;kraken;kucoin;mexc;okx,eth;optimism,eth;optimism,5,sushiswap;uniswap_v2;uniswap_v3_optimism;velodrome-finance-slipstream;velodrome-finance-v2,0x0392b358ce4547601befa962680bede836606ae2;0x43ae24960e5534731fc831386c07755a2dc33d47;0x894d6ea97767ebecefe01c9410f6bd67935aa952;0xa1d7b2d891e3a1f9ef4bbc5be20630c2feb1c470;0xf25bbc18a607bbe218c87ba1ff0e673d9b53dd58,-0.034482758620689724,-0.016233766233766267,0.012987012987013102,-0.006493506493506551
2026-03-08,SNX,0.303,2329875.5455960315,22839.30067672811,2352714.8462727596,0.009707636568414063,102.01168497116184,11,binance;bitget;bybit;coinbase;crypto_com;gate;htx;kraken;kucoin;mexc;okx,eth;optimism,eth;optimism,5,sushiswap;uniswap_v2;uniswap_v3_optimism;velodrome-finance-slipstream;velodrome-finance-v2,0x0392b358ce4547601befa962680bede836606ae2;0x43ae24960e5534731fc831386c07755a2dc33d47;0x894d6ea97767ebecefe01c9410f6bd67935aa952;0xa1d7b2d891e3a1f9ef4bbc5be20630c2feb1c470;0xf25bbc18a607bbe218c87ba1ff0e673d9b53dd58,-0.016233766233766267,0.02970297029702973,0.05280528052805278,0.05610561056105623
2026-03-09,SNX,0.312,3214200.410777226,56435.99750350715,3270636.408280733,0.017255356590729604,56.95301851584148,11,binance;bitget;bybit;coinbase;crypto_com;gate;htx;kraken;kucoin;mexc;okx,eth;optimism,eth;optimism,5,sushiswap;uniswap_v2;uniswap_v3_optimism;velodrome-finance-slipstream;velodrome-finance-v2,0x0392b358ce4547601befa962680bede836606ae2;0x43ae24960e5534731fc831386c07755a2dc33d47;0x894d6ea97767ebecefe01c9410f6bd67935aa952;0xa1d7b2d891e3a1f9ef4bbc5be20630c2feb1c470;0xf25bbc18a607bbe218c87ba1ff0e673d9b53dd58,0.02970297029702973,0.0,0.0064102564102563875,0.0608974358974359
2026-03-10,SNX,0.312,2599945.6676117154,35393.879241300456,2635339.5468530157,0.01343048158009315,73.4574938758871,11,binance;bitget;bybit;coinbase;crypto_com;gate;htx;kraken;kucoin;mexc;okx,eth;optimism,eth;optimism,5,sushiswap;uniswap_v2;uniswap_v3_optimism;velodrome-finance-slipstream;velodrome-finance-v2,0x0392b358ce4547601befa962680bede836606ae2;0x43ae24960e5534731fc831386c07755a2dc33d47;0x894d6ea97767ebecefe01c9410f6bd67935aa952;0xa1d7b2d891e3a1f9ef4bbc5be20630c2feb1c470;0xf25bbc18a607bbe218c87ba1ff0e673d9b53dd58,0.0,0.022435897435897356,0.0032051282051281937,0.03205128205128216
2026-03-11,SNX,0.319,2355970.7813063227,39547.09539247469,2395517.8766987976,0.016508787422189284,59.57380075388885,11,binance;bitget;bybit;coinbase;crypto_com;gate;htx;kraken;kucoin;mexc;okx,eth;optimism,eth;optimism,5,sushiswap;uniswap_v2;uniswap_v3_optimism;velodrome-finance-slipstream;velodrome-finance-v2,0x0392b358ce4547601befa962680bede836606ae2;0x43ae24960e5534731fc831386c07755a2dc33d47;0x894d6ea97767ebecefe01c9410f6bd67935aa952;0xa1d7b2d891e3a1f9ef4bbc5be20630c2feb1c470;0xf25bbc18a607bbe218c87ba1ff0e673d9b53dd58,0.022435897435897356,-0.01567398119122254,-0.040752351097178674,-0.018808777429467072
2026-03-12,SNX,0.314,2322240.5177771943,57047.19789465115,2379287.7156718452,0.023976586572062638,40.70735467262857,11,binance;bitget;bybit;coinbase;crypto_com;gate;htx;kraken;kucoin;mexc;okx,eth;optimism,eth;optimism,5,sushiswap;uniswap_v2;uniswap_v3_optimism;velodrome-finance-slipstream;velodrome-finance-v2,0x0392b358ce4547601befa962680bede836606ae2;0x43ae24960e5534731fc831386c07755a2dc33d47;0x894d6ea97767ebecefe01c9410f6bd67935aa952;0xa1d7b2d891e3a1f9ef4bbc5be20630c2feb1c470;0xf25bbc18a607bbe218c87ba1ff0e673d9b53dd58,-0.01567398119122254,-0.0031847133757961776,0.019108280254777066,0.05095541401273884
2026-03-13,SNX,0.313,2678699.367320434,21499.632796015754,2700199.00011645,0.007962240114557687,124.59279619960962,11,binance;bitget;bybit;coinbase;crypto_com;gate;htx;kraken;kucoin;mexc;okx,eth;optimism,eth;optimism,5,sushiswap;uniswap_v2;uniswap_v3_optimism;velodrome-finance-slipstream;velodrome-finance-v2,0x0392b358ce4547601befa962680bede836606ae2;0x43ae24960e5534731fc831386c07755a2dc33d47;0x894d6ea97767ebecefe01c9410f6bd67935aa952;0xa1d7b2d891e3a1f9ef4bbc5be20630c2feb1c470;0xf25bbc18a607bbe218c87ba1ff0e673d9b53dd58,-0.0031847133757961776,-0.022364217252396235,0.057507987220447365,0.019169329073482455
2026-03-14,SNX,0.306,1965507.164358001,13389.27564726119,1978896.4400052621,0.006766031499468253,146.79712451510028,11,binance;bitget;bybit;coinbase;crypto_com;gate;htx;kraken;kucoin;mexc;okx,eth;optimism,eth;optimism,5,sushiswap;uniswap_v2;uniswap_v3_optimism;velodrome-finance-slipstream;velodrome-finance-v2,0x0392b358ce4547601befa962680bede836606ae2;0x43ae24960e5534731fc831386c07755a2dc33d47;0x894d6ea97767ebecefe01c9410f6bd67935aa952;0xa1d7b2d891e3a1f9ef4bbc5be20630c2feb1c470;0xf25bbc18a607bbe218c87ba1ff0e673d9b53dd58,-0.022364217252396235,0.045751633986928164,0.05228758169934644,-0.016339869281045805
2026-03-15,SNX,0.32,3405579.9815890724,67984.5136023594,3473564.4951914316,0.019571973889205906,50.0934668961268,11,binance;bitget;bybit;coinbase;crypto_com;gate;htx;kraken;kucoin;mexc;okx,eth;optimism,eth;optimism,5,sushiswap;uniswap_v2;uniswap_v3_optimism;velodrome-finance-slipstream;velodrome-finance-v2,0x0392b358ce4547601befa962680bede836606ae2;0x43ae24960e5534731fc831386c07755a2dc33d47;0x894d6ea97767ebecefe01c9410f6bd67935aa952;0xa1d7b2d891e3a1f9ef4bbc5be20630c2feb1c470;0xf25bbc18a607bbe218c87ba1ff0e673d9b53dd58,0.045751633986928164,0.034375000000000044,-0.021874999999999978,-0.10937500000000011
2026-03-16,SNX,0.331,2938079.0247990745,16869.21128805007,2954948.236087125,0.0057088009468443,174.16813238212097,11,binance;bitget;bybit;coinbase;crypto_com;gate;htx;kraken;kucoin;mexc;okx,eth;optimism,eth;optimism,5,sushiswap;uniswap_v2;uniswap_v3_optimism;velodrome-finance-slipstream;velodrome-finance-v2,0x0392b358ce4547601befa962680bede836606ae2;0x43ae24960e5534731fc831386c07755a2dc33d47;0x894d6ea97767ebecefe01c9410f6bd67935aa952;0xa1d7b2d891e3a1f9ef4bbc5be20630c2feb1c470;0xf25bbc18a607bbe218c87ba1ff0e673d9b53dd58,0.034375000000000044,-0.027190332326283984,-0.0030211480362537513,-0.08459214501510581
2026-03-17,SNX,0.322,3003629.6720817196,16280.661395283201,3019910.333477003,0.005391107548725894,184.49064194357146,11,binance;bitget;bybit;coinbase;crypto_com;gate;htx;kraken;kucoin;mexc;okx,eth;optimism,eth;optimism,5,sushiswap;uniswap_v2;uniswap_v3_optimism;velodrome-finance-slipstream;velodrome-finance-v2,0x0392b358ce4547601befa962680bede836606ae2;0x43ae24960e5534731fc831386c07755a2dc33d47;0x894d6ea97767ebecefe01c9410f6bd67935aa952;0xa1d7b2d891e3a1f9ef4bbc5be20630c2feb1c470;0xf25bbc18a607bbe218c87ba1ff0e673d9b53dd58,-0.027190332326283984,-0.02795031055900621,-0.009316770186335366,-0.06832298136645965
2026-03-18,SNX,0.313,2612344.9264423195,34469.362975489494,2646814.289417809,0.013022962401744985,75.78744429654554,11,binance;bitget;bybit;coinbase;crypto_com;gate;htx;kraken;kucoin;mexc;okx,eth;optimism,eth;optimism,5,sushiswap;uniswap_v2;uniswap_v3_optimism;velodrome-finance-slipstream;velodrome-finance-v2,0x0392b358ce4547601befa962680bede836606ae2;0x43ae24960e5534731fc831386c07755a2dc33d47;0x894d6ea97767ebecefe01c9410f6bd67935aa952;0xa1d7b2d891e3a1f9ef4bbc5be20630c2feb1c470;0xf25bbc18a607bbe218c87ba1ff0e673d9b53dd58,-0.02795031055900621,0.0543130990415337,-0.03833865814696491,-0.04153354632587858
2026-03-19,SNX,0.33,6112371.5137460055,44936.61293424242,6157308.1266802475,0.007298093908850763,136.02207898246556,11,binance;bitget;bybit;coinbase;crypto_com;gate;htx;kraken;kucoin;mexc;okx,eth;optimism,eth;optimism,5,sushiswap;uniswap_v2;uniswap_v3_optimism;velodrome-finance-slipstream;velodrome-finance-v2,0x0392b358ce4547601befa962680bede836606ae2;0x43ae24960e5534731fc831386c07755a2dc33d47;0x894d6ea97767ebecefe01c9410f6bd67935aa952;0xa1d7b2d891e3a1f9ef4bbc5be20630c2feb1c470;0xf25bbc18a607bbe218c87ba1ff0e673d9b53dd58,0.0543130990415337,-0.033333333333333326,-0.13636363636363646,-0.13333333333333341
2026-03-20,SNX,0.319,3655566.166441934,50134.575536445955,3705700.7419783804,0.013529040531664833,72.9150716312433,11,binance;bitget;bybit;coinbase;crypto_com;gate;htx;kraken;kucoin;mexc;okx,eth;optimism,eth;optimism,5,sushiswap;uniswap_v2;uniswap_v3_optimism;velodrome-finance-slipstream;velodrome-finance-v2,0x0392b358ce4547601befa962680bede836606ae2;0x43ae24960e5534731fc831386c07755a2dc33d47;0x894d6ea97767ebecefe01c9410f6bd67935aa952;0xa1d7b2d891e3a1f9ef4bbc5be20630c2feb1c470;0xf25bbc18a607bbe218c87ba1ff0e673d9b53dd58,-0.033333333333333326,-0.056426332288401326,-0.050156739811912265,-0.1316614420062695
2026-03-21,SNX,0.301,2218415.8914571446,17041.91336790541,2235457.80482505,0.007623455621091061,130.17410918395052,11,binance;bitget;bybit;coinbase;crypto_com;gate;htx;kraken;kucoin;mexc;okx,eth;optimism,eth;optimism,5,sushiswap;uniswap_v2;uniswap_v3_optimism;velodrome-finance-slipstream;velodrome-finance-v2,0x0392b358ce4547601befa962680bede836606ae2;0x43ae24960e5534731fc831386c07755a2dc33d47;0x894d6ea97767ebecefe01c9410f6bd67935aa952;0xa1d7b2d891e3a1f9ef4bbc5be20630c2feb1c470;0xf25bbc18a607bbe218c87ba1ff0e673d9b53dd58,-0.056426332288401326,-0.05315614617940201,-0.0033222591362126463,-0.08305647840531549
2026-03-22,SNX,0.285,2612062.3390575466,13158.768770586925,2625221.1078281333,0.005012442087772668,198.50355185936138,11,binance;bitget;bybit;coinbase;crypto_com;gate;htx;kraken;kucoin;mexc;okx,eth;optimism,eth;optimism,5,sushiswap;uniswap_v2;uniswap_v3_optimism;velodrome-finance-slipstream;velodrome-finance-v2,0x0392b358ce4547601befa962680bede836606ae2;0x43ae24960e5534731fc831386c07755a2dc33d47;0x894d6ea97767ebecefe01c9410f6bd67935aa952;0xa1d7b2d891e3a1f9ef4bbc5be20630c2feb1c470;0xf25bbc18a607bbe218c87ba1ff0e673d9b53dd58,-0.05315614617940201,0.06315789473684208,0.05263157894736836,-0.03859649122807007
2026-03-23,SNX,0.303,2623223.652238444,18943.208574773023,2642166.860813217,0.007169573146846073,138.47831753971357,11,binance;bitget;bybit;coinbase;crypto_com;gate;htx;kraken;kucoin;mexc;okx,eth;optimism,eth;optimism,5,sushiswap;uniswap_v2;uniswap_v3_optimism;velodrome-finance-slipstream;velodrome-finance-v2,0x0392b358ce4547601befa962680bede836606ae2;0x43ae24960e5534731fc831386c07755a2dc33d47;0x894d6ea97767ebecefe01c9410f6bd67935aa952;0xa1d7b2d891e3a1f9ef4bbc5be20630c2feb1c470;0xf25bbc18a607bbe218c87ba1ff0e673d9b53dd58,0.06315789473684208,-0.00990099009900991,-0.05610561056105612,-0.0924092409240923
2026-03-24,SNX,0.3,1635502.7913475342,13602.468974532092,1649105.2603220663,0.008248393417819529,120.23573032290584,11,binance;bitget;bybit;coinbase;crypto_com;gate;htx;kraken;kucoin;mexc;okx,eth;optimism,eth;optimism,5,sushiswap;uniswap_v2;uniswap_v3_optimism;velodrome-finance-slipstream;velodrome-finance-v2,0x0392b358ce4547601befa962680bede836606ae2;0x43ae24960e5534731fc831386c07755a2dc33d47;0x894d6ea97767ebecefe01c9410f6bd67935aa952;0xa1d7b2d891e3a1f9ef4bbc5be20630c2feb1c470;0xf25bbc18a607bbe218c87ba1ff0e673d9b53dd58,-0.00990099009900991,0.0,-0.07666666666666655,-0.040000000000000036
2026-03-25,SNX,0.3,1367714.0004717084,10774.343046648313,1378488.3435183568,0.00781605669522648,126.94175362247978,11,binance;bitget;bybit;coinbase;crypto_com;gate;htx;kraken;kucoin;mexc;okx,eth;optimism,eth;optimism,5,sushiswap;uniswap_v2;uniswap_v3_optimism;velodrome-finance-slipstream;velodrome-finance-v2,0x0392b358ce4547601befa962680bede836606ae2;0x43ae24960e5534731fc831386c07755a2dc33d47;0x894d6ea97767ebecefe01c9410f6bd67935aa952;0xa1d7b2d891e3a1f9ef4bbc5be20630c2feb1c470;0xf25bbc18a607bbe218c87ba1ff0e673d9b53dd58,0.0,-0.046666666666666745,-0.07999999999999985,-0.06000000000000005
2026-03-26,SNX,0.286,1923371.9157300235,8938.209544514866,1932310.1252745383,0.004625659943299705,215.18536863015748,11,binance;bitget;bybit;coinbase;crypto_com;gate;htx;kraken;kucoin;mexc;okx,eth;optimism,eth;optimism,5,sushiswap;uniswap_v2;uniswap_v3_optimism;velodrome-finance-slipstream;velodrome-finance-v2,0x0392b358ce4547601befa962680bede836606ae2;0x43ae24960e5534731fc831386c07755a2dc33d47;0x894d6ea97767ebecefe01c9410f6bd67935aa952;0xa1d7b2d891e3a1f9ef4bbc5be20630c2feb1c470;0xf25bbc18a607bbe218c87ba1ff0e673d9b53dd58,-0.046666666666666745,-0.03146853146853135,-0.04195804195804176,-0.024475524475524257
2026-03-27,SNX,0.277,1912419.8419380968,14764.569624603033,1927184.4115626998,0.007661212666529851,129.5276388382716,11,binance;bitget;bybit;coinbase;crypto_com;gate;htx;kraken;kucoin;mexc;okx,eth;optimism,eth;optimism,5,sushiswap;uniswap_v2;uniswap_v3_optimism;velodrome-finance-slipstream;velodrome-finance-v2,0x0392b358ce4547601befa962680bede836606ae2;0x43ae24960e5534731fc831386c07755a2dc33d47;0x894d6ea97767ebecefe01c9410f6bd67935aa952;0xa1d7b2d891e3a1f9ef4bbc5be20630c2feb1c470;0xf25bbc18a607bbe218c87ba1ff0e673d9b53dd58,-0.03146853146853135,-0.0036101083032491488,-0.0072202166064981865,0.0072202166064982976
2026-03-28,SNX,0.276,1279176.8092828344,9473.117875929569,1288649.9271587639,0.007351195756333958,135.03229095598186,11,binance;bitget;bybit;coinbase;crypto_com;gate;htx;kraken;kucoin;mexc;okx,eth;optimism,eth;optimism,5,sushiswap;uniswap_v2;uniswap_v3_optimism;velodrome-finance-slipstream;velodrome-finance-v2,0x0392b358ce4547601befa962680bede836606ae2;0x43ae24960e5534731fc831386c07755a2dc33d47;0x894d6ea97767ebecefe01c9410f6bd67935aa952;0xa1d7b2d891e3a1f9ef4bbc5be20630c2feb1c470;0xf25bbc18a607bbe218c87ba1ff0e673d9b53dd58,-0.0036101083032491488,-0.007246376811594235,0.043478260869564966,0.010869565217391353
2026-03-29,SNX,0.274,1408043.0159872607,9805.912614224339,1417848.928601485,0.006916048964325513,143.59122616948173,11,binance;bitget;bybit;coinbase;crypto_com;gate;htx;kraken;kucoin;mexc;okx,eth;optimism,eth;optimism,5,sushiswap;uniswap_v2;uniswap_v3_optimism;velodrome-finance-slipstream;velodrome-finance-v2,0x0392b358ce4547601befa962680bede836606ae2;0x43ae24960e5534731fc831386c07755a2dc33d47;0x894d6ea97767ebecefe01c9410f6bd67935aa952;0xa1d7b2d891e3a1f9ef4bbc5be20630c2feb1c470;0xf25bbc18a607bbe218c87ba1ff0e673d9b53dd58,-0.007246376811594235,0.0036496350364962904,0.029197080291970545,0.04379562043795593
2026-03-30,SNX,0.275,1503253.4681061967,8118.182257324899,1511371.6503635217,0.005371400380159492,185.17118986209462,11,binance;bitget;bybit;coinbase;crypto_com;gate;htx;kraken;kucoin;mexc;okx,eth;optimism,eth;optimism,5,sushiswap;uniswap_v2;uniswap_v3_optimism;velodrome-finance-slipstream;velodrome-finance-v2,0x0392b358ce4547601befa962680bede836606ae2;0x43ae24960e5534731fc831386c07755a2dc33d47;0x894d6ea97767ebecefe01c9410f6bd67935aa952;0xa1d7b2d891e3a1f9ef4bbc5be20630c2feb1c470;0xf25bbc18a607bbe218c87ba1ff0e673d9b53dd58,0.0036496350364962904,0.04727272727272713,0.014545454545454639,0.06181818181818177
2026-03-31,SNX,0.288,1576995.8296979354,9614.71012877071,1586610.539826706,0.006059905621086353,164.019071670085,11,binance;bitget;bybit;coinbase;crypto_com;gate;htx;kraken;kucoin;mexc;okx,eth;optimism,eth;optimism,5,sushiswap;uniswap_v2;uniswap_v3_optimism;velodrome-finance-slipstream;velodrome-finance-v2,0x0392b358ce4547601befa962680bede836606ae2;0x43ae24960e5534731fc831386c07755a2dc33d47;0x894d6ea97767ebecefe01c9410f6bd67935aa952;0xa1d7b2d891e3a1f9ef4bbc5be20630c2feb1c470;0xf25bbc18a607bbe218c87ba1ff0e673d9b53dd58,0.04727272727272713,-0.02083333333333337,-0.03124999999999989,0.04861111111111116
2026-04-01,SNX,0.282,1929484.9162013805,17911.601495884937,1947396.5176972654,0.009197716712087396,107.72263533468328,11,binance;bitget;bybit;coinbase;crypto_com;gate;htx;kraken;kucoin;mexc;okx,eth;optimism,eth;optimism,5,sushiswap;uniswap_v2;uniswap_v3_optimism;velodrome-finance-slipstream;velodrome-finance-v2,0x0392b358ce4547601befa962680bede836606ae2;0x43ae24960e5534731fc831386c07755a2dc33d47;0x894d6ea97767ebecefe01c9410f6bd67935aa952;0xa1d7b2d891e3a1f9ef4bbc5be20630c2feb1c470;0xf25bbc18a607bbe218c87ba1ff0e673d9b53dd58,-0.02083333333333337,-0.010638297872340274,-0.010638297872340274,0.024822695035461084
2026-04-02,SNX,0.279,2440794.513024623,30709.811868984314,2471504.3248936073,0.012425554574057363,79.4793052929682,11,binance;bitget;bybit;coinbase;crypto_com;gate;htx;kraken;kucoin;mexc;okx,eth;optimism,eth;optimism,5,sushiswap;uniswap_v2;uniswap_v3_optimism;velodrome-finance-slipstream;velodrome-finance-v2,0x0392b358ce4547601befa962680bede836606ae2;0x43ae24960e5534731fc831386c07755a2dc33d47;0x894d6ea97767ebecefe01c9410f6bd67935aa952;0xa1d7b2d891e3a1f9ef4bbc5be20630c2feb1c470;0xf25bbc18a607bbe218c87ba1ff0e673d9b53dd58,-0.010638297872340274,0.0,0.02508960573476693,0.053763440860215006
2026-04-03,SNX,0.279,1137735.717353867,24941.228157832513,1162676.9455116994,0.021451554753978343,45.61666771796776,11,binance;bitget;bybit;coinbase;crypto_com;gate;htx;kraken;kucoin;mexc;okx,eth;optimism,eth;optimism,5,sushiswap;uniswap_v2;uniswap_v3_optimism;velodrome-finance-slipstream;velodrome-finance-v2,0x0392b358ce4547601befa962680bede836606ae2;0x43ae24960e5534731fc831386c07755a2dc33d47;0x894d6ea97767ebecefe01c9410f6bd67935aa952;0xa1d7b2d891e3a1f9ef4bbc5be20630c2feb1c470;0xf25bbc18a607bbe218c87ba1ff0e673d9b53dd58,0.0,0.0,0.04659498207885293,0.053763440860215006
2026-04-04,SNX,0.279,1108686.9207969166,13996.78642264415,1122683.7072195606,0.012467257102455512,79.2101048997412,11,binance;bitget;bybit;coinbase;crypto_com;gate;htx;kraken;kucoin;mexc;okx,eth;optimism,eth;optimism,5,sushiswap;uniswap_v2;uniswap_v3_optimism;velodrome-finance-slipstream;velodrome-finance-v2,0x0392b358ce4547601befa962680bede836606ae2;0x43ae24960e5534731fc831386c07755a2dc33d47;0x894d6ea97767ebecefe01c9410f6bd67935aa952;0xa1d7b2d891e3a1f9ef4bbc5be20630c2feb1c470;0xf25bbc18a607bbe218c87ba1ff0e673d9b53dd58,0.0,0.02508960573476693,0.08243727598566286,0.04301075268817178
2026-04-05,SNX,0.286,4813896.596103062,47475.423412540375,4861372.019515602,0.009765848657941412,101.39765483021469,11,binance;bitget;bybit;coinbase;crypto_com;gate;htx;kraken;kucoin;mexc;okx,eth;optimism,eth;optimism,5,sushiswap;uniswap_v2;uniswap_v3_optimism;velodrome-finance-slipstream;velodrome-finance-v2,0x0392b358ce4547601befa962680bede836606ae2;0x43ae24960e5534731fc831386c07755a2dc33d47;0x894d6ea97767ebecefe01c9410f6bd67935aa952;0xa1d7b2d891e3a1f9ef4bbc5be20630c2feb1c470;0xf25bbc18a607bbe218c87ba1ff0e673d9b53dd58,0.02508960573476693,0.020979020979021046,0.010489510489510412,-0.01748251748251728
2026-04-06,SNX,0.292,6633184.552695013,49024.58041534815,6682209.133110361,0.00733658277356679,135.30323965033585,11,binance;bitget;bybit;coinbase;crypto_com;gate;htx;kraken;kucoin;mexc;okx,eth;optimism,eth;optimism,5,sushiswap;uniswap_v2;uniswap_v3_optimism;velodrome-finance-slipstream;velodrome-finance-v2,0x0392b358ce4547601befa962680bede836606ae2;0x43ae24960e5534731fc831386c07755a2dc33d47;0x894d6ea97767ebecefe01c9410f6bd67935aa952;0xa1d7b2d891e3a1f9ef4bbc5be20630c2feb1c470;0xf25bbc18a607bbe218c87ba1ff0e673d9b53dd58,0.020979020979021046,0.03424657534246589,0.006849315068493178,0.006849315068493178
2026-04-07,SNX,0.302,2417766.5332559515,18751.861508771803,2436518.3947647233,0.007696170711890945,128.9347477382425,11,binance;bitget;bybit;coinbase;crypto_com;gate;htx;kraken;kucoin;mexc;okx,eth;optimism,eth;optimism,5,sushiswap;uniswap_v2;uniswap_v3_optimism;velodrome-finance-slipstream;velodrome-finance-v2,0x0392b358ce4547601befa962680bede836606ae2;0x43ae24960e5534731fc831386c07755a2dc33d47;0x894d6ea97767ebecefe01c9410f6bd67935aa952;0xa1d7b2d891e3a1f9ef4bbc5be20630c2feb1c470;0xf25bbc18a607bbe218c87ba1ff0e673d9b53dd58,0.03424657534246589,-0.04304635761589404,-0.026490066225165587,-0.04635761589403975
2026-04-08,SNX,0.289,1700296.7419186,22742.989154640578,1723039.7310732405,0.013199341108910188,74.76135746086236,11,binance;bitget;bybit;coinbase;crypto_com;gate;htx;kraken;kucoin;mexc;okx,eth;optimism,eth;optimism,5,sushiswap;uniswap_v2;uniswap_v3_optimism;velodrome-finance-slipstream;velodrome-finance-v2,0x0392b358ce4547601befa962680bede836606ae2;0x43ae24960e5534731fc831386c07755a2dc33d47;0x894d6ea97767ebecefe01c9410f6bd67935aa952;0xa1d7b2d891e3a1f9ef4bbc5be20630c2feb1c470;0xf25bbc18a607bbe218c87ba1ff0e673d9b53dd58,-0.04304635761589404,0.01730103806228378,0.006920415224913601,0.01730103806228378
2026-04-09,SNX,0.294,2053674.9461184167,18010.270746017984,2071685.2168644348,0.00869353635359581,114.02798853384688,11,binance;bitget;bybit;coinbase;crypto_com;gate;htx;kraken;kucoin;mexc;okx,eth;optimism,eth;optimism,5,sushiswap;uniswap_v2;uniswap_v3_optimism;velodrome-finance-slipstream;velodrome-finance-v2,0x0392b358ce4547601befa962680bede836606ae2;0x43ae24960e5534731fc831386c07755a2dc33d47;0x894d6ea97767ebecefe01c9410f6bd67935aa952;0xa1d7b2d891e3a1f9ef4bbc5be20630c2feb1c470;0xf25bbc18a607bbe218c87ba1ff0e673d9b53dd58,0.01730103806228378,0.0,-0.04421768707482976,0.05102040816326525
2026-04-10,SNX,0.294,1487881.03084747,12179.671471414249,1500060.7023188842,0.00811945240121695,122.16101512586233,11,binance;bitget;bybit;coinbase;crypto_com;gate;htx;kraken;kucoin;mexc;okx,eth;optimism,eth;optimism,5,sushiswap;uniswap_v2;uniswap_v3_optimism;velodrome-finance-slipstream;velodrome-finance-v2,0x0392b358ce4547601befa962680bede836606ae2;0x43ae24960e5534731fc831386c07755a2dc33d47;0x894d6ea97767ebecefe01c9410f6bd67935aa952;0xa1d7b2d891e3a1f9ef4bbc5be20630c2feb1c470;0xf25bbc18a607bbe218c87ba1ff0e673d9b53dd58,0.0,-0.010204081632653073,0.0,0.04761904761904767
2026-04-11,SNX,0.291,1670902.6578267082,6242.612470270376,1677145.2702969785,0.003722165623234875,267.6608015929489,11,binance;bitget;bybit;coinbase;crypto_com;gate;htx;kraken;kucoin;mexc;okx,eth;optimism,eth;optimism,5,sushiswap;uniswap_v2;uniswap_v3_optimism;velodrome-finance-slipstream;velodrome-finance-v2,0x0392b358ce4547601befa962680bede836606ae2;0x43ae24960e5534731fc831386c07755a2dc33d47;0x894d6ea97767ebecefe01c9410f6bd67935aa952;0xa1d7b2d891e3a1f9ef4bbc5be20630c2feb1c470;0xf25bbc18a607bbe218c87ba1ff0e673d9b53dd58,-0.010204081632653073,-0.03436426116838476,-0.010309278350515427,0.020618556701030855
2026-04-12,SNX,0.281,1342777.194487899,13595.311841715946,1356372.5063296151,0.010023287687027267,98.76766418609925,11,binance;bitget;bybit;coinbase;crypto_com;gate;htx;kraken;kucoin;mexc;okx,eth;optimism,eth;optimism,5,sushiswap;uniswap_v2;uniswap_v3_optimism;velodrome-finance-slipstream;velodrome-finance-v2,0x0392b358ce4547601befa962680bede836606ae2;0x43ae24960e5534731fc831386c07755a2dc33d47;0x894d6ea97767ebecefe01c9410f6bd67935aa952;0xa1d7b2d891e3a1f9ef4bbc5be20630c2feb1c470;0xf25bbc18a607bbe218c87ba1ff0e673d9b53dd58,-0.03436426116838476,0.04626334519572928,0.04626334519572928,0.017793594306049654
2026-04-13,SNX,0.294,2384803.419910953,13861.15008283613,2398664.569993789,0.005778694635437094,172.04946239374377,11,binance;bitget;bybit;coinbase;crypto_com;gate;htx;kraken;kucoin;mexc;okx,eth;optimism,eth;optimism,5,sushiswap;uniswap_v2;uniswap_v3_optimism;velodrome-finance-slipstream;velodrome-finance-v2,0x0392b358ce4547601befa962680bede836606ae2;0x43ae24960e5534731fc831386c07755a2dc33d47;0x894d6ea97767ebecefe01c9410f6bd67935aa952;0xa1d7b2d891e3a1f9ef4bbc5be20630c2feb1c470;0xf25bbc18a607bbe218c87ba1ff0e673d9b53dd58,0.04626334519572928,-0.020408163265306145,0.05102040816326525,-0.006802721088435382
2026-04-14,SNX,0.288,2064525.7004768923,34152.07340530872,2098677.773882201,0.016273138177917198,60.4509622585894,11,binance;bitget;bybit;coinbase;crypto_com;gate;htx;kraken;kucoin;mexc;okx,eth;optimism,eth;optimism,5,sushiswap;uniswap_v2;uniswap_v3_optimism;velodrome-finance-slipstream;velodrome-finance-v2,0x0392b358ce4547601befa962680bede836606ae2;0x43ae24960e5534731fc831386c07755a2dc33d47;0x894d6ea97767ebecefe01c9410f6bd67935aa952;0xa1d7b2d891e3a1f9ef4bbc5be20630c2feb1c470;0xf25bbc18a607bbe218c87ba1ff0e673d9b53dd58,-0.020408163265306145,0.02083333333333326,0.06944444444444442,0.01388888888888884
2026-04-15,SNX,0.294,2069985.3199995116,19788.691213475497,2089774.0112129871,0.00946929720979225,104.6044580548063,11,binance;bitget;bybit;coinbase;crypto_com;gate;htx;kraken;kucoin;mexc;okx,eth;optimism,eth;optimism,5,sushiswap;uniswap_v2;uniswap_v3_optimism;velodrome-finance-slipstream;velodrome-finance-v2,0x0392b358ce4547601befa962680bede836606ae2;0x43ae24960e5534731fc831386c07755a2dc33d47;0x894d6ea97767ebecefe01c9410f6bd67935aa952;0xa1d7b2d891e3a1f9ef4bbc5be20630c2feb1c470;0xf25bbc18a607bbe218c87ba1ff0e673d9b53dd58,0.02083333333333326,0.05102040816326525,0.010204081632652962,0.010204081632652962
2026-04-16,SNX,0.309,3199413.5337113594,31466.303562365807,3230879.8372737253,0.00973923672411093,101.67745084420746,11,binance;bitget;bybit;coinbase;crypto_com;gate;htx;kraken;kucoin;mexc;okx,eth;optimism,eth;optimism,5,sushiswap;uniswap_v2;uniswap_v3_optimism;velodrome-finance-slipstream;velodrome-finance-v2,0x0392b358ce4547601befa962680bede836606ae2;0x43ae24960e5534731fc831386c07755a2dc33d47;0x894d6ea97767ebecefe01c9410f6bd67935aa952;0xa1d7b2d891e3a1f9ef4bbc5be20630c2feb1c470;0xf25bbc18a607bbe218c87ba1ff0e673d9b53dd58,0.05102040816326525,-0.003236245954692518,-0.07443365695792892,-0.02588996763754048
2026-04-17,SNX,0.308,3650046.7604993675,18772.875385780215,3668819.635885148,0.005116870614777722,194.43194958105076,11,binance;bitget;bybit;coinbase;crypto_com;gate;htx;kraken;kucoin;mexc;okx,eth;optimism,eth;optimism,5,sushiswap;uniswap_v2;uniswap_v3_optimism;velodrome-finance-slipstream;velodrome-finance-v2,0x0392b358ce4547601befa962680bede836606ae2;0x43ae24960e5534731fc831386c07755a2dc33d47;0x894d6ea97767ebecefe01c9410f6bd67935aa952;0xa1d7b2d891e3a1f9ef4bbc5be20630c2feb1c470;0xf25bbc18a607bbe218c87ba1ff0e673d9b53dd58,-0.003236245954692518,-0.0357142857142857,-0.051948051948051965,-0.012987012987012991
2026-04-18,SNX,0.297,1844621.5013259843,14940.34971637327,1859561.8510423575,0.008034338684673821,123.46575122699078,11,binance;bitget;bybit;coinbase;crypto_com;gate;htx;kraken;kucoin;mexc;okx,eth;optimism,eth;optimism,5,sushiswap;uniswap_v2;uniswap_v3_optimism;velodrome-finance-slipstream;velodrome-finance-v2,0x0392b358ce4547601befa962680bede836606ae2;0x43ae24960e5534731fc831386c07755a2dc33d47;0x894d6ea97767ebecefe01c9410f6bd67935aa952;0xa1d7b2d891e3a1f9ef4bbc5be20630c2feb1c470;0xf25bbc18a607bbe218c87ba1ff0e673d9b53dd58,-0.0357142857142857,-0.03703703703703709,-0.01683501683501687,0.01683501683501687
2026-04-19,SNX,0.286,2674210.823434275,19542.757522605836,2693753.580956881,0.0072548423362703484,136.83897066936004,11,binance;bitget;bybit;coinbase;crypto_com;gate;htx;kraken;kucoin;mexc;okx,eth;optimism,eth;optimism,5,sushiswap;uniswap_v2;uniswap_v3_optimism;velodrome-finance-slipstream;velodrome-finance-v2,0x0392b358ce4547601befa962680bede836606ae2;0x43ae24960e5534731fc831386c07755a2dc33d47;0x894d6ea97767ebecefe01c9410f6bd67935aa952;0xa1d7b2d891e3a1f9ef4bbc5be20630c2feb1c470;0xf25bbc18a607bbe218c87ba1ff0e673d9b53dd58,-0.03703703703703709,0.020979020979021046,0.03846153846153855,0.1293706293706296
2026-04-20,SNX,0.292,2809112.4383035386,20216.83144412567,2829329.269747664,0.0071454502168737406,138.9491941933251,11,binance;bitget;bybit;coinbase;crypto_com;gate;htx;kraken;kucoin;mexc;okx,eth;optimism,eth;optimism,5,sushiswap;uniswap_v2;uniswap_v3_optimism;velodrome-finance-slipstream;velodrome-finance-v2,0x0392b358ce4547601befa962680bede836606ae2;0x43ae24960e5534731fc831386c07755a2dc33d47;0x894d6ea97767ebecefe01c9410f6bd67935aa952;0xa1d7b2d891e3a1f9ef4bbc5be20630c2feb1c470;0xf25bbc18a607bbe218c87ba1ff0e673d9b53dd58,0.020979020979021046,0.0,0.03082191780821919,0.07876712328767121
2026-04-21,SNX,0.292,1853190.770947877,17190.28926883496,1870381.060216712,0.009190795199157546,107.80451346491353,11,binance;bitget;bybit;coinbase;crypto_com;gate;htx;kraken;kucoin;mexc;okx,eth;optimism,eth;optimism,5,sushiswap;uniswap_v2;uniswap_v3_optimism;velodrome-finance-slipstream;velodrome-finance-v2,0x0392b358ce4547601befa962680bede836606ae2;0x43ae24960e5534731fc831386c07755a2dc33d47;0x894d6ea97767ebecefe01c9410f6bd67935aa952;0xa1d7b2d891e3a1f9ef4bbc5be20630c2feb1c470;0xf25bbc18a607bbe218c87ba1ff0e673d9b53dd58,0.0,0.017123287671232834,0.041095890410958846,0.07876712328767121
2026-04-22,SNX,0.297,1510606.723064357,20925.121725200166,1531531.8447895572,0.01366287080245166,72.19106024339779,11,binance;bitget;bybit;coinbase;crypto_com;gate;htx;kraken;kucoin;mexc;okx,eth;optimism,eth;optimism,5,sushiswap;uniswap_v2;uniswap_v3_optimism;velodrome-finance-slipstream;velodrome-finance-v2,0x0392b358ce4547601befa962680bede836606ae2;0x43ae24960e5534731fc831386c07755a2dc33d47;0x894d6ea97767ebecefe01c9410f6bd67935aa952;0xa1d7b2d891e3a1f9ef4bbc5be20630c2feb1c470;0xf25bbc18a607bbe218c87ba1ff0e673d9b53dd58,0.017123287671232834,0.013468013468013407,0.01683501683501687,0.043771043771043905
2026-04-23,SNX,0.301,1853336.740388366,7304.542340770367,1860641.2827291363,0.0039258197743824485,253.7238685090441,11,binance;bitget;bybit;coinbase;crypto_com;gate;htx;kraken;kucoin;mexc;okx,eth;optimism,eth;optimism,5,sushiswap;uniswap_v2;uniswap_v3_optimism;velodrome-finance-slipstream;velodrome-finance-v2,0x0392b358ce4547601befa962680bede836606ae2;0x43ae24960e5534731fc831386c07755a2dc33d47;0x894d6ea97767ebecefe01c9410f6bd67935aa952;0xa1d7b2d891e3a1f9ef4bbc5be20630c2feb1c470;0xf25bbc18a607bbe218c87ba1ff0e673d9b53dd58,0.013468013468013407,0.009966777408637828,0.07308970099667778,0.0
2026-04-24,SNX,0.304,1296233.9449635947,15287.107008288735,1311521.0519718835,0.01165601343974192,84.7926258552891,11,binance;bitget;bybit;coinbase;crypto_com;gate;htx;kraken;kucoin;mexc;okx,eth;optimism,eth;optimism,5,sushiswap;uniswap_v2;uniswap_v3_optimism;velodrome-finance-slipstream;velodrome-finance-v2,0x0392b358ce4547601befa962680bede836606ae2;0x43ae24960e5534731fc831386c07755a2dc33d47;0x894d6ea97767ebecefe01c9410f6bd67935aa952;0xa1d7b2d891e3a1f9ef4bbc5be20630c2feb1c470;0xf25bbc18a607bbe218c87ba1ff0e673d9b53dd58,0.009966777408637828,-0.006578947368421018,0.03618421052631593,0.016447368421052655
2026-04-25,SNX,0.302,1517043.2753524426,16335.926145546428,1533379.201497989,0.010653546187132011,92.86545873409361,11,binance;bitget;bybit;coinbase;crypto_com;gate;htx;kraken;kucoin;mexc;okx,eth;optimism,eth;optimism,5,sushiswap;uniswap_v2;uniswap_v3_optimism;velodrome-finance-slipstream;velodrome-finance-v2,0x0392b358ce4547601befa962680bede836606ae2;0x43ae24960e5534731fc831386c07755a2dc33d47;0x894d6ea97767ebecefe01c9410f6bd67935aa952;0xa1d7b2d891e3a1f9ef4bbc5be20630c2feb1c470;0xf25bbc18a607bbe218c87ba1ff0e673d9b53dd58,-0.006578947368421018,0.06953642384105962,0.04304635761589415,0.0927152317880795
2026-04-26,SNX,0.323,5090783.961754311,24934.566222561836,5115718.527976872,0.004874108316593169,204.1657318725664,11,binance;bitget;bybit;coinbase;crypto_com;gate;htx;kraken;kucoin;mexc;okx,eth;optimism,eth;optimism,5,sushiswap;uniswap_v2;uniswap_v3_optimism;velodrome-finance-slipstream;velodrome-finance-v2,0x0392b358ce4547601befa962680bede836606ae2;0x43ae24960e5534731fc831386c07755a2dc33d47;0x894d6ea97767ebecefe01c9410f6bd67935aa952;0xa1d7b2d891e3a1f9ef4bbc5be20630c2feb1c470;0xf25bbc18a607bbe218c87ba1ff0e673d9b53dd58,0.06953642384105962,-0.024767801857585203,-0.04024767801857587,-0.018575851393188847
2026-04-27,SNX,0.315,6303012.391412601,73546.09110714695,6376558.482519748,0.011533822093651468,85.70152806938364,11,binance;bitget;bybit;coinbase;crypto_com;gate;htx;kraken;kucoin;mexc;okx,eth;optimism,eth;optimism,5,sushiswap;uniswap_v2;uniswap_v3_optimism;velodrome-finance-slipstream;velodrome-finance-v2,0x0392b358ce4547601befa962680bede836606ae2;0x43ae24960e5534731fc831386c07755a2dc33d47;0x894d6ea97767ebecefe01c9410f6bd67935aa952;0xa1d7b2d891e3a1f9ef4bbc5be20630c2feb1c470;0xf25bbc18a607bbe218c87ba1ff0e673d9b53dd58,-0.024767801857585203,0.0,-0.04444444444444451,0.0031746031746031633
2026-04-28,SNX,0.315,1997781.5497959561,10522.678007739592,2008304.2278036957,0.005239583655732932,189.8548590317557,11,binance;bitget;bybit;coinbase;crypto_com;gate;htx;kraken;kucoin;mexc;okx,eth;optimism,eth;optimism,5,sushiswap;uniswap_v2;uniswap_v3_optimism;velodrome-finance-slipstream;velodrome-finance-v2,0x0392b358ce4547601befa962680bede836606ae2;0x43ae24960e5534731fc831386c07755a2dc33d47;0x894d6ea97767ebecefe01c9410f6bd67935aa952;0xa1d7b2d891e3a1f9ef4bbc5be20630c2feb1c470;0xf25bbc18a607bbe218c87ba1ff0e673d9b53dd58,0.0,-0.015873015873015928,-0.01904761904761909,0.031746031746031855
2026-04-29,SNX,0.31,1818752.8077109188,14208.76509532685,1832961.5728062456,0.0077518074061822114,128.002172990325,11,binance;bitget;bybit;coinbase;crypto_com;gate;htx;kraken;kucoin;mexc;okx,eth;optimism,eth;optimism,5,sushiswap;uniswap_v2;uniswap_v3_optimism;velodrome-finance-slipstream;velodrome-finance-v2,0x0392b358ce4547601befa962680bede836606ae2;0x43ae24960e5534731fc831386c07755a2dc33d47;0x894d6ea97767ebecefe01c9410f6bd67935aa952;0xa1d7b2d891e3a1f9ef4bbc5be20630c2feb1c470;0xf25bbc18a607bbe218c87ba1ff0e673d9b53dd58,-0.015873015873015928,-0.029032258064516148,0.06451612903225823,0.06774193548387109
2026-04-30,SNX,0.301,2020768.550649492,11629.841770106705,2032398.3924195988,0.005722225432515333,173.7571835107565,11,binance;bitget;bybit;coinbase;crypto_com;gate;htx;kraken;kucoin;mexc;okx,eth;optimism,eth;optimism,5,sushiswap;uniswap_v2;uniswap_v3_optimism;velodrome-finance-slipstream;velodrome-finance-v2,0x0392b358ce4547601befa962680bede836606ae2;0x43ae24960e5534731fc831386c07755a2dc33d47;0x894d6ea97767ebecefe01c9410f6bd67935aa952;0xa1d7b2d891e3a1f9ef4bbc5be20630c2feb1c470;0xf25bbc18a607bbe218c87ba1ff0e673d9b53dd58,-0.029032258064516148,0.02657807308970095,0.05315614617940212,0.1495016611295681
2026-05-01,SNX,0.309,1943168.617790358,14400.001697435817,1957568.6194877937,0.007356064841907631,134.94224921767716,11,binance;bitget;bybit;coinbase;crypto_com;gate;htx;kraken;kucoin;mexc;okx,eth;optimism,eth;optimism,5,sushiswap;uniswap_v2;uniswap_v3_optimism;velodrome-finance-slipstream;velodrome-finance-v2,0x0392b358ce4547601befa962680bede836606ae2;0x43ae24960e5534731fc831386c07755a2dc33d47;0x894d6ea97767ebecefe01c9410f6bd67935aa952;0xa1d7b2d891e3a1f9ef4bbc5be20630c2feb1c470;0xf25bbc18a607bbe218c87ba1ff0e673d9b53dd58,0.02657807308970095,0.06796116504854366,0.02265372168284796,0.18446601941747565
2026-05-02,SNX,0.33,3425574.35293353,28370.694609922015,3453945.047543452,0.008213997101691033,120.74340794375588,11,binance;bitget;bybit;coinbase;crypto_com;gate;htx;kraken;kucoin;mexc;okx,eth;optimism,eth;optimism,5,sushiswap;uniswap_v2;uniswap_v3_optimism;velodrome-finance-slipstream;velodrome-finance-v2,0x0392b358ce4547601befa962680bede836606ae2;0x43ae24960e5534731fc831386c07755a2dc33d47;0x894d6ea97767ebecefe01c9410f6bd67935aa952;0xa1d7b2d891e3a1f9ef4bbc5be20630c2feb1c470;0xf25bbc18a607bbe218c87ba1ff0e673d9b53dd58,0.06796116504854366,-0.039393939393939426,-0.015151515151515138,0.08181818181818179
2026-05-03,SNX,0.317,2421870.1371088275,17568.253887452604,2439438.39099628,0.0072017616646090545,137.85491447380252,11,binance;bitget;bybit;coinbase;crypto_com;gate;htx;kraken;kucoin;mexc;okx,eth;optimism,eth;optimism,5,sushiswap;uniswap_v2;uniswap_v3_optimism;velodrome-finance-slipstream;velodrome-finance-v2,0x0392b358ce4547601befa962680bede836606ae2;0x43ae24960e5534731fc831386c07755a2dc33d47;0x894d6ea97767ebecefe01c9410f6bd67935aa952;0xa1d7b2d891e3a1f9ef4bbc5be20630c2feb1c470;0xf25bbc18a607bbe218c87ba1ff0e673d9b53dd58,-0.039393939393939426,-0.003154574132492094,0.04416403785488954,0.1482649842271293
2026-05-04,SNX,0.316,1968532.4802990418,14591.57379081277,1983124.0540898547,0.00735787242392635,134.90885277491319,11,binance;bitget;bybit;coinbase;crypto_com;gate;htx;kraken;kucoin;mexc;okx,eth;optimism,eth;optimism,5,sushiswap;uniswap_v2;uniswap_v3_optimism;velodrome-finance-slipstream;velodrome-finance-v2,0x0392b358ce4547601befa962680bede836606ae2;0x43ae24960e5534731fc831386c07755a2dc33d47;0x894d6ea97767ebecefe01c9410f6bd67935aa952;0xa1d7b2d891e3a1f9ef4bbc5be20630c2feb1c470;0xf25bbc18a607bbe218c87ba1ff0e673d9b53dd58,-0.003154574132492094,0.028481012658227778,0.09493670886075933,0.12658227848101267
2026-05-05,SNX,0.325,3538309.294592819,14587.1499281239,3552896.444520943,0.004105706472424576,242.56344193535637,11,binance;bitget;bybit;coinbase;crypto_com;gate;htx;kraken;kucoin;mexc;okx,eth;optimism,eth;optimism,5,sushiswap;uniswap_v2;uniswap_v3_optimism;velodrome-finance-slipstream;velodrome-finance-v2,0x0392b358ce4547601befa962680bede836606ae2;0x43ae24960e5534731fc831386c07755a2dc33d47;0x894d6ea97767ebecefe01c9410f6bd67935aa952;0xa1d7b2d891e3a1f9ef4bbc5be20630c2feb1c470;0xf25bbc18a607bbe218c87ba1ff0e673d9b53dd58,0.028481012658227778,0.01846153846153853,0.12615384615384606,0.06461538461538452
2026-05-06,SNX,0.331,3414382.0297011444,19103.26529129461,3433485.294992439,0.0055638115937632635,178.7329012939523,11,binance;bitget;bybit;coinbase;crypto_com;gate;htx;kraken;kucoin;mexc;okx,eth;optimism,eth;optimism,5,sushiswap;uniswap_v2;uniswap_v3_optimism;velodrome-finance-slipstream;velodrome-finance-v2,0x0392b358ce4547601befa962680bede836606ae2;0x43ae24960e5534731fc831386c07755a2dc33d47;0x894d6ea97767ebecefe01c9410f6bd67935aa952;0xa1d7b2d891e3a1f9ef4bbc5be20630c2feb1c470;0xf25bbc18a607bbe218c87ba1ff0e673d9b53dd58,0.01846153846153853,0.0453172205438066,0.07854984894259798,-0.0030211480362537513
2026-05-07,SNX,0.346,3629264.18316647,26811.43427704591,3656075.617443516,0.007333391615076498,135.36255262082693,11,binance;bitget;bybit;coinbase;crypto_com;gate;htx;kraken;kucoin;mexc;okx,eth;optimism,eth;optimism,5,sushiswap;uniswap_v2;uniswap_v3_optimism;velodrome-finance-slipstream;velodrome-finance-v2,0x0392b358ce4547601befa962680bede836606ae2;0x43ae24960e5534731fc831386c07755a2dc33d47;0x894d6ea97767ebecefe01c9410f6bd67935aa952;0xa1d7b2d891e3a1f9ef4bbc5be20630c2feb1c470;0xf25bbc18a607bbe218c87ba1ff0e673d9b53dd58,0.0453172205438066,0.05780346820809257,0.052023121387283267,-0.046242774566473854
2026-05-08,SNX,0.366,5556107.84379566,52828.273005307914,5608936.116800968,0.009418590603495461,105.17299786115308,11,binance;bitget;bybit;coinbase;crypto_com;gate;htx;kraken;kucoin;mexc;okx,eth;optimism,eth;optimism,5,sushiswap;uniswap_v2;uniswap_v3_optimism;velodrome-finance-slipstream;velodrome-finance-v2,0x0392b358ce4547601befa962680bede836606ae2;0x43ae24960e5534731fc831386c07755a2dc33d47;0x894d6ea97767ebecefe01c9410f6bd67935aa952;0xa1d7b2d891e3a1f9ef4bbc5be20630c2feb1c470;0xf25bbc18a607bbe218c87ba1ff0e673d9b53dd58,0.05780346820809257,-0.024590163934426257,-0.02732240437158473,-0.12568306010928953
2026-05-09,SNX,0.357,2624620.8837458747,21046.19580084837,2645667.079546723,0.007954967563210626,124.70761502846402,11,binance;bitget;bybit;coinbase;crypto_com;gate;htx;kraken;kucoin;mexc;okx,eth;optimism,eth;optimism,5,sushiswap;uniswap_v2;uniswap_v3_optimism;velodrome-finance-slipstream;velodrome-finance-v2,0x0392b358ce4547601befa962680bede836606ae2;0x43ae24960e5534731fc831386c07755a2dc33d47;0x894d6ea97767ebecefe01c9410f6bd67935aa952;0xa1d7b2d891e3a1f9ef4bbc5be20630c2feb1c470;0xf25bbc18a607bbe218c87ba1ff0e673d9b53dd58,-0.024590163934426257,0.019607843137254832,-0.03081232492997199,-0.12605042016806722
2026-05-10,SNX,0.364,2493639.2160354983,22526.066072777,2516165.282108275,0.008952538306188926,110.70016433313621,11,binance;bitget;bybit;coinbase;crypto_com;gate;htx;kraken;kucoin;mexc;okx,eth;optimism,eth;optimism,5,sushiswap;uniswap_v2;uniswap_v3_optimism;velodrome-finance-slipstream;velodrome-finance-v2,0x0392b358ce4547601befa962680bede836606ae2;0x43ae24960e5534731fc831386c07755a2dc33d47;0x894d6ea97767ebecefe01c9410f6bd67935aa952;0xa1d7b2d891e3a1f9ef4bbc5be20630c2feb1c470;0xf25bbc18a607bbe218c87ba1ff0e673d9b53dd58,0.019607843137254832,-0.02197802197802201,-0.0934065934065933,-0.1565934065934066
2026-05-11,SNX,0.356,1780378.3235320516,41563.405801150104,1821941.7293332017,0.022812697646681365,42.83523665143886,11,binance;bitget;bybit;coinbase;crypto_com;gate;htx;kraken;kucoin;mexc;okx,eth;optimism,eth;optimism,5,sushiswap;uniswap_v2;uniswap_v3_optimism;velodrome-finance-slipstream;velodrome-finance-v2,0x0392b358ce4547601befa962680bede836606ae2;0x43ae24960e5534731fc831386c07755a2dc33d47;0x894d6ea97767ebecefe01c9410f6bd67935aa952;0xa1d7b2d891e3a1f9ef4bbc5be20630c2feb1c470;0xf25bbc18a607bbe218c87ba1ff0e673d9b53dd58,-0.02197802197802201,-0.028089887640449507,-0.0730337078651685,-0.1264044943820224
2026-05-12,SNX,0.346,1857895.707589165,116107.23782560405,1974002.9454147692,0.058818168481105326,16.001549450170973,11,binance;bitget;bybit;coinbase;crypto_com;gate;htx;kraken;kucoin;mexc;okx,eth;optimism,eth;optimism,5,sushiswap;uniswap_v2;uniswap_v3_optimism;velodrome-finance-slipstream;velodrome-finance-v2,0x0392b358ce4547601befa962680bede836606ae2;0x43ae24960e5534731fc831386c07755a2dc33d47;0x894d6ea97767ebecefe01c9410f6bd67935aa952;0xa1d7b2d891e3a1f9ef4bbc5be20630c2feb1c470;0xf25bbc18a607bbe218c87ba1ff0e673d9b53dd58,-0.028089887640449507,-0.046242774566473854,-0.07514450867052014,-0.11849710982658956
2026-05-13,SNX,0.33,1925329.2473789626,96010.984676217,2021340.2320551795,0.04749867595451692,20.053218429868767,11,binance;bitget;bybit;coinbase;crypto_com;gate;htx;kraken;kucoin;mexc;okx,eth;optimism,eth;optimism,5,sushiswap;uniswap_v2;uniswap_v3_optimism;velodrome-finance-slipstream;velodrome-finance-v2,0x0392b358ce4547601befa962680bede836606ae2;0x43ae24960e5534731fc831386c07755a2dc33d47;0x894d6ea97767ebecefe01c9410f6bd67935aa952;0xa1d7b2d891e3a1f9ef4bbc5be20630c2feb1c470;0xf25bbc18a607bbe218c87ba1ff0e673d9b53dd58,-0.046242774566473854,0.0,-0.054545454545454564,-0.045454545454545525
2026-05-14,SNX,0.33,2273960.8457583147,17378.05617551113,2291338.901933826,0.007584236518153005,130.8524280732124,11,binance;bitget;bybit;coinbase;crypto_com;gate;htx;kraken;kucoin;mexc;okx,eth;optimism,eth;optimism,5,sushiswap;uniswap_v2;uniswap_v3_optimism;velodrome-finance-slipstream;velodrome-finance-v2,0x0392b358ce4547601befa962680bede836606ae2;0x43ae24960e5534731fc831386c07755a2dc33d47;0x894d6ea97767ebecefe01c9410f6bd67935aa952;0xa1d7b2d891e3a1f9ef4bbc5be20630c2feb1c470;0xf25bbc18a607bbe218c87ba1ff0e673d9b53dd58,0.0,-0.030303030303030276,-0.0696969696969697,-0.039393939393939426
2026-05-15,SNX,0.32,1561412.5986454866,12141.9587293838,1573554.5573748704,0.0077162616780443805,128.59643435180146,11,binance;bitget;bybit;coinbase;crypto_com;gate;htx;kraken;kucoin;mexc;okx,eth;optimism,eth;optimism,5,sushiswap;uniswap_v2;uniswap_v3_optimism;velodrome-finance-slipstream;velodrome-finance-v2,0x0392b358ce4547601befa962680bede836606ae2;0x43ae24960e5534731fc831386c07755a2dc33d47;0x894d6ea97767ebecefe01c9410f6bd67935aa952;0xa1d7b2d891e3a1f9ef4bbc5be20630c2feb1c470;0xf25bbc18a607bbe218c87ba1ff0e673d9b53dd58,-0.030303030303030276,-0.025000000000000022,-0.028125000000000067,-0.05312500000000009
2026-05-16,SNX,0.312,988382.5576151462,7134.463088726342,995517.0207038725,0.007166590766757534,138.53636150658033,11,binance;bitget;bybit;coinbase;crypto_com;gate;htx;kraken;kucoin;mexc;okx,eth;optimism,eth;optimism,5,sushiswap;uniswap_v2;uniswap_v3_optimism;velodrome-finance-slipstream;velodrome-finance-v2,0x0392b358ce4547601befa962680bede836606ae2;0x43ae24960e5534731fc831386c07755a2dc33d47;0x894d6ea97767ebecefe01c9410f6bd67935aa952;0xa1d7b2d891e3a1f9ef4bbc5be20630c2feb1c470;0xf25bbc18a607bbe218c87ba1ff0e673d9b53dd58,-0.025000000000000022,-0.01602564102564108,-0.022435897435897467,-0.009615384615384581
2026-05-17,SNX,0.307,1419053.808685479,12827.70129768686,1431881.509983166,0.008958633244616498,110.62416997045045,11,binance;bitget;bybit;coinbase;crypto_com;gate;htx;kraken;kucoin;mexc;okx,eth;optimism,eth;optimism,5,sushiswap;uniswap_v2;uniswap_v3_optimism;velodrome-finance-slipstream;velodrome-finance-v2,0x0392b358ce4547601befa962680bede836606ae2;0x43ae24960e5534731fc831386c07755a2dc33d47;0x894d6ea97767ebecefe01c9410f6bd67935aa952;0xa1d7b2d891e3a1f9ef4bbc5be20630c2feb1c470;0xf25bbc18a607bbe218c87ba1ff0e673d9b53dd58,-0.01602564102564108,0.013029315960912058,0.026058631921824116,-0.0228013029315961
2026-05-18,SNX,0.311,1035821.2037080486,13562.30314707568,1049383.5068551241,0.01292406737715963,76.37502218282104,11,binance;bitget;bybit;coinbase;crypto_com;gate;htx;kraken;kucoin;mexc;okx,eth;optimism,eth;optimism,5,sushiswap;uniswap_v2;uniswap_v3_optimism;velodrome-finance-slipstream;velodrome-finance-v2,0x0392b358ce4547601befa962680bede836606ae2;0x43ae24960e5534731fc831386c07755a2dc33d47;0x894d6ea97767ebecefe01c9410f6bd67935aa952;0xa1d7b2d891e3a1f9ef4bbc5be20630c2feb1c470;0xf25bbc18a607bbe218c87ba1ff0e673d9b53dd58,0.013029315960912058,-0.019292604501607746,0.019292604501607746,0.02893890675241151
2026-05-19,SNX,0.305,1331512.2008407123,6090.368497364806,1337602.5693380772,0.004553197367420332,218.62588469266416,11,binance;bitget;bybit;coinbase;crypto_com;gate;htx;kraken;kucoin;mexc;okx,eth;optimism,eth;optimism,5,sushiswap;uniswap_v2;uniswap_v3_optimism;velodrome-finance-slipstream;velodrome-finance-v2,0x0392b358ce4547601befa962680bede836606ae2;0x43ae24960e5534731fc831386c07755a2dc33d47;0x894d6ea97767ebecefe01c9410f6bd67935aa952;0xa1d7b2d891e3a1f9ef4bbc5be20630c2feb1c470;0xf25bbc18a607bbe218c87ba1ff0e673d9b53dd58,-0.019292604501607746,0.032786885245901676,-0.006557377049180357,0.0360655737704918
2026-05-20,SNX,0.315,1299415.6403005677,27267.5738240582,1326683.214124626,0.020553191246977468,47.65424488019878,11,binance;bitget;bybit;coinbase;crypto_com;gate;htx;kraken;kucoin;mexc;okx,eth;optimism,eth;optimism,5,sushiswap;uniswap_v2;uniswap_v3_optimism;velodrome-finance-slipstream;velodrome-finance-v2,0x0392b358ce4547601befa962680bede836606ae2;0x43ae24960e5534731fc831386c07755a2dc33d47;0x894d6ea97767ebecefe01c9410f6bd67935aa952;0xa1d7b2d891e3a1f9ef4bbc5be20630c2feb1c470;0xf25bbc18a607bbe218c87ba1ff0e673d9b53dd58,0.032786885245901676,0.006349206349206327,-0.01904761904761909,-0.022222222222222254
2026-05-21,SNX,0.317,1441026.291940776,11784.266385770477,1452810.5583265463,0.008111357890559702,122.28392033642567,11,binance;bitget;bybit;coinbase;crypto_com;gate;htx;kraken;kucoin;mexc;okx,eth;optimism,eth;optimism,5,sushiswap;uniswap_v2;uniswap_v3_optimism;velodrome-finance-slipstream;velodrome-finance-v2,0x0392b358ce4547601befa962680bede836606ae2;0x43ae24960e5534731fc831386c07755a2dc33d47;0x894d6ea97767ebecefe01c9410f6bd67935aa952;0xa1d7b2d891e3a1f9ef4bbc5be20630c2feb1c470;0xf25bbc18a607bbe218c87ba1ff0e673d9b53dd58,0.006349206349206327,-0.04416403785488965,-0.05362776025236593,-0.028391167192429068
2026-05-22,SNX,0.303,1927067.0870706323,12963.749543435264,1940030.8366140674,0.006682238910212826,148.650441032817,11,binance;bitget;bybit;coinbase;crypto_com;gate;htx;kraken;kucoin;mexc;okx,eth;optimism,eth;optimism,5,sushiswap;uniswap_v2;uniswap_v3_optimism;velodrome-finance-slipstream;velodrome-finance-v2,0x0392b358ce4547601befa962680bede836606ae2;0x43ae24960e5534731fc831386c07755a2dc33d47;0x894d6ea97767ebecefe01c9410f6bd67935aa952;0xa1d7b2d891e3a1f9ef4bbc5be20630c2feb1c470;0xf25bbc18a607bbe218c87ba1ff0e673d9b53dd58,-0.04416403785488965,0.01980198019801982,0.05610561056105623,-0.01320132013201325
2026-05-23,SNX,0.309,1220403.0335972344,10819.369769802182,1231222.4033670365,0.008787502355556837,112.79797803042902,11,binance;bitget;bybit;coinbase;crypto_com;gate;htx;kraken;kucoin;mexc;okx,eth;optimism,eth;optimism,5,sushiswap;uniswap_v2;uniswap_v3_optimism;velodrome-finance-slipstream;velodrome-finance-v2,0x0392b358ce4547601befa962680bede836606ae2;0x43ae24960e5534731fc831386c07755a2dc33d47;0x894d6ea97767ebecefe01c9410f6bd67935aa952;0xa1d7b2d891e3a1f9ef4bbc5be20630c2feb1c470;0xf25bbc18a607bbe218c87ba1ff0e673d9b53dd58,0.01980198019801982,-0.029126213592232997,0.02265372168284796,-0.03883495145631066
2026-05-24,SNX,0.3,1314753.7270659837,7201.298832713986,1321955.0258986978,0.005447461291520386,182.57174957013783,11,binance;bitget;bybit;coinbase;crypto_com;gate;htx;kraken;kucoin;mexc;okx,eth;optimism,eth;optimism,5,sushiswap;uniswap_v2;uniswap_v3_optimism;velodrome-finance-slipstream;velodrome-finance-v2,0x0392b358ce4547601befa962680bede836606ae2;0x43ae24960e5534731fc831386c07755a2dc33d47;0x894d6ea97767ebecefe01c9410f6bd67935aa952;0xa1d7b2d891e3a1f9ef4bbc5be20630c2feb1c470;0xf25bbc18a607bbe218c87ba1ff0e673d9b53dd58,-0.029126213592232997,0.06666666666666665,0.026666666666666616,-0.01666666666666672
2026-05-25,SNX,0.32,2135329.3845545487,20648.39388119703,2155977.7784357457,0.009577275836385625,103.4138246703554,11,binance;bitget;bybit;coinbase;crypto_com;gate;htx;kraken;kucoin;mexc;okx,eth;optimism,eth;optimism,5,sushiswap;uniswap_v2;uniswap_v3_optimism;velodrome-finance-slipstream;velodrome-finance-v2,0x0392b358ce4547601befa962680bede836606ae2;0x43ae24960e5534731fc831386c07755a2dc33d47;0x894d6ea97767ebecefe01c9410f6bd67935aa952;0xa1d7b2d891e3a1f9ef4bbc5be20630c2feb1c470;0xf25bbc18a607bbe218c87ba1ff0e673d9b53dd58,0.06666666666666665,-0.012499999999999956,-0.03749999999999998,-0.09687500000000004
2026-05-26,SNX,0.316,1903925.4272302126,66320.32473994054,1970245.751970153,0.03366094035407681,28.708023289934204,11,binance;bitget;bybit;coinbase;crypto_com;gate;htx;kraken;kucoin;mexc;okx,eth;optimism,eth;optimism,5,sushiswap;uniswap_v2;uniswap_v3_optimism;velodrome-finance-slipstream;velodrome-finance-v2,0x0392b358ce4547601befa962680bede836606ae2;0x43ae24960e5534731fc831386c07755a2dc33d47;0x894d6ea97767ebecefe01c9410f6bd67935aa952;0xa1d7b2d891e3a1f9ef4bbc5be20630c2feb1c470;0xf25bbc18a607bbe218c87ba1ff0e673d9b53dd58,-0.012499999999999956,-0.025316455696202556,-0.053797468354430444,-0.14873417721518978
2026-05-27,SNX,0.308,1949734.3902651237,15022.323541728827,1964756.7138068525,0.00764589500377481,129.78913580506872,11,binance;bitget;bybit;coinbase;crypto_com;gate;htx;kraken;kucoin;mexc;okx,eth;optimism,eth;optimism,5,sushiswap;uniswap_v2;uniswap_v3_optimism;velodrome-finance-slipstream;velodrome-finance-v2,0x0392b358ce4547601befa962680bede836606ae2;0x43ae24960e5534731fc831386c07755a2dc33d47;0x894d6ea97767ebecefe01c9410f6bd67935aa952;0xa1d7b2d891e3a1f9ef4bbc5be20630c2feb1c470;0xf25bbc18a607bbe218c87ba1ff0e673d9b53dd58,-0.025316455696202556,0.0,-0.0357142857142857,-0.11688311688311681
2026-05-28,SNX,0.308,2236730.211513978,57358.87859184084,2294089.0901058186,0.02500289933779122,38.99536159746588,11,binance;bitget;bybit;coinbase;crypto_com;gate;htx;kraken;kucoin;mexc;okx,eth;optimism,eth;optimism,5,sushiswap;uniswap_v2;uniswap_v3_optimism;velodrome-finance-slipstream;velodrome-finance-v2,0x0392b358ce4547601befa962680bede836606ae2;0x43ae24960e5534731fc831386c07755a2dc33d47;0x894d6ea97767ebecefe01c9410f6bd67935aa952;0xa1d7b2d891e3a1f9ef4bbc5be20630c2feb1c470;0xf25bbc18a607bbe218c87ba1ff0e673d9b53dd58,0.0,-0.02922077922077926,-0.04220779220779225,-0.16233766233766234
2026-05-29,SNX,0.299,2525405.9309703037,24804.75304320544,2550210.684013509,0.00972655051549225,101.81137165814546,11,binance;bitget;bybit;coinbase;crypto_com;gate;htx;kraken;kucoin;mexc;okx,eth;optimism,eth;optimism,5,sushiswap;uniswap_v2;uniswap_v3_optimism;velodrome-finance-slipstream;velodrome-finance-v2,0x0392b358ce4547601befa962680bede836606ae2;0x43ae24960e5534731fc831386c07755a2dc33d47;0x894d6ea97767ebecefe01c9410f6bd67935aa952;0xa1d7b2d891e3a1f9ef4bbc5be20630c2feb1c470;0xf25bbc18a607bbe218c87ba1ff0e673d9b53dd58,-0.02922077922077926,-0.006688963210702337,-0.03344481605351168,-0.21739130434782605
2026-05-30,SNX,0.297,1407282.4940427362,13873.898012492924,1421156.3920552293,0.009762400598592074,101.43382146643512,11,binance;bitget;bybit;coinbase;crypto_com;gate;htx;kraken;kucoin;mexc;okx,eth;optimism,eth;optimism,5,sushiswap;uniswap_v2;uniswap_v3_optimism;velodrome-finance-slipstream;velodrome-finance-v2,0x0392b358ce4547601befa962680bede836606ae2;0x43ae24960e5534731fc831386c07755a2dc33d47;0x894d6ea97767ebecefe01c9410f6bd67935aa952;0xa1d7b2d891e3a1f9ef4bbc5be20630c2feb1c470;0xf25bbc18a607bbe218c87ba1ff0e673d9b53dd58,-0.006688963210702337,-0.006734006734006703,-0.09427609427609418,-0.2087542087542088
2026-05-31,SNX,0.295,1944090.003516153,42135.719608344574,1986225.7231244976,0.021213963306275983,46.13876353807767,11,binance;bitget;bybit;coinbase;crypto_com;gate;htx;kraken;kucoin;mexc;okx,eth;optimism,eth;optimism,5,sushiswap;uniswap_v2;uniswap_v3_optimism;velodrome-finance-slipstream;velodrome-finance-v2,0x0392b358ce4547601befa962680bede836606ae2;0x43ae24960e5534731fc831386c07755a2dc33d47;0x894d6ea97767ebecefe01c9410f6bd67935aa952;0xa1d7b2d891e3a1f9ef4bbc5be20630c2feb1c470;0xf25bbc18a607bbe218c87ba1ff0e673d9b53dd58,-0.006734006734006703,-0.02033898305084747,-0.07796610169491514,-0.1694915254237288
2026-06-01,SNX,0.289,1973408.0801939494,14193.63743454597,1987601.7176284953,0.007141087325825564,139.03469701084944,11,binance;bitget;bybit;coinbase;crypto_com;gate;htx;kraken;kucoin;mexc;okx,eth;optimism,eth;optimism,5,sushiswap;uniswap_v2;uniswap_v3_optimism;velodrome-finance-slipstream;velodrome-finance-v2,0x0392b358ce4547601befa962680bede836606ae2;0x43ae24960e5534731fc831386c07755a2dc33d47;0x894d6ea97767ebecefe01c9410f6bd67935aa952;0xa1d7b2d891e3a1f9ef4bbc5be20630c2feb1c470;0xf25bbc18a607bbe218c87ba1ff0e673d9b53dd58,-0.02033898305084747,-0.06920415224913479,-0.10726643598615904,-0.1453287197231833
2026-06-02,SNX,0.269,2178192.1111152032,42226.352119498384,2220418.4632347017,0.01901729463102334,51.583714950110604,11,binance;bitget;bybit;coinbase;crypto_com;gate;htx;kraken;kucoin;mexc;okx,eth;optimism,eth;optimism,5,sushiswap;uniswap_v2;uniswap_v3_optimism;velodrome-finance-slipstream;velodrome-finance-v2,0x0392b358ce4547601befa962680bede836606ae2;0x43ae24960e5534731fc831386c07755a2dc33d47;0x894d6ea97767ebecefe01c9410f6bd67935aa952;0xa1d7b2d891e3a1f9ef4bbc5be20630c2feb1c470;0xf25bbc18a607bbe218c87ba1ff0e673d9b53dd58,-0.06920415224913479,0.011152416356877248,-0.13011152416356875,-0.09293680297397777
2026-06-03,SNX,0.272,2867840.788110202,19583.232796539472,2887424.0209067417,0.006782250426243155,146.44368567262165,11,binance;bitget;bybit;coinbase;crypto_com;gate;htx;kraken;kucoin;mexc;okx,eth;optimism,eth;optimism,5,sushiswap;uniswap_v2;uniswap_v3_optimism;velodrome-finance-slipstream;velodrome-finance-v2,0x0392b358ce4547601befa962680bede836606ae2;0x43ae24960e5534731fc831386c07755a2dc33d47;0x894d6ea97767ebecefe01c9410f6bd67935aa952;0xa1d7b2d891e3a1f9ef4bbc5be20630c2feb1c470;0xf25bbc18a607bbe218c87ba1ff0e673d9b53dd58,0.011152416356877248,-0.05147058823529416,-0.13602941176470595,-0.12132352941176483
2026-06-04,SNX,0.258,2846205.248945409,40544.11485157716,2886749.363796986,0.014044903017922156,70.20020684542561,11,binance;bitget;bybit;coinbase;crypto_com;gate;htx;kraken;kucoin;mexc;okx,eth;optimism,eth;optimism,5,sushiswap;uniswap_v2;uniswap_v3_optimism;velodrome-finance-slipstream;velodrome-finance-v2,0x0392b358ce4547601befa962680bede836606ae2;0x43ae24960e5534731fc831386c07755a2dc33d47;0x894d6ea97767ebecefe01c9410f6bd67935aa952;0xa1d7b2d891e3a1f9ef4bbc5be20630c2feb1c470;0xf25bbc18a607bbe218c87ba1ff0e673d9b53dd58,-0.05147058823529416,-0.09302325581395343,-0.050387596899224896,-0.050387596899224896
2026-06-05,SNX,0.234,3278307.760135795,59589.37793009868,3337897.1380658937,0.017852370958509244,55.01496867413877,11,binance;bitget;bybit;coinbase;crypto_com;gate;htx;kraken;kucoin;mexc;okx,eth;optimism,eth;optimism,5,sushiswap;uniswap_v2;uniswap_v3_optimism;velodrome-finance-slipstream;velodrome-finance-v2,0x0392b358ce4547601befa962680bede836606ae2;0x43ae24960e5534731fc831386c07755a2dc33d47;0x894d6ea97767ebecefe01c9410f6bd67935aa952;0xa1d7b2d891e3a1f9ef4bbc5be20630c2feb1c470;0xf25bbc18a607bbe218c87ba1ff0e673d9b53dd58,-0.09302325581395343,0.004273504273504258,0.05555555555555558,0.02136752136752129
2026-06-06,SNX,0.235,1450445.3970279943,21633.170537570648,1472078.567565565,0.01469566299939159,67.04728715141334,11,binance;bitget;bybit;coinbase;crypto_com;gate;htx;kraken;kucoin;mexc;okx,eth;optimism,eth;optimism,5,sushiswap;uniswap_v2;uniswap_v3_optimism;velodrome-finance-slipstream;velodrome-finance-v2,0x0392b358ce4547601befa962680bede836606ae2;0x43ae24960e5534731fc831386c07755a2dc33d47;0x894d6ea97767ebecefe01c9410f6bd67935aa952;0xa1d7b2d891e3a1f9ef4bbc5be20630c2feb1c470;0xf25bbc18a607bbe218c87ba1ff0e673d9b53dd58,0.004273504273504258,0.042553191489361764,0.038297872340425476,0.029787234042553123
2026-06-07,SNX,0.245,1095307.686940538,16843.309879435863,1112150.996819974,0.015144804911919997,65.02924275458521,11,binance;bitget;bybit;coinbase;crypto_com;gate;htx;kraken;kucoin;mexc;okx,eth;optimism,eth;optimism,5,sushiswap;uniswap_v2;uniswap_v3_optimism;velodrome-finance-slipstream;velodrome-finance-v2,0x0392b358ce4547601befa962680bede836606ae2;0x43ae24960e5534731fc831386c07755a2dc33d47;0x894d6ea97767ebecefe01c9410f6bd67935aa952;0xa1d7b2d891e3a1f9ef4bbc5be20630c2feb1c470;0xf25bbc18a607bbe218c87ba1ff0e673d9b53dd58,0.042553191489361764,0.008163265306122547,-0.02448979591836742,0.008163265306122547
2026-06-08,SNX,0.247,1999428.0477107968,9093.68987569752,2008521.7375864943,0.004527553625894434,219.86983007350833,11,binance;bitget;bybit;coinbase;crypto_com;gate;htx;kraken;kucoin;mexc;okx,eth;optimism,eth;optimism,5,sushiswap;uniswap_v2;uniswap_v3_optimism;velodrome-finance-slipstream;velodrome-finance-v2,0x0392b358ce4547601befa962680bede836606ae2;0x43ae24960e5534731fc831386c07755a2dc33d47;0x894d6ea97767ebecefe01c9410f6bd67935aa952;0xa1d7b2d891e3a1f9ef4bbc5be20630c2feb1c470;0xf25bbc18a607bbe218c87ba1ff0e673d9b53dd58,0.008163265306122547,-0.012145748987854255,-0.0080971659919028,0.028340080971659853
2026-06-09,SNX,0.244,1578105.5788020194,13574.039516511568,1591679.618318531,0.008528122971663948,116.25909714513497,11,binance;bitget;bybit;coinbase;crypto_com;gate;htx;kraken;kucoin;mexc;okx,eth;optimism,eth;optimism,5,sushiswap;uniswap_v2;uniswap_v3_optimism;velodrome-finance-slipstream;velodrome-finance-v2,0x0392b358ce4547601befa962680bede836606ae2;0x43ae24960e5534731fc831386c07755a2dc33d47;0x894d6ea97767ebecefe01c9410f6bd67935aa952;0xa1d7b2d891e3a1f9ef4bbc5be20630c2feb1c470;0xf25bbc18a607bbe218c87ba1ff0e673d9b53dd58,-0.012145748987854255,-0.020491803278688492,-0.020491803278688492,0.0614754098360657
2026-06-10,SNX,0.239,1321274.8117579808,22377.51338198292,1343652.3251399638,0.016654243782633228,59.04475574224413,11,binance;bitget;bybit;coinbase;crypto_com;gate;htx;kraken;kucoin;mexc;okx,eth;optimism,eth;optimism,5,sushiswap;uniswap_v2;uniswap_v3_optimism;velodrome-finance-slipstream;velodrome-finance-v2,0x0392b358ce4547601befa962680bede836606ae2;0x43ae24960e5534731fc831386c07755a2dc33d47;0x894d6ea97767ebecefe01c9410f6bd67935aa952;0xa1d7b2d891e3a1f9ef4bbc5be20630c2feb1c470;0xf25bbc18a607bbe218c87ba1ff0e673d9b53dd58,-0.020491803278688492,0.025104602510460206,0.012552301255230214,0.05857740585774063
2026-06-11,SNX,0.245,1342322.9232954467,9298.175418029079,1351621.0987134757,0.006879276615968362,144.36412123315017,11,binance;bitget;bybit;coinbase;crypto_com;gate;htx;kraken;kucoin;mexc;okx,eth;optimism,eth;optimism,5,sushiswap;uniswap_v2;uniswap_v3_optimism;velodrome-finance-slipstream;velodrome-finance-v2,0x0392b358ce4547601befa962680bede836606ae2;0x43ae24960e5534731fc831386c07755a2dc33d47;0x894d6ea97767ebecefe01c9410f6bd67935aa952;0xa1d7b2d891e3a1f9ef4bbc5be20630c2feb1c470;0xf25bbc18a607bbe218c87ba1ff0e673d9b53dd58,0.025104602510460206,-0.02448979591836742,0.008163265306122547,0.0
2026-06-12,SNX,0.239,1344460.2034672087,85331.9165076798,1429792.1199748884,0.05968134480219298,15.755654607220833,11,binance;bitget;bybit;coinbase;crypto_com;gate;htx;kraken;kucoin;mexc;okx,eth;optimism,eth;optimism,5,sushiswap;uniswap_v2;uniswap_v3_optimism;velodrome-finance-slipstream;velodrome-finance-v2,0x0392b358ce4547601befa962680bede836606ae2;0x43ae24960e5534731fc831386c07755a2dc33d47;0x894d6ea97767ebecefe01c9410f6bd67935aa952;0xa1d7b2d891e3a1f9ef4bbc5be20630c2feb1c470;0xf25bbc18a607bbe218c87ba1ff0e673d9b53dd58,-0.02448979591836742,0.012552301255230214,0.06276150627615062,0.012552301255230214
2026-06-13,SNX,0.242,843109.164833989,31325.820535001476,874434.9853689905,0.03582407046738041,26.914192523447312,11,binance;bitget;bybit;coinbase;crypto_com;gate;htx;kraken;kucoin;mexc;okx,eth;optimism,eth;optimism,5,sushiswap;uniswap_v2;uniswap_v3_optimism;velodrome-finance-slipstream;velodrome-finance-v2,0x0392b358ce4547601befa962680bede836606ae2;0x43ae24960e5534731fc831386c07755a2dc33d47;0x894d6ea97767ebecefe01c9410f6bd67935aa952;0xa1d7b2d891e3a1f9ef4bbc5be20630c2feb1c470;0xf25bbc18a607bbe218c87ba1ff0e673d9b53dd58,0.012552301255230214,0.02066115702479343,0.07024793388429762,0.008264462809917328
2026-06-14,SNX,0.247,1587566.0345511003,10406.422216785333,1597972.4567678857,0.006512266323935096,152.55637350466048,11,binance;bitget;bybit;coinbase;crypto_com;gate;htx;kraken;kucoin;mexc;okx,eth;optimism,eth;optimism,5,sushiswap;uniswap_v2;uniswap_v3_optimism;velodrome-finance-slipstream;velodrome-finance-v2,0x0392b358ce4547601befa962680bede836606ae2;0x43ae24960e5534731fc831386c07755a2dc33d47;0x894d6ea97767ebecefe01c9410f6bd67935aa952;0xa1d7b2d891e3a1f9ef4bbc5be20630c2feb1c470;0xf25bbc18a607bbe218c87ba1ff0e673d9b53dd58,0.02066115702479343,0.028340080971659853,0.02429149797570851,-0.044534412955465674
2026-06-15,SNX,0.254,1828161.716466852,25307.619380919798,1853469.3358477717,0.013654188332899591,72.23760121211401,11,binance;bitget;bybit;coinbase;crypto_com;gate;htx;kraken;kucoin;mexc;okx,eth;optimism,eth;optimism,5,sushiswap;uniswap_v2;uniswap_v3_optimism;velodrome-finance-slipstream;velodrome-finance-v2,0x0392b358ce4547601befa962680bede836606ae2;0x43ae24960e5534731fc831386c07755a2dc33d47;0x894d6ea97767ebecefe01c9410f6bd67935aa952;0xa1d7b2d891e3a1f9ef4bbc5be20630c2feb1c470;0xf25bbc18a607bbe218c87ba1ff0e673d9b53dd58,0.028340080971659853,0.019685039370078705,-0.03543307086614178,-0.0275590551181103
2026-06-16,SNX,0.259,1669938.5021967583,28439.576232136602,1698378.078428895,0.016745138549153302,58.71882508255291,11,binance;bitget;bybit;coinbase;crypto_com;gate;htx;kraken;kucoin;mexc;okx,eth;optimism,eth;optimism,5,sushiswap;uniswap_v2;uniswap_v3_optimism;velodrome-finance-slipstream;velodrome-finance-v2,0x0392b358ce4547601befa962680bede836606ae2;0x43ae24960e5534731fc831386c07755a2dc33d47;0x894d6ea97767ebecefe01c9410f6bd67935aa952;0xa1d7b2d891e3a1f9ef4bbc5be20630c2feb1c470;0xf25bbc18a607bbe218c87ba1ff0e673d9b53dd58,0.019685039370078705,-0.02316602316602323,-0.06563706563706573,-0.11196911196911197
2026-06-17,SNX,0.253,1687336.158253589,16751.129994538573,1704087.2882481276,0.009829971803709321,100.729691597147,11,binance;bitget;bybit;coinbase;crypto_com;gate;htx;kraken;kucoin;mexc;okx,eth;optimism,eth;optimism,5,sushiswap;uniswap_v2;uniswap_v3_optimism;velodrome-finance-slipstream;velodrome-finance-v2,0x0392b358ce4547601befa962680bede836606ae2;0x43ae24960e5534731fc831386c07755a2dc33d47;0x894d6ea97767ebecefe01c9410f6bd67935aa952;0xa1d7b2d891e3a1f9ef4bbc5be20630c2feb1c470;0xf25bbc18a607bbe218c87ba1ff0e673d9b53dd58,-0.02316602316602323,-0.031620553359683834,-0.035573122529644285,-0.13043478260869568
2026-06-18,SNX,0.245,1085457.7389026484,26658.367028364926,1112116.1059310134,0.023970848804538935,40.71733792800227,11,binance;bitget;bybit;coinbase;crypto_com;gate;htx;kraken;kucoin;mexc;okx,eth;optimism,eth;optimism,5,sushiswap;uniswap_v2;uniswap_v3_optimism;velodrome-finance-slipstream;velodrome-finance-v2,0x0392b358ce4547601befa962680bede836606ae2;0x43ae24960e5534731fc831386c07755a2dc33d47;0x894d6ea97767ebecefe01c9410f6bd67935aa952;0xa1d7b2d891e3a1f9ef4bbc5be20630c2feb1c470;0xf25bbc18a607bbe218c87ba1ff0e673d9b53dd58,-0.031620553359683834,-0.01224489795918371,-0.03673469387755102,-0.18367346938775508
2026-06-19,SNX,0.242,971193.4989357087,17693.80822968901,988887.3071653977,0.01789264368293647,54.88889030152999,11,binance;bitget;bybit;coinbase;crypto_com;gate;htx;kraken;kucoin;mexc;okx,eth;optimism,eth;optimism,5,sushiswap;uniswap_v2;uniswap_v3_optimism;velodrome-finance-slipstream;velodrome-finance-v2,0x0392b358ce4547601befa962680bede836606ae2;0x43ae24960e5534731fc831386c07755a2dc33d47;0x894d6ea97767ebecefe01c9410f6bd67935aa952;0xa1d7b2d891e3a1f9ef4bbc5be20630c2feb1c470;0xf25bbc18a607bbe218c87ba1ff0e673d9b53dd58,-0.01224489795918371,0.008264462809917328,0.02066115702479343,-0.17355371900826444
2026-06-20,SNX,0.244,992589.0766352906,7780.9095495145875,1000369.9861848052,0.007778031785209085,127.56722981019787,11,binance;bitget;bybit;coinbase;crypto_com;gate;htx;kraken;kucoin;mexc;okx,eth;optimism,eth;optimism,5,sushiswap;uniswap_v2;uniswap_v3_optimism;velodrome-finance-slipstream;velodrome-finance-v2,0x0392b358ce4547601befa962680bede836606ae2;0x43ae24960e5534731fc831386c07755a2dc33d47;0x894d6ea97767ebecefe01c9410f6bd67935aa952;0xa1d7b2d891e3a1f9ef4bbc5be20630c2feb1c470;0xf25bbc18a607bbe218c87ba1ff0e673d9b53dd58,0.008264462809917328,-0.032786885245901676,-0.05737704918032782,0.0
2026-06-21,SNX,0.236,1033621.305299702,12594.087197285326,1046215.3924969874,0.012037757509213468,82.07195083757246,11,binance;bitget;bybit;coinbase;crypto_com;gate;htx;kraken;kucoin;mexc;okx,eth;optimism,eth;optimism,5,sushiswap;uniswap_v2;uniswap_v3_optimism;velodrome-finance-slipstream;velodrome-finance-v2,0x0392b358ce4547601befa962680bede836606ae2;0x43ae24960e5534731fc831386c07755a2dc33d47;0x894d6ea97767ebecefe01c9410f6bd67935aa952;0xa1d7b2d891e3a1f9ef4bbc5be20630c2feb1c470;0xf25bbc18a607bbe218c87ba1ff0e673d9b53dd58,-0.032786885245901676,0.04661016949152552,-0.06779661016949146,-0.06355932203389825
2026-06-22,SNX,0.247,3087588.4732985273,21826.564808845327,3109415.038107373,0.007019508345251536,141.46011982825928,11,binance;bitget;bybit;coinbase;crypto_com;gate;htx;kraken;kucoin;mexc;okx,eth;optimism,eth;optimism,5,sushiswap;uniswap_v2;uniswap_v3_optimism;velodrome-finance-slipstream;velodrome-finance-v2,0x0392b358ce4547601befa962680bede836606ae2;0x43ae24960e5534731fc831386c07755a2dc33d47;0x894d6ea97767ebecefe01c9410f6bd67935aa952;0xa1d7b2d891e3a1f9ef4bbc5be20630c2feb1c470;0xf25bbc18a607bbe218c87ba1ff0e673d9b53dd58,0.04661016949152552,-0.06882591093117407,-0.1902834008097165,-0.13765182186234814
2026-06-23,SNX,0.23,1619081.7206160435,77303.98259100094,1696385.7032070444,0.045569814957091725,20.9443506834863,11,binance;bitget;bybit;coinbase;crypto_com;gate;htx;kraken;kucoin;mexc;okx,eth;optimism,eth;optimism,5,sushiswap;uniswap_v2;uniswap_v3_optimism;velodrome-finance-slipstream;velodrome-finance-v2,0x0392b358ce4547601befa962680bede836606ae2;0x43ae24960e5534731fc831386c07755a2dc33d47;0x894d6ea97767ebecefe01c9410f6bd67935aa952;0xa1d7b2d891e3a1f9ef4bbc5be20630c2feb1c470;0xf25bbc18a607bbe218c87ba1ff0e673d9b53dd58,-0.06882591093117407,-0.0434782608695653,-0.13043478260869568,-0.0782608695652175
2026-06-24,SNX,0.22,3212249.312419403,20631.480091200694,3232880.7925106036,0.006381763329781986,155.69650350918954,11,binance;bitget;bybit;coinbase;crypto_com;gate;htx;kraken;kucoin;mexc;okx,eth;optimism,eth;optimism,5,sushiswap;uniswap_v2;uniswap_v3_optimism;velodrome-finance-slipstream;velodrome-finance-v2,0x0392b358ce4547601befa962680bede836606ae2;0x43ae24960e5534731fc831386c07755a2dc33d47;0x894d6ea97767ebecefe01c9410f6bd67935aa952;0xa1d7b2d891e3a1f9ef4bbc5be20630c2feb1c470;0xf25bbc18a607bbe218c87ba1ff0e673d9b53dd58,-0.0434782608695653,-0.09090909090909083,0.10909090909090913,-0.03181818181818186
2026-06-25,SNX,0.2,2335188.0040136566,195632.983843212,2530820.9878568687,0.07730020605245434,11.936576124019908,11,binance;bitget;bybit;coinbase;crypto_com;gate;htx;kraken;kucoin;mexc;okx,eth;optimism,eth;optimism,5,sushiswap;uniswap_v2;uniswap_v3_optimism;velodrome-finance-slipstream;velodrome-finance-v2,0x0392b358ce4547601befa962680bede836606ae2;0x43ae24960e5534731fc831386c07755a2dc33d47;0x894d6ea97767ebecefe01c9410f6bd67935aa952;0xa1d7b2d891e3a1f9ef4bbc5be20630c2feb1c470;0xf25bbc18a607bbe218c87ba1ff0e673d9b53dd58,-0.09090909090909083,0.0,0.10499999999999998,0.1499999999999999
2026-06-26,SNX,0.2,3207034.475095866,28008.41056928345,3235042.8856651494,0.008657817395062046,114.50255155188954,11,binance;bitget;bybit;coinbase;crypto_com;gate;htx;kraken;kucoin;mexc;okx,eth;optimism,eth;optimism,5,sushiswap;uniswap_v2;uniswap_v3_optimism;velodrome-finance-slipstream;velodrome-finance-v2,0x0392b358ce4547601befa962680bede836606ae2;0x43ae24960e5534731fc831386c07755a2dc33d47;0x894d6ea97767ebecefe01c9410f6bd67935aa952;0xa1d7b2d891e3a1f9ef4bbc5be20630c2feb1c470;0xf25bbc18a607bbe218c87ba1ff0e673d9b53dd58,0.0,0.21999999999999997,0.06499999999999995,0.2549999999999999
2026-06-27,SNX,0.244,7550977.139960327,138942.1668145534,7689919.306774881,0.018068091649823197,54.346188152072244,11,binance;bitget;bybit;coinbase;crypto_com;gate;htx;kraken;kucoin;mexc;okx,eth;optimism,eth;optimism,5,sushiswap;uniswap_v2;uniswap_v3_optimism;velodrome-finance-slipstream;velodrome-finance-v2,0x0392b358ce4547601befa962680bede836606ae2;0x43ae24960e5534731fc831386c07755a2dc33d47;0x894d6ea97767ebecefe01c9410f6bd67935aa952;0xa1d7b2d891e3a1f9ef4bbc5be20630c2feb1c470;0xf25bbc18a607bbe218c87ba1ff0e673d9b53dd58,0.21999999999999997,-0.09426229508196715,-0.1311475409836066,-0.0491803278688524
2026-06-28,SNX,0.221,4457484.244217974,121111.12084437393,4578595.365062348,0.026451588574201237,36.80491282006859,11,binance;bitget;bybit;coinbase;crypto_com;gate;htx;kraken;kucoin;mexc;okx,eth;optimism,eth;optimism,5,sushiswap;uniswap_v2;uniswap_v3_optimism;velodrome-finance-slipstream;velodrome-finance-v2,0x0392b358ce4547601befa962680bede836606ae2;0x43ae24960e5534731fc831386c07755a2dc33d47;0x894d6ea97767ebecefe01c9410f6bd67935aa952;0xa1d7b2d891e3a1f9ef4bbc5be20630c2feb1c470;0xf25bbc18a607bbe218c87ba1ff0e673d9b53dd58,-0.09426229508196715,-0.03619909502262442,-0.03619909502262442,0.040723981900452566
2026-06-29,SNX,0.213,1676762.886487159,17771.321410424687,1694534.2078975837,0.01048743738993245,94.35217830811203,11,binance;bitget;bybit;coinbase;crypto_com;gate;htx;kraken;kucoin;mexc;okx,eth;optimism,eth;optimism,5,sushiswap;uniswap_v2;uniswap_v3_optimism;velodrome-finance-slipstream;velodrome-finance-v2,0x0392b358ce4547601befa962680bede836606ae2;0x43ae24960e5534731fc831386c07755a2dc33d47;0x894d6ea97767ebecefe01c9410f6bd67935aa952;0xa1d7b2d891e3a1f9ef4bbc5be20630c2feb1c470;0xf25bbc18a607bbe218c87ba1ff0e673d9b53dd58,-0.03619909502262442,-0.0046948356807511304,0.07981220657277,0.04694835680751175
2026-06-30,SNX,0.212,2319202.4763850095,35023.746414197245,2354226.2227992066,0.014876967249372297,66.21800103728755,11,binance;bitget;bybit;coinbase;crypto_com;gate;htx;kraken;kucoin;mexc;okx,eth;optimism,eth;optimism,5,sushiswap;uniswap_v2;uniswap_v3_optimism;velodrome-finance-slipstream;velodrome-finance-v2,0x0392b358ce4547601befa962680bede836606ae2;0x43ae24960e5534731fc831386c07755a2dc33d47;0x894d6ea97767ebecefe01c9410f6bd67935aa952;0xa1d7b2d891e3a1f9ef4bbc5be20630c2feb1c470;0xf25bbc18a607bbe218c87ba1ff0e673d9b53dd58,-0.0046948356807511304,0.004716981132075526,0.18396226415094352,0.037735849056603765
2026-07-01,SNX,0.213,2215288.1274395753,15873.594469069243,2231161.7219086443,0.007114497489446977,139.55806492072176,11,binance;bitget;bybit;coinbase;crypto_com;gate;htx;kraken;kucoin;mexc;okx,eth;optimism,eth;optimism,5,sushiswap;uniswap_v2;uniswap_v3_optimism;velodrome-finance-slipstream;velodrome-finance-v2,0x0392b358ce4547601befa962680bede836606ae2;0x43ae24960e5534731fc831386c07755a2dc33d47;0x894d6ea97767ebecefe01c9410f6bd67935aa952;0xa1d7b2d891e3a1f9ef4bbc5be20630c2feb1c470;0xf25bbc18a607bbe218c87ba1ff0e673d9b53dd58,0.004716981132075526,0.07981220657277,0.08920187793427248,
2026-07-02,SNX,0.23,3598499.0529129235,33862.46075330705,3632361.5136662307,0.009322436829567893,106.26809076660176,11,binance;bitget;bybit;coinbase;crypto_com;gate;htx;kraken;kucoin;mexc;okx,eth;optimism,eth;optimism,5,sushiswap;uniswap_v2;uniswap_v3_optimism;velodrome-finance-slipstream;velodrome-finance-v2,0x0392b358ce4547601befa962680bede836606ae2;0x43ae24960e5534731fc831386c07755a2dc33d47;0x894d6ea97767ebecefe01c9410f6bd67935aa952;0xa1d7b2d891e3a1f9ef4bbc5be20630c2feb1c470;0xf25bbc18a607bbe218c87ba1ff0e673d9b53dd58,0.07981220657277,0.09130434782608687,0.0,
2026-07-03,SNX,0.251,4813525.695047604,49820.11847101307,4863345.813518617,0.010244000813704907,96.61811016865137,11,binance;bitget;bybit;coinbase;crypto_com;gate;htx;kraken;kucoin;mexc;okx,eth;optimism,eth;optimism,5,sushiswap;uniswap_v2;uniswap_v3_optimism;velodrome-finance-slipstream;velodrome-finance-v2,0x0392b358ce4547601befa962680bede836606ae2;0x43ae24960e5534731fc831386c07755a2dc33d47;0x894d6ea97767ebecefe01c9410f6bd67935aa952;0xa1d7b2d891e3a1f9ef4bbc5be20630c2feb1c470;0xf25bbc18a607bbe218c87ba1ff0e673d9b53dd58,0.09130434782608687,-0.07569721115537842,-0.11155378486055778,
2026-07-04,SNX,0.232,2089812.325745076,25496.713830965135,2115309.039576041,0.012053422622386794,81.96398718673503,11,binance;bitget;bybit;coinbase;crypto_com;gate;htx;kraken;kucoin;mexc;okx,eth;optimism,eth;optimism,5,sushiswap;uniswap_v2;uniswap_v3_optimism;velodrome-finance-slipstream;velodrome-finance-v2,0x0392b358ce4547601befa962680bede836606ae2;0x43ae24960e5534731fc831386c07755a2dc33d47;0x894d6ea97767ebecefe01c9410f6bd67935aa952;0xa1d7b2d891e3a1f9ef4bbc5be20630c2feb1c470;0xf25bbc18a607bbe218c87ba1ff0e673d9b53dd58,-0.07569721115537842,-0.008620689655172376,-0.051724137931034475,
2026-07-05,SNX,0.23,2189710.550070373,17024.31932826024,2206734.869398633,0.0077147098930374055,128.62250218929282,11,binance;bitget;bybit;coinbase;crypto_com;gate;htx;kraken;kucoin;mexc;okx,eth;optimism,eth;optimism,5,sushiswap;uniswap_v2;uniswap_v3_optimism;velodrome-finance-slipstream;velodrome-finance-v2,0x0392b358ce4547601befa962680bede836606ae2;0x43ae24960e5534731fc831386c07755a2dc33d47;0x894d6ea97767ebecefe01c9410f6bd67935aa952;0xa1d7b2d891e3a1f9ef4bbc5be20630c2feb1c470;0xf25bbc18a607bbe218c87ba1ff0e673d9b53dd58,-0.008620689655172376,-0.0304347826086957,,
2026-07-06,SNX,0.223,2379561.585074358,34550.99521209232,2414112.5802864507,0.014312089458558976,68.8709998212019,11,binance;bitget;bybit;coinbase;crypto_com;gate;htx;kraken;kucoin;mexc;okx,eth;optimism,eth;optimism,5,sushiswap;uniswap_v2;uniswap_v3_optimism;velodrome-finance-slipstream;velodrome-finance-v2,0x0392b358ce4547601befa962680bede836606ae2;0x43ae24960e5534731fc831386c07755a2dc33d47;0x894d6ea97767ebecefe01c9410f6bd67935aa952;0xa1d7b2d891e3a1f9ef4bbc5be20630c2feb1c470;0xf25bbc18a607bbe218c87ba1ff0e673d9b53dd58,-0.0304347826086957,-0.013452914798206317,,
2026-07-07,SNX,0.22,1478467.8193482414,28628.00318794447,1507095.8225361858,0.018995476438763138,51.644112571946295,11,binance;bitget;bybit;coinbase;crypto_com;gate;htx;kraken;kucoin;mexc;okx,eth;optimism,eth;optimism,5,sushiswap;uniswap_v2;uniswap_v3_optimism;velodrome-finance-slipstream;velodrome-finance-v2,0x0392b358ce4547601befa962680bede836606ae2;0x43ae24960e5534731fc831386c07755a2dc33d47;0x894d6ea97767ebecefe01c9410f6bd67935aa952;0xa1d7b2d891e3a1f9ef4bbc5be20630c2feb1c470;0xf25bbc18a607bbe218c87ba1ff0e673d9b53dd58,-0.013452914798206317,,,
2026-01-17,STRK,0.0845,8223749.479603175,22691.658400970406,8246441.138004146,0.002751691065421511,362.41288910163956,11,binance;bitget;bybit;coinbase;crypto_com;gate;htx;kraken;kucoin;mexc;okx,eth,eth,3,uniswap-v4-ethereum;uniswap_v2;uniswap_v3,0x311ce099976d72f9e093690fd1408a14ad4ed4da;0x7e5e452e215b011fa394c8e1903be800f6872f0a6b7f45f078b7cac40af13c26;0xac4fd96fcf729390a3c8044422a529028ec36751,,-0.02130177514792908,-0.08639053254437867,-0.15621301775147933
2026-01-18,STRK,0.0827,12453334.319440927,26929.328143695097,12480263.647584623,0.0021577531456161893,462.44504329962643,11,binance;bitget;bybit;coinbase;crypto_com;gate;htx;kraken;kucoin;mexc;okx,eth,eth,3,uniswap-v4-ethereum;uniswap_v2;uniswap_v3,0x311ce099976d72f9e093690fd1408a14ad4ed4da;0x7e5e452e215b011fa394c8e1903be800f6872f0a6b7f45f078b7cac40af13c26;0xac4fd96fcf729390a3c8044422a529028ec36751,-0.02130177514792908,-0.008464328899637108,-0.038694074969770176,-0.1886336154776299
2026-01-19,STRK,0.082,25909868.70152277,54356.58782328501,25964225.289346058,0.0020935185709388075,476.6647381501682,11,binance;bitget;bybit;coinbase;crypto_com;gate;htx;kraken;kucoin;mexc;okx,eth,eth,3,uniswap-v4-ethereum;uniswap_v2;uniswap_v3,0x311ce099976d72f9e093690fd1408a14ad4ed4da;0x7e5e452e215b011fa394c8e1903be800f6872f0a6b7f45f078b7cac40af13c26;0xac4fd96fcf729390a3c8044422a529028ec36751,-0.008464328899637108,-0.0585365853658536,-0.102439024390244,-0.15487804878048783
2026-01-20,STRK,0.0772,17816016.332795035,68358.59938421984,17884374.932179254,0.003822252644749837,260.62582459680635,11,binance;bitget;bybit;coinbase;crypto_com;gate;htx;kraken;kucoin;mexc;okx,eth,eth,3,uniswap-v4-ethereum;uniswap_v2;uniswap_v3,0x311ce099976d72f9e093690fd1408a14ad4ed4da;0x7e5e452e215b011fa394c8e1903be800f6872f0a6b7f45f078b7cac40af13c26;0xac4fd96fcf729390a3c8044422a529028ec36751,-0.0585365853658536,0.02979274611398952,-0.07642487046632129,-0.09585492227979275
2026-01-21,STRK,0.0795,19785124.393890783,20876.006822169493,19806000.400712952,0.0010540243562460003,947.74467945085,11,binance;bitget;bybit;coinbase;crypto_com;gate;htx;kraken;kucoin;mexc;okx,eth,eth,3,uniswap-v4-ethereum;uniswap_v2;uniswap_v3,0x311ce099976d72f9e093690fd1408a14ad4ed4da;0x7e5e452e215b011fa394c8e1903be800f6872f0a6b7f45f078b7cac40af13c26;0xac4fd96fcf729390a3c8044422a529028ec36751,0.02979274611398952,-0.0742138364779874,-0.10314465408805029,-0.12955974842767304
2026-01-22,STRK,0.0736,20747303.59851443,31093.95163506541,20778397.550149497,0.0014964557088687376,667.2456380589847,11,binance;bitget;bybit;coinbase;crypto_com;gate;htx;kraken;kucoin;mexc;okx,eth,eth,3,uniswap-v4-ethereum;uniswap_v2;uniswap_v3,0x311ce099976d72f9e093690fd1408a14ad4ed4da;0x7e5e452e215b011fa394c8e1903be800f6872f0a6b7f45f078b7cac40af13c26;0xac4fd96fcf729390a3c8044422a529028ec36751,-0.0742138364779874,-0.03125,-0.08831521739130421,-0.13858695652173914
2026-01-23,STRK,0.0713,23707102.44409568,41701.628576598974,23748804.072672278,0.0017559464657247727,568.4934438603439,11,binance;bitget;bybit;coinbase;crypto_com;gate;htx;kraken;kucoin;mexc;okx,eth,eth,3,uniswap-v4-ethereum;uniswap_v2;uniswap_v3,0x311ce099976d72f9e093690fd1408a14ad4ed4da;0x7e5e452e215b011fa394c8e1903be800f6872f0a6b7f45f078b7cac40af13c26;0xac4fd96fcf729390a3c8044422a529028ec36751,-0.03125,0.0,-0.028050490883590462,-0.13604488078541377
2026-01-24,STRK,0.0713,9904249.106909104,24027.37965441273,9928276.486563517,0.0024200957423909683,412.2067928073108,11,binance;bitget;bybit;coinbase;crypto_com;gate;htx;kraken;kucoin;mexc;okx,eth,eth,3,uniswap-v4-ethereum;uniswap_v2;uniswap_v3,0x311ce099976d72f9e093690fd1408a14ad4ed4da;0x7e5e452e215b011fa394c8e1903be800f6872f0a6b7f45f078b7cac40af13c26;0xac4fd96fcf729390a3c8044422a529028ec36751,0.0,-0.058906030855539915,-0.02103786816269282,-0.2300140252454419
2026-01-25,STRK,0.0671,19340128.115026947,33149.57205348239,19373277.687080428,0.0017110977599618595,583.420144423712,11,binance;bitget;bybit;coinbase;crypto_com;gate;htx;kraken;kucoin;mexc;okx,eth,eth,3,uniswap-v4-ethereum;uniswap_v2;uniswap_v3,0x311ce099976d72f9e093690fd1408a14ad4ed4da;0x7e5e452e215b011fa394c8e1903be800f6872f0a6b7f45f078b7cac40af13c26;0xac4fd96fcf729390a3c8044422a529028ec36751,-0.058906030855539915,0.032786885245901454,0.03129657228017879,-0.18330849478390465
2026-01-26,STRK,0.0693,14890231.335807197,83438.85678361374,14973670.19259081,0.005572371750574585,178.45679950317148,11,binance;bitget;bybit;coinbase;crypto_com;gate;htx;kraken;kucoin;mexc;okx,eth,eth,3,uniswap-v4-ethereum;uniswap_v2;uniswap_v3,0x311ce099976d72f9e093690fd1408a14ad4ed4da;0x7e5e452e215b011fa394c8e1903be800f6872f0a6b7f45f078b7cac40af13c26;0xac4fd96fcf729390a3c8044422a529028ec36751,0.032786885245901454,0.00721500721500723,-0.08513708513708518,-0.18614718614718617
2026-01-27,STRK,0.0698,14389746.830884876,13887.711351960901,14403634.542236837,0.0009641810413362644,1036.1496193433693,11,binance;bitget;bybit;coinbase;crypto_com;gate;htx;kraken;kucoin;mexc;okx,eth,eth,3,uniswap-v4-ethereum;uniswap_v2;uniswap_v3,0x311ce099976d72f9e093690fd1408a14ad4ed4da;0x7e5e452e215b011fa394c8e1903be800f6872f0a6b7f45f078b7cac40af13c26;0xac4fd96fcf729390a3c8044422a529028ec36751,0.00721500721500723,-0.008595988538682042,-0.11747851002865328,-0.19627507163323787
2026-01-28,STRK,0.0692,14425689.544878162,27925.367372847268,14453614.91225101,0.0019320680357394523,516.5801170051831,11,binance;bitget;bybit;coinbase;crypto_com;gate;htx;kraken;kucoin;mexc;okx,eth,eth,3,uniswap-v4-ethereum;uniswap_v2;uniswap_v3,0x311ce099976d72f9e093690fd1408a14ad4ed4da;0x7e5e452e215b011fa394c8e1903be800f6872f0a6b7f45f078b7cac40af13c26;0xac4fd96fcf729390a3c8044422a529028ec36751,-0.008595988538682042,-0.08381502890173409,-0.20664739884393069,-0.20375722543352592
2026-01-29,STRK,0.0634,24397479.63638012,23051.233589942036,24420530.869970065,0.0009439284392579747,1058.4023428154185,11,binance;bitget;bybit;coinbase;crypto_com;gate;htx;kraken;kucoin;mexc;okx,eth,eth,3,uniswap-v4-ethereum;uniswap_v2;uniswap_v3,0x311ce099976d72f9e093690fd1408a14ad4ed4da;0x7e5e452e215b011fa394c8e1903be800f6872f0a6b7f45f078b7cac40af13c26;0xac4fd96fcf729390a3c8044422a529028ec36751,-0.08381502890173409,-0.028391167192428957,-0.13564668769716082,-0.2697160883280757
2026-01-30,STRK,0.0616,26507804.504012857,23689.15123273531,26531493.65524559,0.0008928691139879221,1118.984983614885,11,binance;bitget;bybit;coinbase;crypto_com;gate;htx;kraken;kucoin;mexc;okx,eth,eth,3,uniswap-v4-ethereum;uniswap_v2;uniswap_v3,0x311ce099976d72f9e093690fd1408a14ad4ed4da;0x7e5e452e215b011fa394c8e1903be800f6872f0a6b7f45f078b7cac40af13c26;0xac4fd96fcf729390a3c8044422a529028ec36751,-0.028391167192428957,-0.10876623376623384,-0.0844155844155845,-0.16233766233766234
2026-01-31,STRK,0.0549,39230446.24553448,42981.677626391305,39273427.92316087,0.0010944213403140078,912.7248728292187,11,binance;bitget;bybit;coinbase;crypto_com;gate;htx;kraken;kucoin;mexc;okx,eth,eth,3,uniswap-v4-ethereum;uniswap_v2;uniswap_v3,0x311ce099976d72f9e093690fd1408a14ad4ed4da;0x7e5e452e215b011fa394c8e1903be800f6872f0a6b7f45f078b7cac40af13c26;0xac4fd96fcf729390a3c8044422a529028ec36751,-0.10876623376623384,-0.0018214936247722413,0.021857923497267784,-0.09107468123861562
2026-02-01,STRK,0.0548,28085227.97682806,30436.889601725517,28115664.866429787,0.001082559837952375,922.7364669757801,11,binance;bitget;bybit;coinbase;crypto_com;gate;htx;kraken;kucoin;mexc;okx,eth,eth,3,uniswap-v4-ethereum;uniswap_v2;uniswap_v3,0x311ce099976d72f9e093690fd1408a14ad4ed4da;0x7e5e452e215b011fa394c8e1903be800f6872f0a6b7f45f078b7cac40af13c26;0xac4fd96fcf729390a3c8044422a529028ec36751,-0.0018214936247722413,0.029197080291970767,0.005474452554744547,-0.09671532846715325
2026-02-02,STRK,0.0564,27295188.371513456,26280.04045376107,27321468.411967218,0.0009618824309695599,1038.6280957039814,11,binance;bitget;bybit;coinbase;crypto_com;gate;htx;kraken;kucoin;mexc;okx,eth,eth,3,uniswap-v4-ethereum;uniswap_v2;uniswap_v3,0x311ce099976d72f9e093690fd1408a14ad4ed4da;0x7e5e452e215b011fa394c8e1903be800f6872f0a6b7f45f078b7cac40af13c26;0xac4fd96fcf729390a3c8044422a529028ec36751,0.029197080291970767,-0.005319148936170248,-0.17907801418439717,-0.1436170212765957
2026-02-03,STRK,0.0561,30396834.892136957,33909.130373321714,30430744.02251028,0.0011143050051039961,896.4203610497755,11,binance;bitget;bybit;coinbase;crypto_com;gate;htx;kraken;kucoin;mexc;okx,eth,eth,3,uniswap-v4-ethereum;uniswap_v2;uniswap_v3,0x311ce099976d72f9e093690fd1408a14ad4ed4da;0x7e5e452e215b011fa394c8e1903be800f6872f0a6b7f45f078b7cac40af13c26;0xac4fd96fcf729390a3c8044422a529028ec36751,-0.005319148936170248,-0.017825311942958888,-0.0802139037433155,-0.17647058823529416
2026-02-04,STRK,0.0551,20842367.587371245,26317.284673932492,20868684.872045178,0.0012610897541122023,791.9649707637125,11,binance;bitget;bybit;coinbase;crypto_com;gate;htx;kraken;kucoin;mexc;okx,eth,eth,3,uniswap-v4-ethereum;uniswap_v2;uniswap_v3,0x311ce099976d72f9e093690fd1408a14ad4ed4da;0x7e5e452e215b011fa394c8e1903be800f6872f0a6b7f45f078b7cac40af13c26;0xac4fd96fcf729390a3c8044422a529028ec36751,-0.017825311942958888,-0.1597096188747732,-0.09437386569872963,-0.15789473684210542
2026-02-05,STRK,0.0463,46179390.78871475,17762.644242800714,46197153.43295755,0.0003844965094781933,2599.8038443759006,11,binance;bitget;bybit;coinbase;crypto_com;gate;htx;kraken;kucoin;mexc;okx,eth,eth,3,uniswap-v4-ethereum;uniswap_v2;uniswap_v3,0x311ce099976d72f9e093690fd1408a14ad4ed4da;0x7e5e452e215b011fa394c8e1903be800f6872f0a6b7f45f078b7cac40af13c26;0xac4fd96fcf729390a3c8044422a529028ec36751,-0.1597096188747732,0.11447084233261329,0.06911447084233258,0.030237580993520474
2026-02-06,STRK,0.0516,46428766.96882572,133036.70253348016,46561803.671359204,0.0028572068099525284,348.99216595616844,11,binance;bitget;bybit;coinbase;crypto_com;gate;htx;kraken;kucoin;mexc;okx,eth,eth,3,uniswap-v4-ethereum;uniswap_v2;uniswap_v3,0x311ce099976d72f9e093690fd1408a14ad4ed4da;0x7e5e452e215b011fa394c8e1903be800f6872f0a6b7f45f078b7cac40af13c26;0xac4fd96fcf729390a3c8044422a529028ec36751,0.11447084233261329,-0.032945736434108475,-0.06395348837209303,-0.03875968992248069
2026-02-07,STRK,0.0499,32435512.4516489,22070.974196824678,32457583.425845724,0.0006799943762680043,1469.6003974448647,11,binance;bitget;bybit;coinbase;crypto_com;gate;htx;kraken;kucoin;mexc;okx,eth,eth,3,uniswap-v4-ethereum;uniswap_v2;uniswap_v3,0x311ce099976d72f9e093690fd1408a14ad4ed4da;0x7e5e452e215b011fa394c8e1903be800f6872f0a6b7f45f078b7cac40af13c26;0xac4fd96fcf729390a3c8044422a529028ec36751,-0.032945736434108475,-0.008016032064128154,-0.07414829659318645,0.03206412825651306
2026-02-08,STRK,0.0495,22203480.427669723,16672.01869026283,22220152.446359985,0.0007503107249380718,1331.7811622078796,11,binance;bitget;bybit;coinbase;crypto_com;gate;htx;kraken;kucoin;mexc;okx,eth,eth,3,uniswap-v4-ethereum;uniswap_v2;uniswap_v3,0x311ce099976d72f9e093690fd1408a14ad4ed4da;0x7e5e452e215b011fa394c8e1903be800f6872f0a6b7f45f078b7cac40af13c26;0xac4fd96fcf729390a3c8044422a529028ec36751,-0.008016032064128154,-0.024242424242424288,-0.0626262626262627,-0.014141414141414121
2026-02-09,STRK,0.0483,17039800.226597685,33587.60561884538,17073387.83221653,0.001967249028073236,507.32405340132283,11,binance;bitget;bybit;coinbase;crypto_com;gate;htx;kraken;kucoin;mexc;okx,eth,eth,3,uniswap-v4-ethereum;uniswap_v2;uniswap_v3,0x311ce099976d72f9e093690fd1408a14ad4ed4da;0x7e5e452e215b011fa394c8e1903be800f6872f0a6b7f45f078b7cac40af13c26;0xac4fd96fcf729390a3c8044422a529028ec36751,-0.024242424242424288,-0.0434782608695653,-0.012422360248447228,0.020703933747411973
2026-02-10,STRK,0.0462,12012606.836569343,17583.48072950455,12030190.317298848,0.0014616128478217283,683.175704592581,11,binance;bitget;bybit;coinbase;crypto_com;gate;htx;kraken;kucoin;mexc;okx,eth,eth,3,uniswap-v4-ethereum;uniswap_v2;uniswap_v3,0x311ce099976d72f9e093690fd1408a14ad4ed4da;0x7e5e452e215b011fa394c8e1903be800f6872f0a6b7f45f078b7cac40af13c26;0xac4fd96fcf729390a3c8044422a529028ec36751,-0.0434782608695653,0.0043290043290042934,0.07359307359307365,0.045454545454545636
2026-02-11,STRK,0.0464,13880463.627267856,27990.284793663388,13908453.91206152,0.002012465581770379,495.90290808367195,11,binance;bitget;bybit;coinbase;crypto_com;gate;htx;kraken;kucoin;mexc;okx,eth,eth,3,uniswap-v4-ethereum;uniswap_v2;uniswap_v3,0x311ce099976d72f9e093690fd1408a14ad4ed4da;0x7e5e452e215b011fa394c8e1903be800f6872f0a6b7f45f078b7cac40af13c26;0xac4fd96fcf729390a3c8044422a529028ec36751,0.0043290043290042934,0.028017241379310498,0.1099137931034484,-0.010775862068965414
2026-02-12,STRK,0.0477,13076049.547446668,14748.738159684472,13090798.285606353,0.0011266492568219513,886.5876799677628,11,binance;bitget;bybit;coinbase;crypto_com;gate;htx;kraken;kucoin;mexc;okx,eth,eth,3,uniswap-v4-ethereum;uniswap_v2;uniswap_v3,0x311ce099976d72f9e093690fd1408a14ad4ed4da;0x7e5e452e215b011fa394c8e1903be800f6872f0a6b7f45f078b7cac40af13c26;0xac4fd96fcf729390a3c8044422a529028ec36751,0.028017241379310498,0.0398322851153039,0.023060796645702375,-0.06498951781970652
2026-02-13,STRK,0.0496,9852569.759286372,37761.48562615763,9890331.24491253,0.003818020316112435,260.91584046315785,11,binance;bitget;bybit;coinbase;crypto_com;gate;htx;kraken;kucoin;mexc;okx,eth,eth,3,uniswap-v4-ethereum;uniswap_v2;uniswap_v3,0x311ce099976d72f9e093690fd1408a14ad4ed4da;0x7e5e452e215b011fa394c8e1903be800f6872f0a6b7f45f078b7cac40af13c26;0xac4fd96fcf729390a3c8044422a529028ec36751,0.0398322851153039,0.03830645161290325,-0.006048387096774244,-0.06653225806451613
2026-02-14,STRK,0.0515,10085492.184944382,18072.5585382635,10103564.743482646,0.0017887309080610676,558.0555826443291,11,binance;bitget;bybit;coinbase;crypto_com;gate;htx;kraken;kucoin;mexc;okx,eth,eth,3,uniswap-v4-ethereum;uniswap_v2;uniswap_v3,0x311ce099976d72f9e093690fd1408a14ad4ed4da;0x7e5e452e215b011fa394c8e1903be800f6872f0a6b7f45f078b7cac40af13c26;0xac4fd96fcf729390a3c8044422a529028ec36751,0.03830645161290325,-0.05242718446601935,-0.062135922330097015,-0.1320388349514563
2026-02-15,STRK,0.0488,11719586.217457071,8751.985903188188,11728338.20336026,0.000746225573600928,1339.077364508533,11,binance;bitget;bybit;coinbase;crypto_com;gate;htx;kraken;kucoin;mexc;okx,eth,eth,2,uniswap_v2;uniswap_v3,0x311ce099976d72f9e093690fd1408a14ad4ed4da;0xac4fd96fcf729390a3c8044422a529028ec36751,-0.05242718446601935,0.010245901639344135,-0.05942622950819676,-0.1106557377049181
2026-02-16,STRK,0.0493,10843648.504884314,9831.884766859688,10853480.389651174,0.0009058739145310862,1102.906386925422,11,binance;bitget;bybit;coinbase;crypto_com;gate;htx;kraken;kucoin;mexc;okx,eth,eth,2,uniswap_v2;uniswap_v3,0x311ce099976d72f9e093690fd1408a14ad4ed4da;0xac4fd96fcf729390a3c8044422a529028ec36751,0.010245901639344135,-0.020283975659229125,-0.09533468559837721,-0.18052738336713992
2026-02-17,STRK,0.0483,7917371.931060219,3511.494607330445,7920883.4256675495,0.0004433210815792945,2254.7014352612855,11,binance;bitget;bybit;coinbase;crypto_com;gate;htx;kraken;kucoin;mexc;okx,eth,eth,3,uniswap-v4-ethereum;uniswap_v2;uniswap_v3,0x311ce099976d72f9e093690fd1408a14ad4ed4da;0x7e5e452e215b011fa394c8e1903be800f6872f0a6b7f45f078b7cac40af13c26;0xac4fd96fcf729390a3c8044422a529028ec36751,-0.020283975659229125,-0.0496894409937888,-0.04140786749482406,-0.13871635610766053
2026-02-18,STRK,0.0459,10878880.9132498,22912.494773596776,10901793.408023397,0.0021017179390625637,474.80123926906833,11,binance;bitget;bybit;coinbase;crypto_com;gate;htx;kraken;kucoin;mexc;okx,eth,eth,3,uniswap-v4-ethereum;uniswap_v2;uniswap_v3,0x311ce099976d72f9e093690fd1408a14ad4ed4da;0x7e5e452e215b011fa394c8e1903be800f6872f0a6b7f45f078b7cac40af13c26;0xac4fd96fcf729390a3c8044422a529028ec36751,-0.0496894409937888,-0.028322440087146017,-0.026143790849673332,-0.030501089324618813
2026-02-19,STRK,0.0446,14887978.136320055,11326.530850073512,14899304.667170128,0.0007602053319327684,1314.434078129353,11,binance;bitget;bybit;coinbase;crypto_com;gate;htx;kraken;kucoin;mexc;okx,eth,eth,3,uniswap-v4-ethereum;uniswap_v2;uniswap_v3,0x311ce099976d72f9e093690fd1408a14ad4ed4da;0x7e5e452e215b011fa394c8e1903be800f6872f0a6b7f45f078b7cac40af13c26;0xac4fd96fcf729390a3c8044422a529028ec36751,-0.028322440087146017,0.03811659192825112,-0.026905829596412523,-0.04260089686098656
2026-02-20,STRK,0.0463,16955141.444052957,9336.232920751543,16964477.676973708,0.0005503401341630362,1816.0581026601155,11,binance;bitget;bybit;coinbase;crypto_com;gate;htx;kraken;kucoin;mexc;okx,eth,eth,3,uniswap-v4-ethereum;uniswap_v2;uniswap_v3,0x311ce099976d72f9e093690fd1408a14ad4ed4da;0x7e5e452e215b011fa394c8e1903be800f6872f0a6b7f45f078b7cac40af13c26;0xac4fd96fcf729390a3c8044422a529028ec36751,0.03811659192825112,-0.0345572354211664,-0.12742980561555084,-0.12095032397408212
2026-02-21,STRK,0.0447,7647252.285561481,16415.921337773212,7663668.206899254,0.0021420448921568263,465.8436238948752,11,binance;bitget;bybit;coinbase;crypto_com;gate;htx;kraken;kucoin;mexc;okx,eth,eth,3,uniswap-v4-ethereum;uniswap_v2;uniswap_v3,0x311ce099976d72f9e093690fd1408a14ad4ed4da;0x7e5e452e215b011fa394c8e1903be800f6872f0a6b7f45f078b7cac40af13c26;0xac4fd96fcf729390a3c8044422a529028ec36751,-0.0345572354211664,-0.029082774049216886,-0.06935123042505587,-0.06935123042505587
2026-02-22,STRK,0.0434,7028213.856529637,10268.536888136054,7038482.393417773,0.0014589134864838127,684.4416038130822,11,binance;bitget;bybit;coinbase;crypto_com;gate;htx;kraken;kucoin;mexc;okx,eth,eth,3,uniswap-v4-ethereum;uniswap_v2;uniswap_v3,0x311ce099976d72f9e093690fd1408a14ad4ed4da;0x7e5e452e215b011fa394c8e1903be800f6872f0a6b7f45f078b7cac40af13c26;0xac4fd96fcf729390a3c8044422a529028ec36751,-0.029082774049216886,-0.06912442396313367,0.025345622119815614,-0.07373271889400923
2026-02-23,STRK,0.0404,17739052.318330996,26232.385716825916,17765284.70404782,0.0014766093622383021,676.2271838261685,11,binance;bitget;bybit;coinbase;crypto_com;gate;htx;kraken;kucoin;mexc;okx,eth,eth,3,uniswap-v4-ethereum;uniswap_v2;uniswap_v3,0x311ce099976d72f9e093690fd1408a14ad4ed4da;0x7e5e452e215b011fa394c8e1903be800f6872f0a6b7f45f078b7cac40af13c26;0xac4fd96fcf729390a3c8044422a529028ec36751,-0.06912442396313367,0.02970297029702973,0.05693069306930698,0.00990099009900991
2026-02-24,STRK,0.0416,13685161.30910494,20604.40680625511,13705765.715911195,0.0015033386118905561,664.186134441414,11,binance;bitget;bybit;coinbase;crypto_com;gate;htx;kraken;kucoin;mexc;okx,eth,eth,3,uniswap-v4-ethereum;uniswap_v2;uniswap_v3,0x311ce099976d72f9e093690fd1408a14ad4ed4da;0x7e5e452e215b011fa394c8e1903be800f6872f0a6b7f45f078b7cac40af13c26;0xac4fd96fcf729390a3c8044422a529028ec36751,0.02970297029702973,0.06971153846153855,-0.021634615384615308,-0.03605769230769229
2026-02-25,STRK,0.0445,23459572.731618587,25456.27992126945,23485029.011539858,0.0010839364902960511,921.5632764949855,11,binance;bitget;bybit;coinbase;crypto_com;gate;htx;kraken;kucoin;mexc;okx,eth,eth,3,uniswap-v4-ethereum;uniswap_v2;uniswap_v3,0x311ce099976d72f9e093690fd1408a14ad4ed4da;0x7e5e452e215b011fa394c8e1903be800f6872f0a6b7f45f078b7cac40af13c26;0xac4fd96fcf729390a3c8044422a529028ec36751,0.06971153846153855,-0.04044943820224711,-0.06516853932584266,-0.08089887640449434
2026-02-26,STRK,0.0427,15579221.7986454,15293.82181368692,15594515.620459087,0.0009807179771343668,1018.6611292085976,11,binance;bitget;bybit;coinbase;crypto_com;gate;htx;kraken;kucoin;mexc;okx,eth,eth,3,uniswap-v4-ethereum;uniswap_v2;uniswap_v3,0x311ce099976d72f9e093690fd1408a14ad4ed4da;0x7e5e452e215b011fa394c8e1903be800f6872f0a6b7f45f078b7cac40af13c26;0xac4fd96fcf729390a3c8044422a529028ec36751,-0.04044943820224711,-0.04683840749414525,-0.058548009367681564,-0.06323185011709609
2026-02-27,STRK,0.0407,12796911.396107186,16924.743356684907,12813836.13946387,0.0013208178388172394,756.1066733134646,11,binance;bitget;bybit;coinbase;crypto_com;gate;htx;kraken;kucoin;mexc;okx,eth,eth,4,uniswap-v4-ethereum;uniswap_v2;uniswap_v3,0x23c7411ea339be466e23189e2f44e2d48900da715893726795a6305969b57d15;0x311ce099976d72f9e093690fd1408a14ad4ed4da;0x7e5e452e215b011fa394c8e1903be800f6872f0a6b7f45f078b7cac40af13c26;0xac4fd96fcf729390a3c8044422a529028ec36751,-0.04683840749414525,0.02211302211302213,0.002457002457002533,-0.04914004914004921
2026-02-28,STRK,0.0416,9653885.32713868,6047.942629026824,9659933.269767705,0.0006260853424272422,1596.226339979698,11,binance;bitget;bybit;coinbase;crypto_com;gate;htx;kraken;kucoin;mexc;okx,eth,eth,4,uniswap-v4-ethereum;uniswap_v2;uniswap_v3,0x23c7411ea339be466e23189e2f44e2d48900da715893726795a6305969b57d15;0x311ce099976d72f9e093690fd1408a14ad4ed4da;0x7e5e452e215b011fa394c8e1903be800f6872f0a6b7f45f078b7cac40af13c26;0xac4fd96fcf729390a3c8044422a529028ec36751,0.02211302211302213,-0.033653846153846145,-0.03605769230769229,-0.0889423076923076
2026-03-01,STRK,0.0402,7992157.625734661,24241.71104044635,8016399.336775107,0.003024014900210607,329.68620129165214,11,binance;bitget;bybit;coinbase;crypto_com;gate;htx;kraken;kucoin;mexc;okx,eth,eth,4,uniswap-v4-ethereum;uniswap_v2;uniswap_v3,0x23c7411ea339be466e23189e2f44e2d48900da715893726795a6305969b57d15;0x311ce099976d72f9e093690fd1408a14ad4ed4da;0x7e5e452e215b011fa394c8e1903be800f6872f0a6b7f45f078b7cac40af13c26;0xac4fd96fcf729390a3c8044422a529028ec36751,-0.033653846153846145,0.014925373134328401,0.017412935323383172,-0.05223880597014918
2026-03-02,STRK,0.0408,10006176.124916457,6176.844318578276,10012352.969235035,0.0006169223495773542,1619.9495420049016,11,binance;bitget;bybit;coinbase;crypto_com;gate;htx;kraken;kucoin;mexc;okx,eth,eth,3,uniswap-v4-ethereum;uniswap_v2;uniswap_v3,0x311ce099976d72f9e093690fd1408a14ad4ed4da;0x7e5e452e215b011fa394c8e1903be800f6872f0a6b7f45f078b7cac40af13c26;0xac4fd96fcf729390a3c8044422a529028ec36751,0.014925373134328401,-0.0171568627450982,-0.019607843137254943,-0.05392156862745101
2026-03-03,STRK,0.0401,7972572.248828548,7392.6975267368425,7979964.946355285,0.0009264072682566523,1078.4388540170212,11,binance;bitget;bybit;coinbase;crypto_com;gate;htx;kraken;kucoin;mexc;okx,eth,eth,4,uniswap-v4-ethereum;uniswap_v2;uniswap_v3,0x23c7411ea339be466e23189e2f44e2d48900da715893726795a6305969b57d15;0x311ce099976d72f9e093690fd1408a14ad4ed4da;0x7e5e452e215b011fa394c8e1903be800f6872f0a6b7f45f078b7cac40af13c26;0xac4fd96fcf729390a3c8044422a529028ec36751,-0.0171568627450982,0.01995012468827939,-0.03491271820448871,-0.009975062344139585
2026-03-04,STRK,0.0409,9434044.928115489,6968.752301818908,9441013.680417309,0.0007381360241298662,1353.763847461348,11,binance;bitget;bybit;coinbase;crypto_com;gate;htx;kraken;kucoin;mexc;okx,eth,eth,4,uniswap-v4-ethereum;uniswap_v2;uniswap_v3,0x23c7411ea339be466e23189e2f44e2d48900da715893726795a6305969b57d15;0x311ce099976d72f9e093690fd1408a14ad4ed4da;0x7e5e452e215b011fa394c8e1903be800f6872f0a6b7f45f078b7cac40af13c26;0xac4fd96fcf729390a3c8044422a529028ec36751,0.01995012468827939,-0.022004889975550057,-0.07334963325183363,-0.019559902200489088
2026-03-05,STRK,0.04,7366819.432486761,34291.07183590572,7401110.504322667,0.004633233325712107,214.83199672904547,11,binance;bitget;bybit;coinbase;crypto_com;gate;htx;kraken;kucoin;mexc;okx,eth,eth,4,uniswap-v4-ethereum;uniswap_v2;uniswap_v3,0x23c7411ea339be466e23189e2f44e2d48900da715893726795a6305969b57d15;0x311ce099976d72f9e093690fd1408a14ad4ed4da;0x7e5e452e215b011fa394c8e1903be800f6872f0a6b7f45f078b7cac40af13c26;0xac4fd96fcf729390a3c8044422a529028ec36751,-0.022004889975550057,-0.032500000000000084,-0.04749999999999999,0.03249999999999997
2026-03-06,STRK,0.0387,5628867.178954864,1445.3869294605215,5630312.565884325,0.00025671522007828386,3894.367012890999,11,binance;bitget;bybit;coinbase;crypto_com;gate;htx;kraken;kucoin;mexc;okx,eth,eth,4,uniswap-v4-ethereum;uniswap_v2;uniswap_v3,0x23c7411ea339be466e23189e2f44e2d48900da715893726795a6305969b57d15;0x311ce099976d72f9e093690fd1408a14ad4ed4da;0x7e5e452e215b011fa394c8e1903be800f6872f0a6b7f45f078b7cac40af13c26;0xac4fd96fcf729390a3c8044422a529028ec36751,-0.032500000000000084,-0.02067183462532285,-0.0025839793281652312,0.04909560723514206
2026-03-07,STRK,0.0379,3311903.3750966047,4137.747492978989,3316041.1225895835,0.001247797400578589,800.4121519537641,11,binance;bitget;bybit;coinbase;crypto_com;gate;htx;kraken;kucoin;mexc;okx,eth,eth,3,uniswap-v4-ethereum;uniswap_v2;uniswap_v3,0x23c7411ea339be466e23189e2f44e2d48900da715893726795a6305969b57d15;0x311ce099976d72f9e093690fd1408a14ad4ed4da;0xac4fd96fcf729390a3c8044422a529028ec36751,-0.02067183462532285,0.005277044854881341,0.04749340369393118,0.03693931398416872
2026-03-08,STRK,0.0381,4740593.986450209,2556.8850262735086,4743150.871476483,0.0005390688796448894,1854.050509795238,11,binance;bitget;bybit;coinbase;crypto_com;gate;htx;kraken;kucoin;mexc;okx,eth,eth,2,uniswap_v2;uniswap_v3,0x311ce099976d72f9e093690fd1408a14ad4ed4da;0xac4fd96fcf729390a3c8044422a529028ec36751,0.005277044854881341,0.013123359580052396,0.052493438320209806,0.04199475065616798
2026-03-09,STRK,0.0386,7519093.431869041,11123.112112796322,7530216.543981837,0.0014771304447660184,675.9882805837116,11,binance;bitget;bybit;coinbase;crypto_com;gate;htx;kraken;kucoin;mexc;okx,eth,eth,4,uniswap-v4-ethereum;uniswap_v2;uniswap_v3,0x23c7411ea339be466e23189e2f44e2d48900da715893726795a6305969b57d15;0x311ce099976d72f9e093690fd1408a14ad4ed4da;0x7e5e452e215b011fa394c8e1903be800f6872f0a6b7f45f078b7cac40af13c26;0xac4fd96fcf729390a3c8044422a529028ec36751,0.013123359580052396,0.02849740932642475,0.06994818652849744,0.06994818652849744
2026-03-10,STRK,0.0397,7307225.429915167,15083.826458986741,7322309.256374154,0.002059982162847888,484.4410965469323,11,binance;bitget;bybit;coinbase;crypto_com;gate;htx;kraken;kucoin;mexc;okx,eth,eth,3,uniswap-v4-ethereum;uniswap_v2;uniswap_v3,0x23c7411ea339be466e23189e2f44e2d48900da715893726795a6305969b57d15;0x311ce099976d72f9e093690fd1408a14ad4ed4da;0xac4fd96fcf729390a3c8044422a529028ec36751,0.02849740932642475,0.010075566750629594,0.02267002518891692,0.015113350125944613
2026-03-11,STRK,0.0401,5758714.02298077,7990.975751324656,5766704.998732095,0.0013857091273234202,720.6521709224501,11,binance;bitget;bybit;coinbase;crypto_com;gate;htx;kraken;kucoin;mexc;okx,eth,eth,3,uniswap-v4-ethereum;uniswap_v2;uniswap_v3,0x23c7411ea339be466e23189e2f44e2d48900da715893726795a6305969b57d15;0x311ce099976d72f9e093690fd1408a14ad4ed4da;0xac4fd96fcf729390a3c8044422a529028ec36751,0.010075566750629594,0.029925187032419087,-0.01995012468827917,-0.06733167082294245
2026-03-12,STRK,0.0413,5361441.95758281,1212.3215428255573,5362654.2791256355,0.00022606744341968334,4422.458702735661,11,binance;bitget;bybit;coinbase;crypto_com;gate;htx;kraken;kucoin;mexc;okx,eth,eth,3,uniswap-v4-ethereum;uniswap_v2;uniswap_v3,0x311ce099976d72f9e093690fd1408a14ad4ed4da;0x7e5e452e215b011fa394c8e1903be800f6872f0a6b7f45f078b7cac40af13c26;0xac4fd96fcf729390a3c8044422a529028ec36751,0.029925187032419087,-0.016949152542373058,-0.03874092009685237,-0.11864406779661019
2026-03-13,STRK,0.0406,10266487.712363163,4727.23416779767,10271214.94653096,0.00046024099314504797,2171.7747308350768,11,binance;bitget;bybit;coinbase;crypto_com;gate;htx;kraken;kucoin;mexc;okx,eth,eth,4,uniswap-v4-ethereum;uniswap_v2;uniswap_v3,0x23c7411ea339be466e23189e2f44e2d48900da715893726795a6305969b57d15;0x311ce099976d72f9e093690fd1408a14ad4ed4da;0x7e5e452e215b011fa394c8e1903be800f6872f0a6b7f45f078b7cac40af13c26;0xac4fd96fcf729390a3c8044422a529028ec36751,-0.016949152542373058,-0.03201970443349744,0.017241379310344973,-0.1206896551724137
2026-03-14,STRK,0.0393,3740579.601299006,1219.2561179986874,3741798.8574170046,0.0003258475841323951,3067.919484741952,11,binance;bitget;bybit;coinbase;crypto_com;gate;htx;kraken;kucoin;mexc;okx,eth,eth,4,uniswap-v4-ethereum;uniswap_v2;uniswap_v3,0x23c7411ea339be466e23189e2f44e2d48900da715893726795a6305969b57d15;0x311ce099976d72f9e093690fd1408a14ad4ed4da;0x7e5e452e215b011fa394c8e1903be800f6872f0a6b7f45f078b7cac40af13c26;0xac4fd96fcf729390a3c8044422a529028ec36751,-0.03201970443349744,0.010178117048345925,0.025445292620865256,-0.05343511450381688
2026-03-15,STRK,0.0397,4402556.325976661,23333.40904468408,4425889.735021345,0.005272026743018609,188.68037317417497,11,binance;bitget;bybit;coinbase;crypto_com;gate;htx;kraken;kucoin;mexc;okx,eth,eth,4,uniswap-v4-ethereum;uniswap_v2;uniswap_v3,0x23c7411ea339be466e23189e2f44e2d48900da715893726795a6305969b57d15;0x311ce099976d72f9e093690fd1408a14ad4ed4da;0x7e5e452e215b011fa394c8e1903be800f6872f0a6b7f45f078b7cac40af13c26;0xac4fd96fcf729390a3c8044422a529028ec36751,0.010178117048345925,0.04030226700251904,-0.05793450881612083,-0.10075566750629716
2026-03-16,STRK,0.0413,10089976.836907636,6019.147208508544,10095995.984116144,0.0005961915216664472,1676.3133526032807,11,binance;bitget;bybit;coinbase;crypto_com;gate;htx;kraken;kucoin;mexc;okx,eth,eth,4,uniswap-v4-ethereum;uniswap_v2;uniswap_v3,0x23c7411ea339be466e23189e2f44e2d48900da715893726795a6305969b57d15;0x311ce099976d72f9e093690fd1408a14ad4ed4da;0x7e5e452e215b011fa394c8e1903be800f6872f0a6b7f45f078b7cac40af13c26;0xac4fd96fcf729390a3c8044422a529028ec36751,0.04030226700251904,-0.02421307506053272,-0.11864406779661019,-0.11864406779661019
2026-03-17,STRK,0.0403,6475683.993917526,13771.171618825658,6489455.1655363515,0.002122084407325969,470.2347899771321,11,binance;bitget;bybit;coinbase;crypto_com;gate;htx;kraken;kucoin;mexc;okx,eth,eth,4,uniswap-v4-ethereum;uniswap_v2;uniswap_v3,0x23c7411ea339be466e23189e2f44e2d48900da715893726795a6305969b57d15;0x311ce099976d72f9e093690fd1408a14ad4ed4da;0x7e5e452e215b011fa394c8e1903be800f6872f0a6b7f45f078b7cac40af13c26;0xac4fd96fcf729390a3c8044422a529028ec36751,-0.02421307506053272,-0.07196029776674939,-0.11414392059553347,-0.07940446650124078
2026-03-18,STRK,0.0374,8873039.734949159,12672.04740412779,8885711.782353286,0.0014261150614061145,700.2056930483748,11,binance;bitget;bybit;coinbase;crypto_com;gate;htx;kraken;kucoin;mexc;okx,eth,eth,3,uniswap-v4-ethereum;uniswap_v2;uniswap_v3,0x23c7411ea339be466e23189e2f44e2d48900da715893726795a6305969b57d15;0x311ce099976d72f9e093690fd1408a14ad4ed4da;0xac4fd96fcf729390a3c8044422a529028ec36751,-0.07196029776674939,-0.0267379679144385,-0.005347593582887833,-0.02406417112299475
2026-03-19,STRK,0.0364,4436481.366813427,1384.5770232033058,4437865.94383663,0.0003119916285723379,3204.214205829697,11,binance;bitget;bybit;coinbase;crypto_com;gate;htx;kraken;kucoin;mexc;okx,eth,eth,4,uniswap-v4-ethereum;uniswap_v2;uniswap_v3,0x23c7411ea339be466e23189e2f44e2d48900da715893726795a6305969b57d15;0x311ce099976d72f9e093690fd1408a14ad4ed4da;0x7e5e452e215b011fa394c8e1903be800f6872f0a6b7f45f078b7cac40af13c26;0xac4fd96fcf729390a3c8044422a529028ec36751,-0.0267379679144385,-0.019230769230769162,-0.019230769230769162,-0.030219780219780334
2026-03-20,STRK,0.0357,4623329.169645968,5855.804238824854,4629184.973884793,0.0012649752109410066,789.5293252791149,11,binance;bitget;bybit;coinbase;crypto_com;gate;htx;kraken;kucoin;mexc;okx,eth,eth,4,uniswap-v4-ethereum;uniswap_v2;uniswap_v3,0x23c7411ea339be466e23189e2f44e2d48900da715893726795a6305969b57d15;0x311ce099976d72f9e093690fd1408a14ad4ed4da;0x7e5e452e215b011fa394c8e1903be800f6872f0a6b7f45f078b7cac40af13c26;0xac4fd96fcf729390a3c8044422a529028ec36751,-0.019230769230769162,0.042016806722688926,0.019607843137254832,-0.053221288515406306
2026-03-21,STRK,0.0372,13005710.735156799,10480.206589773594,13016190.941746572,0.0008051669368310075,1240.9784696274546,11,binance;bitget;bybit;coinbase;crypto_com;gate;htx;kraken;kucoin;mexc;okx,eth,eth,4,uniswap-v4-ethereum;uniswap_v2;uniswap_v3,0x23c7411ea339be466e23189e2f44e2d48900da715893726795a6305969b57d15;0x311ce099976d72f9e093690fd1408a14ad4ed4da;0x7e5e452e215b011fa394c8e1903be800f6872f0a6b7f45f078b7cac40af13c26;0xac4fd96fcf729390a3c8044422a529028ec36751,0.042016806722688926,-0.040322580645161143,-0.0026881720430106393,-0.08333333333333326
2026-03-22,STRK,0.0357,5015535.583760215,8208.586208559589,5023744.169968775,0.0016339578471430422,611.0108922935125,11,binance;bitget;bybit;coinbase;crypto_com;gate;htx;kraken;kucoin;mexc;okx,eth,eth,4,uniswap-v4-ethereum;uniswap_v2;uniswap_v3,0x23c7411ea339be466e23189e2f44e2d48900da715893726795a6305969b57d15;0x311ce099976d72f9e093690fd1408a14ad4ed4da;0x7e5e452e215b011fa394c8e1903be800f6872f0a6b7f45f078b7cac40af13c26;0xac4fd96fcf729390a3c8044422a529028ec36751,-0.040322580645161143,0.019607843137254832,0.022408963585434094,-0.06162464985994398
2026-03-23,STRK,0.0364,5956271.119428692,10264.248006407584,5966535.3674351,0.001720302885059406,580.2929854881153,11,binance;bitget;bybit;coinbase;crypto_com;gate;htx;kraken;kucoin;mexc;okx,eth,eth,4,uniswap-v4-ethereum;uniswap_v2;uniswap_v3,0x23c7411ea339be466e23189e2f44e2d48900da715893726795a6305969b57d15;0x311ce099976d72f9e093690fd1408a14ad4ed4da;0x7e5e452e215b011fa394c8e1903be800f6872f0a6b7f45f078b7cac40af13c26;0xac4fd96fcf729390a3c8044422a529028ec36751,0.019607843137254832,0.019230769230769162,-0.030219780219780334,-0.07692307692307698
2026-03-24,STRK,0.0371,3473157.0062291077,7727.21038315972,3480884.2166122673,0.0022198987102995753,449.47100363649025,11,binance;bitget;bybit;coinbase;crypto_com;gate;htx;kraken;kucoin;mexc;okx,eth,eth,4,uniswap-v4-ethereum;uniswap_v2;uniswap_v3,0x23c7411ea339be466e23189e2f44e2d48900da715893726795a6305969b57d15;0x311ce099976d72f9e093690fd1408a14ad4ed4da;0x7e5e452e215b011fa394c8e1903be800f6872f0a6b7f45f078b7cac40af13c26;0xac4fd96fcf729390a3c8044422a529028ec36751,0.019230769230769162,-0.016172506738544534,-0.08894878706199472,-0.07008086253369272
2026-03-25,STRK,0.0365,2859921.9525457257,6836.577010828649,2866758.5295565543,0.002384776025027182,418.3265906338529,11,binance;bitget;bybit;coinbase;crypto_com;gate;htx;kraken;kucoin;mexc;okx,eth,eth,4,uniswap-v4-ethereum;uniswap_v2;uniswap_v3,0x23c7411ea339be466e23189e2f44e2d48900da715893726795a6305969b57d15;0x311ce099976d72f9e093690fd1408a14ad4ed4da;0x7e5e452e215b011fa394c8e1903be800f6872f0a6b7f45f078b7cac40af13c26;0xac4fd96fcf729390a3c8044422a529028ec36751,-0.016172506738544534,-0.0328767123287671,-0.0657534246575342,-0.046575342465753455
2026-03-26,STRK,0.0353,3264156.6351013114,1653.1960485498291,3265809.831149861,0.0005062132010202671,1974.4522362998657,11,binance;bitget;bybit;coinbase;crypto_com;gate;htx;kraken;kucoin;mexc;okx,eth,eth,3,uniswap-v4-ethereum;uniswap_v2;uniswap_v3,0x311ce099976d72f9e093690fd1408a14ad4ed4da;0x7e5e452e215b011fa394c8e1903be800f6872f0a6b7f45f078b7cac40af13c26;0xac4fd96fcf729390a3c8044422a529028ec36751,-0.0328767123287671,-0.04249291784702558,-0.050991501416430496,-0.04532577903682711
2026-03-27,STRK,0.0338,4497096.829378805,1089.3133435633722,4498186.142722368,0.00024216724452939242,4128.377620591573,11,binance;bitget;bybit;coinbase;crypto_com;gate;htx;kraken;kucoin;mexc;okx,eth,eth,2,uniswap_v2;uniswap_v3,0x311ce099976d72f9e093690fd1408a14ad4ed4da;0xac4fd96fcf729390a3c8044422a529028ec36751,-0.04249291784702558,0.00887573964497057,-0.005917159763313529,-0.014792899408283877
2026-03-28,STRK,0.0341,2353066.3778641648,4484.798697556879,2357551.1765617216,0.001902312340934019,524.6760304193836,11,binance;bitget;bybit;coinbase;crypto_com;gate;htx;kraken;kucoin;mexc;okx,eth,eth,3,uniswap-v4-ethereum;uniswap_v2;uniswap_v3,0x23c7411ea339be466e23189e2f44e2d48900da715893726795a6305969b57d15;0x311ce099976d72f9e093690fd1408a14ad4ed4da;0xac4fd96fcf729390a3c8044422a529028ec36751,0.00887573964497057,-0.017595307917888436,0.011730205278592587,-0.02639296187683282
2026-03-29,STRK,0.0335,2380341.763644593,4011.0424103465243,2384352.8060549395,0.0016822352800142208,593.4471691210438,11,binance;bitget;bybit;coinbase;crypto_com;gate;htx;kraken;kucoin;mexc;okx,eth,eth,3,uniswap-v4-ethereum;uniswap_v2;uniswap_v3,0x23c7411ea339be466e23189e2f44e2d48900da715893726795a6305969b57d15;0x311ce099976d72f9e093690fd1408a14ad4ed4da;0xac4fd96fcf729390a3c8044422a529028ec36751,-0.017595307917888436,0.0029850746268655914,0.03880597014925358,-0.005970149253731294
2026-03-30,STRK,0.0336,3067042.6893795053,1382.5333075897393,3068425.222687095,0.0004505677040351731,2218.4222778158464,11,binance;bitget;bybit;coinbase;crypto_com;gate;htx;kraken;kucoin;mexc;okx,eth,eth,3,uniswap-v4-ethereum;uniswap_v2;uniswap_v3,0x23c7411ea339be466e23189e2f44e2d48900da715893726795a6305969b57d15;0x311ce099976d72f9e093690fd1408a14ad4ed4da;0xac4fd96fcf729390a3c8044422a529028ec36751,0.0029850746268655914,0.026785714285714413,0.0029761904761904656,-0.029761904761904767
2026-03-31,STRK,0.0345,3949810.816743865,13565.41410711719,3963376.2308509825,0.003422691492552182,291.1677288695204,11,binance;bitget;bybit;coinbase;crypto_com;gate;htx;kraken;kucoin;mexc;okx,eth,eth,3,uniswap-v4-ethereum;uniswap_v2;uniswap_v3,0x23c7411ea339be466e23189e2f44e2d48900da715893726795a6305969b57d15;0x311ce099976d72f9e093690fd1408a14ad4ed4da;0xac4fd96fcf729390a3c8044422a529028ec36751,0.026785714285714413,0.008695652173912993,-0.034782608695652195,0.005797101449275255
2026-04-01,STRK,0.0348,3761403.5943495193,8927.0798741039,3770330.6742236232,0.0023677180187762024,421.3475904098023,11,binance;bitget;bybit;coinbase;crypto_com;gate;htx;kraken;kucoin;mexc;okx,eth,eth,4,uniswap-v4-ethereum;uniswap_v2;uniswap_v3,0x23c7411ea339be466e23189e2f44e2d48900da715893726795a6305969b57d15;0x311ce099976d72f9e093690fd1408a14ad4ed4da;0x7e5e452e215b011fa394c8e1903be800f6872f0a6b7f45f078b7cac40af13c26;0xac4fd96fcf729390a3c8044422a529028ec36751,0.008695652173912993,-0.031609195402298784,-0.04597701149425282,-0.054597701149425304
2026-04-02,STRK,0.0337,3847800.431649795,25364.907385007322,3873165.3390348023,0.006548883191061575,151.69779148983415,11,binance;bitget;bybit;coinbase;crypto_com;gate;htx;kraken;kucoin;mexc;okx,eth,eth,4,uniswap-v4-ethereum;uniswap_v2;uniswap_v3,0x23c7411ea339be466e23189e2f44e2d48900da715893726795a6305969b57d15;0x311ce099976d72f9e093690fd1408a14ad4ed4da;0x7e5e452e215b011fa394c8e1903be800f6872f0a6b7f45f078b7cac40af13c26;0xac4fd96fcf729390a3c8044422a529028ec36751,-0.031609195402298784,-0.011869436201780381,-0.011869436201780381,0.005934718100890191
2026-04-03,STRK,0.0333,2667569.743535957,1774.433852566318,2669344.1773885232,0.0006647452462658018,1503.335691932342,11,binance;bitget;bybit;coinbase;crypto_com;gate;htx;kraken;kucoin;mexc;okx,eth,eth,4,uniswap-v4-ethereum;uniswap_v2;uniswap_v3,0x23c7411ea339be466e23189e2f44e2d48900da715893726795a6305969b57d15;0x311ce099976d72f9e093690fd1408a14ad4ed4da;0x7e5e452e215b011fa394c8e1903be800f6872f0a6b7f45f078b7cac40af13c26;0xac4fd96fcf729390a3c8044422a529028ec36751,-0.011869436201780381,-0.0030030030030030463,-0.021021021021021213,0.04804804804804785
2026-04-04,STRK,0.0332,2196931.8170335465,3500.991531710977,2200432.8085652576,0.0015910467786533866,627.5170325704499,11,binance;bitget;bybit;coinbase;crypto_com;gate;htx;kraken;kucoin;mexc;okx,eth,eth,4,uniswap-v4-ethereum;uniswap_v2;uniswap_v3,0x23c7411ea339be466e23189e2f44e2d48900da715893726795a6305969b57d15;0x311ce099976d72f9e093690fd1408a14ad4ed4da;0x7e5e452e215b011fa394c8e1903be800f6872f0a6b7f45f078b7cac40af13c26;0xac4fd96fcf729390a3c8044422a529028ec36751,-0.0030030030030030463,0.003012048192771122,0.04518072289156638,0.06325301204819267
2026-04-05,STRK,0.0333,2594373.807260153,6758.062320851209,2601131.869581004,0.0025981236860320397,383.8931463025306,11,binance;bitget;bybit;coinbase;crypto_com;gate;htx;kraken;kucoin;mexc;okx,eth,eth,4,uniswap-v4-ethereum;uniswap_v2;uniswap_v3,0x23c7411ea339be466e23189e2f44e2d48900da715893726795a6305969b57d15;0x311ce099976d72f9e093690fd1408a14ad4ed4da;0x7e5e452e215b011fa394c8e1903be800f6872f0a6b7f45f078b7cac40af13c26;0xac4fd96fcf729390a3c8044422a529028ec36751,0.003012048192771122,-0.021021021021021213,-0.012012012012012185,-0.01501501501501501
2026-04-06,STRK,0.0326,3277962.2770348545,14166.926598292916,3292129.2036331473,0.00430327174968057,231.38132708542742,11,binance;bitget;bybit;coinbase;crypto_com;gate;htx;kraken;kucoin;mexc;okx,eth,eth,4,uniswap-v4-ethereum;uniswap_v2;uniswap_v3,0x23c7411ea339be466e23189e2f44e2d48900da715893726795a6305969b57d15;0x311ce099976d72f9e093690fd1408a14ad4ed4da;0x7e5e452e215b011fa394c8e1903be800f6872f0a6b7f45f078b7cac40af13c26;0xac4fd96fcf729390a3c8044422a529028ec36751,-0.021021021021021213,0.0644171779141105,0.039877300613496924,0.027607361963190247
2026-04-07,STRK,0.0347,4054311.623776098,4522.1677682528125,4058833.791544351,0.0011141544592620943,896.5416215291199,11,binance;bitget;bybit;coinbase;crypto_com;gate;htx;kraken;kucoin;mexc;okx,eth,eth,4,uniswap-v4-ethereum;uniswap_v2;uniswap_v3,0x23c7411ea339be466e23189e2f44e2d48900da715893726795a6305969b57d15;0x311ce099976d72f9e093690fd1408a14ad4ed4da;0x7e5e452e215b011fa394c8e1903be800f6872f0a6b7f45f078b7cac40af13c26;0xac4fd96fcf729390a3c8044422a529028ec36751,0.0644171779141105,-0.05187319884726238,0.0057636887608067955,-0.07492795389049
2026-04-08,STRK,0.0329,4224441.057418435,4517.471588106507,4228958.529006542,0.001068223194226438,935.1339515981559,11,binance;bitget;bybit;coinbase;crypto_com;gate;htx;kraken;kucoin;mexc;okx,eth,eth,4,uniswap-v4-ethereum;uniswap_v2;uniswap_v3,0x23c7411ea339be466e23189e2f44e2d48900da715893726795a6305969b57d15;0x311ce099976d72f9e093690fd1408a14ad4ed4da;0x7e5e452e215b011fa394c8e1903be800f6872f0a6b7f45f078b7cac40af13c26;0xac4fd96fcf729390a3c8044422a529028ec36751,-0.05187319884726238,0.03039513677811545,0.07294832826747721,0.042553191489361764
2026-04-09,STRK,0.0339,4876449.17668056,7713.559678369921,4884162.73635893,0.0015793003007349145,632.1917998968646,11,binance;bitget;bybit;coinbase;crypto_com;gate;htx;kraken;kucoin;mexc;okx,eth,eth,4,uniswap-v4-ethereum;uniswap_v2;uniswap_v3,0x23c7411ea339be466e23189e2f44e2d48900da715893726795a6305969b57d15;0x311ce099976d72f9e093690fd1408a14ad4ed4da;0x7e5e452e215b011fa394c8e1903be800f6872f0a6b7f45f078b7cac40af13c26;0xac4fd96fcf729390a3c8044422a529028ec36751,0.03039513677811545,0.029498525073746285,-0.032448377581120846,0.07669616519174038
2026-04-10,STRK,0.0349,9588284.008278899,9271.066335391457,9597555.07461429,0.0009659820926595773,1034.2158778086284,11,binance;bitget;bybit;coinbase;crypto_com;gate;htx;kraken;kucoin;mexc;okx,eth,eth,4,uniswap-v4-ethereum;uniswap_v2;uniswap_v3,0x23c7411ea339be466e23189e2f44e2d48900da715893726795a6305969b57d15;0x311ce099976d72f9e093690fd1408a14ad4ed4da;0x7e5e452e215b011fa394c8e1903be800f6872f0a6b7f45f078b7cac40af13c26;0xac4fd96fcf729390a3c8044422a529028ec36751,0.029498525073746285,0.011461318051575908,-0.04011461318051568,0.06017191977077352
2026-04-11,STRK,0.0353,3909709.244066625,6005.112455699824,3915714.3565223245,0.0015335930839023618,651.0634518352239,11,binance;bitget;bybit;coinbase;crypto_com;gate;htx;kraken;kucoin;mexc;okx,eth,eth,4,uniswap-v4-ethereum;uniswap_v2;uniswap_v3,0x23c7411ea339be466e23189e2f44e2d48900da715893726795a6305969b57d15;0x311ce099976d72f9e093690fd1408a14ad4ed4da;0x7e5e452e215b011fa394c8e1903be800f6872f0a6b7f45f078b7cac40af13c26;0xac4fd96fcf729390a3c8044422a529028ec36751,0.011461318051575908,-0.07082152974504241,-0.09065155807365444,0.0028328611898018607
2026-04-12,STRK,0.0328,3742000.043830088,4236.699759769669,3746236.7435898576,0.001130921521983104,883.2346533882128,11,binance;bitget;bybit;coinbase;crypto_com;gate;htx;kraken;kucoin;mexc;okx,eth,eth,4,uniswap-v4-ethereum;uniswap_v2;uniswap_v3,0x23c7411ea339be466e23189e2f44e2d48900da715893726795a6305969b57d15;0x311ce099976d72f9e093690fd1408a14ad4ed4da;0x7e5e452e215b011fa394c8e1903be800f6872f0a6b7f45f078b7cac40af13c26;0xac4fd96fcf729390a3c8044422a529028ec36751,-0.07082152974504241,0.021341463414634054,0.0457317073170731,0.03658536585365857
2026-04-13,STRK,0.0335,8857070.417904316,5468.970911492882,8862539.388815809,0.0006170884744833425,1619.5131700721688,11,binance;bitget;bybit;coinbase;crypto_com;gate;htx;kraken;kucoin;mexc;okx,eth,eth,4,uniswap-v4-ethereum;uniswap_v2;uniswap_v3,0x23c7411ea339be466e23189e2f44e2d48900da715893726795a6305969b57d15;0x311ce099976d72f9e093690fd1408a14ad4ed4da;0x7e5e452e215b011fa394c8e1903be800f6872f0a6b7f45f078b7cac40af13c26;0xac4fd96fcf729390a3c8044422a529028ec36751,0.021341463414634054,-0.04179104477611961,0.08955223880596996,0.08656716417910437
2026-04-14,STRK,0.0321,6900914.514856622,6052.823570818624,6906967.33842744,0.0008763359191150764,1140.1149288617537,11,binance;bitget;bybit;coinbase;crypto_com;gate;htx;kraken;kucoin;mexc;okx,eth,eth,3,uniswap-v4-ethereum;uniswap_v2;uniswap_v3,0x311ce099976d72f9e093690fd1408a14ad4ed4da;0x7e5e452e215b011fa394c8e1903be800f6872f0a6b7f45f078b7cac40af13c26;0xac4fd96fcf729390a3c8044422a529028ec36751,-0.04179104477611961,0.06853582554517135,0.15264797507788175,0.17757009345794406
2026-04-15,STRK,0.0343,7352403.003915418,11096.983178783865,7363499.987094202,0.001507025626160553,662.5587229844913,11,binance;bitget;bybit;coinbase;crypto_com;gate;htx;kraken;kucoin;mexc;okx,eth,eth,4,uniswap-v4-ethereum;uniswap_v2;uniswap_v3,0x23c7411ea339be466e23189e2f44e2d48900da715893726795a6305969b57d15;0x311ce099976d72f9e093690fd1408a14ad4ed4da;0x7e5e452e215b011fa394c8e1903be800f6872f0a6b7f45f078b7cac40af13c26;0xac4fd96fcf729390a3c8044422a529028ec36751,0.06853582554517135,0.06413994169096204,0.032069970845481244,0.33527696793002937
2026-04-16,STRK,0.0365,14054520.276532564,22307.547825757283,14076827.824358322,0.0015846999127997184,630.0342998841223,11,binance;bitget;bybit;coinbase;crypto_com;gate;htx;kraken;kucoin;mexc;okx,eth,eth,4,uniswap-v4-ethereum;uniswap_v2;uniswap_v3,0x23c7411ea339be466e23189e2f44e2d48900da715893726795a6305969b57d15;0x311ce099976d72f9e093690fd1408a14ad4ed4da;0x7e5e452e215b011fa394c8e1903be800f6872f0a6b7f45f078b7cac40af13c26;0xac4fd96fcf729390a3c8044422a529028ec36751,0.06413994169096204,0.013698630136986356,-0.06849315068493134,0.16986301369863033
2026-04-17,STRK,0.037,8599517.727827698,16189.26488411167,8615706.99271181,0.0018790407911743604,531.1864244229745,11,binance;bitget;bybit;coinbase;crypto_com;gate;htx;kraken;kucoin;mexc;okx,eth,eth,3,uniswap-v4-ethereum;uniswap_v2;uniswap_v3,0x23c7411ea339be466e23189e2f44e2d48900da715893726795a6305969b57d15;0x311ce099976d72f9e093690fd1408a14ad4ed4da;0xac4fd96fcf729390a3c8044422a529028ec36751,0.013698630136986356,-0.043243243243243135,-0.01621621621621616,0.09729729729729719
2026-04-18,STRK,0.0354,5396942.125082183,7236.479105419044,5404178.604187602,0.0013390525434913687,745.7966846115369,11,binance;bitget;bybit;coinbase;crypto_com;gate;htx;kraken;kucoin;mexc;okx,eth,eth,4,uniswap-v4-ethereum;uniswap_v2;uniswap_v3,0x23c7411ea339be466e23189e2f44e2d48900da715893726795a6305969b57d15;0x311ce099976d72f9e093690fd1408a14ad4ed4da;0x7e5e452e215b011fa394c8e1903be800f6872f0a6b7f45f078b7cac40af13c26;0xac4fd96fcf729390a3c8044422a529028ec36751,-0.043243243243243135,-0.039548022598870025,0.06779661016949157,0.14406779661016955
2026-04-19,STRK,0.034,4820835.812769469,2176.970902409538,4823012.783671878,0.00045137158039049543,2214.469567523213,11,binance;bitget;bybit;coinbase;crypto_com;gate;htx;kraken;kucoin;mexc;okx,eth,eth,2,uniswap_v2;uniswap_v3,0x311ce099976d72f9e093690fd1408a14ad4ed4da;0xac4fd96fcf729390a3c8044422a529028ec36751,-0.039548022598870025,0.07058823529411762,0.34705882352941164,0.1705882352941177
2026-04-20,STRK,0.0364,6480593.276892223,5523.18859024785,6486116.4654824715,0.000851540150356675,1173.3427477625585,11,binance;bitget;bybit;coinbase;crypto_com;gate;htx;kraken;kucoin;mexc;okx,eth,eth,2,uniswap_v2;uniswap_v3,0x311ce099976d72f9e093690fd1408a14ad4ed4da;0xac4fd96fcf729390a3c8044422a529028ec36751,0.07058823529411762,0.038461538461538325,0.17307692307692313,0.06043956043956045
2026-04-21,STRK,0.0378,8872070.60220561,5845.3205436433545,8877915.922749253,0.0006584113427640138,1517.8073701798567,11,binance;bitget;bybit;coinbase;crypto_com;gate;htx;kraken;kucoin;mexc;okx,eth,eth,4,uniswap-v4-ethereum;uniswap_v2;uniswap_v3,0x23c7411ea339be466e23189e2f44e2d48900da715893726795a6305969b57d15;0x311ce099976d72f9e093690fd1408a14ad4ed4da;0x7e5e452e215b011fa394c8e1903be800f6872f0a6b7f45f078b7cac40af13c26;0xac4fd96fcf729390a3c8044422a529028ec36751,0.038461538461538325,0.21164021164021163,0.07407407407407396,0.02910052910052907
2026-04-22,STRK,0.0458,41386528.78702026,59879.196211162955,41446407.983231425,0.0014447378946660264,691.1670731362422,11,binance;bitget;bybit;coinbase;crypto_com;gate;htx;kraken;kucoin;mexc;okx,eth,eth,4,uniswap-v4-ethereum;uniswap_v2;uniswap_v3,0x23c7411ea339be466e23189e2f44e2d48900da715893726795a6305969b57d15;0x311ce099976d72f9e093690fd1408a14ad4ed4da;0x7e5e452e215b011fa394c8e1903be800f6872f0a6b7f45f078b7cac40af13c26;0xac4fd96fcf729390a3c8044422a529028ec36751,0.21164021164021163,-0.06768558951965065,-0.11572052401746724,-0.1572052401746724
2026-04-23,STRK,0.0427,53288087.92690241,49623.70344794272,53337711.63035036,0.0009303680628792802,1073.8434301422865,11,binance;bitget;bybit;coinbase;crypto_com;gate;htx;kraken;kucoin;mexc;okx,eth,eth,4,uniswap-v4-ethereum;uniswap_v2;uniswap_v3,0x23c7411ea339be466e23189e2f44e2d48900da715893726795a6305969b57d15;0x311ce099976d72f9e093690fd1408a14ad4ed4da;0x7e5e452e215b011fa394c8e1903be800f6872f0a6b7f45f078b7cac40af13c26;0xac4fd96fcf729390a3c8044422a529028ec36751,-0.06768558951965065,-0.049180327868852514,-0.0679156908665105,-0.10070257611241229
2026-04-24,STRK,0.0406,13691214.890784249,16182.722531146734,13707397.613315396,0.0011805831411373668,846.0390310983147,11,binance;bitget;bybit;coinbase;crypto_com;gate;htx;kraken;kucoin;mexc;okx,eth,eth,3,uniswap-v4-ethereum;uniswap_v2;uniswap_v3,0x23c7411ea339be466e23189e2f44e2d48900da715893726795a6305969b57d15;0x311ce099976d72f9e093690fd1408a14ad4ed4da;0xac4fd96fcf729390a3c8044422a529028ec36751,-0.049180327868852514,-0.0024630541871920597,-0.04926108374384219,-0.029556650246305383
2026-04-25,STRK,0.0405,5591182.4110334525,3484.7737931766987,5594667.184826629,0.0006228741903768288,1604.4606459051004,11,binance;bitget;bybit;coinbase;crypto_com;gate;htx;kraken;kucoin;mexc;okx,eth,eth,4,uniswap-v4-ethereum;uniswap_v2;uniswap_v3,0x23c7411ea339be466e23189e2f44e2d48900da715893726795a6305969b57d15;0x311ce099976d72f9e093690fd1408a14ad4ed4da;0x7e5e452e215b011fa394c8e1903be800f6872f0a6b7f45f078b7cac40af13c26;0xac4fd96fcf729390a3c8044422a529028ec36751,-0.0024630541871920597,-0.01728395061728394,-0.039506172839506304,-0.01728395061728394
2026-04-26,STRK,0.0398,4174803.84853929,2858.4951071067076,4177662.343646397,0.0006842331600719367,1460.490115291789,11,binance;bitget;bybit;coinbase;crypto_com;gate;htx;kraken;kucoin;mexc;okx,eth,eth,3,uniswap-v4-ethereum;uniswap_v2;uniswap_v3,0x23c7411ea339be466e23189e2f44e2d48900da715893726795a6305969b57d15;0x311ce099976d72f9e093690fd1408a14ad4ed4da;0xac4fd96fcf729390a3c8044422a529028ec36751,-0.01728395061728394,-0.03015075376884424,-0.03015075376884424,-0.027638190954773934
2026-04-27,STRK,0.0386,5149107.32385664,15874.03732717814,5164981.3611838175,0.0030733968270390422,324.3728874846973,11,binance;bitget;bybit;coinbase;crypto_com;gate;htx;kraken;kucoin;mexc;okx,eth,eth,4,uniswap-v4-ethereum;uniswap_v2;uniswap_v3,0x23c7411ea339be466e23189e2f44e2d48900da715893726795a6305969b57d15;0x311ce099976d72f9e093690fd1408a14ad4ed4da;0x7e5e452e215b011fa394c8e1903be800f6872f0a6b7f45f078b7cac40af13c26;0xac4fd96fcf729390a3c8044422a529028ec36751,-0.03015075376884424,0.007772020725388407,-0.005181347150259197,-0.005181347150259197
2026-04-28,STRK,0.0389,3690884.7460619602,7621.916141547925,3698506.662203508,0.0020608090880136244,484.24630729568526,11,binance;bitget;bybit;coinbase;crypto_com;gate;htx;kraken;kucoin;mexc;okx,eth,eth,4,uniswap-v4-ethereum;uniswap_v2;uniswap_v3,0x23c7411ea339be466e23189e2f44e2d48900da715893726795a6305969b57d15;0x311ce099976d72f9e093690fd1408a14ad4ed4da;0x7e5e452e215b011fa394c8e1903be800f6872f0a6b7f45f078b7cac40af13c26;0xac4fd96fcf729390a3c8044422a529028ec36751,0.007772020725388407,-0.007712082262210651,0.01285347043701801,0.015424164524421746
2026-04-29,STRK,0.0386,6052740.428463518,5125.352014249881,6057865.780477768,0.0008460656277276678,1180.9414088310896,11,binance;bitget;bybit;coinbase;crypto_com;gate;htx;kraken;kucoin;mexc;okx,eth,eth,3,uniswap-v4-ethereum;uniswap_v2;uniswap_v3,0x23c7411ea339be466e23189e2f44e2d48900da715893726795a6305969b57d15;0x311ce099976d72f9e093690fd1408a14ad4ed4da;0xac4fd96fcf729390a3c8044422a529028ec36751,-0.007712082262210651,-0.005181347150259197,0.031088082901554293,0.059585492227979264
2026-04-30,STRK,0.0384,3654411.513514093,7640.681849600937,3662052.195363694,0.0020864481012243218,478.2834288153168,11,binance;bitget;bybit;coinbase;crypto_com;gate;htx;kraken;kucoin;mexc;okx,eth,eth,4,uniswap-v4-ethereum;uniswap_v2;uniswap_v3,0x23c7411ea339be466e23189e2f44e2d48900da715893726795a6305969b57d15;0x311ce099976d72f9e093690fd1408a14ad4ed4da;0x7e5e452e215b011fa394c8e1903be800f6872f0a6b7f45f078b7cac40af13c26;0xac4fd96fcf729390a3c8044422a529028ec36751,-0.005181347150259197,0.02604166666666674,0.0078125,0.20052083333333348
2026-05-01,STRK,0.0394,4699292.295675059,4618.751629018633,4703911.047304077,0.000981896039821108,1017.4377565899855,11,binance;bitget;bybit;coinbase;crypto_com;gate;htx;kraken;kucoin;mexc;okx,eth,eth,3,uniswap-v4-ethereum;uniswap_v2;uniswap_v3,0x23c7411ea339be466e23189e2f44e2d48900da715893726795a6305969b57d15;0x311ce099976d72f9e093690fd1408a14ad4ed4da;0xac4fd96fcf729390a3c8044422a529028ec36751,0.02604166666666674,0.010152284263959421,-0.025380710659898553,0.4238578680203047
2026-05-02,STRK,0.0398,3639562.8330546,5243.800103476803,3644806.6331580766,0.0014387046093946728,694.06971303911,11,binance;bitget;bybit;coinbase;crypto_com;gate;htx;kraken;kucoin;mexc;okx,eth,eth,3,uniswap-v4-ethereum;uniswap_v2;uniswap_v3,0x23c7411ea339be466e23189e2f44e2d48900da715893726795a6305969b57d15;0x311ce099976d72f9e093690fd1408a14ad4ed4da;0xac4fd96fcf729390a3c8044422a529028ec36751,0.010152284263959421,-0.027638190954773934,-0.007537688442211143,0.3316582914572863
2026-05-03,STRK,0.0387,2926861.4225919517,13205.333573084828,2940066.7561650365,0.004491508073887954,221.64236945573975,11,binance;bitget;bybit;coinbase;crypto_com;gate;htx;kraken;kucoin;mexc;okx,eth,eth,4,uniswap-v4-ethereum;uniswap_v2;uniswap_v3,0x23c7411ea339be466e23189e2f44e2d48900da715893726795a6305969b57d15;0x311ce099976d72f9e093690fd1408a14ad4ed4da;0x7e5e452e215b011fa394c8e1903be800f6872f0a6b7f45f078b7cac40af13c26;0xac4fd96fcf729390a3c8044422a529028ec36751,-0.027638190954773934,-0.007751937984496138,0.056847545219638196,0.34883720930232576
2026-05-04,STRK,0.0384,6092983.360841904,11976.945784229163,6104960.306626133,0.001961838436726568,508.7259699267353,11,binance;bitget;bybit;coinbase;crypto_com;gate;htx;kraken;kucoin;mexc;okx,eth,eth,4,uniswap-v4-ethereum;uniswap_v2;uniswap_v3,0x23c7411ea339be466e23189e2f44e2d48900da715893726795a6305969b57d15;0x311ce099976d72f9e093690fd1408a14ad4ed4da;0x7e5e452e215b011fa394c8e1903be800f6872f0a6b7f45f078b7cac40af13c26;0xac4fd96fcf729390a3c8044422a529028ec36751,-0.007751937984496138,0.02864583333333348,0.20052083333333348,0.3098958333333335
2026-05-05,STRK,0.0395,7136662.639320725,10845.261057974629,7147507.900378699,0.0015173485932628364,658.0443385521887,11,binance;bitget;bybit;coinbase;crypto_com;gate;htx;kraken;kucoin;mexc;okx,eth,eth,3,uniswap-v4-ethereum;uniswap_v2;uniswap_v3,0x311ce099976d72f9e093690fd1408a14ad4ed4da;0x7e5e452e215b011fa394c8e1903be800f6872f0a6b7f45f078b7cac40af13c26;0xac4fd96fcf729390a3c8044422a529028ec36751,0.02864583333333348,0.03544303797468351,0.42025316455696204,0.24303797468354427
2026-05-06,STRK,0.0409,22946184.82853433,122578.26890388288,23068763.097438212,0.005313603871440129,187.19618928969447,11,binance;bitget;bybit;coinbase;crypto_com;gate;htx;kraken;kucoin;mexc;okx,eth,eth,4,uniswap-v4-ethereum;uniswap_v2;uniswap_v3,0x23c7411ea339be466e23189e2f44e2d48900da715893726795a6305969b57d15;0x311ce099976d72f9e093690fd1408a14ad4ed4da;0x7e5e452e215b011fa394c8e1903be800f6872f0a6b7f45f078b7cac40af13c26;0xac4fd96fcf729390a3c8044422a529028ec36751,0.03544303797468351,0.12713936430317863,0.2958435207823962,0.15647921760391204
2026-05-07,STRK,0.0461,28681744.495065484,12987.600174147858,28694732.09523963,0.00045261270016535405,2208.3944770764665,11,binance;bitget;bybit;coinbase;crypto_com;gate;htx;kraken;kucoin;mexc;okx,eth,eth,4,uniswap-v4-ethereum;uniswap_v2;uniswap_v3,0x23c7411ea339be466e23189e2f44e2d48900da715893726795a6305969b57d15;0x311ce099976d72f9e093690fd1408a14ad4ed4da;0x7e5e452e215b011fa394c8e1903be800f6872f0a6b7f45f078b7cac40af13c26;0xac4fd96fcf729390a3c8044422a529028ec36751,0.12713936430317863,0.21691973969631229,0.13232104121475063,0.00867678958785234
2026-05-08,STRK,0.0561,115670110.7159849,32056.598531832835,115702167.31451672,0.00027706134877052396,3608.3089290063695,11,binance;bitget;bybit;coinbase;crypto_com;gate;htx;kraken;kucoin;mexc;okx,eth,eth,4,uniswap-v4-ethereum;uniswap_v2;uniswap_v3,0x23c7411ea339be466e23189e2f44e2d48900da715893726795a6305969b57d15;0x311ce099976d72f9e093690fd1408a14ad4ed4da;0x7e5e452e215b011fa394c8e1903be800f6872f0a6b7f45f078b7cac40af13c26;0xac4fd96fcf729390a3c8044422a529028ec36751,0.21691973969631229,-0.05525846702317283,-0.10338680926916222,-0.21568627450980393
2026-05-09,STRK,0.053,65434008.06218975,14465.705706163013,65448473.767895915,0.00022102433981063737,4523.388584790028,11,binance;bitget;bybit;coinbase;crypto_com;gate;htx;kraken;kucoin;mexc;okx,eth,eth,4,uniswap-v4-ethereum;uniswap_v2;uniswap_v3,0x23c7411ea339be466e23189e2f44e2d48900da715893726795a6305969b57d15;0x311ce099976d72f9e093690fd1408a14ad4ed4da;0x7e5e452e215b011fa394c8e1903be800f6872f0a6b7f45f078b7cac40af13c26;0xac4fd96fcf729390a3c8044422a529028ec36751,-0.05525846702317283,-0.015094339622641395,-0.07358490566037734,-0.20377358490566033
2026-05-10,STRK,0.0522,18541688.34840666,5210.4498379676015,18546898.79824463,0.00028093375041550044,3558.5580755996816,11,binance;bitget;bybit;coinbase;crypto_com;gate;htx;kraken;kucoin;mexc;okx,eth,eth,4,uniswap-v4-ethereum;uniswap_v2;uniswap_v3,0x23c7411ea339be466e23189e2f44e2d48900da715893726795a6305969b57d15;0x311ce099976d72f9e093690fd1408a14ad4ed4da;0x7e5e452e215b011fa394c8e1903be800f6872f0a6b7f45f078b7cac40af13c26;0xac4fd96fcf729390a3c8044422a529028ec36751,-0.015094339622641395,-0.03639846743295028,-0.0938697318007663,-0.2183908045977011
2026-05-11,STRK,0.0503,10044317.826819653,4965.356888898116,10049283.18370855,0.000494100603807019,2022.8793320531347,11,binance;bitget;bybit;coinbase;crypto_com;gate;htx;kraken;kucoin;mexc;okx,eth,eth,4,uniswap-v4-ethereum;uniswap_v2;uniswap_v3,0x23c7411ea339be466e23189e2f44e2d48900da715893726795a6305969b57d15;0x311ce099976d72f9e093690fd1408a14ad4ed4da;0x7e5e452e215b011fa394c8e1903be800f6872f0a6b7f45f078b7cac40af13c26;0xac4fd96fcf729390a3c8044422a529028ec36751,-0.03639846743295028,-0.02385685884691846,-0.07554671968190851,-0.1908548707753479
2026-05-12,STRK,0.0491,14281321.903809583,6801.841692129845,14288123.745501712,0.000476048627047428,2099.6257411186098,11,binance;bitget;bybit;coinbase;crypto_com;gate;htx;kraken;kucoin;mexc;okx,eth,eth,4,uniswap-v4-ethereum;uniswap_v2;uniswap_v3,0x23c7411ea339be466e23189e2f44e2d48900da715893726795a6305969b57d15;0x311ce099976d72f9e093690fd1408a14ad4ed4da;0x7e5e452e215b011fa394c8e1903be800f6872f0a6b7f45f078b7cac40af13c26;0xac4fd96fcf729390a3c8044422a529028ec36751,-0.02385685884691846,-0.03665987780040725,-0.10386965376782076,-0.19144602851323822
2026-05-13,STRK,0.0473,10113764.096577384,4634.159349067334,10118398.25592645,0.00045799337324492625,2182.4377054735655,11,binance;bitget;bybit;coinbase;crypto_com;gate;htx;kraken;kucoin;mexc;okx,eth,eth,4,uniswap-v4-ethereum;uniswap_v2;uniswap_v3,0x23c7411ea339be466e23189e2f44e2d48900da715893726795a6305969b57d15;0x311ce099976d72f9e093690fd1408a14ad4ed4da;0x7e5e452e215b011fa394c8e1903be800f6872f0a6b7f45f078b7cac40af13c26;0xac4fd96fcf729390a3c8044422a529028ec36751,-0.03665987780040725,-0.016913319238900715,-0.10782241014799154,-0.08033826638477815
2026-05-14,STRK,0.0465,6395785.644412602,11031.920142796838,6406817.564555399,0.0017219032743852442,579.7527140901808,11,binance;bitget;bybit;coinbase;crypto_com;gate;htx;kraken;kucoin;mexc;okx,eth,eth,4,uniswap-v4-ethereum;uniswap_v2;uniswap_v3,0x23c7411ea339be466e23189e2f44e2d48900da715893726795a6305969b57d15;0x311ce099976d72f9e093690fd1408a14ad4ed4da;0x7e5e452e215b011fa394c8e1903be800f6872f0a6b7f45f078b7cac40af13c26;0xac4fd96fcf729390a3c8044422a529028ec36751,-0.016913319238900715,-0.05376344086021512,-0.1225806451612903,-0.05161290322580647
2026-05-15,STRK,0.044,6262899.9306752635,1683.868472156967,6264583.799147421,0.0002687917547509115,3719.3522143999426,11,binance;bitget;bybit;coinbase;crypto_com;gate;htx;kraken;kucoin;mexc;okx,eth,eth,3,uniswap-v4-ethereum;uniswap_v2;uniswap_v3,0x311ce099976d72f9e093690fd1408a14ad4ed4da;0x7e5e452e215b011fa394c8e1903be800f6872f0a6b7f45f078b7cac40af13c26;0xac4fd96fcf729390a3c8044422a529028ec36751,-0.05376344086021512,-0.040909090909090784,-0.07499999999999996,-0.084090909090909
2026-05-16,STRK,0.0422,5249453.781639494,14867.510496904462,5264321.292136398,0.0028242027170934394,353.08223140198714,11,binance;bitget;bybit;coinbase;crypto_com;gate;htx;kraken;kucoin;mexc;okx,eth,eth,4,uniswap-v4-ethereum;uniswap_v2;uniswap_v3,0x23c7411ea339be466e23189e2f44e2d48900da715893726795a6305969b57d15;0x311ce099976d72f9e093690fd1408a14ad4ed4da;0x7e5e452e215b011fa394c8e1903be800f6872f0a6b7f45f078b7cac40af13c26;0xac4fd96fcf729390a3c8044422a529028ec36751,-0.040909090909090784,-0.033175355450236976,-0.05924170616113744,-0.026066350710900577
2026-05-17,STRK,0.0408,4888664.18908247,2234.106097744297,4890898.295180214,0.00045678850037546683,2188.1969679140984,11,binance;bitget;bybit;coinbase;crypto_com;gate;htx;kraken;kucoin;mexc;okx,eth,eth,3,uniswap-v4-ethereum;uniswap_v2;uniswap_v3,0x23c7411ea339be466e23189e2f44e2d48900da715893726795a6305969b57d15;0x311ce099976d72f9e093690fd1408a14ad4ed4da;0xac4fd96fcf729390a3c8044422a529028ec36751,-0.033175355450236976,-0.002450980392156965,0.06617647058823506,-0.02450980392156865
2026-05-18,STRK,0.0407,5237586.516996569,6665.16969300051,5244251.68668957,0.0012709477140308448,785.8144290755072,11,binance;bitget;bybit;coinbase;crypto_com;gate;htx;kraken;kucoin;mexc;okx,eth,eth,4,uniswap-v4-ethereum;uniswap_v2;uniswap_v3,0x23c7411ea339be466e23189e2f44e2d48900da715893726795a6305969b57d15;0x311ce099976d72f9e093690fd1408a14ad4ed4da;0x7e5e452e215b011fa394c8e1903be800f6872f0a6b7f45f078b7cac40af13c26;0xac4fd96fcf729390a3c8044422a529028ec36751,-0.002450980392156965,-0.02457002457002455,0.08353808353808345,0.0073710073710073765
2026-05-19,STRK,0.0397,4405724.947820764,5341.864672256364,4411066.812493021,0.0012110142283783005,824.754129527549,11,binance;bitget;bybit;coinbase;crypto_com;gate;htx;kraken;kucoin;mexc;okx,eth,eth,3,uniswap-v4-ethereum;uniswap_v2;uniswap_v3,0x23c7411ea339be466e23189e2f44e2d48900da715893726795a6305969b57d15;0x311ce099976d72f9e093690fd1408a14ad4ed4da;0xac4fd96fcf729390a3c8044422a529028ec36751,-0.02457002457002455,0.09571788413098226,0.015113350125944613,0.015113350125944613
2026-05-20,STRK,0.0435,10639305.97641911,11615.938397685695,10650921.914816795,0.001090604033208284,915.9230715736952,11,binance;bitget;bybit;coinbase;crypto_com;gate;htx;kraken;kucoin;mexc;okx,eth,eth,4,uniswap-v4-ethereum;uniswap_v2;uniswap_v3,0x23c7411ea339be466e23189e2f44e2d48900da715893726795a6305969b57d15;0x311ce099976d72f9e093690fd1408a14ad4ed4da;0x7e5e452e215b011fa394c8e1903be800f6872f0a6b7f45f078b7cac40af13c26;0xac4fd96fcf729390a3c8044422a529028ec36751,0.09571788413098226,0.01379310344827589,-0.05517241379310345,-0.0965517241379309
2026-05-21,STRK,0.0441,7972716.469684452,12417.181511262026,7985133.651195714,0.0015550374049659952,642.071347870161,11,binance;bitget;bybit;coinbase;crypto_com;gate;htx;kraken;kucoin;mexc;okx,eth,eth,4,uniswap-v4-ethereum;uniswap_v2;uniswap_v3,0x23c7411ea339be466e23189e2f44e2d48900da715893726795a6305969b57d15;0x311ce099976d72f9e093690fd1408a14ad4ed4da;0x7e5e452e215b011fa394c8e1903be800f6872f0a6b7f45f078b7cac40af13c26;0xac4fd96fcf729390a3c8044422a529028ec36751,0.01379310344827589,-0.08616780045351469,-0.09750566893424029,-0.16326530612244894
2026-05-22,STRK,0.0403,7464345.655803627,4301.312529309207,7468646.968332937,0.0005759158984949713,1735.3646369431344,11,binance;bitget;bybit;coinbase;crypto_com;gate;htx;kraken;kucoin;mexc;okx,eth,eth,4,uniswap-v4-ethereum;uniswap_v2;uniswap_v3,0x23c7411ea339be466e23189e2f44e2d48900da715893726795a6305969b57d15;0x311ce099976d72f9e093690fd1408a14ad4ed4da;0x7e5e452e215b011fa394c8e1903be800f6872f0a6b7f45f078b7cac40af13c26;0xac4fd96fcf729390a3c8044422a529028ec36751,-0.08616780045351469,0.01985111662531014,0.017369727047146455,-0.07444168734491319
2026-05-23,STRK,0.0411,6368628.189918997,7072.102265283923,6375700.29218428,0.001109227526575133,900.5282942784646,11,binance;bitget;bybit;coinbase;crypto_com;gate;htx;kraken;kucoin;mexc;okx,eth,eth,4,uniswap-v4-ethereum;uniswap_v2;uniswap_v3,0x23c7411ea339be466e23189e2f44e2d48900da715893726795a6305969b57d15;0x311ce099976d72f9e093690fd1408a14ad4ed4da;0x7e5e452e215b011fa394c8e1903be800f6872f0a6b7f45f078b7cac40af13c26;0xac4fd96fcf729390a3c8044422a529028ec36751,0.01985111662531014,-0.031630170316301554,-0.019464720194647067,-0.09245742092457421
2026-05-24,STRK,0.0398,4389674.771396763,4755.257010409728,4394430.028407172,0.0010821100756343918,923.1204037525902,11,binance;bitget;bybit;coinbase;crypto_com;gate;htx;kraken;kucoin;mexc;okx,eth,eth,4,uniswap-v4-ethereum;uniswap_v2;uniswap_v3,0x23c7411ea339be466e23189e2f44e2d48900da715893726795a6305969b57d15;0x311ce099976d72f9e093690fd1408a14ad4ed4da;0x7e5e452e215b011fa394c8e1903be800f6872f0a6b7f45f078b7cac40af13c26;0xac4fd96fcf729390a3c8044422a529028ec36751,-0.031630170316301554,0.03015075376884413,-0.012562814070351758,-0.03768844221105527
2026-05-25,STRK,0.041,4354088.487774354,2618.747518957601,4356707.235293312,0.0006010841164040934,1662.6606636395059,11,binance;bitget;bybit;coinbase;crypto_com;gate;htx;kraken;kucoin;mexc;okx,eth,eth,3,uniswap-v4-ethereum;uniswap_v2;uniswap_v3,0x23c7411ea339be466e23189e2f44e2d48900da715893726795a6305969b57d15;0x311ce099976d72f9e093690fd1408a14ad4ed4da;0xac4fd96fcf729390a3c8044422a529028ec36751,0.03015075376884413,-0.017073170731707332,-0.09999999999999998,-0.06341463414634163
2026-05-26,STRK,0.0403,5607885.81862961,6858.590650522729,5614744.409280133,0.0012215321216023207,817.6440473528193,11,binance;bitget;bybit;coinbase;crypto_com;gate;htx;kraken;kucoin;mexc;okx,eth,eth,3,uniswap-v4-ethereum;uniswap_v2;uniswap_v3,0x23c7411ea339be466e23189e2f44e2d48900da715893726795a6305969b57d15;0x311ce099976d72f9e093690fd1408a14ad4ed4da;0xac4fd96fcf729390a3c8044422a529028ec36751,-0.017073170731707332,-0.02481389578163773,-0.07444168734491319,-0.1364764267990075
2026-05-27,STRK,0.0393,5915152.699600857,4538.0305074425,5919690.730108299,0.0007665992556606884,1303.4625240839252,11,binance;bitget;bybit;coinbase;crypto_com;gate;htx;kraken;kucoin;mexc;okx,eth,eth,3,uniswap-v4-ethereum;uniswap_v2;uniswap_v3,0x311ce099976d72f9e093690fd1408a14ad4ed4da;0x7e5e452e215b011fa394c8e1903be800f6872f0a6b7f45f078b7cac40af13c26;0xac4fd96fcf729390a3c8044422a529028ec36751,-0.02481389578163773,-0.06106870229007633,-0.05089058524173029,-0.07633587786259544
2026-05-28,STRK,0.0369,9908751.860006722,9550.12241606697,9918301.98242279,0.0009628787702765749,1037.5523399926685,11,binance;bitget;bybit;coinbase;crypto_com;gate;htx;kraken;kucoin;mexc;okx,eth,eth,4,uniswap-v4-ethereum;uniswap_v2;uniswap_v3,0x23c7411ea339be466e23189e2f44e2d48900da715893726795a6305969b57d15;0x311ce099976d72f9e093690fd1408a14ad4ed4da;0x7e5e452e215b011fa394c8e1903be800f6872f0a6b7f45f078b7cac40af13c26;0xac4fd96fcf729390a3c8044422a529028ec36751,-0.06106870229007633,0.010840108401083848,0.03794037940379402,-0.035230352303523116
2026-05-29,STRK,0.0373,4675061.118588953,7410.164866369247,4682471.2834553225,0.001582532901494077,630.8983946911278,11,binance;bitget;bybit;coinbase;crypto_com;gate;htx;kraken;kucoin;mexc;okx,eth,eth,4,uniswap-v4-ethereum;uniswap_v2;uniswap_v3,0x23c7411ea339be466e23189e2f44e2d48900da715893726795a6305969b57d15;0x311ce099976d72f9e093690fd1408a14ad4ed4da;0x7e5e452e215b011fa394c8e1903be800f6872f0a6b7f45f078b7cac40af13c26;0xac4fd96fcf729390a3c8044422a529028ec36751,0.010840108401083848,0.0,0.029490616621983934,-0.126005361930295
2026-05-30,STRK,0.0373,3465951.1376959654,8563.253935975425,3474514.391631941,0.0024645901472157552,404.74697627907784,11,binance;bitget;bybit;coinbase;crypto_com;gate;htx;kraken;kucoin;mexc;okx,eth,eth,3,uniswap-v4-ethereum;uniswap_v2;uniswap_v3,0x23c7411ea339be466e23189e2f44e2d48900da715893726795a6305969b57d15;0x311ce099976d72f9e093690fd1408a14ad4ed4da;0xac4fd96fcf729390a3c8044422a529028ec36751,0.0,0.02680965147453085,-0.06702412868632712,-0.15013404825737264
2026-05-31,STRK,0.0383,3108989.661702311,2029.8440909941955,3111019.505793305,0.0006524690980606978,1531.6396345394005,11,binance;bitget;bybit;coinbase;crypto_com;gate;htx;kraken;kucoin;mexc;okx,eth,eth,4,uniswap-v4-ethereum;uniswap_v2;uniswap_v3,0x23c7411ea339be466e23189e2f44e2d48900da715893726795a6305969b57d15;0x311ce099976d72f9e093690fd1408a14ad4ed4da;0x7e5e452e215b011fa394c8e1903be800f6872f0a6b7f45f078b7cac40af13c26;0xac4fd96fcf729390a3c8044422a529028ec36751,0.02680965147453085,0.0026109660574411553,-0.052219321148825104,-0.11749347258485654
2026-06-01,STRK,0.0384,4858653.422014751,6736.276082907886,4865389.698097658,0.0013845296062392977,721.266967418798,11,binance;bitget;bybit;coinbase;crypto_com;gate;htx;kraken;kucoin;mexc;okx,eth,eth,4,uniswap-v4-ethereum;uniswap_v2;uniswap_v3,0x23c7411ea339be466e23189e2f44e2d48900da715893726795a6305969b57d15;0x311ce099976d72f9e093690fd1408a14ad4ed4da;0x7e5e452e215b011fa394c8e1903be800f6872f0a6b7f45f078b7cac40af13c26;0xac4fd96fcf729390a3c8044422a529028ec36751,0.0026109660574411553,-0.09375,-0.07291666666666663,-0.10937499999999989
2026-06-02,STRK,0.0348,7837312.122305764,6256.886642327536,7843569.008948091,0.0007977091340931101,1252.5897575459855,11,binance;bitget;bybit;coinbase;crypto_com;gate;htx;kraken;kucoin;mexc;okx,eth,eth,3,uniswap-v4-ethereum;uniswap_v2;uniswap_v3,0x23c7411ea339be466e23189e2f44e2d48900da715893726795a6305969b57d15;0x311ce099976d72f9e093690fd1408a14ad4ed4da;0xac4fd96fcf729390a3c8044422a529028ec36751,-0.09375,0.0431034482758621,-0.06321839080459768,0.00287356321839094
2026-06-03,STRK,0.0363,6885848.568052391,4726.221566228514,6890574.789618619,0.0006858965631356426,1456.9457803789,11,binance;bitget;bybit;coinbase;crypto_com;gate;htx;kraken;kucoin;mexc;okx,eth,eth,4,uniswap-v4-ethereum;uniswap_v2;uniswap_v3,0x23c7411ea339be466e23189e2f44e2d48900da715893726795a6305969b57d15;0x311ce099976d72f9e093690fd1408a14ad4ed4da;0x7e5e452e215b011fa394c8e1903be800f6872f0a6b7f45f078b7cac40af13c26;0xac4fd96fcf729390a3c8044422a529028ec36751,0.0431034482758621,-0.019283746556473802,-0.1267217630853994,-0.0881542699724518
2026-06-04,STRK,0.0356,18110882.54087521,9753.749148362176,18120636.290023573,0.0005382674753939056,1856.8124180142918,11,binance;bitget;bybit;coinbase;crypto_com;gate;htx;kraken;kucoin;mexc;okx,eth,eth,4,uniswap-v4-ethereum;uniswap_v2;uniswap_v3,0x23c7411ea339be466e23189e2f44e2d48900da715893726795a6305969b57d15;0x311ce099976d72f9e093690fd1408a14ad4ed4da;0x7e5e452e215b011fa394c8e1903be800f6872f0a6b7f45f078b7cac40af13c26;0xac4fd96fcf729390a3c8044422a529028ec36751,-0.019283746556473802,-0.08426966292134841,-0.05056179775280911,-0.0337078651685393
2026-06-05,STRK,0.0326,14834571.37764994,28449.63635853668,14863021.014008477,0.001914122057132446,521.4327238034674,11,binance;bitget;bybit;coinbase;crypto_com;gate;htx;kraken;kucoin;mexc;okx,eth,eth,4,uniswap-v4-ethereum;uniswap_v2;uniswap_v3,0x23c7411ea339be466e23189e2f44e2d48900da715893726795a6305969b57d15;0x311ce099976d72f9e093690fd1408a14ad4ed4da;0x7e5e452e215b011fa394c8e1903be800f6872f0a6b7f45f078b7cac40af13c26;0xac4fd96fcf729390a3c8044422a529028ec36751,-0.08426966292134841,-0.027607361963190136,0.049079754601227155,0.030674846625766916
2026-06-06,STRK,0.0317,6174926.293378125,29701.443332067287,6204627.736710193,0.004786982328744116,207.89987288972384,11,binance;bitget;bybit;coinbase;crypto_com;gate;htx;kraken;kucoin;mexc;okx,eth,eth,4,uniswap-v4-ethereum;uniswap_v2;uniswap_v3,0x23c7411ea339be466e23189e2f44e2d48900da715893726795a6305969b57d15;0x311ce099976d72f9e093690fd1408a14ad4ed4da;0x7e5e452e215b011fa394c8e1903be800f6872f0a6b7f45f078b7cac40af13c26;0xac4fd96fcf729390a3c8044422a529028ec36751,-0.027607361963190136,0.06624605678233442,0.10094637223974767,0.09463722397476348
2026-06-07,STRK,0.0338,6088133.390472996,5372.876460965073,6093506.266933961,0.000881738070923248,1133.1236507491647,11,binance;bitget;bybit;coinbase;crypto_com;gate;htx;kraken;kucoin;mexc;okx,eth,eth,4,uniswap-v4-ethereum;uniswap_v2;uniswap_v3,0x23c7411ea339be466e23189e2f44e2d48900da715893726795a6305969b57d15;0x311ce099976d72f9e093690fd1408a14ad4ed4da;0x7e5e452e215b011fa394c8e1903be800f6872f0a6b7f45f078b7cac40af13c26;0xac4fd96fcf729390a3c8044422a529028ec36751,0.06624605678233442,0.01183431952662728,-0.020710059171597628,0.062130177514793106
2026-06-08,STRK,0.0342,5850791.662001605,3728.46309166342,5854520.125093268,0.0006368520411575188,1569.2234355446783,11,binance;bitget;bybit;coinbase;crypto_com;gate;htx;kraken;kucoin;mexc;okx,eth,eth,4,uniswap-v4-ethereum;uniswap_v2;uniswap_v3,0x23c7411ea339be466e23189e2f44e2d48900da715893726795a6305969b57d15;0x311ce099976d72f9e093690fd1408a14ad4ed4da;0x7e5e452e215b011fa394c8e1903be800f6872f0a6b7f45f078b7cac40af13c26;0xac4fd96fcf729390a3c8044422a529028ec36751,0.01183431952662728,0.020467836257309857,0.005847953216374213,0.06140350877192979
2026-06-09,STRK,0.0349,6335969.97630529,2690.8803438965583,6338660.856649186,0.0004245187437459845,2354.6085914509376,11,binance;bitget;bybit;coinbase;crypto_com;gate;htx;kraken;kucoin;mexc;okx,eth,eth,4,uniswap-v4-ethereum;uniswap_v2;uniswap_v3,0x23c7411ea339be466e23189e2f44e2d48900da715893726795a6305969b57d15;0x311ce099976d72f9e093690fd1408a14ad4ed4da;0x7e5e452e215b011fa394c8e1903be800f6872f0a6b7f45f078b7cac40af13c26;0xac4fd96fcf729390a3c8044422a529028ec36751,0.020467836257309857,-0.05157593123209181,-0.03724928366762181,0.011461318051575908
2026-06-10,STRK,0.0331,7936826.33592477,6756.379193367763,7943582.715118137,0.0008505455832302342,1174.7159401171214,11,binance;bitget;bybit;coinbase;crypto_com;gate;htx;kraken;kucoin;mexc;okx,eth,eth,4,uniswap-v4-ethereum;uniswap_v2;uniswap_v3,0x23c7411ea339be466e23189e2f44e2d48900da715893726795a6305969b57d15;0x311ce099976d72f9e093690fd1408a14ad4ed4da;0x7e5e452e215b011fa394c8e1903be800f6872f0a6b7f45f078b7cac40af13c26;0xac4fd96fcf729390a3c8044422a529028ec36751,-0.05157593123209181,0.0392749244712991,0.048338368580060465,0.0392749244712991
2026-06-11,STRK,0.0344,7577296.568691148,2670.3445581258843,7579966.913249275,0.0003522897380275237,2837.572606738468,11,binance;bitget;bybit;coinbase;crypto_com;gate;htx;kraken;kucoin;mexc;okx,eth,eth,4,uniswap-v4-ethereum;uniswap_v2;uniswap_v3,0x23c7411ea339be466e23189e2f44e2d48900da715893726795a6305969b57d15;0x311ce099976d72f9e093690fd1408a14ad4ed4da;0x7e5e452e215b011fa394c8e1903be800f6872f0a6b7f45f078b7cac40af13c26;0xac4fd96fcf729390a3c8044422a529028ec36751,0.0392749244712991,-0.023255813953488413,0.043604651162790775,0.031976744186046346
2026-06-12,STRK,0.0336,9361117.828602903,29677.575142142352,9390795.403745044,0.003160283433531834,315.4273145217331,11,binance;bitget;bybit;coinbase;crypto_com;gate;htx;kraken;kucoin;mexc;okx,eth,eth,3,uniswap-v4-ethereum;uniswap_v2;uniswap_v3,0x23c7411ea339be466e23189e2f44e2d48900da715893726795a6305969b57d15;0x311ce099976d72f9e093690fd1408a14ad4ed4da;0xac4fd96fcf729390a3c8044422a529028ec36751,-0.023255813953488413,0.032738095238095344,0.0803571428571428,0.023809523809523947
2026-06-13,STRK,0.0347,7409020.603473604,1849.3879892881118,7410869.991462892,0.0002495507263544703,4006.201319781238,11,binance;bitget;bybit;coinbase;crypto_com;gate;htx;kraken;kucoin;mexc;okx,eth,eth,3,uniswap-v4-ethereum;uniswap_v2;uniswap_v3,0x23c7411ea339be466e23189e2f44e2d48900da715893726795a6305969b57d15;0x311ce099976d72f9e093690fd1408a14ad4ed4da;0xac4fd96fcf729390a3c8044422a529028ec36751,0.032738095238095344,0.03458213256484144,0.01729106628242061,-0.011527377521613924
2026-06-14,STRK,0.0359,8803818.505987108,1694.0381126739217,8805512.544099782,0.00019238381686356555,5196.9424065028215,11,binance;bitget;bybit;coinbase;crypto_com;gate;htx;kraken;kucoin;mexc;okx,eth,eth,4,uniswap-v4-ethereum;uniswap_v2;uniswap_v3,0x23c7411ea339be466e23189e2f44e2d48900da715893726795a6305969b57d15;0x311ce099976d72f9e093690fd1408a14ad4ed4da;0x7e5e452e215b011fa394c8e1903be800f6872f0a6b7f45f078b7cac40af13c26;0xac4fd96fcf729390a3c8044422a529028ec36751,0.03458213256484144,0.011142061281336879,-0.04178272980501396,-0.0696378830083566
2026-06-15,STRK,0.0363,12023769.1529527,12056.764512354413,12035825.917465055,0.0010017396890776705,997.2633321843598,11,binance;bitget;bybit;coinbase;crypto_com;gate;htx;kraken;kucoin;mexc;okx,eth,eth,4,uniswap-v4-ethereum;uniswap_v2;uniswap_v3,0x23c7411ea339be466e23189e2f44e2d48900da715893726795a6305969b57d15;0x311ce099976d72f9e093690fd1408a14ad4ed4da;0x7e5e452e215b011fa394c8e1903be800f6872f0a6b7f45f078b7cac40af13c26;0xac4fd96fcf729390a3c8044422a529028ec36751,0.011142061281336879,-0.02754820936639124,-0.02203856749311306,-0.08264462809917339
2026-06-16,STRK,0.0353,5920387.52067235,7316.464055085985,5927703.984727436,0.0012342829658728996,809.1869892474682,11,binance;bitget;bybit;coinbase;crypto_com;gate;htx;kraken;kucoin;mexc;okx,eth,eth,4,uniswap-v4-ethereum;uniswap_v2;uniswap_v3,0x23c7411ea339be466e23189e2f44e2d48900da715893726795a6305969b57d15;0x311ce099976d72f9e093690fd1408a14ad4ed4da;0x7e5e452e215b011fa394c8e1903be800f6872f0a6b7f45f078b7cac40af13c26;0xac4fd96fcf729390a3c8044422a529028ec36751,-0.02754820936639124,-0.025495750708215192,-0.025495750708215192,-0.09348441926345608
2026-06-17,STRK,0.0344,6807799.881235829,3934.373923552395,6811734.255159381,0.0005775877003088311,1730.338807016335,11,binance;bitget;bybit;coinbase;crypto_com;gate;htx;kraken;kucoin;mexc;okx,eth,eth,3,uniswap-v4-ethereum;uniswap_v2;uniswap_v3,0x23c7411ea339be466e23189e2f44e2d48900da715893726795a6305969b57d15;0x311ce099976d72f9e093690fd1408a14ad4ed4da;0xac4fd96fcf729390a3c8044422a529028ec36751,-0.025495750708215192,0.031976744186046346,-0.0029069767441861627,-0.10465116279069764
2026-06-18,STRK,0.0355,6205550.681021663,2494.0493110222046,6208044.730332686,0.0004017447391827265,2488.142737834751,11,binance;bitget;bybit;coinbase;crypto_com;gate;htx;kraken;kucoin;mexc;okx,eth,eth,4,uniswap-v4-ethereum;uniswap_v2;uniswap_v3,0x23c7411ea339be466e23189e2f44e2d48900da715893726795a6305969b57d15;0x311ce099976d72f9e093690fd1408a14ad4ed4da;0x7e5e452e215b011fa394c8e1903be800f6872f0a6b7f45f078b7cac40af13c26;0xac4fd96fcf729390a3c8044422a529028ec36751,0.031976744186046346,-0.030985915492957705,-0.05915492957746471,-0.16619718309859144
2026-06-19,STRK,0.0344,4415950.342656813,1991.6889282820891,4417942.0315850945,0.0004508182574698699,2217.1887788048034,11,binance;bitget;bybit;coinbase;crypto_com;gate;htx;kraken;kucoin;mexc;okx,eth,eth,2,uniswap_v2;uniswap_v3,0x311ce099976d72f9e093690fd1408a14ad4ed4da;0xac4fd96fcf729390a3c8044422a529028ec36751,-0.030985915492957705,-0.0029069767441861627,-0.03197674418604646,-0.16279069767441867
2026-06-20,STRK,0.0343,3329575.9787458484,1259.9036422756978,3330835.8823881242,0.0003782544942960021,2642.722718645221,11,binance;bitget;bybit;coinbase;crypto_com;gate;htx;kraken;kucoin;mexc;okx,eth,eth,4,uniswap-v4-ethereum;uniswap_v2;uniswap_v3,0x23c7411ea339be466e23189e2f44e2d48900da715893726795a6305969b57d15;0x311ce099976d72f9e093690fd1408a14ad4ed4da;0x7e5e452e215b011fa394c8e1903be800f6872f0a6b7f45f078b7cac40af13c26;0xac4fd96fcf729390a3c8044422a529028ec36751,-0.0029069767441861627,-0.026239067055393583,-0.06705539358600576,-0.1720116618075801
2026-06-21,STRK,0.0334,3545849.504104394,1395.110547829938,3547244.614652224,0.00039329414782034037,2541.6261884191763,11,binance;bitget;bybit;coinbase;crypto_com;gate;htx;kraken;kucoin;mexc;okx,eth,eth,2,uniswap_v2;uniswap_v3,0x311ce099976d72f9e093690fd1408a14ad4ed4da;0xac4fd96fcf729390a3c8044422a529028ec36751,-0.026239067055393583,-0.0029940119760477613,-0.07784431137724546,-0.14071856287425144
2026-06-22,STRK,0.0333,5209271.678620322,2948.7356958982364,5212220.41431622,0.0005657350344968238,1766.6119367247957,11,binance;bitget;bybit;coinbase;crypto_com;gate;htx;kraken;kucoin;mexc;okx,eth,eth,3,uniswap-v4-ethereum;uniswap_v2;uniswap_v3,0x23c7411ea339be466e23189e2f44e2d48900da715893726795a6305969b57d15;0x311ce099976d72f9e093690fd1408a14ad4ed4da;0xac4fd96fcf729390a3c8044422a529028ec36751,-0.0029940119760477613,-0.03903903903903916,-0.11111111111111116,-0.0930930930930931
2026-06-23,STRK,0.032,5195867.261577643,1567.667523217746,5197434.929100861,0.00030162330930595167,3314.393635528512,11,binance;bitget;bybit;coinbase;crypto_com;gate;htx;kraken;kucoin;mexc;okx,eth,eth,4,uniswap-v4-ethereum;uniswap_v2;uniswap_v3,0x23c7411ea339be466e23189e2f44e2d48900da715893726795a6305969b57d15;0x311ce099976d72f9e093690fd1408a14ad4ed4da;0x7e5e452e215b011fa394c8e1903be800f6872f0a6b7f45f078b7cac40af13c26;0xac4fd96fcf729390a3c8044422a529028ec36751,-0.03903903903903916,-0.03749999999999998,-0.10000000000000009,-0.09062499999999996
2026-06-24,STRK,0.0308,8160211.982217122,2701.4256399495966,8162913.407857072,0.00033093890685516596,3020.7057568200826,11,binance;bitget;bybit;coinbase;crypto_com;gate;htx;kraken;kucoin;mexc;okx,eth,eth,4,uniswap-v4-ethereum;uniswap_v2;uniswap_v3,0x23c7411ea339be466e23189e2f44e2d48900da715893726795a6305969b57d15;0x311ce099976d72f9e093690fd1408a14ad4ed4da;0x7e5e452e215b011fa394c8e1903be800f6872f0a6b7f45f078b7cac40af13c26;0xac4fd96fcf729390a3c8044422a529028ec36751,-0.03749999999999998,-0.038961038961038974,-0.07792207792207795,-0.0357142857142857
2026-06-25,STRK,0.0296,7955562.26661194,15009.464030599003,7970571.730642539,0.0018831100876861477,530.0363990608429,11,binance;bitget;bybit;coinbase;crypto_com;gate;htx;kraken;kucoin;mexc;okx,eth,eth,3,uniswap-v4-ethereum;uniswap_v2;uniswap_v3,0x23c7411ea339be466e23189e2f44e2d48900da715893726795a6305969b57d15;0x311ce099976d72f9e093690fd1408a14ad4ed4da;0xac4fd96fcf729390a3c8044422a529028ec36751,-0.038961038961038974,-0.027027027027027084,-0.030405405405405483,0.03378378378378377
2026-06-26,STRK,0.0288,6837835.829954179,10372.22901435492,6848208.058968534,0.001514590229304039,659.2445867219839,11,binance;bitget;bybit;coinbase;crypto_com;gate;htx;kraken;kucoin;mexc;okx,eth,eth,4,uniswap-v4-ethereum;uniswap_v2;uniswap_v3,0x23c7411ea339be466e23189e2f44e2d48900da715893726795a6305969b57d15;0x311ce099976d72f9e093690fd1408a14ad4ed4da;0x7e5e452e215b011fa394c8e1903be800f6872f0a6b7f45f078b7cac40af13c26;0xac4fd96fcf729390a3c8044422a529028ec36751,-0.027027027027027084,-0.01388888888888884,0.04861111111111116,0.10763888888888884
2026-06-27,STRK,0.0284,6036144.042735313,8125.616843358698,6044269.659578672,0.0013443504841782839,742.8536391878763,11,binance;bitget;bybit;coinbase;crypto_com;gate;htx;kraken;kucoin;mexc;okx,eth,eth,4,uniswap-v4-ethereum;uniswap_v2;uniswap_v3,0x23c7411ea339be466e23189e2f44e2d48900da715893726795a6305969b57d15;0x311ce099976d72f9e093690fd1408a14ad4ed4da;0x7e5e452e215b011fa394c8e1903be800f6872f0a6b7f45f078b7cac40af13c26;0xac4fd96fcf729390a3c8044422a529028ec36751,-0.01388888888888884,0.010563380281690016,0.02464788732394374,0.102112676056338
2026-06-28,STRK,0.0287,6322294.772169564,2440.2875822048177,6324735.059751769,0.0003858323801946881,2590.799059206507,11,binance;bitget;bybit;coinbase;crypto_com;gate;htx;kraken;kucoin;mexc;okx,eth,eth,4,uniswap-v4-ethereum;uniswap_v2;uniswap_v3,0x23c7411ea339be466e23189e2f44e2d48900da715893726795a6305969b57d15;0x311ce099976d72f9e093690fd1408a14ad4ed4da;0x7e5e452e215b011fa394c8e1903be800f6872f0a6b7f45f078b7cac40af13c26;0xac4fd96fcf729390a3c8044422a529028ec36751,0.010563380281690016,0.05226480836236935,0.03484320557491283,0.1045296167247387
2026-06-29,STRK,0.0302,7370042.986756982,5424.117219176576,7375467.103976158,0.0007354269421461323,1358.7543721770476,11,binance;bitget;bybit;coinbase;crypto_com;gate;htx;kraken;kucoin;mexc;okx,eth,eth,4,uniswap-v4-ethereum;uniswap_v2;uniswap_v3,0x23c7411ea339be466e23189e2f44e2d48900da715893726795a6305969b57d15;0x311ce099976d72f9e093690fd1408a14ad4ed4da;0x7e5e452e215b011fa394c8e1903be800f6872f0a6b7f45f078b7cac40af13c26;0xac4fd96fcf729390a3c8044422a529028ec36751,0.05226480836236935,-0.03642384105960261,0.013245033112582627,0.039735099337748325
2026-06-30,STRK,0.0291,6301080.763532979,10167.667619967884,6311248.431152947,0.0016110390409889855,619.7174218361085,11,binance;bitget;bybit;coinbase;crypto_com;gate;htx;kraken;kucoin;mexc;okx,eth,eth,4,uniswap-v4-ethereum;uniswap_v2;uniswap_v3,0x23c7411ea339be466e23189e2f44e2d48900da715893726795a6305969b57d15;0x311ce099976d72f9e093690fd1408a14ad4ed4da;0x7e5e452e215b011fa394c8e1903be800f6872f0a6b7f45f078b7cac40af13c26;0xac4fd96fcf729390a3c8044422a529028ec36751,-0.03642384105960261,0.020618556701030855,0.09621993127147754,0.04810996563573888
2026-07-01,STRK,0.0297,7496347.371599472,2464.016882801726,7498811.388482274,0.0003285876594504442,3042.3279255601947,11,binance;bitget;bybit;coinbase;crypto_com;gate;htx;kraken;kucoin;mexc;okx,eth,eth,4,uniswap-v4-ethereum;uniswap_v2;uniswap_v3,0x23c7411ea339be466e23189e2f44e2d48900da715893726795a6305969b57d15;0x311ce099976d72f9e093690fd1408a14ad4ed4da;0x7e5e452e215b011fa394c8e1903be800f6872f0a6b7f45f078b7cac40af13c26;0xac4fd96fcf729390a3c8044422a529028ec36751,0.020618556701030855,0.030303030303030276,0.05387205387205385,
2026-07-02,STRK,0.0306,6686447.641853689,7633.896069076551,6694081.537922766,0.0011403948436883573,875.8892682517917,11,binance;bitget;bybit;coinbase;crypto_com;gate;htx;kraken;kucoin;mexc;okx,eth,eth,3,uniswap-v4-ethereum;uniswap_v2;uniswap_v3,0x23c7411ea339be466e23189e2f44e2d48900da715893726795a6305969b57d15;0x311ce099976d72f9e093690fd1408a14ad4ed4da;0xac4fd96fcf729390a3c8044422a529028ec36751,0.030303030303030276,0.042483660130719025,0.03594771241830075,
2026-07-03,STRK,0.0319,5546874.380183391,2209.7251495657288,5549084.105332957,0.00039821439135191136,2510.2100961621873,11,binance;bitget;bybit;coinbase;crypto_com;gate;htx;kraken;kucoin;mexc;okx,eth,eth,4,uniswap-v4-ethereum;uniswap_v2;uniswap_v3,0x23c7411ea339be466e23189e2f44e2d48900da715893726795a6305969b57d15;0x311ce099976d72f9e093690fd1408a14ad4ed4da;0x7e5e452e215b011fa394c8e1903be800f6872f0a6b7f45f078b7cac40af13c26;0xac4fd96fcf729390a3c8044422a529028ec36751,0.042483660130719025,-0.01880877742946696,-0.01567398119122254,
2026-07-04,STRK,0.0313,4897875.76260889,1259.1050957475,4899134.867704638,0.0002570055999167504,3889.9658012273717,11,binance;bitget;bybit;coinbase;crypto_com;gate;htx;kraken;kucoin;mexc;okx,eth,eth,3,uniswap-v4-ethereum;uniswap_v2;uniswap_v3,0x311ce099976d72f9e093690fd1408a14ad4ed4da;0x7e5e452e215b011fa394c8e1903be800f6872f0a6b7f45f078b7cac40af13c26;0xac4fd96fcf729390a3c8044422a529028ec36751,-0.01880877742946696,0.012779552715654896,-0.025559105431310014,
2026-07-05,STRK,0.0317,4764196.890650774,2327.3781605004247,4766524.268811274,0.0004882757391437452,2047.0231144673085,11,binance;bitget;bybit;coinbase;crypto_com;gate;htx;kraken;kucoin;mexc;okx,eth,eth,2,uniswap_v2;uniswap_v3,0x311ce099976d72f9e093690fd1408a14ad4ed4da;0xac4fd96fcf729390a3c8044422a529028ec36751,0.012779552715654896,-0.009463722397476393,,
2026-07-06,STRK,0.0314,5207743.811522765,13707.47112533804,5221451.282648103,0.0026252224493390616,379.92010079060714,11,binance;bitget;bybit;coinbase;crypto_com;gate;htx;kraken;kucoin;mexc;okx,eth,eth,4,uniswap-v4-ethereum;uniswap_v2;uniswap_v3,0x23c7411ea339be466e23189e2f44e2d48900da715893726795a6305969b57d15;0x311ce099976d72f9e093690fd1408a14ad4ed4da;0x7e5e452e215b011fa394c8e1903be800f6872f0a6b7f45f078b7cac40af13c26;0xac4fd96fcf729390a3c8044422a529028ec36751,-0.009463722397476393,-0.0286624203821656,,
2026-07-07,STRK,0.0305,3942668.3520797994,3838.8512195661715,3946507.2032993655,0.0009727211992307549,1027.0438020584086,11,binance;bitget;bybit;coinbase;crypto_com;gate;htx;kraken;kucoin;mexc;okx,eth,eth,4,uniswap-v4-ethereum;uniswap_v2;uniswap_v3,0x23c7411ea339be466e23189e2f44e2d48900da715893726795a6305969b57d15;0x311ce099976d72f9e093690fd1408a14ad4ed4da;0x7e5e452e215b011fa394c8e1903be800f6872f0a6b7f45f078b7cac40af13c26;0xac4fd96fcf729390a3c8044422a529028ec36751,-0.0286624203821656,,,
2026-01-17,SUSHI,0.3537,5996482.472952185,203477.21158218262,6199959.684534368,0.03281911850003654,29.470044465054308,11,binance;bitget;bybit;coinbase;crypto_com;gate;htx;kraken;kucoin;mexc;okx,bsc;eth,bsc;eth,5,pancakeswap_v2;shibaswap;sushiswap;sushiswap-v3-ethereum;uniswap_v2,0x16afc4f2ad82986bbe2a4525601f8199ab9c832d;0x6cbefa95e42960e579c2a3058c05c6a08e2498e9;0x795065dcc9f64b5614c407a6efdc400da6221fb0;0x87c7056bbe6084f03304196be51c6b90b6d85aa2;0xce84867c3c02b05dc570d0135103d3fb9cc19433,,-0.07152954481198748,-0.14701724625388746,-0.14164546225614938
2026-01-18,SUSHI,0.3284,4361226.386836401,99800.15808689073,4461026.544923292,0.02237156786266261,43.6995939729806,11,binance;bitget;bybit;coinbase;crypto_com;gate;htx;kraken;kucoin;mexc;okx,bsc;eth,bsc;eth,5,pancakeswap_v2;shibaswap;sushiswap;sushiswap-v3-ethereum;uniswap_v2,0x16afc4f2ad82986bbe2a4525601f8199ab9c832d;0x6cbefa95e42960e579c2a3058c05c6a08e2498e9;0x795065dcc9f64b5614c407a6efdc400da6221fb0;0x87c7056bbe6084f03304196be51c6b90b6d85aa2;0xce84867c3c02b05dc570d0135103d3fb9cc19433,-0.07152954481198748,-0.040499390986601824,-0.062119366626065875,-0.1327649208282583
2026-01-19,SUSHI,0.3151,7235652.127880945,172751.09202218367,7408403.219903128,0.02331826263965726,41.8848416133415,11,binance;bitget;bybit;coinbase;crypto_com;gate;htx;kraken;kucoin;mexc;okx,bsc;eth,bsc;eth,5,pancakeswap_v2;shibaswap;sushiswap;sushiswap-v3-ethereum;uniswap_v2,0x16afc4f2ad82986bbe2a4525601f8199ab9c832d;0x6cbefa95e42960e579c2a3058c05c6a08e2498e9;0x795065dcc9f64b5614c407a6efdc400da6221fb0;0x87c7056bbe6084f03304196be51c6b90b6d85aa2;0xce84867c3c02b05dc570d0135103d3fb9cc19433,-0.040499390986601824,-0.04252618216439219,-0.03776578863852731,-0.05807680101555057
2026-01-20,SUSHI,0.3017,4244211.371317578,98514.33974718746,4342725.711064765,0.022684909501925084,43.082168364618695,11,binance;bitget;bybit;coinbase;crypto_com;gate;htx;kraken;kucoin;mexc;okx,bsc;eth,bsc;eth,5,pancakeswap_v2;shibaswap;sushiswap;sushiswap-v3-ethereum;uniswap_v2,0x16afc4f2ad82986bbe2a4525601f8199ab9c832d;0x6cbefa95e42960e579c2a3058c05c6a08e2498e9;0x795065dcc9f64b5614c407a6efdc400da6221fb0;0x87c7056bbe6084f03304196be51c6b90b6d85aa2;0xce84867c3c02b05dc570d0135103d3fb9cc19433,-0.04252618216439219,0.020881670533642538,0.0006629101756712164,0.0033145508783560818
2026-01-21,SUSHI,0.308,4020721.8408093005,109336.82458550543,4130058.665394806,0.026473431358644772,36.773720620219294,11,binance;bitget;bybit;coinbase;crypto_com;gate;htx;kraken;kucoin;mexc;okx,bsc;eth,bsc;eth,5,pancakeswap_v2;shibaswap;sushiswap;sushiswap-v3-ethereum;uniswap_v2,0x16afc4f2ad82986bbe2a4525601f8199ab9c832d;0x6cbefa95e42960e579c2a3058c05c6a08e2498e9;0x795065dcc9f64b5614c407a6efdc400da6221fb0;0x87c7056bbe6084f03304196be51c6b90b6d85aa2;0xce84867c3c02b05dc570d0135103d3fb9cc19433,0.020881670533642538,-0.015584415584415479,-0.014285714285714346,-0.022727272727272707
2026-01-22,SUSHI,0.3032,2620492.7148046973,38718.06104075028,2659210.7758454476,0.01455998200384871,67.68140357149241,11,binance;bitget;bybit;coinbase;crypto_com;gate;htx;kraken;kucoin;mexc;okx,bsc;eth,bsc;eth,5,pancakeswap_v2;shibaswap;sushiswap;sushiswap-v3-ethereum;uniswap_v2,0x16afc4f2ad82986bbe2a4525601f8199ab9c832d;0x6cbefa95e42960e579c2a3058c05c6a08e2498e9;0x795065dcc9f64b5614c407a6efdc400da6221fb0;0x87c7056bbe6084f03304196be51c6b90b6d85aa2;0xce84867c3c02b05dc570d0135103d3fb9cc19433,-0.015584415584415479,-0.004287598944591076,-0.06068601583113464,-0.09300791556728227
2026-01-23,SUSHI,0.3019,1950167.8815294036,44572.22112503924,1994740.102654443,0.02234487644065813,43.752988572379266,11,binance;bitget;bybit;coinbase;crypto_com;gate;htx;kraken;kucoin;mexc;okx,bsc;eth,bsc;eth,5,pancakeswap_v2;shibaswap;sushiswap;sushiswap-v3-ethereum;uniswap_v2,0x16afc4f2ad82986bbe2a4525601f8199ab9c832d;0x6cbefa95e42960e579c2a3058c05c6a08e2498e9;0x795065dcc9f64b5614c407a6efdc400da6221fb0;0x87c7056bbe6084f03304196be51c6b90b6d85aa2;0xce84867c3c02b05dc570d0135103d3fb9cc19433,-0.004287598944591076,0.005631003643590482,-0.01689301093077178,-0.09738323948327254
2026-01-24,SUSHI,0.3036,1140690.5629094124,15870.720747948328,1156561.2836573608,0.01372233445145319,71.87389791713613,11,binance;bitget;bybit;coinbase;crypto_com;gate;htx;kraken;kucoin;mexc;okx,bsc;eth,bsc;eth,5,pancakeswap_v2;shibaswap;sushiswap;sushiswap-v3-ethereum;uniswap_v2,0x16afc4f2ad82986bbe2a4525601f8199ab9c832d;0x6cbefa95e42960e579c2a3058c05c6a08e2498e9;0x795065dcc9f64b5614c407a6efdc400da6221fb0;0x87c7056bbe6084f03304196be51c6b90b6d85aa2;0xce84867c3c02b05dc570d0135103d3fb9cc19433,0.005631003643590482,-0.061923583662714,-0.0029644268774702276,-0.19664031620553357
2026-01-25,SUSHI,0.2848,2753375.183280416,34404.38819833196,2787779.5714787478,0.012341143665129348,80.02976734851251,11,binance;bitget;bybit;coinbase;crypto_com;gate;htx;kraken;kucoin;mexc;okx,bsc;eth,bsc;eth,5,pancakeswap_v2;shibaswap;sushiswap;sushiswap-v3-ethereum;uniswap_v2,0x16afc4f2ad82986bbe2a4525601f8199ab9c832d;0x6cbefa95e42960e579c2a3058c05c6a08e2498e9;0x795065dcc9f64b5614c407a6efdc400da6221fb0;0x87c7056bbe6084f03304196be51c6b90b6d85aa2;0xce84867c3c02b05dc570d0135103d3fb9cc19433,-0.061923583662714,0.042134831460674205,0.05688202247190999,-0.1762640449438202
2026-01-26,SUSHI,0.2968,1999007.668604819,45722.64074473618,2044730.3093495553,0.02236120848586673,43.72030215325992,11,binance;bitget;bybit;coinbase;crypto_com;gate;htx;kraken;kucoin;mexc;okx,bsc;eth,bsc;eth,5,pancakeswap_v2;shibaswap;sushiswap;sushiswap-v3-ethereum;uniswap_v2,0x16afc4f2ad82986bbe2a4525601f8199ab9c832d;0x6cbefa95e42960e579c2a3058c05c6a08e2498e9;0x795065dcc9f64b5614c407a6efdc400da6221fb0;0x87c7056bbe6084f03304196be51c6b90b6d85aa2;0xce84867c3c02b05dc570d0135103d3fb9cc19433,0.042134831460674205,0.01987870619946097,-0.07345013477088946,-0.1853099730458222
2026-01-27,SUSHI,0.3027,1753980.4233068232,41240.32361183375,1795220.746918657,0.02297228554350168,42.53071435170614,11,binance;bitget;bybit;coinbase;crypto_com;gate;htx;kraken;kucoin;mexc;okx,bsc;eth,bsc;eth,5,pancakeswap_v2;shibaswap;sushiswap;sushiswap-v3-ethereum;uniswap_v2,0x16afc4f2ad82986bbe2a4525601f8199ab9c832d;0x6cbefa95e42960e579c2a3058c05c6a08e2498e9;0x795065dcc9f64b5614c407a6efdc400da6221fb0;0x87c7056bbe6084f03304196be51c6b90b6d85aa2;0xce84867c3c02b05dc570d0135103d3fb9cc19433,0.01987870619946097,-0.005616121572514121,-0.09976874793524948,-0.22233234225305587
2026-01-28,SUSHI,0.301,2142827.4586377577,38628.54237668374,2181456.0010144413,0.017707688057297662,55.4726460486682,11,binance;bitget;bybit;coinbase;crypto_com;gate;htx;kraken;kucoin;mexc;okx,bsc;eth,bsc;eth,5,pancakeswap_v2;shibaswap;sushiswap;sushiswap-v3-ethereum;uniswap_v2,0x16afc4f2ad82986bbe2a4525601f8199ab9c832d;0x6cbefa95e42960e579c2a3058c05c6a08e2498e9;0x795065dcc9f64b5614c407a6efdc400da6221fb0;0x87c7056bbe6084f03304196be51c6b90b6d85aa2;0xce84867c3c02b05dc570d0135103d3fb9cc19433,-0.005616121572514121,-0.08637873754152814,-0.18970099667774076,-0.22724252491694352
2026-01-29,SUSHI,0.275,2842246.6937196753,58259.51269251048,2900506.206412186,0.02008598104831337,48.78596751608358,11,binance;bitget;bybit;coinbase;crypto_com;gate;htx;kraken;kucoin;mexc;okx,bsc;eth,bsc;eth,5,pancakeswap_v2;shibaswap;sushiswap;sushiswap-v3-ethereum;uniswap_v2,0x16afc4f2ad82986bbe2a4525601f8199ab9c832d;0x6cbefa95e42960e579c2a3058c05c6a08e2498e9;0x795065dcc9f64b5614c407a6efdc400da6221fb0;0x87c7056bbe6084f03304196be51c6b90b6d85aa2;0xce84867c3c02b05dc570d0135103d3fb9cc19433,-0.08637873754152814,-0.00909090909090915,-0.146909090909091,-0.3061818181818182
2026-01-30,SUSHI,0.2725,2735546.0863497304,31797.66112939052,2767343.7474791207,0.01149031852597142,86.02978927344031,11,binance;bitget;bybit;coinbase;crypto_com;gate;htx;kraken;kucoin;mexc;okx,bsc;eth,bsc;eth,5,pancakeswap_v2;shibaswap;sushiswap;sushiswap-v3-ethereum;uniswap_v2,0x16afc4f2ad82986bbe2a4525601f8199ab9c832d;0x6cbefa95e42960e579c2a3058c05c6a08e2498e9;0x795065dcc9f64b5614c407a6efdc400da6221fb0;0x87c7056bbe6084f03304196be51c6b90b6d85aa2;0xce84867c3c02b05dc570d0135103d3fb9cc19433,-0.00909090909090915,-0.104954128440367,-0.1126605504587157,-0.21211009174311934
2026-01-31,SUSHI,0.2439,6601763.221462104,127780.35601611323,6729543.577478217,0.018987967689778566,51.6649305674936,11,binance;bitget;bybit;coinbase;crypto_com;gate;htx;kraken;kucoin;mexc;okx,bsc;eth,bsc;eth,5,pancakeswap_v2;shibaswap;sushiswap;sushiswap-v3-ethereum;uniswap_v2,0x16afc4f2ad82986bbe2a4525601f8199ab9c832d;0x6cbefa95e42960e579c2a3058c05c6a08e2498e9;0x795065dcc9f64b5614c407a6efdc400da6221fb0;0x87c7056bbe6084f03304196be51c6b90b6d85aa2;0xce84867c3c02b05dc570d0135103d3fb9cc19433,-0.104954128440367,-0.03813038130381308,-0.03485034850348512,-0.1242312423124231
2026-02-01,SUSHI,0.2346,2952408.757921031,47717.908785866945,3000126.6667068982,0.01590529803804741,61.87213214162213,11,binance;bitget;bybit;coinbase;crypto_com;gate;htx;kraken;kucoin;mexc;okx,bsc;eth,bsc;eth,5,pancakeswap_v2;shibaswap;sushiswap;sushiswap-v3-ethereum;uniswap_v2,0x16afc4f2ad82986bbe2a4525601f8199ab9c832d;0x6cbefa95e42960e579c2a3058c05c6a08e2498e9;0x795065dcc9f64b5614c407a6efdc400da6221fb0;0x87c7056bbe6084f03304196be51c6b90b6d85aa2;0xce84867c3c02b05dc570d0135103d3fb9cc19433,-0.03813038130381308,0.03069053708439884,-0.008525149190110826,-0.13384484228474003
2026-02-02,SUSHI,0.2418,2551293.4970347085,50194.53222800935,2601488.029262718,0.019294546683820368,50.82811580841958,11,binance;bitget;bybit;coinbase;crypto_com;gate;htx;kraken;kucoin;mexc;okx,bsc;eth,bsc;eth,5,pancakeswap_v2;shibaswap;sushiswap;sushiswap-v3-ethereum;uniswap_v2,0x16afc4f2ad82986bbe2a4525601f8199ab9c832d;0x6cbefa95e42960e579c2a3058c05c6a08e2498e9;0x795065dcc9f64b5614c407a6efdc400da6221fb0;0x87c7056bbe6084f03304196be51c6b90b6d85aa2;0xce84867c3c02b05dc570d0135103d3fb9cc19433,0.03069053708439884,-0.02646815550041348,-0.2109181141439206,-0.1546732837055418
2026-02-03,SUSHI,0.2354,3762240.024154681,39179.75521344137,3801419.779368122,0.010306611078862197,96.02510285373023,11,binance;bitget;bybit;coinbase;crypto_com;gate;htx;kraken;kucoin;mexc;okx,bsc;eth,bsc;eth,5,pancakeswap_v2;shibaswap;sushiswap;sushiswap-v3-ethereum;uniswap_v2,0x16afc4f2ad82986bbe2a4525601f8199ab9c832d;0x6cbefa95e42960e579c2a3058c05c6a08e2498e9;0x795065dcc9f64b5614c407a6efdc400da6221fb0;0x87c7056bbe6084f03304196be51c6b90b6d85aa2;0xce84867c3c02b05dc570d0135103d3fb9cc19433,-0.02646815550041348,-0.011894647408666081,-0.08793542905692442,-0.15378079864061178
2026-02-04,SUSHI,0.2326,2539648.990614853,30302.745378280313,2569951.7359931334,0.011791172944565088,83.80920470774119,11,binance;bitget;bybit;coinbase;crypto_com;gate;htx;kraken;kucoin;mexc;okx,bsc;eth,bsc;eth,5,pancakeswap_v2;shibaswap;sushiswap;sushiswap-v3-ethereum;uniswap_v2,0x16afc4f2ad82986bbe2a4525601f8199ab9c832d;0x6cbefa95e42960e579c2a3058c05c6a08e2498e9;0x795065dcc9f64b5614c407a6efdc400da6221fb0;0x87c7056bbe6084f03304196be51c6b90b6d85aa2;0xce84867c3c02b05dc570d0135103d3fb9cc19433,-0.011894647408666081,-0.17970765262252797,-0.08168529664660351,-0.1517626827171109
2026-02-05,SUSHI,0.1908,5812221.690895751,92970.53014888035,5905192.221044632,0.015743861786167872,62.51681776567505,11,binance;bitget;bybit;coinbase;crypto_com;gate;htx;kraken;kucoin;mexc;okx,bsc;eth,bsc;eth,5,pancakeswap_v2;shibaswap;sushiswap;sushiswap-v3-ethereum;uniswap_v2,0x16afc4f2ad82986bbe2a4525601f8199ab9c832d;0x6cbefa95e42960e579c2a3058c05c6a08e2498e9;0x795065dcc9f64b5614c407a6efdc400da6221fb0;0x87c7056bbe6084f03304196be51c6b90b6d85aa2;0xce84867c3c02b05dc570d0135103d3fb9cc19433,-0.17970765262252797,0.12526205450733752,0.06498951781970641,0.05817610062893075
2026-02-06,SUSHI,0.2147,5374973.097085617,109273.8934385603,5484246.9905241765,0.019925049624381717,49.18808077528341,11,binance;bitget;bybit;coinbase;crypto_com;gate;htx;kraken;kucoin;mexc;okx,bsc;eth,bsc;eth,5,pancakeswap_v2;shibaswap;sushiswap;sushiswap-v3-ethereum;uniswap_v2,0x16afc4f2ad82986bbe2a4525601f8199ab9c832d;0x6cbefa95e42960e579c2a3058c05c6a08e2498e9;0x795065dcc9f64b5614c407a6efdc400da6221fb0;0x87c7056bbe6084f03304196be51c6b90b6d85aa2;0xce84867c3c02b05dc570d0135103d3fb9cc19433,0.12526205450733752,-0.005123428039124356,-0.04797391709361898,-0.021425244527247256
2026-02-07,SUSHI,0.2136,2810671.6535885036,62599.45811927348,2873271.1117077773,0.021786826124481663,44.89929686345221,11,binance;bitget;bybit;coinbase;crypto_com;gate;htx;kraken;kucoin;mexc;okx,bsc;eth,bsc;eth,5,pancakeswap_v2;shibaswap;sushiswap;sushiswap-v3-ethereum;uniswap_v2,0x16afc4f2ad82986bbe2a4525601f8199ab9c832d;0x6cbefa95e42960e579c2a3058c05c6a08e2498e9;0x795065dcc9f64b5614c407a6efdc400da6221fb0;0x87c7056bbe6084f03304196be51c6b90b6d85aa2;0xce84867c3c02b05dc570d0135103d3fb9cc19433,-0.005123428039124356,-0.048689138576779145,-0.0674157303370787,0.027621722846441932
2026-02-08,SUSHI,0.2032,1622943.2733112157,34347.14059586903,1657290.4139070846,0.020724877370704862,47.25119020552206,11,binance;bitget;bybit;coinbase;crypto_com;gate;htx;kraken;kucoin;mexc;okx,bsc;eth,bsc;eth,5,pancakeswap_v2;shibaswap;sushiswap;sushiswap-v3-ethereum;uniswap_v2,0x16afc4f2ad82986bbe2a4525601f8199ab9c832d;0x6cbefa95e42960e579c2a3058c05c6a08e2498e9;0x795065dcc9f64b5614c407a6efdc400da6221fb0;0x87c7056bbe6084f03304196be51c6b90b6d85aa2;0xce84867c3c02b05dc570d0135103d3fb9cc19433,-0.048689138576779145,0.0059055118110236116,-0.02903543307086609,0.026082677165354395
2026-02-09,SUSHI,0.2044,1578645.3470234307,24299.629844859042,1602944.9768682898,0.015159366163855346,64.96581870186048,11,binance;bitget;bybit;coinbase;crypto_com;gate;htx;kraken;kucoin;mexc;okx,bsc;eth,bsc;eth,5,pancakeswap_v2;shibaswap;sushiswap;sushiswap-v3-ethereum;uniswap_v2,0x16afc4f2ad82986bbe2a4525601f8199ab9c832d;0x6cbefa95e42960e579c2a3058c05c6a08e2498e9;0x795065dcc9f64b5614c407a6efdc400da6221fb0;0x87c7056bbe6084f03304196be51c6b90b6d85aa2;0xce84867c3c02b05dc570d0135103d3fb9cc19433,0.0059055118110236116,-0.025440313111546042,-0.012230919765166326,0.042074363992172126
2026-02-10,SUSHI,0.1992,1751326.717103667,20568.033650580594,1771894.7507542477,0.011607931928138134,85.14798968418795,11,binance;bitget;bybit;coinbase;crypto_com;gate;htx;kraken;kucoin;mexc;okx,bsc;eth,bsc;eth,5,pancakeswap_v2;shibaswap;sushiswap;sushiswap-v3-ethereum;uniswap_v2,0x16afc4f2ad82986bbe2a4525601f8199ab9c832d;0x6cbefa95e42960e579c2a3058c05c6a08e2498e9;0x795065dcc9f64b5614c407a6efdc400da6221fb0;0x87c7056bbe6084f03304196be51c6b90b6d85aa2;0xce84867c3c02b05dc570d0135103d3fb9cc19433,-0.025440313111546042,-0.009538152610441664,0.054718875502008046,0.051204819277108404
2026-02-11,SUSHI,0.1973,5093778.75324253,179433.57266933555,5273212.325911866,0.03402737488638999,28.388103059339215,11,binance;bitget;bybit;coinbase;crypto_com;gate;htx;kraken;kucoin;mexc;okx,bsc;eth,bsc;eth,5,pancakeswap_v2;shibaswap;sushiswap;sushiswap-v3-ethereum;uniswap_v2,0x16afc4f2ad82986bbe2a4525601f8199ab9c832d;0x6cbefa95e42960e579c2a3058c05c6a08e2498e9;0x795065dcc9f64b5614c407a6efdc400da6221fb0;0x87c7056bbe6084f03304196be51c6b90b6d85aa2;0xce84867c3c02b05dc570d0135103d3fb9cc19433,-0.009538152610441664,0.02331474911302589,0.11251900658895075,0.03446528129751658
2026-02-12,SUSHI,0.2019,1621661.193587199,37671.48692672179,1659332.680513921,0.022702793339220165,43.0474431960076,11,binance;bitget;bybit;coinbase;crypto_com;gate;htx;kraken;kucoin;mexc;okx,bsc;eth,bsc;eth,5,pancakeswap_v2;shibaswap;sushiswap;sushiswap-v3-ethereum;uniswap_v2,0x16afc4f2ad82986bbe2a4525601f8199ab9c832d;0x6cbefa95e42960e579c2a3058c05c6a08e2498e9;0x795065dcc9f64b5614c407a6efdc400da6221fb0;0x87c7056bbe6084f03304196be51c6b90b6d85aa2;0xce84867c3c02b05dc570d0135103d3fb9cc19433,0.02331474911302589,0.040614165428429994,0.0326894502228825,-0.008420009905894088
2026-02-13,SUSHI,0.2101,1245696.1633914998,18637.781895328808,1264333.9452868286,0.01474118603301489,66.83714673706473,11,binance;bitget;bybit;coinbase;crypto_com;gate;htx;kraken;kucoin;mexc;okx,bsc;eth,bsc;eth,5,pancakeswap_v2;shibaswap;sushiswap;sushiswap-v3-ethereum;uniswap_v2,0x16afc4f2ad82986bbe2a4525601f8199ab9c832d;0x6cbefa95e42960e579c2a3058c05c6a08e2498e9;0x795065dcc9f64b5614c407a6efdc400da6221fb0;0x87c7056bbe6084f03304196be51c6b90b6d85aa2;0xce84867c3c02b05dc570d0135103d3fb9cc19433,0.040614165428429994,0.04474059971442168,0.013802950975725814,-0.02189433603046176
2026-02-14,SUSHI,0.2195,1522790.5107106552,42934.28352104514,1565724.7942317005,0.02742134740359205,35.46793810974457,11,binance;bitget;bybit;coinbase;crypto_com;gate;htx;kraken;kucoin;mexc;okx,bsc;eth,bsc;eth,5,pancakeswap_v2;shibaswap;sushiswap;sushiswap-v3-ethereum;uniswap_v2,0x16afc4f2ad82986bbe2a4525601f8199ab9c832d;0x6cbefa95e42960e579c2a3058c05c6a08e2498e9;0x795065dcc9f64b5614c407a6efdc400da6221fb0;0x87c7056bbe6084f03304196be51c6b90b6d85aa2;0xce84867c3c02b05dc570d0135103d3fb9cc19433,0.04474059971442168,-0.05011389521640097,-0.04601366742596813,-0.05330296127562639
2026-02-15,SUSHI,0.2085,1523765.6015466012,25747.968994406136,1549513.5705410072,0.016616807676886832,59.180030932833816,11,binance;bitget;bybit;coinbase;crypto_com;gate;htx;kraken;kucoin;mexc;okx,bsc;eth,bsc;eth,5,pancakeswap_v2;shibaswap;sushiswap;sushiswap-v3-ethereum;uniswap_v2,0x16afc4f2ad82986bbe2a4525601f8199ab9c832d;0x6cbefa95e42960e579c2a3058c05c6a08e2498e9;0x795065dcc9f64b5614c407a6efdc400da6221fb0;0x87c7056bbe6084f03304196be51c6b90b6d85aa2;0xce84867c3c02b05dc570d0135103d3fb9cc19433,-0.05011389521640097,0.021582733812949728,-0.02110311750599514,-0.035491606714628254
2026-02-16,SUSHI,0.213,944654.1640887095,16590.068602295632,961244.2326910051,0.017258952551373653,56.94094381008129,11,binance;bitget;bybit;coinbase;crypto_com;gate;htx;kraken;kucoin;mexc;okx,bsc;eth,bsc;eth,5,pancakeswap_v2;shibaswap;sushiswap;sushiswap-v3-ethereum;uniswap_v2,0x16afc4f2ad82986bbe2a4525601f8199ab9c832d;0x6cbefa95e42960e579c2a3058c05c6a08e2498e9;0x795065dcc9f64b5614c407a6efdc400da6221fb0;0x87c7056bbe6084f03304196be51c6b90b6d85aa2;0xce84867c3c02b05dc570d0135103d3fb9cc19433,0.021582733812949728,-0.016901408450704203,-0.06009389671361509,-0.08920187793427226
2026-02-17,SUSHI,0.2094,1259991.2037002037,12592.88709666007,1272584.0907968637,0.009895524537615967,100.05578498630254,11,binance;bitget;bybit;coinbase;crypto_com;gate;htx;kraken;kucoin;mexc;okx,bsc;eth,bsc;eth,5,pancakeswap_v2;shibaswap;sushiswap;sushiswap-v3-ethereum;uniswap_v2,0x16afc4f2ad82986bbe2a4525601f8199ab9c832d;0x6cbefa95e42960e579c2a3058c05c6a08e2498e9;0x795065dcc9f64b5614c407a6efdc400da6221fb0;0x87c7056bbe6084f03304196be51c6b90b6d85aa2;0xce84867c3c02b05dc570d0135103d3fb9cc19433,-0.016901408450704203,-0.025310410697230168,-0.018624641833810962,-0.08404966571155681
2026-02-18,SUSHI,0.2041,1188987.6966647094,29673.82041960168,1218661.517084311,0.024349517896156518,40.06857492064952,11,binance;bitget;bybit;coinbase;crypto_com;gate;htx;kraken;kucoin;mexc;okx,bsc;eth,bsc;eth,5,pancakeswap_v2;shibaswap;sushiswap;sushiswap-v3-ethereum;uniswap_v2,0x16afc4f2ad82986bbe2a4525601f8199ab9c832d;0x6cbefa95e42960e579c2a3058c05c6a08e2498e9;0x795065dcc9f64b5614c407a6efdc400da6221fb0;0x87c7056bbe6084f03304196be51c6b90b6d85aa2;0xce84867c3c02b05dc570d0135103d3fb9cc19433,-0.025310410697230168,-0.019108280254777177,0.01812836844683985,0.08280254777070062
2026-02-19,SUSHI,0.2002,1063731.5433998075,19940.115837191566,1083671.659236999,0.018400514276834718,53.346307117021595,11,binance;bitget;bybit;coinbase;crypto_com;gate;htx;kraken;kucoin;mexc;okx,bsc;eth,bsc;eth,5,pancakeswap_v2;shibaswap;sushiswap;sushiswap-v3-ethereum;uniswap_v2,0x16afc4f2ad82986bbe2a4525601f8199ab9c832d;0x6cbefa95e42960e579c2a3058c05c6a08e2498e9;0x795065dcc9f64b5614c407a6efdc400da6221fb0;0x87c7056bbe6084f03304196be51c6b90b6d85aa2;0xce84867c3c02b05dc570d0135103d3fb9cc19433,-0.019108280254777177,0.02647352647352652,0.004495504495504621,0.040959040959041015
2026-02-20,SUSHI,0.2055,1497178.3425039975,31867.914325688416,1529046.256829686,0.02084169408436546,46.98074455714024,11,binance;bitget;bybit;coinbase;crypto_com;gate;htx;kraken;kucoin;mexc;okx,bsc;eth,bsc;eth,5,pancakeswap_v2;shibaswap;sushiswap;sushiswap-v3-ethereum;uniswap_v2,0x16afc4f2ad82986bbe2a4525601f8199ab9c832d;0x6cbefa95e42960e579c2a3058c05c6a08e2498e9;0x795065dcc9f64b5614c407a6efdc400da6221fb0;0x87c7056bbe6084f03304196be51c6b90b6d85aa2;0xce84867c3c02b05dc570d0135103d3fb9cc19433,0.02647352647352652,0.011192214111922283,-0.05596107055961064,-0.019464720194647067
2026-02-21,SUSHI,0.2078,1355288.59944717,48839.87162367901,1404128.471070849,0.03478305057544458,27.749634763374072,11,binance;bitget;bybit;coinbase;crypto_com;gate;htx;kraken;kucoin;mexc;okx,bsc;eth,bsc;eth,5,pancakeswap_v2;shibaswap;sushiswap;sushiswap-v3-ethereum;uniswap_v2,0x16afc4f2ad82986bbe2a4525601f8199ab9c832d;0x6cbefa95e42960e579c2a3058c05c6a08e2498e9;0x795065dcc9f64b5614c407a6efdc400da6221fb0;0x87c7056bbe6084f03304196be51c6b90b6d85aa2;0xce84867c3c02b05dc570d0135103d3fb9cc19433,0.011192214111922283,-0.03224254090471612,-0.07699711260827724,0.011068334937439861
2026-02-22,SUSHI,0.2011,1198045.9123663178,33980.33068423956,1232026.2430505573,0.027580849739127795,35.25704100701952,11,binance;bitget;bybit;coinbase;crypto_com;gate;htx;kraken;kucoin;mexc;okx,bsc;eth,bsc;eth,5,pancakeswap_v2;shibaswap;sushiswap;sushiswap-v3-ethereum;uniswap_v2,0x16afc4f2ad82986bbe2a4525601f8199ab9c832d;0x6cbefa95e42960e579c2a3058c05c6a08e2498e9;0x795065dcc9f64b5614c407a6efdc400da6221fb0;0x87c7056bbe6084f03304196be51c6b90b6d85aa2;0xce84867c3c02b05dc570d0135103d3fb9cc19433,-0.03224254090471612,-0.03530581800099453,0.09895574341123825,-0.014917951268025864
2026-02-23,SUSHI,0.194,1557197.6765643673,39080.7316891833,1596278.4082535505,0.02448240324940596,39.84566330408204,11,binance;bitget;bybit;coinbase;crypto_com;gate;htx;kraken;kucoin;mexc;okx,bsc;eth,bsc;eth,5,pancakeswap_v2;shibaswap;sushiswap;sushiswap-v3-ethereum;uniswap_v2,0x16afc4f2ad82986bbe2a4525601f8199ab9c832d;0x6cbefa95e42960e579c2a3058c05c6a08e2498e9;0x795065dcc9f64b5614c407a6efdc400da6221fb0;0x87c7056bbe6084f03304196be51c6b90b6d85aa2;0xce84867c3c02b05dc570d0135103d3fb9cc19433,-0.03530581800099453,-0.011340206185567081,0.0742268041237113,0.06288659793814433
2026-02-24,SUSHI,0.1918,1319452.5830477173,19331.078007788987,1338783.6610555064,0.014439284381875582,68.25550972977689,11,binance;bitget;bybit;coinbase;crypto_com;gate;htx;kraken;kucoin;mexc;okx,bsc;eth,bsc;eth,5,pancakeswap_v2;shibaswap;sushiswap;sushiswap-v3-ethereum;uniswap_v2,0x16afc4f2ad82986bbe2a4525601f8199ab9c832d;0x6cbefa95e42960e579c2a3058c05c6a08e2498e9;0x795065dcc9f64b5614c407a6efdc400da6221fb0;0x87c7056bbe6084f03304196be51c6b90b6d85aa2;0xce84867c3c02b05dc570d0135103d3fb9cc19433,-0.011340206185567081,0.15224191866527637,0.050573514077163706,0.060479666319082304
2026-02-25,SUSHI,0.221,5511365.473569716,124802.38063070312,5636167.854200419,0.022143127007420958,44.16073992913757,11,binance;bitget;bybit;coinbase;crypto_com;gate;htx;kraken;kucoin;mexc;okx,bsc;eth,bsc;eth,5,pancakeswap_v2;shibaswap;sushiswap;sushiswap-v3-ethereum;uniswap_v2,0x16afc4f2ad82986bbe2a4525601f8199ab9c832d;0x6cbefa95e42960e579c2a3058c05c6a08e2498e9;0x795065dcc9f64b5614c407a6efdc400da6221fb0;0x87c7056bbe6084f03304196be51c6b90b6d85aa2;0xce84867c3c02b05dc570d0135103d3fb9cc19433,0.15224191866527637,-0.057013574660633504,-0.04932126696832573,-0.054751131221719485
2026-02-26,SUSHI,0.2084,2679071.9965795223,49407.67027740802,2728479.66685693,0.018108132113853405,54.223807387342966,11,binance;bitget;bybit;coinbase;crypto_com;gate;htx;kraken;kucoin;mexc;okx,bsc;eth,bsc;eth,5,pancakeswap_v2;shibaswap;sushiswap;sushiswap-v3-ethereum;uniswap_v2,0x16afc4f2ad82986bbe2a4525601f8199ab9c832d;0x6cbefa95e42960e579c2a3058c05c6a08e2498e9;0x795065dcc9f64b5614c407a6efdc400da6221fb0;0x87c7056bbe6084f03304196be51c6b90b6d85aa2;0xce84867c3c02b05dc570d0135103d3fb9cc19433,-0.057013574660633504,-0.033109404990403046,-0.04942418426103645,-0.010076775431861806
2026-02-27,SUSHI,0.2015,1473175.2127611048,35654.78931773785,1508830.0020788426,0.023630753145558635,41.31773713856211,11,binance;bitget;bybit;coinbase;crypto_com;gate;htx;kraken;kucoin;mexc;okx,bsc;eth,bsc;eth,5,pancakeswap_v2;shibaswap;sushiswap;sushiswap-v3-ethereum;uniswap_v2,0x16afc4f2ad82986bbe2a4525601f8199ab9c832d;0x6cbefa95e42960e579c2a3058c05c6a08e2498e9;0x795065dcc9f64b5614c407a6efdc400da6221fb0;0x87c7056bbe6084f03304196be51c6b90b6d85aa2;0xce84867c3c02b05dc570d0135103d3fb9cc19433,-0.033109404990403046,0.04267990074441674,0.023325062034739386,-0.006947890818858604
2026-02-28,SUSHI,0.2101,4557628.591574388,2188097.845782384,6745726.437356772,0.3243680078197423,2.082918092698339,11,binance;bitget;bybit;coinbase;crypto_com;gate;htx;kraken;kucoin;mexc;okx,bsc;eth,bsc;eth,5,pancakeswap_v2;shibaswap;sushiswap;sushiswap-v3-ethereum;uniswap_v2,0x16afc4f2ad82986bbe2a4525601f8199ab9c832d;0x6cbefa95e42960e579c2a3058c05c6a08e2498e9;0x795065dcc9f64b5614c407a6efdc400da6221fb0;0x87c7056bbe6084f03304196be51c6b90b6d85aa2;0xce84867c3c02b05dc570d0135103d3fb9cc19433,0.04267990074441674,-0.05711565920990014,-0.03188957639219425,-0.07853403141361259
2026-03-01,SUSHI,0.1981,2410996.6113348687,101049.2087172373,2512045.820052106,0.04022586208843169,23.859628807994746,11,binance;bitget;bybit;coinbase;crypto_com;gate;htx;kraken;kucoin;mexc;okx,bsc;eth,bsc;eth,5,pancakeswap_v2;shibaswap;sushiswap;sushiswap-v3-ethereum;uniswap_v2,0x16afc4f2ad82986bbe2a4525601f8199ab9c832d;0x6cbefa95e42960e579c2a3058c05c6a08e2498e9;0x795065dcc9f64b5614c407a6efdc400da6221fb0;0x87c7056bbe6084f03304196be51c6b90b6d85aa2;0xce84867c3c02b05dc570d0135103d3fb9cc19433,-0.05711565920990014,0.04088844018172644,0.05451792024230184,-0.04240282685512364
2026-03-02,SUSHI,0.2062,1608413.6430926132,43540.46551427124,1651954.1086068845,0.026356946169037054,36.94066253300448,11,binance;bitget;bybit;coinbase;crypto_com;gate;htx;kraken;kucoin;mexc;okx,bsc;eth,bsc;eth,5,pancakeswap_v2;shibaswap;sushiswap;sushiswap-v3-ethereum;uniswap_v2,0x16afc4f2ad82986bbe2a4525601f8199ab9c832d;0x6cbefa95e42960e579c2a3058c05c6a08e2498e9;0x795065dcc9f64b5614c407a6efdc400da6221fb0;0x87c7056bbe6084f03304196be51c6b90b6d85aa2;0xce84867c3c02b05dc570d0135103d3fb9cc19433,0.04088844018172644,-0.013579049466537318,0.0004849660523764676,-0.05577109602327823
2026-03-03,SUSHI,0.2034,1760751.8925480552,15721.51451165858,1776473.4070597137,0.008849845119651782,111.9963277865079,11,binance;bitget;bybit;coinbase;crypto_com;gate;htx;kraken;kucoin;mexc;okx,bsc;eth,bsc;eth,5,pancakeswap_v2;shibaswap;sushiswap;sushiswap-v3-ethereum;uniswap_v2,0x16afc4f2ad82986bbe2a4525601f8199ab9c832d;0x6cbefa95e42960e579c2a3058c05c6a08e2498e9;0x795065dcc9f64b5614c407a6efdc400da6221fb0;0x87c7056bbe6084f03304196be51c6b90b6d85aa2;0xce84867c3c02b05dc570d0135103d3fb9cc19433,-0.013579049466537318,0.02704031465093415,-0.016224188790560423,-0.028023598820059004
2026-03-04,SUSHI,0.2089,1888704.857013196,36607.222493739704,1925312.0795069358,0.019013656478545887,51.59377653784546,11,binance;bitget;bybit;coinbase;crypto_com;gate;htx;kraken;kucoin;mexc;okx,bsc;eth,bsc;eth,5,pancakeswap_v2;shibaswap;sushiswap;sushiswap-v3-ethereum;uniswap_v2,0x16afc4f2ad82986bbe2a4525601f8199ab9c832d;0x6cbefa95e42960e579c2a3058c05c6a08e2498e9;0x795065dcc9f64b5614c407a6efdc400da6221fb0;0x87c7056bbe6084f03304196be51c6b90b6d85aa2;0xce84867c3c02b05dc570d0135103d3fb9cc19433,0.02704031465093415,-0.012446146481570053,-0.07324078506462428,-0.026807084729535635
2026-03-05,SUSHI,0.2063,1330001.5217114035,24330.239025800383,1354331.760737204,0.017964755557793827,54.66454810826302,11,binance;bitget;bybit;coinbase;crypto_com;gate;htx;kraken;kucoin;mexc;okx,bsc;eth,bsc;eth,5,pancakeswap_v2;shibaswap;sushiswap;sushiswap-v3-ethereum;uniswap_v2,0x16afc4f2ad82986bbe2a4525601f8199ab9c832d;0x6cbefa95e42960e579c2a3058c05c6a08e2498e9;0x795065dcc9f64b5614c407a6efdc400da6221fb0;0x87c7056bbe6084f03304196be51c6b90b6d85aa2;0xce84867c3c02b05dc570d0135103d3fb9cc19433,-0.012446146481570053,-0.030053320407174122,-0.08046534173533693,0.009209888511875874
2026-03-06,SUSHI,0.2001,1191171.9436019068,971233.2653790279,2162405.2089809347,0.44914489724002093,1.2264529913285527,11,binance;bitget;bybit;coinbase;crypto_com;gate;htx;kraken;kucoin;mexc;okx,bsc;eth,bsc;eth,5,pancakeswap_v2;shibaswap;sushiswap;sushiswap-v3-ethereum;uniswap_v2,0x16afc4f2ad82986bbe2a4525601f8199ab9c832d;0x6cbefa95e42960e579c2a3058c05c6a08e2498e9;0x795065dcc9f64b5614c407a6efdc400da6221fb0;0x87c7056bbe6084f03304196be51c6b90b6d85aa2;0xce84867c3c02b05dc570d0135103d3fb9cc19433,-0.030053320407174122,-0.03248375812093951,-0.026986506746626615,0.04747626186906562
2026-03-07,SUSHI,0.1936,679971.5412945502,49707.43180580327,729678.9731003535,0.06812233000849671,13.679474408395496,11,binance;bitget;bybit;coinbase;crypto_com;gate;htx;kraken;kucoin;mexc;okx,bsc;eth,bsc;eth,5,pancakeswap_v2;shibaswap;sushiswap;sushiswap-v3-ethereum;uniswap_v2,0x16afc4f2ad82986bbe2a4525601f8199ab9c832d;0x6cbefa95e42960e579c2a3058c05c6a08e2498e9;0x795065dcc9f64b5614c407a6efdc400da6221fb0;0x87c7056bbe6084f03304196be51c6b90b6d85aa2;0xce84867c3c02b05dc570d0135103d3fb9cc19433,-0.03248375812093951,-0.0201446280991735,0.02117768595041314,0.08574380165289264
2026-03-08,SUSHI,0.1897,1047025.0149133356,8745.075709187673,1055770.0906225233,0.008283125073216683,119.72738141229807,11,binance;bitget;bybit;coinbase;crypto_com;gate;htx;kraken;kucoin;mexc;okx,bsc;eth,bsc;eth,5,pancakeswap_v2;shibaswap;sushiswap;sushiswap-v3-ethereum;uniswap_v2,0x16afc4f2ad82986bbe2a4525601f8199ab9c832d;0x6cbefa95e42960e579c2a3058c05c6a08e2498e9;0x795065dcc9f64b5614c407a6efdc400da6221fb0;0x87c7056bbe6084f03304196be51c6b90b6d85aa2;0xce84867c3c02b05dc570d0135103d3fb9cc19433,-0.0201446280991735,0.026357406431207098,0.07169214549288361,0.1349499209277807
2026-03-09,SUSHI,0.1947,1116950.11300266,11859.223514543333,1128809.3365172034,0.010505958031082068,94.18408478707813,11,binance;bitget;bybit;coinbase;crypto_com;gate;htx;kraken;kucoin;mexc;okx,bsc;eth,bsc;eth,5,pancakeswap_v2;shibaswap;sushiswap;sushiswap-v3-ethereum;uniswap_v2,0x16afc4f2ad82986bbe2a4525601f8199ab9c832d;0x6cbefa95e42960e579c2a3058c05c6a08e2498e9;0x795065dcc9f64b5614c407a6efdc400da6221fb0;0x87c7056bbe6084f03304196be51c6b90b6d85aa2;0xce84867c3c02b05dc570d0135103d3fb9cc19433,0.026357406431207098,0.015408320493066174,0.069337442218798,0.15202876219825368
2026-03-10,SUSHI,0.1977,1058135.6161801675,10701.253692639171,1068836.8698728066,0.01001205515478956,98.8795936038787,11,binance;bitget;bybit;coinbase;crypto_com;gate;htx;kraken;kucoin;mexc;okx,bsc;eth,bsc;eth,5,pancakeswap_v2;shibaswap;sushiswap;sushiswap-v3-ethereum;uniswap_v2,0x16afc4f2ad82986bbe2a4525601f8199ab9c832d;0x6cbefa95e42960e579c2a3058c05c6a08e2498e9;0x795065dcc9f64b5614c407a6efdc400da6221fb0;0x87c7056bbe6084f03304196be51c6b90b6d85aa2;0xce84867c3c02b05dc570d0135103d3fb9cc19433,0.015408320493066174,0.028325746079919112,0.06019221041982803,0.11937278705108767
2026-03-11,SUSHI,0.2033,1016452.2858665669,26585.32764360833,1043037.6135101753,0.025488369066710533,38.2335813006594,11,binance;bitget;bybit;coinbase;crypto_com;gate;htx;kraken;kucoin;mexc;okx,bsc;eth,bsc;eth,5,pancakeswap_v2;shibaswap;sushiswap;sushiswap-v3-ethereum;uniswap_v2,0x16afc4f2ad82986bbe2a4525601f8199ab9c832d;0x6cbefa95e42960e579c2a3058c05c6a08e2498e9;0x795065dcc9f64b5614c407a6efdc400da6221fb0;0x87c7056bbe6084f03304196be51c6b90b6d85aa2;0xce84867c3c02b05dc570d0135103d3fb9cc19433,0.028325746079919112,0.02410231185440237,0.03393999016232163,0.01918347270044274
2026-03-12,SUSHI,0.2082,1098767.77968616,31547.623875842797,1130315.4035620028,0.027910460900051132,34.82886013889394,11,binance;bitget;bybit;coinbase;crypto_com;gate;htx;kraken;kucoin;mexc;okx,bsc;eth,bsc;eth,5,pancakeswap_v2;shibaswap;sushiswap;sushiswap-v3-ethereum;uniswap_v2,0x16afc4f2ad82986bbe2a4525601f8199ab9c832d;0x6cbefa95e42960e579c2a3058c05c6a08e2498e9;0x795065dcc9f64b5614c407a6efdc400da6221fb0;0x87c7056bbe6084f03304196be51c6b90b6d85aa2;0xce84867c3c02b05dc570d0135103d3fb9cc19433,0.02410231185440237,0.00672430355427478,0.03410182516810756,-0.02833813640730065
2026-03-13,SUSHI,0.2096,1186171.198334354,26893.42416947453,1213064.6225038285,0.02216981986826481,44.10636558808757,11,binance;bitget;bybit;coinbase;crypto_com;gate;htx;kraken;kucoin;mexc;okx,bsc;eth,bsc;eth,5,pancakeswap_v2;shibaswap;sushiswap;sushiswap-v3-ethereum;uniswap_v2,0x16afc4f2ad82986bbe2a4525601f8199ab9c832d;0x6cbefa95e42960e579c2a3058c05c6a08e2498e9;0x795065dcc9f64b5614c407a6efdc400da6221fb0;0x87c7056bbe6084f03304196be51c6b90b6d85aa2;0xce84867c3c02b05dc570d0135103d3fb9cc19433,0.00672430355427478,0.002862595419847347,0.07013358778625944,-0.03482824427480913
2026-03-14,SUSHI,0.2102,788024.8026336422,13075.344986284535,801100.1476199267,0.016321735834316675,60.267993193315036,11,binance;bitget;bybit;coinbase;crypto_com;gate;htx;kraken;kucoin;mexc;okx,bsc;eth,bsc;eth,5,pancakeswap_v2;shibaswap;sushiswap;sushiswap-v3-ethereum;uniswap_v2,0x16afc4f2ad82986bbe2a4525601f8199ab9c832d;0x6cbefa95e42960e579c2a3058c05c6a08e2498e9;0x795065dcc9f64b5614c407a6efdc400da6221fb0;0x87c7056bbe6084f03304196be51c6b90b6d85aa2;0xce84867c3c02b05dc570d0135103d3fb9cc19433,0.002862595419847347,0.02426260704091332,0.05280685061845869,-0.07849666983824921
2026-03-15,SUSHI,0.2153,1300810.6589425374,15477.258753611643,1316287.917696149,0.011758262417770214,84.04657954296921,11,binance;bitget;bybit;coinbase;crypto_com;gate;htx;kraken;kucoin;mexc;okx,bsc;eth,bsc;eth,5,pancakeswap_v2;shibaswap;sushiswap;sushiswap-v3-ethereum;uniswap_v2,0x16afc4f2ad82986bbe2a4525601f8199ab9c832d;0x6cbefa95e42960e579c2a3058c05c6a08e2498e9;0x795065dcc9f64b5614c407a6efdc400da6221fb0;0x87c7056bbe6084f03304196be51c6b90b6d85aa2;0xce84867c3c02b05dc570d0135103d3fb9cc19433,0.02426260704091332,0.04180213655364606,-0.03762192289828148,-0.11518810961449133
2026-03-16,SUSHI,0.2243,1800509.2354062994,53853.00612067677,1854362.2415269762,0.029041254677582017,33.433773991587756,11,binance;bitget;bybit;coinbase;crypto_com;gate;htx;kraken;kucoin;mexc;okx,bsc;eth,bsc;eth,5,pancakeswap_v2;shibaswap;sushiswap;sushiswap-v3-ethereum;uniswap_v2,0x16afc4f2ad82986bbe2a4525601f8199ab9c832d;0x6cbefa95e42960e579c2a3058c05c6a08e2498e9;0x795065dcc9f64b5614c407a6efdc400da6221fb0;0x87c7056bbe6084f03304196be51c6b90b6d85aa2;0xce84867c3c02b05dc570d0135103d3fb9cc19433,0.04180213655364606,-0.013374944271065559,-0.09808292465448054,-0.11279536335265261
2026-03-17,SUSHI,0.2213,1783463.896259774,22256.491714788324,1805720.3879745624,0.012325547112946401,80.13230113328021,11,binance;bitget;bybit;coinbase;crypto_com;gate;htx;kraken;kucoin;mexc;okx,bsc;eth,bsc;eth,5,pancakeswap_v2;shibaswap;sushiswap;sushiswap-v3-ethereum;uniswap_v2,0x16afc4f2ad82986bbe2a4525601f8199ab9c832d;0x6cbefa95e42960e579c2a3058c05c6a08e2498e9;0x795065dcc9f64b5614c407a6efdc400da6221fb0;0x87c7056bbe6084f03304196be51c6b90b6d85aa2;0xce84867c3c02b05dc570d0135103d3fb9cc19433,-0.013374944271065559,-0.0637144148215093,-0.0858563036601897,-0.10031631269769548
2026-03-18,SUSHI,0.2072,1203212.5924082282,53740.67932943793,1256953.271737666,0.04275471534048717,22.389233024621173,11,binance;bitget;bybit;coinbase;crypto_com;gate;htx;kraken;kucoin;mexc;okx,bsc;eth,bsc;eth,5,pancakeswap_v2;shibaswap;sushiswap;sushiswap-v3-ethereum;uniswap_v2,0x16afc4f2ad82986bbe2a4525601f8199ab9c832d;0x6cbefa95e42960e579c2a3058c05c6a08e2498e9;0x795065dcc9f64b5614c407a6efdc400da6221fb0;0x87c7056bbe6084f03304196be51c6b90b6d85aa2;0xce84867c3c02b05dc570d0135103d3fb9cc19433,-0.0637144148215093,-0.023648648648648574,-0.06515444015444005,-0.025096525096525046
2026-03-19,SUSHI,0.2023,1106512.4370011177,23582.352426368197,1130094.789427486,0.020867587964293846,46.921206883664844,11,binance;bitget;bybit;coinbase;crypto_com;gate;htx;kraken;kucoin;mexc;okx,bsc;eth,bsc;eth,5,pancakeswap_v2;shibaswap;sushiswap;sushiswap-v3-ethereum;uniswap_v2,0x16afc4f2ad82986bbe2a4525601f8199ab9c832d;0x6cbefa95e42960e579c2a3058c05c6a08e2498e9;0x795065dcc9f64b5614c407a6efdc400da6221fb0;0x87c7056bbe6084f03304196be51c6b90b6d85aa2;0xce84867c3c02b05dc570d0135103d3fb9cc19433,-0.023648648648648574,0.0,-0.05832921403855662,-0.03905091448344056
2026-03-20,SUSHI,0.2023,703004.7805877328,23932.79402485599,726937.5746125887,0.03292276374296739,29.374120708915555,11,binance;bitget;bybit;coinbase;crypto_com;gate;htx;kraken;kucoin;mexc;okx,bsc;eth,bsc;eth,5,pancakeswap_v2;shibaswap;sushiswap;sushiswap-v3-ethereum;uniswap_v2,0x16afc4f2ad82986bbe2a4525601f8199ab9c832d;0x6cbefa95e42960e579c2a3058c05c6a08e2498e9;0x795065dcc9f64b5614c407a6efdc400da6221fb0;0x87c7056bbe6084f03304196be51c6b90b6d85aa2;0xce84867c3c02b05dc570d0135103d3fb9cc19433,0.0,-0.042511122095897136,-0.016312407315867472,-0.05585763717251613
2026-03-21,SUSHI,0.1937,982198.3167555868,13217.367450540123,995415.6842061268,0.013278239091723133,74.31119097134956,11,binance;bitget;bybit;coinbase;crypto_com;gate;htx;kraken;kucoin;mexc;okx,bsc;eth,bsc;eth,5,pancakeswap_v2;shibaswap;sushiswap;sushiswap-v3-ethereum;uniswap_v2,0x16afc4f2ad82986bbe2a4525601f8199ab9c832d;0x6cbefa95e42960e579c2a3058c05c6a08e2498e9;0x795065dcc9f64b5614c407a6efdc400da6221fb0;0x87c7056bbe6084f03304196be51c6b90b6d85aa2;0xce84867c3c02b05dc570d0135103d3fb9cc19433,-0.042511122095897136,-0.01652039235931857,0.02787816210634997,-0.028394424367578774
2026-03-22,SUSHI,0.1905,946107.6020835844,7703.007225092833,953810.6093086773,0.00807603432999763,122.82314873100516,11,binance;bitget;bybit;coinbase;crypto_com;gate;htx;kraken;kucoin;mexc;okx,bsc;eth,bsc;eth,5,pancakeswap_v2;shibaswap;sushiswap;sushiswap-v3-ethereum;uniswap_v2,0x16afc4f2ad82986bbe2a4525601f8199ab9c832d;0x6cbefa95e42960e579c2a3058c05c6a08e2498e9;0x795065dcc9f64b5614c407a6efdc400da6221fb0;0x87c7056bbe6084f03304196be51c6b90b6d85aa2;0xce84867c3c02b05dc570d0135103d3fb9cc19433,-0.01652039235931857,0.044619422572178546,0.06036745406824151,-0.019947506561679762
2026-03-23,SUSHI,0.199,1482413.2974135252,31792.319452090156,1514205.6168656154,0.020996038515495547,46.62803227199157,11,binance;bitget;bybit;coinbase;crypto_com;gate;htx;kraken;kucoin;mexc;okx,bsc;eth,bsc;eth,5,pancakeswap_v2;shibaswap;sushiswap;sushiswap-v3-ethereum;uniswap_v2,0x16afc4f2ad82986bbe2a4525601f8199ab9c832d;0x6cbefa95e42960e579c2a3058c05c6a08e2498e9;0x795065dcc9f64b5614c407a6efdc400da6221fb0;0x87c7056bbe6084f03304196be51c6b90b6d85aa2;0xce84867c3c02b05dc570d0135103d3fb9cc19433,0.044619422572178546,0.0005025125628139726,-0.023115577889447292,-0.033668341708542715
2026-03-24,SUSHI,0.1991,646873.1977374391,8275.031197326867,655148.2289347659,0.012630777023974561,78.17169292925475,11,binance;bitget;bybit;coinbase;crypto_com;gate;htx;kraken;kucoin;mexc;okx,bsc;eth,bsc;eth,5,pancakeswap_v2;shibaswap;sushiswap;sushiswap-v3-ethereum;uniswap_v2,0x16afc4f2ad82986bbe2a4525601f8199ab9c832d;0x6cbefa95e42960e579c2a3058c05c6a08e2498e9;0x795065dcc9f64b5614c407a6efdc400da6221fb0;0x87c7056bbe6084f03304196be51c6b90b6d85aa2;0xce84867c3c02b05dc570d0135103d3fb9cc19433,0.0005025125628139726,0.014565544952285459,-0.04068307383224512,-0.018081366147664424
2026-03-25,SUSHI,0.202,922183.66550625,18818.00397892043,941001.6694851704,0.01999784335049683,49.00539220521276,11,binance;bitget;bybit;coinbase;crypto_com;gate;htx;kraken;kucoin;mexc;okx,bsc;eth,bsc;eth,5,pancakeswap_v2;shibaswap;sushiswap;sushiswap-v3-ethereum;uniswap_v2,0x16afc4f2ad82986bbe2a4525601f8199ab9c832d;0x6cbefa95e42960e579c2a3058c05c6a08e2498e9;0x795065dcc9f64b5614c407a6efdc400da6221fb0;0x87c7056bbe6084f03304196be51c6b90b6d85aa2;0xce84867c3c02b05dc570d0135103d3fb9cc19433,0.014565544952285459,-0.03762376237623777,-0.06831683168316838,-0.03217821782178221
2026-03-26,SUSHI,0.1944,1070816.280301648,9820.59478422531,1080636.8750858733,0.009087784260041016,109.03782345461252,11,binance;bitget;bybit;coinbase;crypto_com;gate;htx;kraken;kucoin;mexc;okx,bsc;eth,bsc;eth,5,pancakeswap_v2;shibaswap;sushiswap;sushiswap-v3-ethereum;uniswap_v2,0x16afc4f2ad82986bbe2a4525601f8199ab9c832d;0x6cbefa95e42960e579c2a3058c05c6a08e2498e9;0x795065dcc9f64b5614c407a6efdc400da6221fb0;0x87c7056bbe6084f03304196be51c6b90b6d85aa2;0xce84867c3c02b05dc570d0135103d3fb9cc19433,-0.03762376237623777,-0.01748971193415627,-0.039609053497942304,-0.03652263374485598
2026-03-27,SUSHI,0.191,1154392.0832714657,18879.04698246952,1173271.1302539352,0.016090949905486433,61.146735020226245,11,binance;bitget;bybit;coinbase;crypto_com;gate;htx;kraken;kucoin;mexc;okx,bsc;eth,bsc;eth,5,pancakeswap_v2;shibaswap;sushiswap;sushiswap-v3-ethereum;uniswap_v2,0x16afc4f2ad82986bbe2a4525601f8199ab9c832d;0x6cbefa95e42960e579c2a3058c05c6a08e2498e9;0x795065dcc9f64b5614c407a6efdc400da6221fb0;0x87c7056bbe6084f03304196be51c6b90b6d85aa2;0xce84867c3c02b05dc570d0135103d3fb9cc19433,-0.01748971193415627,-0.014659685863874339,0.006806282722513046,0.007853403141361293
2026-03-28,SUSHI,0.1882,1017193.8770164549,9286.851121483924,1026480.7281379389,0.009047272751365238,109.53054632945596,11,binance;bitget;bybit;coinbase;crypto_com;gate;htx;kraken;kucoin;mexc;okx,bsc;eth,bsc;eth,5,pancakeswap_v2;shibaswap;sushiswap;sushiswap-v3-ethereum;uniswap_v2,0x16afc4f2ad82986bbe2a4525601f8199ab9c832d;0x6cbefa95e42960e579c2a3058c05c6a08e2498e9;0x795065dcc9f64b5614c407a6efdc400da6221fb0;0x87c7056bbe6084f03304196be51c6b90b6d85aa2;0xce84867c3c02b05dc570d0135103d3fb9cc19433,-0.014659685863874339,-0.007970244420828942,0.038788522848034024,0.037194473963868324
2026-03-29,SUSHI,0.1867,1200469.5197080495,10332.216772867108,1210801.7364809166,0.008533367983842459,116.18702414960354,11,binance;bitget;bybit;coinbase;crypto_com;gate;htx;kraken;kucoin;mexc;okx,bsc;eth,bsc;eth,5,pancakeswap_v2;shibaswap;sushiswap;sushiswap-v3-ethereum;uniswap_v2,0x16afc4f2ad82986bbe2a4525601f8199ab9c832d;0x6cbefa95e42960e579c2a3058c05c6a08e2498e9;0x795065dcc9f64b5614c407a6efdc400da6221fb0;0x87c7056bbe6084f03304196be51c6b90b6d85aa2;0xce84867c3c02b05dc570d0135103d3fb9cc19433,-0.007970244420828942,0.029994643813604727,0.04713444027852165,0.034815211569362736
2026-03-30,SUSHI,0.1923,1128746.8395783112,34437.867517169754,1163184.707095481,0.02960653394692791,32.776327948167804,11,binance;bitget;bybit;coinbase;crypto_com;gate;htx;kraken;kucoin;mexc;okx,bsc;eth,bsc;eth,5,pancakeswap_v2;shibaswap;sushiswap;sushiswap-v3-ethereum;uniswap_v2,0x16afc4f2ad82986bbe2a4525601f8199ab9c832d;0x6cbefa95e42960e579c2a3058c05c6a08e2498e9;0x795065dcc9f64b5614c407a6efdc400da6221fb0;0x87c7056bbe6084f03304196be51c6b90b6d85aa2;0xce84867c3c02b05dc570d0135103d3fb9cc19433,0.029994643813604727,0.01664066562662514,-0.026001040041601642,-0.0005200208008320217
2026-03-31,SUSHI,0.1955,1004965.33152391,19289.464470208546,1024254.7959941186,0.01883268161950526,52.09918259140996,11,binance;bitget;bybit;coinbase;crypto_com;gate;htx;kraken;kucoin;mexc;okx,bsc;eth,bsc;eth,5,pancakeswap_v2;shibaswap;sushiswap;sushiswap-v3-ethereum;uniswap_v2,0x16afc4f2ad82986bbe2a4525601f8199ab9c832d;0x6cbefa95e42960e579c2a3058c05c6a08e2498e9;0x795065dcc9f64b5614c407a6efdc400da6221fb0;0x87c7056bbe6084f03304196be51c6b90b6d85aa2;0xce84867c3c02b05dc570d0135103d3fb9cc19433,0.01664066562662514,0.0,-0.01534526854219953,0.03273657289002552
2026-04-01,SUSHI,0.1955,1070024.4927963263,19398.041699209763,1089422.534495536,0.017805801775701426,55.16146987352424,11,binance;bitget;bybit;coinbase;crypto_com;gate;htx;kraken;kucoin;mexc;okx,bsc;eth,bsc;eth,5,pancakeswap_v2;shibaswap;sushiswap;sushiswap-v3-ethereum;uniswap_v2,0x16afc4f2ad82986bbe2a4525601f8199ab9c832d;0x6cbefa95e42960e579c2a3058c05c6a08e2498e9;0x795065dcc9f64b5614c407a6efdc400da6221fb0;0x87c7056bbe6084f03304196be51c6b90b6d85aa2;0xce84867c3c02b05dc570d0135103d3fb9cc19433,0.0,-0.041943734015345346,-0.001534526854219953,-0.006138107416879812
2026-04-02,SUSHI,0.1873,1800082.844746555,45128.03934462436,1845210.8840911794,0.024456846495814623,39.88834593499751,11,binance;bitget;bybit;coinbase;crypto_com;gate;htx;kraken;kucoin;mexc;okx,bsc;eth,bsc;eth,5,pancakeswap_v2;shibaswap;sushiswap;sushiswap-v3-ethereum;uniswap_v2,0x16afc4f2ad82986bbe2a4525601f8199ab9c832d;0x6cbefa95e42960e579c2a3058c05c6a08e2498e9;0x795065dcc9f64b5614c407a6efdc400da6221fb0;0x87c7056bbe6084f03304196be51c6b90b6d85aa2;0xce84867c3c02b05dc570d0135103d3fb9cc19433,-0.041943734015345346,0.02776294714361982,0.031500266951414835,0.030966364121729928
2026-04-03,SUSHI,0.1925,1288807.6306339034,47516.69549587431,1336324.3261297778,0.03555775687590058,27.12325882901107,11,binance;bitget;bybit;coinbase;crypto_com;gate;htx;kraken;kucoin;mexc;okx,bsc;eth,bsc;eth,5,pancakeswap_v2;shibaswap;sushiswap;sushiswap-v3-ethereum;uniswap_v2,0x16afc4f2ad82986bbe2a4525601f8199ab9c832d;0x6cbefa95e42960e579c2a3058c05c6a08e2498e9;0x795065dcc9f64b5614c407a6efdc400da6221fb0;0x87c7056bbe6084f03304196be51c6b90b6d85aa2;0xce84867c3c02b05dc570d0135103d3fb9cc19433,0.02776294714361982,0.014025974025974053,-0.0015584415584415368,0.014025974025974053
2026-04-04,SUSHI,0.1952,1124870.055391557,23780.241111217434,1148650.2965027746,0.020702768443641797,47.30271867853106,11,binance;bitget;bybit;coinbase;crypto_com;gate;htx;kraken;kucoin;mexc;okx,bsc;eth,bsc;eth,5,pancakeswap_v2;shibaswap;sushiswap;sushiswap-v3-ethereum;uniswap_v2,0x16afc4f2ad82986bbe2a4525601f8199ab9c832d;0x6cbefa95e42960e579c2a3058c05c6a08e2498e9;0x795065dcc9f64b5614c407a6efdc400da6221fb0;0x87c7056bbe6084f03304196be51c6b90b6d85aa2;0xce84867c3c02b05dc570d0135103d3fb9cc19433,0.014025974025974053,-0.010245901639344246,0.03432377049180313,-0.009733606557377095
2026-04-05,SUSHI,0.1932,1055377.4385768385,16401.17391295504,1071778.6124897934,0.015302762829773513,64.34767682959642,11,binance;bitget;bybit;coinbase;crypto_com;gate;htx;kraken;kucoin;mexc;okx,bsc;eth,bsc;eth,5,pancakeswap_v2;shibaswap;sushiswap;sushiswap-v3-ethereum;uniswap_v2,0x16afc4f2ad82986bbe2a4525601f8199ab9c832d;0x6cbefa95e42960e579c2a3058c05c6a08e2498e9;0x795065dcc9f64b5614c407a6efdc400da6221fb0;0x87c7056bbe6084f03304196be51c6b90b6d85aa2;0xce84867c3c02b05dc570d0135103d3fb9cc19433,-0.010245901639344246,-0.005175983436852993,0.005693581780538359,-0.02225672877846785
2026-04-06,SUSHI,0.1922,1020663.8079007952,17331.033169053364,1037994.8410698486,0.016696646730142203,58.89226556460078,11,binance;bitget;bybit;coinbase;crypto_com;gate;htx;kraken;kucoin;mexc;okx,bsc;eth,bsc;eth,5,pancakeswap_v2;shibaswap;sushiswap;sushiswap-v3-ethereum;uniswap_v2,0x16afc4f2ad82986bbe2a4525601f8199ab9c832d;0x6cbefa95e42960e579c2a3058c05c6a08e2498e9;0x795065dcc9f64b5614c407a6efdc400da6221fb0;0x87c7056bbe6084f03304196be51c6b90b6d85aa2;0xce84867c3c02b05dc570d0135103d3fb9cc19433,-0.005175983436852993,0.05046826222684686,0.00468262226847016,0.03485952133194581
2026-04-07,SUSHI,0.2019,1480200.4127708606,27301.464612798845,1507501.8773836594,0.018110401733085618,54.216886667572666,11,binance;bitget;bybit;coinbase;crypto_com;gate;htx;kraken;kucoin;mexc;okx,bsc;eth,bsc;eth,5,pancakeswap_v2;shibaswap;sushiswap;sushiswap-v3-ethereum;uniswap_v2,0x16afc4f2ad82986bbe2a4525601f8199ab9c832d;0x6cbefa95e42960e579c2a3058c05c6a08e2498e9;0x795065dcc9f64b5614c407a6efdc400da6221fb0;0x87c7056bbe6084f03304196be51c6b90b6d85aa2;0xce84867c3c02b05dc570d0135103d3fb9cc19433,0.05046826222684686,-0.037642397226349655,-0.033184744923229204,-0.03714710252600295
2026-04-08,SUSHI,0.1943,1039035.2690851243,18227.090647824178,1057262.3597329485,0.017239893655561632,57.00499817337316,11,binance;bitget;bybit;coinbase;crypto_com;gate;htx;kraken;kucoin;mexc;okx,bsc;eth,bsc;eth,5,pancakeswap_v2;shibaswap;sushiswap;sushiswap-v3-ethereum;uniswap_v2,0x16afc4f2ad82986bbe2a4525601f8199ab9c832d;0x6cbefa95e42960e579c2a3058c05c6a08e2498e9;0x795065dcc9f64b5614c407a6efdc400da6221fb0;0x87c7056bbe6084f03304196be51c6b90b6d85aa2;0xce84867c3c02b05dc570d0135103d3fb9cc19433,-0.037642397226349655,-0.006176016469377266,-0.00514668039114774,0.027277406073082933
2026-04-09,SUSHI,0.1931,1008800.5410302932,20692.459548289207,1029493.0005785824,0.020099660256708785,48.75208472323426,11,binance;bitget;bybit;coinbase;crypto_com;gate;htx;kraken;kucoin;mexc;okx,bsc;eth,bsc;eth,5,pancakeswap_v2;shibaswap;sushiswap;sushiswap-v3-ethereum;uniswap_v2,0x16afc4f2ad82986bbe2a4525601f8199ab9c832d;0x6cbefa95e42960e579c2a3058c05c6a08e2498e9;0x795065dcc9f64b5614c407a6efdc400da6221fb0;0x87c7056bbe6084f03304196be51c6b90b6d85aa2;0xce84867c3c02b05dc570d0135103d3fb9cc19433,-0.006176016469377266,0.010875194199896576,-0.02175038839979271,0.13309166235111336
2026-04-10,SUSHI,0.1952,1019828.9659545909,19126.024128871926,1038954.9900834629,0.018408905401508746,53.321535049989585,11,binance;bitget;bybit;coinbase;crypto_com;gate;htx;kraken;kucoin;mexc;okx,bsc;eth,bsc;eth,5,pancakeswap_v2;shibaswap;sushiswap;sushiswap-v3-ethereum;uniswap_v2,0x16afc4f2ad82986bbe2a4525601f8199ab9c832d;0x6cbefa95e42960e579c2a3058c05c6a08e2498e9;0x795065dcc9f64b5614c407a6efdc400da6221fb0;0x87c7056bbe6084f03304196be51c6b90b6d85aa2;0xce84867c3c02b05dc570d0135103d3fb9cc19433,0.010875194199896576,-0.009733606557377095,0.018954918032786816,0.11629098360655732
2026-04-11,SUSHI,0.1933,1037000.1659697619,16303.942419429413,1053304.1083891913,0.015478855811511918,63.60425836231907,11,binance;bitget;bybit;coinbase;crypto_com;gate;htx;kraken;kucoin;mexc;okx,bsc;eth,bsc;eth,5,pancakeswap_v2;shibaswap;sushiswap;sushiswap-v3-ethereum;uniswap_v2,0x16afc4f2ad82986bbe2a4525601f8199ab9c832d;0x6cbefa95e42960e579c2a3058c05c6a08e2498e9;0x795065dcc9f64b5614c407a6efdc400da6221fb0;0x87c7056bbe6084f03304196be51c6b90b6d85aa2;0xce84867c3c02b05dc570d0135103d3fb9cc19433,-0.009733606557377095,-0.022762545266425183,0.005690636316606268,0.09674081738230722
2026-04-12,SUSHI,0.1889,1231616.0737459247,19967.699534350813,1251583.7732802755,0.015953945681172803,61.68041900005317,11,binance;bitget;bybit;coinbase;crypto_com;gate;htx;kraken;kucoin;mexc;okx,bsc;eth,bsc;eth,5,pancakeswap_v2;shibaswap;sushiswap;sushiswap-v3-ethereum;uniswap_v2,0x16afc4f2ad82986bbe2a4525601f8199ab9c832d;0x6cbefa95e42960e579c2a3058c05c6a08e2498e9;0x795065dcc9f64b5614c407a6efdc400da6221fb0;0x87c7056bbe6084f03304196be51c6b90b6d85aa2;0xce84867c3c02b05dc570d0135103d3fb9cc19433,-0.022762545266425183,0.05293806246691357,0.05664372683959762,0.08152461619904705
2026-04-13,SUSHI,0.1989,1022908.1861658387,25198.70136410199,1048106.8875299407,0.024042110269390012,40.59368661049618,11,binance;bitget;bybit;coinbase;crypto_com;gate;htx;kraken;kucoin;mexc;okx,bsc;eth,bsc;eth,5,pancakeswap_v2;shibaswap;sushiswap;sushiswap-v3-ethereum;uniswap_v2,0x16afc4f2ad82986bbe2a4525601f8199ab9c832d;0x6cbefa95e42960e579c2a3058c05c6a08e2498e9;0x795065dcc9f64b5614c407a6efdc400da6221fb0;0x87c7056bbe6084f03304196be51c6b90b6d85aa2;0xce84867c3c02b05dc570d0135103d3fb9cc19433,0.05293806246691357,-0.022624434389140302,0.10005027652086484,0.09250879839115123
2026-04-14,SUSHI,0.1944,1143094.13021332,27560.382895171042,1170654.513108491,0.023542712718877864,41.475988724873844,11,binance;bitget;bybit;coinbase;crypto_com;gate;htx;kraken;kucoin;mexc;okx,bsc;eth,bsc;eth,5,pancakeswap_v2;shibaswap;sushiswap;sushiswap-v3-ethereum;uniswap_v2,0x16afc4f2ad82986bbe2a4525601f8199ab9c832d;0x6cbefa95e42960e579c2a3058c05c6a08e2498e9;0x795065dcc9f64b5614c407a6efdc400da6221fb0;0x87c7056bbe6084f03304196be51c6b90b6d85aa2;0xce84867c3c02b05dc570d0135103d3fb9cc19433,-0.022624434389140302,0.026748971193415683,0.12088477366255157,0.13065843621399176
2026-04-15,SUSHI,0.1996,2338465.355477558,25238.5617416199,2363703.917219178,0.010677547876348345,92.65446182780252,11,binance;bitget;bybit;coinbase;crypto_com;gate;htx;kraken;kucoin;mexc;okx,bsc;eth,bsc;eth,5,pancakeswap_v2;shibaswap;sushiswap;sushiswap-v3-ethereum;uniswap_v2,0x16afc4f2ad82986bbe2a4525601f8199ab9c832d;0x6cbefa95e42960e579c2a3058c05c6a08e2498e9;0x795065dcc9f64b5614c407a6efdc400da6221fb0;0x87c7056bbe6084f03304196be51c6b90b6d85aa2;0xce84867c3c02b05dc570d0135103d3fb9cc19433,0.026748971193415683,0.09619238476953895,0.06212424849699394,0.14879759519038083
2026-04-16,SUSHI,0.2188,3534620.625191931,119940.22805347801,3654560.853245409,0.03281932710108408,29.469850796147746,11,binance;bitget;bybit;coinbase;crypto_com;gate;htx;kraken;kucoin;mexc;okx,bsc;eth,bsc;eth,5,pancakeswap_v2;shibaswap;sushiswap;sushiswap-v3-ethereum;uniswap_v2,0x16afc4f2ad82986bbe2a4525601f8199ab9c832d;0x6cbefa95e42960e579c2a3058c05c6a08e2498e9;0x795065dcc9f64b5614c407a6efdc400da6221fb0;0x87c7056bbe6084f03304196be51c6b90b6d85aa2;0xce84867c3c02b05dc570d0135103d3fb9cc19433,0.09619238476953895,-0.004113345521023715,-0.06627056672760501,0.01645338208409508
2026-04-17,SUSHI,0.2179,2715603.1252481234,66946.30425912267,2782549.4295072462,0.024059340527502505,40.56389901281328,11,binance;bitget;bybit;coinbase;crypto_com;gate;htx;kraken;kucoin;mexc;okx,bsc;eth,bsc;eth,5,pancakeswap_v2;shibaswap;sushiswap;sushiswap-v3-ethereum;uniswap_v2,0x16afc4f2ad82986bbe2a4525601f8199ab9c832d;0x6cbefa95e42960e579c2a3058c05c6a08e2498e9;0x795065dcc9f64b5614c407a6efdc400da6221fb0;0x87c7056bbe6084f03304196be51c6b90b6d85aa2;0xce84867c3c02b05dc570d0135103d3fb9cc19433,-0.004113345521023715,-0.02707664066085369,-0.0027535566773749798,0.04313905461220746
2026-04-18,SUSHI,0.212,1876781.4322224185,43495.40047264893,1920276.8326950674,0.022650588567276555,43.14896315077243,11,binance;bitget;bybit;coinbase;crypto_com;gate;htx;kraken;kucoin;mexc;okx,bsc;eth,bsc;eth,5,pancakeswap_v2;shibaswap;sushiswap;sushiswap-v3-ethereum;uniswap_v2,0x16afc4f2ad82986bbe2a4525601f8199ab9c832d;0x6cbefa95e42960e579c2a3058c05c6a08e2498e9;0x795065dcc9f64b5614c407a6efdc400da6221fb0;0x87c7056bbe6084f03304196be51c6b90b6d85aa2;0xce84867c3c02b05dc570d0135103d3fb9cc19433,-0.02707664066085369,-0.03632075471698104,0.036792452830188616,0.049056603773584895
2026-04-19,SUSHI,0.2043,2645283.3636796153,34986.151478342945,2680269.5151579585,0.013053221431830924,75.60944121896611,11,binance;bitget;bybit;coinbase;crypto_com;gate;htx;kraken;kucoin;mexc;okx,bsc;eth,bsc;eth,5,pancakeswap_v2;shibaswap;sushiswap;sushiswap-v3-ethereum;uniswap_v2,0x16afc4f2ad82986bbe2a4525601f8199ab9c832d;0x6cbefa95e42960e579c2a3058c05c6a08e2498e9;0x795065dcc9f64b5614c407a6efdc400da6221fb0;0x87c7056bbe6084f03304196be51c6b90b6d85aa2;0xce84867c3c02b05dc570d0135103d3fb9cc19433,-0.03632075471698104,0.06363191385217815,0.12236906510034262,0.09006363191385214
2026-04-20,SUSHI,0.2173,3009098.9791805283,84465.90541120972,3093564.884591738,0.02730374456728319,35.625013010056264,11,binance;bitget;bybit;coinbase;crypto_com;gate;htx;kraken;kucoin;mexc;okx,bsc;eth,bsc;eth,5,pancakeswap_v2;shibaswap;sushiswap;sushiswap-v3-ethereum;uniswap_v2,0x16afc4f2ad82986bbe2a4525601f8199ab9c832d;0x6cbefa95e42960e579c2a3058c05c6a08e2498e9;0x795065dcc9f64b5614c407a6efdc400da6221fb0;0x87c7056bbe6084f03304196be51c6b90b6d85aa2;0xce84867c3c02b05dc570d0135103d3fb9cc19433,0.06363191385217815,0.011504832029452405,0.02346985734008289,-0.01978831109065804
2026-04-21,SUSHI,0.2198,2107062.310401982,105119.87771623937,2212182.1881182217,0.047518634894017885,20.044375585079987,11,binance;bitget;bybit;coinbase;crypto_com;gate;htx;kraken;kucoin;mexc;okx,bsc;eth,bsc;eth,5,pancakeswap_v2;shibaswap;sushiswap;sushiswap-v3-ethereum;uniswap_v2,0x16afc4f2ad82986bbe2a4525601f8199ab9c832d;0x6cbefa95e42960e579c2a3058c05c6a08e2498e9;0x795065dcc9f64b5614c407a6efdc400da6221fb0;0x87c7056bbe6084f03304196be51c6b90b6d85aa2;0xce84867c3c02b05dc570d0135103d3fb9cc19433,0.011504832029452405,0.043221110100091,0.034121929026387665,-0.030937215650591487
2026-04-22,SUSHI,0.2293,3239120.6287836623,86171.38251758453,3325292.011301247,0.025913929430776247,37.58928468070792,11,binance;bitget;bybit;coinbase;crypto_com;gate;htx;kraken;kucoin;mexc;okx,bsc;eth,bsc;eth,5,pancakeswap_v2;shibaswap;sushiswap;sushiswap-v3-ethereum;uniswap_v2,0x16afc4f2ad82986bbe2a4525601f8199ab9c832d;0x6cbefa95e42960e579c2a3058c05c6a08e2498e9;0x795065dcc9f64b5614c407a6efdc400da6221fb0;0x87c7056bbe6084f03304196be51c6b90b6d85aa2;0xce84867c3c02b05dc570d0135103d3fb9cc19433,0.043221110100091,-0.030091583078936,-0.030091583078936,-0.09376362843436548
2026-04-23,SUSHI,0.2224,2096938.3691536873,46702.32510659597,2143640.6942602834,0.02178645200739286,44.90008504646223,11,binance;bitget;bybit;coinbase;crypto_com;gate;htx;kraken;kucoin;mexc;okx,bsc;eth,bsc;eth,5,pancakeswap_v2;shibaswap;sushiswap;sushiswap-v3-ethereum;uniswap_v2,0x16afc4f2ad82986bbe2a4525601f8199ab9c832d;0x6cbefa95e42960e579c2a3058c05c6a08e2498e9;0x795065dcc9f64b5614c407a6efdc400da6221fb0;0x87c7056bbe6084f03304196be51c6b90b6d85aa2;0xce84867c3c02b05dc570d0135103d3fb9cc19433,-0.030091583078936,0.022032374100719565,0.0013489208633095107,-0.07239208633093519
2026-04-24,SUSHI,0.2273,1619015.1149581757,52174.08031822221,1671189.195276398,0.031219732909769763,31.031023548156764,11,binance;bitget;bybit;coinbase;crypto_com;gate;htx;kraken;kucoin;mexc;okx,bsc;eth,bsc;eth,5,pancakeswap_v2;shibaswap;sushiswap;sushiswap-v3-ethereum;uniswap_v2,0x16afc4f2ad82986bbe2a4525601f8199ab9c832d;0x6cbefa95e42960e579c2a3058c05c6a08e2498e9;0x795065dcc9f64b5614c407a6efdc400da6221fb0;0x87c7056bbe6084f03304196be51c6b90b6d85aa2;0xce84867c3c02b05dc570d0135103d3fb9cc19433,0.022032374100719565,-0.021557413110426804,-0.0629124505059393,-0.05983282006159263
2026-04-25,SUSHI,0.2224,1317731.719690289,50404.07051176403,1368135.7902020533,0.036841423835802224,26.143359183317106,11,binance;bitget;bybit;coinbase;crypto_com;gate;htx;kraken;kucoin;mexc;okx,bsc;eth,bsc;eth,5,pancakeswap_v2;shibaswap;sushiswap;sushiswap-v3-ethereum;uniswap_v2,0x16afc4f2ad82986bbe2a4525601f8199ab9c832d;0x6cbefa95e42960e579c2a3058c05c6a08e2498e9;0x795065dcc9f64b5614c407a6efdc400da6221fb0;0x87c7056bbe6084f03304196be51c6b90b6d85aa2;0xce84867c3c02b05dc570d0135103d3fb9cc19433,-0.021557413110426804,0.0013489208633095107,-0.04226618705035967,0.008093525179856176
2026-04-26,SUSHI,0.2227,1288244.3133602487,18372.690042267488,1306617.0034025162,0.014061266610203143,70.11734865153467,11,binance;bitget;bybit;coinbase;crypto_com;gate;htx;kraken;kucoin;mexc;okx,bsc;eth,bsc;eth,5,pancakeswap_v2;shibaswap;sushiswap;sushiswap-v3-ethereum;uniswap_v2,0x16afc4f2ad82986bbe2a4525601f8199ab9c832d;0x6cbefa95e42960e579c2a3058c05c6a08e2498e9;0x795065dcc9f64b5614c407a6efdc400da6221fb0;0x87c7056bbe6084f03304196be51c6b90b6d85aa2;0xce84867c3c02b05dc570d0135103d3fb9cc19433,0.0013489208633095107,-0.04355635383924572,-0.06690615177368653,-0.022900763358778775
2026-04-27,SUSHI,0.213,1525316.971717557,23441.60738378929,1548758.5791013462,0.01513574013413445,65.06878759399272,11,binance;bitget;bybit;coinbase;crypto_com;gate;htx;kraken;kucoin;mexc;okx,bsc;eth,bsc;eth,5,pancakeswap_v2;shibaswap;sushiswap;sushiswap-v3-ethereum;uniswap_v2,0x16afc4f2ad82986bbe2a4525601f8199ab9c832d;0x6cbefa95e42960e579c2a3058c05c6a08e2498e9;0x795065dcc9f64b5614c407a6efdc400da6221fb0;0x87c7056bbe6084f03304196be51c6b90b6d85aa2;0xce84867c3c02b05dc570d0135103d3fb9cc19433,-0.04355635383924572,0.0,-0.031455399061032785,0.019718309859154903
2026-04-28,SUSHI,0.213,1067668.169838479,13035.631110436469,1080703.8009489155,0.012062168282364224,81.9038342519291,11,binance;bitget;bybit;coinbase;crypto_com;gate;htx;kraken;kucoin;mexc;okx,bsc;eth,bsc;eth,4,pancakeswap_v2;sushiswap;sushiswap-v3-ethereum;uniswap_v2,0x16afc4f2ad82986bbe2a4525601f8199ab9c832d;0x795065dcc9f64b5614c407a6efdc400da6221fb0;0x87c7056bbe6084f03304196be51c6b90b6d85aa2;0xce84867c3c02b05dc570d0135103d3fb9cc19433,0.0,-0.024413145539906034,0.0032863849765258912,0.0455399061032864
2026-04-29,SUSHI,0.2078,1187313.3663853812,831919.0357687158,2019232.4021540969,0.41199766548973404,1.4271982192212629,11,binance;bitget;bybit;coinbase;crypto_com;gate;htx;kraken;kucoin;mexc;okx,bsc;eth,bsc;eth,5,pancakeswap_v2;shibaswap;sushiswap;sushiswap-v3-ethereum;uniswap_v2,0x16afc4f2ad82986bbe2a4525601f8199ab9c832d;0x6cbefa95e42960e579c2a3058c05c6a08e2498e9;0x795065dcc9f64b5614c407a6efdc400da6221fb0;0x87c7056bbe6084f03304196be51c6b90b6d85aa2;0xce84867c3c02b05dc570d0135103d3fb9cc19433,-0.024413145539906034,-0.007218479307026016,0.07892204042348405,0.11212704523580364
2026-04-30,SUSHI,0.2063,843826.2023528238,11511.208117176058,855337.4104699999,0.013458090311811286,73.30474731785425,11,binance;bitget;bybit;coinbase;crypto_com;gate;htx;kraken;kucoin;mexc;okx,bsc;eth,bsc;eth,4,pancakeswap_v2;sushiswap;sushiswap-v3-ethereum;uniswap_v2,0x16afc4f2ad82986bbe2a4525601f8199ab9c832d;0x795065dcc9f64b5614c407a6efdc400da6221fb0;0x87c7056bbe6084f03304196be51c6b90b6d85aa2;0xce84867c3c02b05dc570d0135103d3fb9cc19433,-0.007218479307026016,0.03587009209888503,0.05477460009694601,0.10954920019389225
2026-05-01,SUSHI,0.2137,3882643.1753651686,24802.56566604762,3907445.741031216,0.006347513774945461,156.54199761600236,11,binance;bitget;bybit;coinbase;crypto_com;gate;htx;kraken;kucoin;mexc;okx,bsc;eth,bsc;eth,5,pancakeswap_v2;shibaswap;sushiswap;sushiswap-v3-ethereum;uniswap_v2,0x16afc4f2ad82986bbe2a4525601f8199ab9c832d;0x6cbefa95e42960e579c2a3058c05c6a08e2498e9;0x795065dcc9f64b5614c407a6efdc400da6221fb0;0x87c7056bbe6084f03304196be51c6b90b6d85aa2;0xce84867c3c02b05dc570d0135103d3fb9cc19433,0.03587009209888503,0.0491343004211513,0.016378100140383767,0.16939635002339726
2026-05-02,SUSHI,0.2242,4422139.65198865,94653.1641076805,4516792.81609633,0.02095583480614131,46.71940651617183,11,binance;bitget;bybit;coinbase;crypto_com;gate;htx;kraken;kucoin;mexc;okx,bsc;eth,bsc;eth,5,pancakeswap_v2;shibaswap;sushiswap;sushiswap-v3-ethereum;uniswap_v2,0x16afc4f2ad82986bbe2a4525601f8199ab9c832d;0x6cbefa95e42960e579c2a3058c05c6a08e2498e9;0x795065dcc9f64b5614c407a6efdc400da6221fb0;0x87c7056bbe6084f03304196be51c6b90b6d85aa2;0xce84867c3c02b05dc570d0135103d3fb9cc19433,0.0491343004211513,-0.02943800178412137,-0.006690454950936675,0.07850133809099002
2026-05-03,SUSHI,0.2176,1668487.8022193962,27387.957288302518,1695875.7595076987,0.01614974277140034,60.92049088056715,11,binance;bitget;bybit;coinbase;crypto_com;gate;htx;kraken;kucoin;mexc;okx,bsc;eth,bsc;eth,5,pancakeswap_v2;shibaswap;sushiswap;sushiswap-v3-ethereum;uniswap_v2,0x16afc4f2ad82986bbe2a4525601f8199ab9c832d;0x6cbefa95e42960e579c2a3058c05c6a08e2498e9;0x795065dcc9f64b5614c407a6efdc400da6221fb0;0x87c7056bbe6084f03304196be51c6b90b6d85aa2;0xce84867c3c02b05dc570d0135103d3fb9cc19433,-0.02943800178412137,-0.0018382352941175295,0.06204044117647056,0.15579044117647056
2026-05-04,SUSHI,0.2172,1388205.3699212365,27034.342063871012,1415239.7119851075,0.019102306015671987,51.349700563878315,11,binance;bitget;bybit;coinbase;crypto_com;gate;htx;kraken;kucoin;mexc;okx,bsc;eth,bsc;eth,5,pancakeswap_v2;shibaswap;sushiswap;sushiswap-v3-ethereum;uniswap_v2,0x16afc4f2ad82986bbe2a4525601f8199ab9c832d;0x6cbefa95e42960e579c2a3058c05c6a08e2498e9;0x795065dcc9f64b5614c407a6efdc400da6221fb0;0x87c7056bbe6084f03304196be51c6b90b6d85aa2;0xce84867c3c02b05dc570d0135103d3fb9cc19433,-0.0018382352941175295,0.025322283609576557,0.05386740331491713,0.16068139963167583
2026-05-05,SUSHI,0.2227,2576440.680350563,24065.381289866815,2600506.06164043,0.00925411466823734,107.06003986878123,11,binance;bitget;bybit;coinbase;crypto_com;gate;htx;kraken;kucoin;mexc;okx,bsc;eth,bsc;eth,5,pancakeswap_v2;shibaswap;sushiswap;sushiswap-v3-ethereum;uniswap_v2,0x16afc4f2ad82986bbe2a4525601f8199ab9c832d;0x6cbefa95e42960e579c2a3058c05c6a08e2498e9;0x795065dcc9f64b5614c407a6efdc400da6221fb0;0x87c7056bbe6084f03304196be51c6b90b6d85aa2;0xce84867c3c02b05dc570d0135103d3fb9cc19433,0.025322283609576557,0.03771890435563541,0.12213740458015265,0.082622361921868
2026-05-06,SUSHI,0.2311,3838170.2369935378,55634.20811771304,3893804.445111251,0.014287879348322922,68.98939280078521,11,binance;bitget;bybit;coinbase;crypto_com;gate;htx;kraken;kucoin;mexc;okx,bsc;eth,bsc;eth,5,pancakeswap_v2;shibaswap;sushiswap;sushiswap-v3-ethereum;uniswap_v2,0x16afc4f2ad82986bbe2a4525601f8199ab9c832d;0x6cbefa95e42960e579c2a3058c05c6a08e2498e9;0x795065dcc9f64b5614c407a6efdc400da6221fb0;0x87c7056bbe6084f03304196be51c6b90b6d85aa2;0xce84867c3c02b05dc570d0135103d3fb9cc19433,0.03771890435563541,-0.009519688446559926,0.04630030289917775,0.004759844223279908
2026-05-07,SUSHI,0.2289,3342948.805516184,61507.95321231113,3404456.758728495,0.01806689218613641,54.349862593819424,11,binance;bitget;bybit;coinbase;crypto_com;gate;htx;kraken;kucoin;mexc;okx,bsc;eth,bsc;eth,5,pancakeswap_v2;shibaswap;sushiswap;sushiswap-v3-ethereum;uniswap_v2,0x16afc4f2ad82986bbe2a4525601f8199ab9c832d;0x6cbefa95e42960e579c2a3058c05c6a08e2498e9;0x795065dcc9f64b5614c407a6efdc400da6221fb0;0x87c7056bbe6084f03304196be51c6b90b6d85aa2;0xce84867c3c02b05dc570d0135103d3fb9cc19433,-0.009519688446559926,0.09174311926605516,0.09873307121013553,0.009611183923110556
2026-05-08,SUSHI,0.2499,5245782.692558753,130019.53524963079,5375802.227808384,0.024186071164793828,40.34611170150025,11,binance;bitget;bybit;coinbase;crypto_com;gate;htx;kraken;kucoin;mexc;okx,bsc;eth,bsc;eth,5,pancakeswap_v2;shibaswap;sushiswap;sushiswap-v3-ethereum;uniswap_v2,0x16afc4f2ad82986bbe2a4525601f8199ab9c832d;0x6cbefa95e42960e579c2a3058c05c6a08e2498e9;0x795065dcc9f64b5614c407a6efdc400da6221fb0;0x87c7056bbe6084f03304196be51c6b90b6d85aa2;0xce84867c3c02b05dc570d0135103d3fb9cc19433,0.09174311926605516,-0.032412965186074505,0.00880352140856333,-0.12244897959183676
2026-05-09,SUSHI,0.2418,2477805.1800242728,34775.38206275245,2512580.562087025,0.013840504295658074,71.25170258526718,11,binance;bitget;bybit;coinbase;crypto_com;gate;htx;kraken;kucoin;mexc;okx,bsc;eth,bsc;eth,5,pancakeswap_v2;shibaswap;sushiswap;sushiswap-v3-ethereum;uniswap_v2,0x16afc4f2ad82986bbe2a4525601f8199ab9c832d;0x6cbefa95e42960e579c2a3058c05c6a08e2498e9;0x795065dcc9f64b5614c407a6efdc400da6221fb0;0x87c7056bbe6084f03304196be51c6b90b6d85aa2;0xce84867c3c02b05dc570d0135103d3fb9cc19433,-0.032412965186074505,0.04011579818031441,-0.0028949545078575945,-0.12158808933002474
2026-05-10,SUSHI,0.2515,3970573.377555791,122136.50049574794,4092709.878051539,0.02984245258886877,32.50931016886326,11,binance;bitget;bybit;coinbase;crypto_com;gate;htx;kraken;kucoin;mexc;okx,bsc;eth,bsc;eth,5,pancakeswap_v2;shibaswap;sushiswap;sushiswap-v3-ethereum;uniswap_v2,0x16afc4f2ad82986bbe2a4525601f8199ab9c832d;0x6cbefa95e42960e579c2a3058c05c6a08e2498e9;0x795065dcc9f64b5614c407a6efdc400da6221fb0;0x87c7056bbe6084f03304196be51c6b90b6d85aa2;0xce84867c3c02b05dc570d0135103d3fb9cc19433,0.04011579818031441,0.0023856858846917905,-0.07673956262425452,-0.1773359840954274
2026-05-11,SUSHI,0.2521,3467898.0129167573,67202.64451925775,3535100.657436015,0.019010107782333807,51.60359443776038,11,binance;bitget;bybit;coinbase;crypto_com;gate;htx;kraken;kucoin;mexc;okx,bsc;eth,bsc;eth,5,pancakeswap_v2;shibaswap;sushiswap;sushiswap-v3-ethereum;uniswap_v2,0x16afc4f2ad82986bbe2a4525601f8199ab9c832d;0x6cbefa95e42960e579c2a3058c05c6a08e2498e9;0x795065dcc9f64b5614c407a6efdc400da6221fb0;0x87c7056bbe6084f03304196be51c6b90b6d85aa2;0xce84867c3c02b05dc570d0135103d3fb9cc19433,0.0023856858846917905,-0.04363347877826251,-0.08330027766759218,-0.16025386751289172
2026-05-12,SUSHI,0.2411,1607977.6573033351,35787.90730527558,1643765.5646086107,0.02177190475078292,44.930753943980946,11,binance;bitget;bybit;coinbase;crypto_com;gate;htx;kraken;kucoin;mexc;okx,bsc;eth,bsc;eth,5,pancakeswap_v2;shibaswap;sushiswap;sushiswap-v3-ethereum;uniswap_v2,0x16afc4f2ad82986bbe2a4525601f8199ab9c832d;0x6cbefa95e42960e579c2a3058c05c6a08e2498e9;0x795065dcc9f64b5614c407a6efdc400da6221fb0;0x87c7056bbe6084f03304196be51c6b90b6d85aa2;0xce84867c3c02b05dc570d0135103d3fb9cc19433,-0.04363347877826251,-0.03691414350891753,-0.09041891331397767,-0.14309415180423057
2026-05-13,SUSHI,0.2322,1662295.982566861,46815.654541025986,1709111.6371078868,0.027391806084853643,35.50726779031019,11,binance;bitget;bybit;coinbase;crypto_com;gate;htx;kraken;kucoin;mexc;okx,bsc;eth,bsc;eth,5,pancakeswap_v2;shibaswap;sushiswap;sushiswap-v3-ethereum;uniswap_v2,0x16afc4f2ad82986bbe2a4525601f8199ab9c832d;0x6cbefa95e42960e579c2a3058c05c6a08e2498e9;0x795065dcc9f64b5614c407a6efdc400da6221fb0;0x87c7056bbe6084f03304196be51c6b90b6d85aa2;0xce84867c3c02b05dc570d0135103d3fb9cc19433,-0.03691414350891753,-0.004737295434969813,-0.0852713178294573,-0.09302325581395343
2026-05-14,SUSHI,0.2311,2046776.1737688466,24270.322425897928,2071046.4961947445,0.011718868924715702,84.33246735876942,11,binance;bitget;bybit;coinbase;crypto_com;gate;htx;kraken;kucoin;mexc;okx,bsc;eth,bsc;eth,5,pancakeswap_v2;shibaswap;sushiswap;sushiswap-v3-ethereum;uniswap_v2,0x16afc4f2ad82986bbe2a4525601f8199ab9c832d;0x6cbefa95e42960e579c2a3058c05c6a08e2498e9;0x795065dcc9f64b5614c407a6efdc400da6221fb0;0x87c7056bbe6084f03304196be51c6b90b6d85aa2;0xce84867c3c02b05dc570d0135103d3fb9cc19433,-0.004737295434969813,-0.05106014712245788,-0.10471657291215919,-0.07399394201644316
2026-05-15,SUSHI,0.2193,1549457.1607263535,22020.15850492582,1571477.3192312794,0.014012393456430816,70.3653954343583,11,binance;bitget;bybit;coinbase;crypto_com;gate;htx;kraken;kucoin;mexc;okx,bsc;eth,bsc;eth,5,pancakeswap_v2;shibaswap;sushiswap;sushiswap-v3-ethereum;uniswap_v2,0x16afc4f2ad82986bbe2a4525601f8199ab9c832d;0x6cbefa95e42960e579c2a3058c05c6a08e2498e9;0x795065dcc9f64b5614c407a6efdc400da6221fb0;0x87c7056bbe6084f03304196be51c6b90b6d85aa2;0xce84867c3c02b05dc570d0135103d3fb9cc19433,-0.05106014712245788,-0.03146374829001364,-0.03465572275421791,-0.07387140902872769
2026-05-16,SUSHI,0.2124,1126725.6344103105,34550.734819367186,1161276.3692296778,0.02975237913631714,32.61075749331768,11,binance;bitget;bybit;coinbase;crypto_com;gate;htx;kraken;kucoin;mexc;okx,bsc;eth,bsc;eth,5,pancakeswap_v2;shibaswap;sushiswap;sushiswap-v3-ethereum;uniswap_v2,0x16afc4f2ad82986bbe2a4525601f8199ab9c832d;0x6cbefa95e42960e579c2a3058c05c6a08e2498e9;0x795065dcc9f64b5614c407a6efdc400da6221fb0;0x87c7056bbe6084f03304196be51c6b90b6d85aa2;0xce84867c3c02b05dc570d0135103d3fb9cc19433,-0.03146374829001364,-0.025894538606403006,-0.02730696798493404,-0.024482109227871973
2026-05-17,SUSHI,0.2069,1326019.6241932872,16647.811143470884,1342667.4353367581,0.012399057804880329,79.65128945575165,11,binance;bitget;bybit;coinbase;crypto_com;gate;htx;kraken;kucoin;mexc;okx,bsc;eth,bsc;eth,5,pancakeswap_v2;shibaswap;sushiswap;sushiswap-v3-ethereum;uniswap_v2,0x16afc4f2ad82986bbe2a4525601f8199ab9c832d;0x6cbefa95e42960e579c2a3058c05c6a08e2498e9;0x795065dcc9f64b5614c407a6efdc400da6221fb0;0x87c7056bbe6084f03304196be51c6b90b6d85aa2;0xce84867c3c02b05dc570d0135103d3fb9cc19433,-0.025894538606403006,0.023199613339777603,0.017883035282745263,-0.027549540840986042
2026-05-18,SUSHI,0.2117,1118895.647322284,22847.889138654486,1141743.5364609386,0.020011402218641908,48.971510695459195,11,binance;bitget;bybit;coinbase;crypto_com;gate;htx;kraken;kucoin;mexc;okx,bsc;eth,bsc;eth,5,pancakeswap_v2;shibaswap;sushiswap;sushiswap-v3-ethereum;uniswap_v2,0x16afc4f2ad82986bbe2a4525601f8199ab9c832d;0x6cbefa95e42960e579c2a3058c05c6a08e2498e9;0x795065dcc9f64b5614c407a6efdc400da6221fb0;0x87c7056bbe6084f03304196be51c6b90b6d85aa2;0xce84867c3c02b05dc570d0135103d3fb9cc19433,0.023199613339777603,-0.02409069437883793,0.010864430798299463,-0.028814359943315937
2026-05-19,SUSHI,0.2066,1007813.3008148134,17061.94866973439,1024875.2494845478,0.016647829751294658,59.06788962520671,11,binance;bitget;bybit;coinbase;crypto_com;gate;htx;kraken;kucoin;mexc;okx,bsc;eth,bsc;eth,4,pancakeswap_v2;sushiswap;sushiswap-v3-ethereum;uniswap_v2,0x16afc4f2ad82986bbe2a4525601f8199ab9c832d;0x795065dcc9f64b5614c407a6efdc400da6221fb0;0x87c7056bbe6084f03304196be51c6b90b6d85aa2;0xce84867c3c02b05dc570d0135103d3fb9cc19433,-0.02409069437883793,0.019361084220716362,-0.01694094869312679,-0.02662149080348497
2026-05-20,SUSHI,0.2106,1192317.4924873447,13311.86935442449,1205629.3618417692,0.011041427635843846,89.56799835862661,11,binance;bitget;bybit;coinbase;crypto_com;gate;htx;kraken;kucoin;mexc;okx,bsc;eth,bsc;eth,5,pancakeswap_v2;shibaswap;sushiswap;sushiswap-v3-ethereum;uniswap_v2,0x16afc4f2ad82986bbe2a4525601f8199ab9c832d;0x6cbefa95e42960e579c2a3058c05c6a08e2498e9;0x795065dcc9f64b5614c407a6efdc400da6221fb0;0x87c7056bbe6084f03304196be51c6b90b6d85aa2;0xce84867c3c02b05dc570d0135103d3fb9cc19433,0.019361084220716362,0.01614434947768273,-0.01614434947768284,-0.049857549857549865
2026-05-21,SUSHI,0.214,1572416.4602034409,14090.394274968117,1586506.854478409,0.008881395145059473,111.59492271957726,11,binance;bitget;bybit;coinbase;crypto_com;gate;htx;kraken;kucoin;mexc;okx,bsc;eth,bsc;eth,5,pancakeswap_v2;shibaswap;sushiswap;sushiswap-v3-ethereum;uniswap_v2,0x16afc4f2ad82986bbe2a4525601f8199ab9c832d;0x6cbefa95e42960e579c2a3058c05c6a08e2498e9;0x795065dcc9f64b5614c407a6efdc400da6221fb0;0x87c7056bbe6084f03304196be51c6b90b6d85aa2;0xce84867c3c02b05dc570d0135103d3fb9cc19433,0.01614434947768273,-0.05093457943925228,-0.059813084112149584,-0.09205607476635513
2026-05-22,SUSHI,0.2031,1586557.7921033574,27085.694702464934,1613643.4868058222,0.01678542684548033,58.57548826166798,11,binance;bitget;bybit;coinbase;crypto_com;gate;htx;kraken;kucoin;mexc;okx,bsc;eth,bsc;eth,5,pancakeswap_v2;shibaswap;sushiswap;sushiswap-v3-ethereum;uniswap_v2,0x16afc4f2ad82986bbe2a4525601f8199ab9c832d;0x6cbefa95e42960e579c2a3058c05c6a08e2498e9;0x795065dcc9f64b5614c407a6efdc400da6221fb0;0x87c7056bbe6084f03304196be51c6b90b6d85aa2;0xce84867c3c02b05dc570d0135103d3fb9cc19433,-0.05093457943925228,0.020187099950763177,0.01230920728705076,-0.04972919743968485
2026-05-23,SUSHI,0.2072,1545801.1657420706,39494.33824466438,1585295.5039867351,0.024912918850361444,39.13981685592379,11,binance;bitget;bybit;coinbase;crypto_com;gate;htx;kraken;kucoin;mexc;okx,bsc;eth,bsc;eth,5,pancakeswap_v2;shibaswap;sushiswap;sushiswap-v3-ethereum;uniswap_v2,0x16afc4f2ad82986bbe2a4525601f8199ab9c832d;0x6cbefa95e42960e579c2a3058c05c6a08e2498e9;0x795065dcc9f64b5614c407a6efdc400da6221fb0;0x87c7056bbe6084f03304196be51c6b90b6d85aa2;0xce84867c3c02b05dc570d0135103d3fb9cc19433,0.020187099950763177,-0.02895752895752901,-0.029440154440154465,-0.06274131274131267
2026-05-24,SUSHI,0.2012,1034983.9618617152,15325.17019110531,1050309.1320528204,0.014591104393382159,67.53490819060642,11,binance;bitget;bybit;coinbase;crypto_com;gate;htx;kraken;kucoin;mexc;okx,bsc;eth,bsc;eth,5,pancakeswap_v2;shibaswap;sushiswap;sushiswap-v3-ethereum;uniswap_v2,0x16afc4f2ad82986bbe2a4525601f8199ab9c832d;0x6cbefa95e42960e579c2a3058c05c6a08e2498e9;0x795065dcc9f64b5614c407a6efdc400da6221fb0;0x87c7056bbe6084f03304196be51c6b90b6d85aa2;0xce84867c3c02b05dc570d0135103d3fb9cc19433,-0.02895752895752901,0.021868787276342116,-0.005467196819085474,0.02236580516898612
2026-05-25,SUSHI,0.2056,999433.5676918924,22392.86802574179,1021826.4357176342,0.021914551476655778,44.63178037502791,11,binance;bitget;bybit;coinbase;crypto_com;gate;htx;kraken;kucoin;mexc;okx,bsc;eth,bsc;eth,5,pancakeswap_v2;shibaswap;sushiswap;sushiswap-v3-ethereum;uniswap_v2,0x16afc4f2ad82986bbe2a4525601f8199ab9c832d;0x6cbefa95e42960e579c2a3058c05c6a08e2498e9;0x795065dcc9f64b5614c407a6efdc400da6221fb0;0x87c7056bbe6084f03304196be51c6b90b6d85aa2;0xce84867c3c02b05dc570d0135103d3fb9cc19433,0.021868787276342116,-0.021887159533073963,-0.05496108949416345,0.024319066147859836
2026-05-26,SUSHI,0.2011,1134235.1383765142,14128.415601719242,1148363.5539782334,0.012303086032968126,80.28041999546593,11,binance;bitget;bybit;coinbase;crypto_com;gate;htx;kraken;kucoin;mexc;okx,bsc;eth,bsc;eth,5,pancakeswap_v2;shibaswap;sushiswap;sushiswap-v3-ethereum;uniswap_v2,0x16afc4f2ad82986bbe2a4525601f8199ab9c832d;0x6cbefa95e42960e579c2a3058c05c6a08e2498e9;0x795065dcc9f64b5614c407a6efdc400da6221fb0;0x87c7056bbe6084f03304196be51c6b90b6d85aa2;0xce84867c3c02b05dc570d0135103d3fb9cc19433,-0.021887159533073963,-0.004972650422675251,-0.04027846842366978,-0.026852312282446444
2026-05-27,SUSHI,0.2001,2396825.409076313,39377.10823448586,2436202.517310799,0.016163314812576525,60.868497371709246,11,binance;bitget;bybit;coinbase;crypto_com;gate;htx;kraken;kucoin;mexc;okx,bsc;eth,bsc;eth,5,pancakeswap_v2;shibaswap;sushiswap;sushiswap-v3-ethereum;uniswap_v2,0x16afc4f2ad82986bbe2a4525601f8199ab9c832d;0x6cbefa95e42960e579c2a3058c05c6a08e2498e9;0x795065dcc9f64b5614c407a6efdc400da6221fb0;0x87c7056bbe6084f03304196be51c6b90b6d85aa2;0xce84867c3c02b05dc570d0135103d3fb9cc19433,-0.004972650422675251,-0.02898550724637683,-0.029485257371314244,0.15042478760619682
2026-05-28,SUSHI,0.1943,1757635.1875338997,28244.219065376234,1785879.406599276,0.01581530027223938,62.22990918833842,11,binance;bitget;bybit;coinbase;crypto_com;gate;htx;kraken;kucoin;mexc;okx,bsc;eth,bsc;eth,5,pancakeswap_v2;shibaswap;sushiswap;sushiswap-v3-ethereum;uniswap_v2,0x16afc4f2ad82986bbe2a4525601f8199ab9c832d;0x6cbefa95e42960e579c2a3058c05c6a08e2498e9;0x795065dcc9f64b5614c407a6efdc400da6221fb0;0x87c7056bbe6084f03304196be51c6b90b6d85aa2;0xce84867c3c02b05dc570d0135103d3fb9cc19433,-0.02898550724637683,-0.006690684508491973,0.058672156459083746,0.061245496654657616
2026-05-29,SUSHI,0.193,1619493.44211076,13579.799078821334,1633073.2411895813,0.008315486860178656,119.25754075673149,11,binance;bitget;bybit;coinbase;crypto_com;gate;htx;kraken;kucoin;mexc;okx,bsc;eth,bsc;eth,5,pancakeswap_v2;shibaswap;sushiswap;sushiswap-v3-ethereum;uniswap_v2,0x16afc4f2ad82986bbe2a4525601f8199ab9c832d;0x6cbefa95e42960e579c2a3058c05c6a08e2498e9;0x795065dcc9f64b5614c407a6efdc400da6221fb0;0x87c7056bbe6084f03304196be51c6b90b6d85aa2;0xce84867c3c02b05dc570d0135103d3fb9cc19433,-0.006690684508491973,0.006217616580310947,0.0911917098445596,-0.08082901554404143
2026-05-30,SUSHI,0.1942,1003698.7181210964,18718.736046961836,1022417.4541680582,0.018308310339041782,53.620004876558035,11,binance;bitget;bybit;coinbase;crypto_com;gate;htx;kraken;kucoin;mexc;okx,bsc;eth,bsc;eth,5,pancakeswap_v2;shibaswap;sushiswap;sushiswap-v3-ethereum;uniswap_v2,0x16afc4f2ad82986bbe2a4525601f8199ab9c832d;0x6cbefa95e42960e579c2a3058c05c6a08e2498e9;0x795065dcc9f64b5614c407a6efdc400da6221fb0;0x87c7056bbe6084f03304196be51c6b90b6d85aa2;0xce84867c3c02b05dc570d0135103d3fb9cc19433,0.006217616580310947,0.05921730175077222,0.007723995880535517,-0.13130792996910412
2026-05-31,SUSHI,0.2057,4127551.7812143434,38892.067736552155,4166443.8489508955,0.009334595435948362,106.12837067891668,11,binance;bitget;bybit;coinbase;crypto_com;gate;htx;kraken;kucoin;mexc;okx,bsc;eth,bsc;eth,5,pancakeswap_v2;shibaswap;sushiswap;sushiswap-v3-ethereum;uniswap_v2,0x16afc4f2ad82986bbe2a4525601f8199ab9c832d;0x6cbefa95e42960e579c2a3058c05c6a08e2498e9;0x795065dcc9f64b5614c407a6efdc400da6221fb0;0x87c7056bbe6084f03304196be51c6b90b6d85aa2;0xce84867c3c02b05dc570d0135103d3fb9cc19433,0.05921730175077222,0.023821098687409004,0.11910549343704413,-0.1657754010695187
2026-06-01,SUSHI,0.2106,4960309.035169867,174011.43997220395,5134320.475142071,0.03389181505414091,28.50564903067414,11,binance;bitget;bybit;coinbase;crypto_com;gate;htx;kraken;kucoin;mexc;okx,bsc;eth,bsc;eth,5,pancakeswap_v2;shibaswap;sushiswap;sushiswap-v3-ethereum;uniswap_v2,0x16afc4f2ad82986bbe2a4525601f8199ab9c832d;0x6cbefa95e42960e579c2a3058c05c6a08e2498e9;0x795065dcc9f64b5614c407a6efdc400da6221fb0;0x87c7056bbe6084f03304196be51c6b90b6d85aa2;0xce84867c3c02b05dc570d0135103d3fb9cc19433,0.023821098687409004,-0.07075023741690412,-0.02089268755935425,-0.19800569800569812
2026-06-02,SUSHI,0.1957,5850309.319880625,124910.2872729793,5975219.607153605,0.02090471907064892,46.836088905114295,11,binance;bitget;bybit;coinbase;crypto_com;gate;htx;kraken;kucoin;mexc;okx,bsc;eth,bsc;eth,5,pancakeswap_v2;shibaswap;sushiswap;sushiswap-v3-ethereum;uniswap_v2,0x16afc4f2ad82986bbe2a4525601f8199ab9c832d;0x6cbefa95e42960e579c2a3058c05c6a08e2498e9;0x795065dcc9f64b5614c407a6efdc400da6221fb0;0x87c7056bbe6084f03304196be51c6b90b6d85aa2;0xce84867c3c02b05dc570d0135103d3fb9cc19433,-0.07075023741690412,0.17629024016351535,-0.09351047521716915,-0.1527848748083802
2026-06-03,SUSHI,0.2302,12229192.165154058,380893.2297977023,12610085.39495176,0.03020544412412834,32.1066146847744,11,binance;bitget;bybit;coinbase;crypto_com;gate;htx;kraken;kucoin;mexc;okx,bsc;eth,bsc;eth,5,pancakeswap_v2;shibaswap;sushiswap;sushiswap-v3-ethereum;uniswap_v2,0x16afc4f2ad82986bbe2a4525601f8199ab9c832d;0x6cbefa95e42960e579c2a3058c05c6a08e2498e9;0x795065dcc9f64b5614c407a6efdc400da6221fb0;0x87c7056bbe6084f03304196be51c6b90b6d85aa2;0xce84867c3c02b05dc570d0135103d3fb9cc19433,0.17629024016351535,-0.10425716768027804,-0.2671589921807125,-0.26889661164205036
2026-06-04,SUSHI,0.2062,10725413.758431561,377820.2498899828,11103234.008321544,0.03402794623681873,28.387609614769687,11,binance;bitget;bybit;coinbase;crypto_com;gate;htx;kraken;kucoin;mexc;okx,bsc;eth,bsc;eth,5,pancakeswap_v2;shibaswap;sushiswap;sushiswap-v3-ethereum;uniswap_v2,0x16afc4f2ad82986bbe2a4525601f8199ab9c832d;0x6cbefa95e42960e579c2a3058c05c6a08e2498e9;0x795065dcc9f64b5614c407a6efdc400da6221fb0;0x87c7056bbe6084f03304196be51c6b90b6d85aa2;0xce84867c3c02b05dc570d0135103d3fb9cc19433,-0.10425716768027804,-0.13967022308438404,-0.1677982541222114,-0.1454898157129001
2026-06-05,SUSHI,0.1774,6039685.365822913,241257.1715284105,6280942.537351323,0.038410982124690594,25.03422106609452,11,binance;bitget;bybit;coinbase;crypto_com;gate;htx;kraken;kucoin;mexc;okx,bsc;eth,bsc;eth,5,pancakeswap_v2;shibaswap;sushiswap;sushiswap-v3-ethereum;uniswap_v2,0x16afc4f2ad82986bbe2a4525601f8199ab9c832d;0x6cbefa95e42960e579c2a3058c05c6a08e2498e9;0x795065dcc9f64b5614c407a6efdc400da6221fb0;0x87c7056bbe6084f03304196be51c6b90b6d85aa2;0xce84867c3c02b05dc570d0135103d3fb9cc19433,-0.13967022308438404,-0.04904171364148824,-0.047914317925591976,-0.036076662908680834
2026-06-06,SUSHI,0.1687,2499544.683382126,69512.7344475987,2569057.417829725,0.02705768036368814,35.95808312312007,11,binance;bitget;bybit;coinbase;crypto_com;gate;htx;kraken;kucoin;mexc;okx,bsc;eth,bsc;eth,5,pancakeswap_v2;shibaswap;sushiswap;sushiswap-v3-ethereum;uniswap_v2,0x16afc4f2ad82986bbe2a4525601f8199ab9c832d;0x6cbefa95e42960e579c2a3058c05c6a08e2498e9;0x795065dcc9f64b5614c407a6efdc400da6221fb0;0x87c7056bbe6084f03304196be51c6b90b6d85aa2;0xce84867c3c02b05dc570d0135103d3fb9cc19433,-0.04904171364148824,0.017190278601067144,-0.017190278601066922,0.04030823947836404
2026-06-07,SUSHI,0.1716,2218871.1209585997,72720.7622020645,2291591.8831606642,0.03173373179423416,30.512209357668244,11,binance;bitget;bybit;coinbase;crypto_com;gate;htx;kraken;kucoin;mexc;okx,bsc;eth,bsc;eth,5,pancakeswap_v2;shibaswap;sushiswap;sushiswap-v3-ethereum;uniswap_v2,0x16afc4f2ad82986bbe2a4525601f8199ab9c832d;0x6cbefa95e42960e579c2a3058c05c6a08e2498e9;0x795065dcc9f64b5614c407a6efdc400da6221fb0;0x87c7056bbe6084f03304196be51c6b90b6d85aa2;0xce84867c3c02b05dc570d0135103d3fb9cc19433,0.017190278601067144,-0.01573426573426573,-0.019230769230769162,0.04895104895104896
2026-06-08,SUSHI,0.1689,2911971.822847915,41698.18150047448,2953670.0043483893,0.01411741373920799,69.8345040014462,11,binance;bitget;bybit;coinbase;crypto_com;gate;htx;kraken;kucoin;mexc;okx,bsc;eth,bsc;eth,5,pancakeswap_v2;shibaswap;sushiswap;sushiswap-v3-ethereum;uniswap_v2,0x16afc4f2ad82986bbe2a4525601f8199ab9c832d;0x6cbefa95e42960e579c2a3058c05c6a08e2498e9;0x795065dcc9f64b5614c407a6efdc400da6221fb0;0x87c7056bbe6084f03304196be51c6b90b6d85aa2;0xce84867c3c02b05dc570d0135103d3fb9cc19433,-0.01573426573426573,-0.018354055654233203,0.043220840734162325,0.07578448786264058
2026-06-09,SUSHI,0.1658,3315074.2167958864,45954.922057017066,3361029.1388529036,0.013672872253854117,72.13752234598105,11,binance;bitget;bybit;coinbase;crypto_com;gate;htx;kraken;kucoin;mexc;okx,bsc;eth,bsc;eth,5,pancakeswap_v2;shibaswap;sushiswap;sushiswap-v3-ethereum;uniswap_v2,0x16afc4f2ad82986bbe2a4525601f8199ab9c832d;0x6cbefa95e42960e579c2a3058c05c6a08e2498e9;0x795065dcc9f64b5614c407a6efdc400da6221fb0;0x87c7056bbe6084f03304196be51c6b90b6d85aa2;0xce84867c3c02b05dc570d0135103d3fb9cc19433,-0.018354055654233203,0.015078407720144682,0.03136308805790122,0.16405307599517482
2026-06-10,SUSHI,0.1683,2815105.9260813543,100268.8978923297,2915374.823973684,0.03439314117272311,28.075564659185332,11,binance;bitget;bybit;coinbase;crypto_com;gate;htx;kraken;kucoin;mexc;okx,bsc;eth,bsc;eth,5,pancakeswap_v2;shibaswap;sushiswap;sushiswap-v3-ethereum;uniswap_v2,0x16afc4f2ad82986bbe2a4525601f8199ab9c832d;0x6cbefa95e42960e579c2a3058c05c6a08e2498e9;0x795065dcc9f64b5614c407a6efdc400da6221fb0;0x87c7056bbe6084f03304196be51c6b90b6d85aa2;0xce84867c3c02b05dc570d0135103d3fb9cc19433,0.015078407720144682,0.04693998811645872,0.04278074866310155,0.13190730837789655
2026-06-11,SUSHI,0.1762,1860111.5601770114,67847.44232098437,1927959.0024979957,0.03519133043445248,27.416089634991327,11,binance;bitget;bybit;coinbase;crypto_com;gate;htx;kraken;kucoin;mexc;okx,bsc;eth,bsc;eth,5,pancakeswap_v2;shibaswap;sushiswap;sushiswap-v3-ethereum;uniswap_v2,0x16afc4f2ad82986bbe2a4525601f8199ab9c832d;0x6cbefa95e42960e579c2a3058c05c6a08e2498e9;0x795065dcc9f64b5614c407a6efdc400da6221fb0;0x87c7056bbe6084f03304196be51c6b90b6d85aa2;0xce84867c3c02b05dc570d0135103d3fb9cc19433,0.04693998811645872,-0.0295119182746878,0.02156640181611813,0.02553916004540291
2026-06-12,SUSHI,0.171,1534887.6732102532,21851.004206042402,1556738.6774162957,0.014036398351911127,70.24334711288988,11,binance;bitget;bybit;coinbase;crypto_com;gate;htx;kraken;kucoin;mexc;okx,bsc;eth,bsc;eth,5,pancakeswap_v2;shibaswap;sushiswap;sushiswap-v3-ethereum;uniswap_v2,0x16afc4f2ad82986bbe2a4525601f8199ab9c832d;0x6cbefa95e42960e579c2a3058c05c6a08e2498e9;0x795065dcc9f64b5614c407a6efdc400da6221fb0;0x87c7056bbe6084f03304196be51c6b90b6d85aa2;0xce84867c3c02b05dc570d0135103d3fb9cc19433,-0.0295119182746878,0.02631578947368407,0.0625730994152045,0.03391812865497079
2026-06-13,SUSHI,0.1755,958384.2848673556,21097.61315781453,979481.8980251701,0.021539564131150872,45.42619478793369,11,binance;bitget;bybit;coinbase;crypto_com;gate;htx;kraken;kucoin;mexc;okx,bsc;eth,bsc;eth,5,pancakeswap_v2;shibaswap;sushiswap;sushiswap-v3-ethereum;uniswap_v2,0x16afc4f2ad82986bbe2a4525601f8199ab9c832d;0x6cbefa95e42960e579c2a3058c05c6a08e2498e9;0x795065dcc9f64b5614c407a6efdc400da6221fb0;0x87c7056bbe6084f03304196be51c6b90b6d85aa2;0xce84867c3c02b05dc570d0135103d3fb9cc19433,0.02631578947368407,0.025641025641025772,0.09971509971509973,0.004558404558404616
2026-06-14,SUSHI,0.18,2277333.5755935786,10906.357660629432,2288239.933254208,0.0047662648929996665,208.80789411615063,11,binance;bitget;bybit;coinbase;crypto_com;gate;htx;kraken;kucoin;mexc;okx,bsc;eth,bsc;eth,5,pancakeswap_v2;shibaswap;sushiswap;sushiswap-v3-ethereum;uniswap_v2,0x16afc4f2ad82986bbe2a4525601f8199ab9c832d;0x6cbefa95e42960e579c2a3058c05c6a08e2498e9;0x795065dcc9f64b5614c407a6efdc400da6221fb0;0x87c7056bbe6084f03304196be51c6b90b6d85aa2;0xce84867c3c02b05dc570d0135103d3fb9cc19433,0.025641025641025772,0.009444444444444589,0.05833333333333335,-0.036111111111111094
2026-06-15,SUSHI,0.1817,2958882.9407395553,49692.382537180805,3008575.3232767363,0.016516914884171566,59.54399426362102,11,binance;bitget;bybit;coinbase;crypto_com;gate;htx;kraken;kucoin;mexc;okx,bsc;eth,bsc;eth,5,pancakeswap_v2;shibaswap;sushiswap;sushiswap-v3-ethereum;uniswap_v2,0x16afc4f2ad82986bbe2a4525601f8199ab9c832d;0x6cbefa95e42960e579c2a3058c05c6a08e2498e9;0x795065dcc9f64b5614c407a6efdc400da6221fb0;0x87c7056bbe6084f03304196be51c6b90b6d85aa2;0xce84867c3c02b05dc570d0135103d3fb9cc19433,0.009444444444444589,0.06219042377545403,-0.005503577325261411,-0.058888277380297116
2026-06-16,SUSHI,0.193,4293025.097999363,179331.2613689037,4472356.359368267,0.04009771291888618,23.93907824675447,11,binance;bitget;bybit;coinbase;crypto_com;gate;htx;kraken;kucoin;mexc;okx,bsc;eth,bsc;eth,5,pancakeswap_v2;shibaswap;sushiswap;sushiswap-v3-ethereum;uniswap_v2,0x16afc4f2ad82986bbe2a4525601f8199ab9c832d;0x6cbefa95e42960e579c2a3058c05c6a08e2498e9;0x795065dcc9f64b5614c407a6efdc400da6221fb0;0x87c7056bbe6084f03304196be51c6b90b6d85aa2;0xce84867c3c02b05dc570d0135103d3fb9cc19433,0.06219042377545403,-0.012953367875647714,-0.0839378238341969,-0.13886010362694312
2026-06-17,SUSHI,0.1905,3242481.1178078977,174707.14211523556,3417188.259923133,0.051125992724546425,18.559522401603825,11,binance;bitget;bybit;coinbase;crypto_com;gate;htx;kraken;kucoin;mexc;okx,bsc;eth,bsc;eth,5,pancakeswap_v2;shibaswap;sushiswap;sushiswap-v3-ethereum;uniswap_v2,0x16afc4f2ad82986bbe2a4525601f8199ab9c832d;0x6cbefa95e42960e579c2a3058c05c6a08e2498e9;0x795065dcc9f64b5614c407a6efdc400da6221fb0;0x87c7056bbe6084f03304196be51c6b90b6d85aa2;0xce84867c3c02b05dc570d0135103d3fb9cc19433,-0.012953367875647714,-0.0514435695538058,-0.07454068241469813,-0.20892388451443566
2026-06-18,SUSHI,0.1807,2253083.454865481,43379.4841200951,2296462.938985576,0.018889694836206353,51.938917683480774,11,binance;bitget;bybit;coinbase;crypto_com;gate;htx;kraken;kucoin;mexc;okx,bsc;eth,bsc;eth,5,pancakeswap_v2;shibaswap;sushiswap;sushiswap-v3-ethereum;uniswap_v2,0x16afc4f2ad82986bbe2a4525601f8199ab9c832d;0x6cbefa95e42960e579c2a3058c05c6a08e2498e9;0x795065dcc9f64b5614c407a6efdc400da6221fb0;0x87c7056bbe6084f03304196be51c6b90b6d85aa2;0xce84867c3c02b05dc570d0135103d3fb9cc19433,-0.0514435695538058,-0.021582733812949617,-0.0398450470392917,-0.18483674598782518
2026-06-19,SUSHI,0.1768,1220380.7219529152,27387.047033374914,1247767.76898629,0.021948833520218803,44.56050776360489,11,binance;bitget;bybit;coinbase;crypto_com;gate;htx;kraken;kucoin;mexc;okx,bsc;eth,bsc;eth,5,pancakeswap_v2;shibaswap;sushiswap;sushiswap-v3-ethereum;uniswap_v2,0x16afc4f2ad82986bbe2a4525601f8199ab9c832d;0x6cbefa95e42960e579c2a3058c05c6a08e2498e9;0x795065dcc9f64b5614c407a6efdc400da6221fb0;0x87c7056bbe6084f03304196be51c6b90b6d85aa2;0xce84867c3c02b05dc570d0135103d3fb9cc19433,-0.021582733812949617,-0.002828054298642524,-0.03280542986425339,-0.1606334841628959
2026-06-20,SUSHI,0.1763,929625.8640508287,16743.012211240726,946368.8762620694,0.01769184578150078,55.52321483864818,11,binance;bitget;bybit;coinbase;crypto_com;gate;htx;kraken;kucoin;mexc;okx,bsc;eth,bsc;eth,5,pancakeswap_v2;shibaswap;sushiswap;sushiswap-v3-ethereum;uniswap_v2,0x16afc4f2ad82986bbe2a4525601f8199ab9c832d;0x6cbefa95e42960e579c2a3058c05c6a08e2498e9;0x795065dcc9f64b5614c407a6efdc400da6221fb0;0x87c7056bbe6084f03304196be51c6b90b6d85aa2;0xce84867c3c02b05dc570d0135103d3fb9cc19433,-0.002828054298642524,-0.0158820192853093,-0.05728871242200806,-0.14350538854225758
2026-06-21,SUSHI,0.1735,1844882.9179192309,21748.711100938093,1866631.629020169,0.01165131392976257,84.82722996121159,11,binance;bitget;bybit;coinbase;crypto_com;gate;htx;kraken;kucoin;mexc;okx,bsc;eth,bsc;eth,5,pancakeswap_v2;shibaswap;sushiswap;sushiswap-v3-ethereum;uniswap_v2,0x16afc4f2ad82986bbe2a4525601f8199ab9c832d;0x6cbefa95e42960e579c2a3058c05c6a08e2498e9;0x795065dcc9f64b5614c407a6efdc400da6221fb0;0x87c7056bbe6084f03304196be51c6b90b6d85aa2;0xce84867c3c02b05dc570d0135103d3fb9cc19433,-0.0158820192853093,-0.0144092219020171,-0.13141210374639767,-0.13659942363112387
2026-06-22,SUSHI,0.171,1652937.9423612733,20918.709272268017,1673856.6516335413,0.012497312270948137,79.01720516535775,11,binance;bitget;bybit;coinbase;crypto_com;gate;htx;kraken;kucoin;mexc;okx,bsc;eth,bsc;eth,5,pancakeswap_v2;shibaswap;sushiswap;sushiswap-v3-ethereum;uniswap_v2,0x16afc4f2ad82986bbe2a4525601f8199ab9c832d;0x6cbefa95e42960e579c2a3058c05c6a08e2498e9;0x795065dcc9f64b5614c407a6efdc400da6221fb0;0x87c7056bbe6084f03304196be51c6b90b6d85aa2;0xce84867c3c02b05dc570d0135103d3fb9cc19433,-0.0144092219020171,-0.02807017543859669,-0.13859649122807027,-0.12046783625730995
2026-06-23,SUSHI,0.1662,2149502.495301343,20851.627049979375,2170354.1223513223,0.009607476879113673,103.0856004737275,11,binance;bitget;bybit;coinbase;crypto_com;gate;htx;kraken;kucoin;mexc;okx,bsc;eth,bsc;eth,5,pancakeswap_v2;shibaswap;sushiswap;sushiswap-v3-ethereum;uniswap_v2,0x16afc4f2ad82986bbe2a4525601f8199ab9c832d;0x6cbefa95e42960e579c2a3058c05c6a08e2498e9;0x795065dcc9f64b5614c407a6efdc400da6221fb0;0x87c7056bbe6084f03304196be51c6b90b6d85aa2;0xce84867c3c02b05dc570d0135103d3fb9cc19433,-0.02807017543859669,-0.09326113116726831,-0.10709987966305645,-0.10348977135980741
2026-06-24,SUSHI,0.1507,3990831.398742123,59320.822039093015,4050152.220781216,0.014646566056139709,67.27538934157259,11,binance;bitget;bybit;coinbase;crypto_com;gate;htx;kraken;kucoin;mexc;okx,bsc;eth,bsc;eth,5,pancakeswap_v2;shibaswap;sushiswap;sushiswap-v3-ethereum;uniswap_v2,0x16afc4f2ad82986bbe2a4525601f8199ab9c832d;0x6cbefa95e42960e579c2a3058c05c6a08e2498e9;0x795065dcc9f64b5614c407a6efdc400da6221fb0;0x87c7056bbe6084f03304196be51c6b90b6d85aa2;0xce84867c3c02b05dc570d0135103d3fb9cc19433,-0.09326113116726831,-0.022561380225613936,0.001990710019907027,0.005308560053085554
2026-06-25,SUSHI,0.1473,2346585.3367332015,28926.743351296704,2375512.080084498,0.012177055883575118,81.12165646285968,11,binance;bitget;bybit;coinbase;crypto_com;gate;htx;kraken;kucoin;mexc;okx,bsc;eth,bsc;eth,5,pancakeswap_v2;shibaswap;sushiswap;sushiswap-v3-ethereum;uniswap_v2,0x16afc4f2ad82986bbe2a4525601f8199ab9c832d;0x6cbefa95e42960e579c2a3058c05c6a08e2498e9;0x795065dcc9f64b5614c407a6efdc400da6221fb0;0x87c7056bbe6084f03304196be51c6b90b6d85aa2;0xce84867c3c02b05dc570d0135103d3fb9cc19433,-0.022561380225613936,0.007467752885268242,0.016972165648336812,0.08621860149355065
2026-06-26,SUSHI,0.1484,1460194.1432161082,23296.03751519818,1483490.1807313063,0.0157035333416997,62.67993611632396,11,binance;bitget;bybit;coinbase;crypto_com;gate;htx;kraken;kucoin;mexc;okx,bsc;eth,bsc;eth,5,pancakeswap_v2;shibaswap;sushiswap;sushiswap-v3-ethereum;uniswap_v2,0x16afc4f2ad82986bbe2a4525601f8199ab9c832d;0x6cbefa95e42960e579c2a3058c05c6a08e2498e9;0x795065dcc9f64b5614c407a6efdc400da6221fb0;0x87c7056bbe6084f03304196be51c6b90b6d85aa2;0xce84867c3c02b05dc570d0135103d3fb9cc19433,0.007467752885268242,0.017520215633423097,0.013477088948786964,0.09231805929919124
2026-06-27,SUSHI,0.151,2383144.395835633,55377.15585616717,2438521.5516918,0.022709315740001377,43.034792216946805,11,binance;bitget;bybit;coinbase;crypto_com;gate;htx;kraken;kucoin;mexc;okx,bsc;eth,bsc;eth,5,pancakeswap_v2;shibaswap;sushiswap;sushiswap-v3-ethereum;uniswap_v2,0x16afc4f2ad82986bbe2a4525601f8199ab9c832d;0x6cbefa95e42960e579c2a3058c05c6a08e2498e9;0x795065dcc9f64b5614c407a6efdc400da6221fb0;0x87c7056bbe6084f03304196be51c6b90b6d85aa2;0xce84867c3c02b05dc570d0135103d3fb9cc19433,0.017520215633423097,-0.007947019867549754,-0.013245033112582849,0.08145695364238414
2026-06-28,SUSHI,0.1498,2044771.1680823464,24678.110139807926,2069449.2782221544,0.011924964965079344,82.85768871676902,11,binance;bitget;bybit;coinbase;crypto_com;gate;htx;kraken;kucoin;mexc;okx,bsc;eth,bsc;eth,5,pancakeswap_v2;shibaswap;sushiswap;sushiswap-v3-ethereum;uniswap_v2,0x16afc4f2ad82986bbe2a4525601f8199ab9c832d;0x6cbefa95e42960e579c2a3058c05c6a08e2498e9;0x795065dcc9f64b5614c407a6efdc400da6221fb0;0x87c7056bbe6084f03304196be51c6b90b6d85aa2;0xce84867c3c02b05dc570d0135103d3fb9cc19433,-0.007947019867549754,0.004005340453938633,0.011348464619492793,0.08277703604806419
2026-06-29,SUSHI,0.1504,1695799.5775255405,17946.06702421123,1713745.6445497517,0.010471838152461742,94.49421844004702,11,binance;bitget;bybit;coinbase;crypto_com;gate;htx;kraken;kucoin;mexc;okx,bsc;eth,bsc;eth,5,pancakeswap_v2;shibaswap;sushiswap;sushiswap-v3-ethereum;uniswap_v2,0x16afc4f2ad82986bbe2a4525601f8199ab9c832d;0x6cbefa95e42960e579c2a3058c05c6a08e2498e9;0x795065dcc9f64b5614c407a6efdc400da6221fb0;0x87c7056bbe6084f03304196be51c6b90b6d85aa2;0xce84867c3c02b05dc570d0135103d3fb9cc19433,0.004005340453938633,-0.009308510638297962,0.06382978723404253,0.10704787234042556
2026-06-30,SUSHI,0.149,2025372.5274770926,53442.39859158288,2078814.9260686755,0.025708107980853205,37.89823400247021,11,binance;bitget;bybit;coinbase;crypto_com;gate;htx;kraken;kucoin;mexc;okx,bsc;eth,bsc;eth,5,pancakeswap_v2;shibaswap;sushiswap;sushiswap-v3-ethereum;uniswap_v2,0x16afc4f2ad82986bbe2a4525601f8199ab9c832d;0x6cbefa95e42960e579c2a3058c05c6a08e2498e9;0x795065dcc9f64b5614c407a6efdc400da6221fb0;0x87c7056bbe6084f03304196be51c6b90b6d85aa2;0xce84867c3c02b05dc570d0135103d3fb9cc19433,-0.009308510638297962,0.016778523489932917,0.0879194630872484,0.07785234899328852
2026-07-01,SUSHI,0.1515,1971059.636928766,38616.40779616972,2009676.0447249357,0.019215240136603782,51.04202460603473,11,binance;bitget;bybit;coinbase;crypto_com;gate;htx;kraken;kucoin;mexc;okx,bsc;eth,bsc;eth,5,pancakeswap_v2;shibaswap;sushiswap;sushiswap-v3-ethereum;uniswap_v2,0x16afc4f2ad82986bbe2a4525601f8199ab9c832d;0x6cbefa95e42960e579c2a3058c05c6a08e2498e9;0x795065dcc9f64b5614c407a6efdc400da6221fb0;0x87c7056bbe6084f03304196be51c6b90b6d85aa2;0xce84867c3c02b05dc570d0135103d3fb9cc19433,0.016778523489932917,0.05610561056105623,0.07788778877887803,
2026-07-02,SUSHI,0.16,1774646.082371123,33586.53009556439,1808232.6124666873,0.018574230916976756,52.83802992811966,11,binance;bitget;bybit;coinbase;crypto_com;gate;htx;kraken;kucoin;mexc;okx,bsc;eth,bsc;eth,5,pancakeswap_v2;shibaswap;sushiswap;sushiswap-v3-ethereum;uniswap_v2,0x16afc4f2ad82986bbe2a4525601f8199ab9c832d;0x6cbefa95e42960e579c2a3058c05c6a08e2498e9;0x795065dcc9f64b5614c407a6efdc400da6221fb0;0x87c7056bbe6084f03304196be51c6b90b6d85aa2;0xce84867c3c02b05dc570d0135103d3fb9cc19433,0.05610561056105623,0.013124999999999831,0.013750000000000151,
2026-07-03,SUSHI,0.1621,1373962.5570299553,52075.757252892116,1426038.3142828473,0.036517782678988496,26.38391891946324,11,binance;bitget;bybit;coinbase;crypto_com;gate;htx;kraken;kucoin;mexc;okx,bsc;eth,bsc;eth,5,pancakeswap_v2;shibaswap;sushiswap;sushiswap-v3-ethereum;uniswap_v2,0x16afc4f2ad82986bbe2a4525601f8199ab9c832d;0x6cbefa95e42960e579c2a3058c05c6a08e2498e9;0x795065dcc9f64b5614c407a6efdc400da6221fb0;0x87c7056bbe6084f03304196be51c6b90b6d85aa2;0xce84867c3c02b05dc570d0135103d3fb9cc19433,0.013124999999999831,0.007402837754472591,0.027143738433066167,
2026-07-04,SUSHI,0.1633,1007217.4116298858,34875.55042504838,1042092.9620549341,0.0334668323220188,28.880330184164787,11,binance;bitget;bybit;coinbase;crypto_com;gate;htx;kraken;kucoin;mexc;okx,bsc;eth,bsc;eth,5,pancakeswap_v2;shibaswap;sushiswap;sushiswap-v3-ethereum;uniswap_v2,0x16afc4f2ad82986bbe2a4525601f8199ab9c832d;0x6cbefa95e42960e579c2a3058c05c6a08e2498e9;0x795065dcc9f64b5614c407a6efdc400da6221fb0;0x87c7056bbe6084f03304196be51c6b90b6d85aa2;0xce84867c3c02b05dc570d0135103d3fb9cc19433,0.007402837754472591,-0.006736068585425525,-0.016533986527862865,
2026-07-05,SUSHI,0.1622,1060655.2719413245,20686.30889314852,1081341.580834473,0.019130226063428415,51.2732975911726,11,binance;bitget;bybit;coinbase;crypto_com;gate;htx;kraken;kucoin;mexc;okx,bsc;eth,bsc;eth,5,pancakeswap_v2;shibaswap;sushiswap;sushiswap-v3-ethereum;uniswap_v2,0x16afc4f2ad82986bbe2a4525601f8199ab9c832d;0x6cbefa95e42960e579c2a3058c05c6a08e2498e9;0x795065dcc9f64b5614c407a6efdc400da6221fb0;0x87c7056bbe6084f03304196be51c6b90b6d85aa2;0xce84867c3c02b05dc570d0135103d3fb9cc19433,-0.006736068585425525,0.02651048088779273,,
2026-07-06,SUSHI,0.1665,1601595.3025869878,44901.2226211248,1646496.5252081126,0.027270766705960348,35.66930272926424,11,binance;bitget;bybit;coinbase;crypto_com;gate;htx;kraken;kucoin;mexc;okx,bsc;eth,bsc;eth,5,pancakeswap_v2;shibaswap;sushiswap;sushiswap-v3-ethereum;uniswap_v2,0x16afc4f2ad82986bbe2a4525601f8199ab9c832d;0x6cbefa95e42960e579c2a3058c05c6a08e2498e9;0x795065dcc9f64b5614c407a6efdc400da6221fb0;0x87c7056bbe6084f03304196be51c6b90b6d85aa2;0xce84867c3c02b05dc570d0135103d3fb9cc19433,0.02651048088779273,-0.03543543543543548,,
2026-07-07,SUSHI,0.1606,1622020.2527250731,34376.946596868314,1656397.1993219415,0.02075404776761321,47.18337180280103,11,binance;bitget;bybit;coinbase;crypto_com;gate;htx;kraken;kucoin;mexc;okx,bsc;eth,bsc;eth,5,pancakeswap_v2;shibaswap;sushiswap;sushiswap-v3-ethereum;uniswap_v2,0x16afc4f2ad82986bbe2a4525601f8199ab9c832d;0x6cbefa95e42960e579c2a3058c05c6a08e2498e9;0x795065dcc9f64b5614c407a6efdc400da6221fb0;0x87c7056bbe6084f03304196be51c6b90b6d85aa2;0xce84867c3c02b05dc570d0135103d3fb9cc19433,-0.03543543543543548,,,
2026-01-17,UNI,5.352,26814582.48152884,515196.9002284883,27329779.38175733,0.018851118153276534,52.047251195876086,12,binance;bitget;bybit;coinbase;crypto_com;gate;htx;kraken;kucoin;mexc;okx;upbit,eth,eth,5,uniswap-v4-ethereum;uniswap_v3,0x053f6a47ccba79e7d5d623173ed6dd5a31cf19c28bae0fb8276f4506295f90da;0x1d42064fc4beb5f8aaf85f4617ae8b3b5b8bd801;0x3470447f3cecffac709d3e783a307790b0208d60;0x9a5c1d2f4a7a7962a63259de6fcc1afb1d0aa1abdf5d19c23d22fd78953c5167;0xcd019866bb9876e0c3f135bc5fe856a0566d490c1b2fcca97e8205ee25048e6f,,-0.04801943198804193,-0.10257847533632292,-0.0928624813153961
2026-01-18,UNI,5.095,43013464.46697012,680319.6236600587,43693784.09063018,0.015570169483351028,63.22537667745277,12,binance;bitget;bybit;coinbase;crypto_com;gate;htx;kraken;kucoin;mexc;okx;upbit,eth,eth,5,uniswap-v4-ethereum;uniswap_v3,0x053f6a47ccba79e7d5d623173ed6dd5a31cf19c28bae0fb8276f4506295f90da;0x1d42064fc4beb5f8aaf85f4617ae8b3b5b8bd801;0x3470447f3cecffac709d3e783a307790b0208d60;0x9a5c1d2f4a7a7962a63259de6fcc1afb1d0aa1abdf5d19c23d22fd78953c5167;0xcd019866bb9876e0c3f135bc5fe856a0566d490c1b2fcca97e8205ee25048e6f,-0.04801943198804193,-0.013542688910696765,-0.030421982335622988,-0.08989205103042197
2026-01-19,UNI,5.026,85737822.1850639,1389698.4699102603,87127520.65497416,0.015950166600212118,61.6952699031182,12,binance;bitget;bybit;coinbase;crypto_com;gate;htx;kraken;kucoin;mexc;okx;upbit,eth,eth,5,uniswap-v4-ethereum;uniswap_v3,0x053f6a47ccba79e7d5d623173ed6dd5a31cf19c28bae0fb8276f4506295f90da;0x1d42064fc4beb5f8aaf85f4617ae8b3b5b8bd801;0x3470447f3cecffac709d3e783a307790b0208d60;0x9a5c1d2f4a7a7962a63259de6fcc1afb1d0aa1abdf5d19c23d22fd78953c5167;0xcd019866bb9876e0c3f135bc5fe856a0566d490c1b2fcca97e8205ee25048e6f,-0.013542688910696765,-0.04436927974532434,-0.03780342220453636,-0.06267409470752083
2026-01-20,UNI,4.803,62990651.2602539,1368005.5173986799,64358656.77765258,0.021255967509155597,46.0456119943385,12,binance;bitget;bybit;coinbase;crypto_com;gate;htx;kraken;kucoin;mexc;okx;upbit,eth,eth,5,uniswap-v4-ethereum;uniswap_v3,0x053f6a47ccba79e7d5d623173ed6dd5a31cf19c28bae0fb8276f4506295f90da;0x1d42064fc4beb5f8aaf85f4617ae8b3b5b8bd801;0x3470447f3cecffac709d3e783a307790b0208d60;0x9a5c1d2f4a7a7962a63259de6fcc1afb1d0aa1abdf5d19c23d22fd78953c5167;0xcd019866bb9876e0c3f135bc5fe856a0566d490c1b2fcca97e8205ee25048e6f,-0.04436927974532434,0.028523839267124762,0.01457422444305645,-0.0006246096189881367
2026-01-21,UNI,4.94,53685527.32299379,773038.1779912934,54458565.500985086,0.014194978712344344,69.44744626001957,12,binance;bitget;bybit;coinbase;crypto_com;gate;htx;kraken;kucoin;mexc;okx;upbit,eth,eth,5,uniswap-v4-ethereum;uniswap_v3,0x053f6a47ccba79e7d5d623173ed6dd5a31cf19c28bae0fb8276f4506295f90da;0x1d42064fc4beb5f8aaf85f4617ae8b3b5b8bd801;0x3470447f3cecffac709d3e783a307790b0208d60;0x9a5c1d2f4a7a7962a63259de6fcc1afb1d0aa1abdf5d19c23d22fd78953c5167;0xcd019866bb9876e0c3f135bc5fe856a0566d490c1b2fcca97e8205ee25048e6f,0.028523839267124762,-0.021052631578947434,-0.01720647773279349,-0.02429149797570851
2026-01-22,UNI,4.836,27835224.001312133,282972.52652641165,28118196.527838543,0.010063679804152926,98.36723141641842,12,binance;bitget;bybit;coinbase;crypto_com;gate;htx;kraken;kucoin;mexc;okx;upbit,eth,eth,5,uniswap-v4-ethereum;uniswap_v3,0x053f6a47ccba79e7d5d623173ed6dd5a31cf19c28bae0fb8276f4506295f90da;0x1d42064fc4beb5f8aaf85f4617ae8b3b5b8bd801;0x3470447f3cecffac709d3e783a307790b0208d60;0x9a5c1d2f4a7a7962a63259de6fcc1afb1d0aa1abdf5d19c23d22fd78953c5167;0xcd019866bb9876e0c3f135bc5fe856a0566d490c1b2fcca97e8205ee25048e6f,-0.021052631578947434,0.0076509511993383406,-0.04114971050454941,-0.09098428453267171
2026-01-23,UNI,4.873,25940935.715173192,426223.3888281302,26367159.10400132,0.01616493408133033,60.86229989981517,12,binance;bitget;bybit;coinbase;crypto_com;gate;htx;kraken;kucoin;mexc;okx;upbit,eth,eth,5,uniswap-v4-ethereum;uniswap_v3,0x053f6a47ccba79e7d5d623173ed6dd5a31cf19c28bae0fb8276f4506295f90da;0x1d42064fc4beb5f8aaf85f4617ae8b3b5b8bd801;0x3470447f3cecffac709d3e783a307790b0208d60;0x9a5c1d2f4a7a7962a63259de6fcc1afb1d0aa1abdf5d19c23d22fd78953c5167;0xcd019866bb9876e0c3f135bc5fe856a0566d490c1b2fcca97e8205ee25048e6f,0.0076509511993383406,-0.0036938231069155725,-0.03324440796224093,-0.12251179971270276
2026-01-24,UNI,4.855,14372666.61102767,165074.57738207505,14537741.188409744,0.011354898621642903,87.0677171431508,12,binance;bitget;bybit;coinbase;crypto_com;gate;htx;kraken;kucoin;mexc;okx;upbit,eth,eth,5,uniswap-v4-ethereum;uniswap_v3,0x053f6a47ccba79e7d5d623173ed6dd5a31cf19c28bae0fb8276f4506295f90da;0x1d42064fc4beb5f8aaf85f4617ae8b3b5b8bd801;0x3470447f3cecffac709d3e783a307790b0208d60;0x9a5c1d2f4a7a7962a63259de6fcc1afb1d0aa1abdf5d19c23d22fd78953c5167;0xcd019866bb9876e0c3f135bc5fe856a0566d490c1b2fcca97e8205ee25048e6f,-0.0036938231069155725,-0.04490216271884673,-0.011328527291452284,-0.1843460350154481
2026-01-25,UNI,4.637,46232857.51344199,465581.0383913094,46698438.551833294,0.009969948735535002,99.30141844519109,12,binance;bitget;bybit;coinbase;crypto_com;gate;htx;kraken;kucoin;mexc;okx;upbit,eth,eth,5,uniswap-v4-ethereum;uniswap_v3,0x053f6a47ccba79e7d5d623173ed6dd5a31cf19c28bae0fb8276f4506295f90da;0x1d42064fc4beb5f8aaf85f4617ae8b3b5b8bd801;0x3470447f3cecffac709d3e783a307790b0208d60;0x9a5c1d2f4a7a7962a63259de6fcc1afb1d0aa1abdf5d19c23d22fd78953c5167;0xcd019866bb9876e0c3f135bc5fe856a0566d490c1b2fcca97e8205ee25048e6f,-0.04490216271884673,0.015958593918481867,0.03946517144705641,-0.1725253396592623
2026-01-26,UNI,4.711,62441194.95804627,785035.3758013216,63226230.3338476,0.012416292599703827,79.53933909578238,12,binance;bitget;bybit;coinbase;crypto_com;gate;htx;kraken;kucoin;mexc;okx;upbit,eth,eth,5,uniswap-v4-ethereum;uniswap_v3,0x053f6a47ccba79e7d5d623173ed6dd5a31cf19c28bae0fb8276f4506295f90da;0x1d42064fc4beb5f8aaf85f4617ae8b3b5b8bd801;0x3470447f3cecffac709d3e783a307790b0208d60;0x9a5c1d2f4a7a7962a63259de6fcc1afb1d0aa1abdf5d19c23d22fd78953c5167;0xcd019866bb9876e0c3f135bc5fe856a0566d490c1b2fcca97e8205ee25048e6f,0.015958593918481867,0.018891954998938587,-0.06686478454680544,-0.16684355763107628
2026-01-27,UNI,4.8,34933832.03288876,330428.1639606869,35264260.19684945,0.009370058016705755,105.72292511072106,12,binance;bitget;bybit;coinbase;crypto_com;gate;htx;kraken;kucoin;mexc;okx;upbit,eth,eth,5,uniswap-v4-ethereum;uniswap_v3,0x053f6a47ccba79e7d5d623173ed6dd5a31cf19c28bae0fb8276f4506295f90da;0x1d42064fc4beb5f8aaf85f4617ae8b3b5b8bd801;0x3470447f3cecffac709d3e783a307790b0208d60;0x9a5c1d2f4a7a7962a63259de6fcc1afb1d0aa1abdf5d19c23d22fd78953c5167;0xcd019866bb9876e0c3f135bc5fe856a0566d490c1b2fcca97e8205ee25048e6f,0.018891954998938587,0.004166666666666874,-0.10916666666666663,-0.1958333333333333
2026-01-28,UNI,4.82,29311019.131011315,314812.3036365086,29625831.434647825,0.010626277420465277,93.10633286065804,12,binance;bitget;bybit;coinbase;crypto_com;gate;htx;kraken;kucoin;mexc;okx;upbit,eth,eth,5,uniswap-v4-ethereum;uniswap_v3,0x053f6a47ccba79e7d5d623173ed6dd5a31cf19c28bae0fb8276f4506295f90da;0x1d42064fc4beb5f8aaf85f4617ae8b3b5b8bd801;0x3470447f3cecffac709d3e783a307790b0208d60;0x9a5c1d2f4a7a7962a63259de6fcc1afb1d0aa1abdf5d19c23d22fd78953c5167;0xcd019866bb9876e0c3f135bc5fe856a0566d490c1b2fcca97e8205ee25048e6f,0.004166666666666874,-0.08796680497925313,-0.17842323651452285,-0.21141078838174276
2026-01-29,UNI,4.396,61755815.552584246,778579.4261166384,62534394.97870088,0.01245041910746592,79.31858135605636,12,binance;bitget;bybit;coinbase;crypto_com;gate;htx;kraken;kucoin;mexc;okx;upbit,eth,eth,5,uniswap-v4-ethereum;uniswap_v3,0x053f6a47ccba79e7d5d623173ed6dd5a31cf19c28bae0fb8276f4506295f90da;0x1d42064fc4beb5f8aaf85f4617ae8b3b5b8bd801;0x3470447f3cecffac709d3e783a307790b0208d60;0x9a5c1d2f4a7a7962a63259de6fcc1afb1d0aa1abdf5d19c23d22fd78953c5167;0xcd019866bb9876e0c3f135bc5fe856a0566d490c1b2fcca97e8205ee25048e6f,-0.08796680497925313,-0.02729754322111011,-0.12716105550500445,-0.27934485896269334
2026-01-30,UNI,4.276,73266077.2517404,807383.6434645405,74073460.89520493,0.01089976941413312,90.74506010222161,12,binance;bitget;bybit;coinbase;crypto_com;gate;htx;kraken;kucoin;mexc;okx;upbit,eth,eth,5,uniswap-v4-ethereum;uniswap_v3,0x053f6a47ccba79e7d5d623173ed6dd5a31cf19c28bae0fb8276f4506295f90da;0x1d42064fc4beb5f8aaf85f4617ae8b3b5b8bd801;0x3470447f3cecffac709d3e783a307790b0208d60;0x9a5c1d2f4a7a7962a63259de6fcc1afb1d0aa1abdf5d19c23d22fd78953c5167;0xcd019866bb9876e0c3f135bc5fe856a0566d490c1b2fcca97e8205ee25048e6f,-0.02729754322111011,-0.07390084190832547,-0.08208606173994382,-0.16931711880261924
2026-01-31,UNI,3.96,102469750.82376057,1332696.219617141,103802447.04337771,0.012838774591317912,76.88905342073998,12,binance;bitget;bybit;coinbase;crypto_com;gate;htx;kraken;kucoin;mexc;okx;upbit,eth,eth,5,uniswap-v4-ethereum;uniswap_v3,0x053f6a47ccba79e7d5d623173ed6dd5a31cf19c28bae0fb8276f4506295f90da;0x1d42064fc4beb5f8aaf85f4617ae8b3b5b8bd801;0x3470447f3cecffac709d3e783a307790b0208d60;0x9a5c1d2f4a7a7962a63259de6fcc1afb1d0aa1abdf5d19c23d22fd78953c5167;0xcd019866bb9876e0c3f135bc5fe856a0566d490c1b2fcca97e8205ee25048e6f,-0.07390084190832547,-0.03106060606060601,-0.025252525252525304,-0.10631313131313125
2026-02-01,UNI,3.837,64108594.92344877,699131.295856443,64807726.21930522,0.010787776961818213,91.69750417897555,12,binance;bitget;bybit;coinbase;crypto_com;gate;htx;kraken;kucoin;mexc;okx;upbit,eth,eth,5,uniswap-v4-ethereum;uniswap_v3,0x053f6a47ccba79e7d5d623173ed6dd5a31cf19c28bae0fb8276f4506295f90da;0x1d42064fc4beb5f8aaf85f4617ae8b3b5b8bd801;0x3470447f3cecffac709d3e783a307790b0208d60;0x9a5c1d2f4a7a7962a63259de6fcc1afb1d0aa1abdf5d19c23d22fd78953c5167;0xcd019866bb9876e0c3f135bc5fe856a0566d490c1b2fcca97e8205ee25048e6f,-0.03106060606060601,0.0229345843106592,-0.009382329945269774,-0.09616888193901496
2026-02-02,UNI,3.925,60526873.214735866,902381.2891505525,61429254.50388642,0.014689764615220292,67.07461019245227,12,binance;bitget;bybit;coinbase;crypto_com;gate;htx;kraken;kucoin;mexc;okx;upbit,eth,eth,5,uniswap-v4-ethereum;uniswap_v3,0x053f6a47ccba79e7d5d623173ed6dd5a31cf19c28bae0fb8276f4506295f90da;0x1d42064fc4beb5f8aaf85f4617ae8b3b5b8bd801;0x3470447f3cecffac709d3e783a307790b0208d60;0x9a5c1d2f4a7a7962a63259de6fcc1afb1d0aa1abdf5d19c23d22fd78953c5167;0xcd019866bb9876e0c3f135bc5fe856a0566d490c1b2fcca97e8205ee25048e6f,0.0229345843106592,-0.016560509554140124,-0.19286624203821645,-0.11006369426751594
2026-02-03,UNI,3.86,64010230.83630059,995833.4319068488,65006064.26820744,0.015319085121015114,64.27804970730102,12,binance;bitget;bybit;coinbase;crypto_com;gate;htx;kraken;kucoin;mexc;okx;upbit,eth,eth,5,uniswap-v4-ethereum;uniswap_v3,0x053f6a47ccba79e7d5d623173ed6dd5a31cf19c28bae0fb8276f4506295f90da;0x1d42064fc4beb5f8aaf85f4617ae8b3b5b8bd801;0x3470447f3cecffac709d3e783a307790b0208d60;0x9a5c1d2f4a7a7962a63259de6fcc1afb1d0aa1abdf5d19c23d22fd78953c5167;0xcd019866bb9876e0c3f135bc5fe856a0566d490c1b2fcca97e8205ee25048e6f,-0.016560509554140124,-0.015284974093264125,-0.07979274611398957,-0.1295336787564767
2026-02-04,UNI,3.801,63962613.89252181,1287941.9660055651,65250555.85852738,0.01973840604205747,49.66265218525027,12,binance;bitget;bybit;coinbase;crypto_com;gate;htx;kraken;kucoin;mexc;okx;upbit,eth,eth,5,uniswap-v4-ethereum;uniswap_v3,0x053f6a47ccba79e7d5d623173ed6dd5a31cf19c28bae0fb8276f4506295f90da;0x1d42064fc4beb5f8aaf85f4617ae8b3b5b8bd801;0x3470447f3cecffac709d3e783a307790b0208d60;0x9a5c1d2f4a7a7962a63259de6fcc1afb1d0aa1abdf5d19c23d22fd78953c5167;0xcd019866bb9876e0c3f135bc5fe856a0566d490c1b2fcca97e8205ee25048e6f,-0.015284974093264125,-0.16653512233622725,-0.06892922915022359,-0.11365430149960531
2026-02-05,UNI,3.168,132946651.72988746,2143958.157560242,135090609.88744769,0.01587051949314986,62.009909690204324,12,binance;bitget;bybit;coinbase;crypto_com;gate;htx;kraken;kucoin;mexc;okx;upbit,eth,eth,5,uniswap-v4-ethereum;uniswap_v3,0x053f6a47ccba79e7d5d623173ed6dd5a31cf19c28bae0fb8276f4506295f90da;0x1d42064fc4beb5f8aaf85f4617ae8b3b5b8bd801;0x3470447f3cecffac709d3e783a307790b0208d60;0x9a5c1d2f4a7a7962a63259de6fcc1afb1d0aa1abdf5d19c23d22fd78953c5167;0xcd019866bb9876e0c3f135bc5fe856a0566d490c1b2fcca97e8205ee25048e6f,-0.16653512233622725,0.1212121212121211,0.09469696969696972,0.024936868686868507
2026-02-06,UNI,3.552,115275531.00393902,1777190.4637168588,117052721.46765588,0.015182820539614141,64.8639149024292,12,binance;bitget;bybit;coinbase;crypto_com;gate;htx;kraken;kucoin;mexc;okx;upbit,eth,eth,5,uniswap-v4-ethereum;uniswap_v3,0x053f6a47ccba79e7d5d623173ed6dd5a31cf19c28bae0fb8276f4506295f90da;0x1d42064fc4beb5f8aaf85f4617ae8b3b5b8bd801;0x3470447f3cecffac709d3e783a307790b0208d60;0x9a5c1d2f4a7a7962a63259de6fcc1afb1d0aa1abdf5d19c23d22fd78953c5167;0xcd019866bb9876e0c3f135bc5fe856a0566d490c1b2fcca97e8205ee25048e6f,0.1212121212121211,-0.003659909909909831,-0.016610360360360454,-0.043355855855855885
2026-02-07,UNI,3.539,47362121.826041564,920771.929793356,48282893.75583492,0.019070355112716954,51.43740843258634,12,binance;bitget;bybit;coinbase;crypto_com;gate;htx;kraken;kucoin;mexc;okx;upbit,eth,eth,5,uniswap-v4-ethereum;uniswap_v3,0x053f6a47ccba79e7d5d623173ed6dd5a31cf19c28bae0fb8276f4506295f90da;0x1d42064fc4beb5f8aaf85f4617ae8b3b5b8bd801;0x3470447f3cecffac709d3e783a307790b0208d60;0x9a5c1d2f4a7a7962a63259de6fcc1afb1d0aa1abdf5d19c23d22fd78953c5167;0xcd019866bb9876e0c3f135bc5fe856a0566d490c1b2fcca97e8205ee25048e6f,-0.003659909909909831,-0.020062164453235387,-0.05057925967787513,0.025430912687199658
2026-02-08,UNI,3.468,19724417.899232283,343768.9681705886,20068186.86740287,0.01713004619909031,57.37695872957453,12,binance;bitget;bybit;coinbase;crypto_com;gate;htx;kraken;kucoin;mexc;okx;upbit,eth,eth,5,uniswap-v4-ethereum;uniswap_v3,0x053f6a47ccba79e7d5d623173ed6dd5a31cf19c28bae0fb8276f4506295f90da;0x1d42064fc4beb5f8aaf85f4617ae8b3b5b8bd801;0x3470447f3cecffac709d3e783a307790b0208d60;0x9a5c1d2f4a7a7962a63259de6fcc1afb1d0aa1abdf5d19c23d22fd78953c5167;0xcd019866bb9876e0c3f135bc5fe856a0566d490c1b2fcca97e8205ee25048e6f,-0.020062164453235387,0.00720876585928476,-0.028546712802768104,0.0008650519031141446
2026-02-09,UNI,3.493,29796577.80958117,618729.6236108545,30415307.433192026,0.02034270490179688,48.157671254999606,12,binance;bitget;bybit;coinbase;crypto_com;gate;htx;kraken;kucoin;mexc;okx;upbit,eth,eth,5,uniswap-v4-ethereum;uniswap_v3,0x053f6a47ccba79e7d5d623173ed6dd5a31cf19c28bae0fb8276f4506295f90da;0x1d42064fc4beb5f8aaf85f4617ae8b3b5b8bd801;0x3470447f3cecffac709d3e783a307790b0208d60;0x9a5c1d2f4a7a7962a63259de6fcc1afb1d0aa1abdf5d19c23d22fd78953c5167;0xcd019866bb9876e0c3f135bc5fe856a0566d490c1b2fcca97e8205ee25048e6f,0.00720876585928476,-0.038076152304609256,-0.07042656742055542,0.030918980818780417
2026-02-10,UNI,3.36,37468196.34602618,369900.9956926131,37838097.34171879,0.009775887840025584,101.29249929665549,12,binance;bitget;bybit;coinbase;crypto_com;gate;htx;kraken;kucoin;mexc;okx;upbit,eth,eth,5,uniswap-v4-ethereum;uniswap_v3,0x053f6a47ccba79e7d5d623173ed6dd5a31cf19c28bae0fb8276f4506295f90da;0x1d42064fc4beb5f8aaf85f4617ae8b3b5b8bd801;0x3470447f3cecffac709d3e783a307790b0208d60;0x9a5c1d2f4a7a7962a63259de6fcc1afb1d0aa1abdf5d19c23d22fd78953c5167;0xcd019866bb9876e0c3f135bc5fe856a0566d490c1b2fcca97e8205ee25048e6f,-0.038076152304609256,0.00267857142857153,0.011309523809523991,0.04880952380952386
2026-02-11,UNI,3.369,331207397.1418774,12637652.274064075,343845049.4159415,0.03675391661310964,26.20798467620491,12,binance;bitget;bybit;coinbase;crypto_com;gate;htx;kraken;kucoin;mexc;okx;upbit,eth,eth,5,uniswap-v4-ethereum;uniswap_v3,0x053f6a47ccba79e7d5d623173ed6dd5a31cf19c28bae0fb8276f4506295f90da;0x1d42064fc4beb5f8aaf85f4617ae8b3b5b8bd801;0x3470447f3cecffac709d3e783a307790b0208d60;0x9a5c1d2f4a7a7962a63259de6fcc1afb1d0aa1abdf5d19c23d22fd78953c5167;0xcd019866bb9876e0c3f135bc5fe856a0566d490c1b2fcca97e8205ee25048e6f,0.00267857142857153,-0.036212525972098675,0.07717423567824278,0.010092015434847168
2026-02-12,UNI,3.247,120644599.5246928,2411234.723695944,123055834.24838875,0.019594639607487897,50.03436552197979,12,binance;bitget;bybit;coinbase;crypto_com;gate;htx;kraken;kucoin;mexc;okx;upbit,eth,eth,5,uniswap-v4-ethereum;uniswap_v3,0x053f6a47ccba79e7d5d623173ed6dd5a31cf19c28bae0fb8276f4506295f90da;0x1d42064fc4beb5f8aaf85f4617ae8b3b5b8bd801;0x3470447f3cecffac709d3e783a307790b0208d60;0x9a5c1d2f4a7a7962a63259de6fcc1afb1d0aa1abdf5d19c23d22fd78953c5167;0xcd019866bb9876e0c3f135bc5fe856a0566d490c1b2fcca97e8205ee25048e6f,-0.036212525972098675,0.04650446566060995,0.0689867570064675,0.044348629504157744
2026-02-13,UNI,3.398,76444767.7056408,1292639.992175538,77737407.69781633,0.016628287853388875,59.138482615707076,12,binance;bitget;bybit;coinbase;crypto_com;gate;htx;kraken;kucoin;mexc;okx;upbit,eth,eth,5,uniswap-v4-ethereum;uniswap_v3,0x053f6a47ccba79e7d5d623173ed6dd5a31cf19c28bae0fb8276f4506295f90da;0x1d42064fc4beb5f8aaf85f4617ae8b3b5b8bd801;0x3470447f3cecffac709d3e783a307790b0208d60;0x9a5c1d2f4a7a7962a63259de6fcc1afb1d0aa1abdf5d19c23d22fd78953c5167;0xcd019866bb9876e0c3f135bc5fe856a0566d490c1b2fcca97e8205ee25048e6f,0.04650446566060995,0.06798116539140664,0.059741024131842124,0.027663331371394984
2026-02-14,UNI,3.629,82668076.33107364,1520644.1561855543,84188720.4872592,0.018062326489635662,54.363853630583506,12,binance;bitget;bybit;coinbase;crypto_com;gate;htx;kraken;kucoin;mexc;okx;upbit,eth,eth,5,uniswap-v4-ethereum;uniswap_v3,0x053f6a47ccba79e7d5d623173ed6dd5a31cf19c28bae0fb8276f4506295f90da;0x1d42064fc4beb5f8aaf85f4617ae8b3b5b8bd801;0x3470447f3cecffac709d3e783a307790b0208d60;0x9a5c1d2f4a7a7962a63259de6fcc1afb1d0aa1abdf5d19c23d22fd78953c5167;0xcd019866bb9876e0c3f135bc5fe856a0566d490c1b2fcca97e8205ee25048e6f,0.06798116539140664,-0.043538164783686994,-0.028933590520804575,-0.00551116009920094
2026-02-15,UNI,3.471,53493417.23115626,864777.4643172693,54358194.69547353,0.015908870211049895,61.85801485170364,12,binance;bitget;bybit;coinbase;crypto_com;gate;htx;kraken;kucoin;mexc;okx;upbit,eth,eth,5,uniswap-v4-ethereum;uniswap_v3,0x053f6a47ccba79e7d5d623173ed6dd5a31cf19c28bae0fb8276f4506295f90da;0x1d42064fc4beb5f8aaf85f4617ae8b3b5b8bd801;0x3470447f3cecffac709d3e783a307790b0208d60;0x9a5c1d2f4a7a7962a63259de6fcc1afb1d0aa1abdf5d19c23d22fd78953c5167;0xcd019866bb9876e0c3f135bc5fe856a0566d490c1b2fcca97e8205ee25048e6f,-0.043538164783686994,0.03745318352059912,-0.019590895995390434,0.005762028233938343
2026-02-16,UNI,3.601,41742243.56113115,1203745.3601189067,42945988.92125005,0.028029284931037714,34.67697151248652,12,binance;bitget;bybit;coinbase;crypto_com;gate;htx;kraken;kucoin;mexc;okx;upbit,eth,eth,5,uniswap-v4-ethereum;uniswap_v3,0x053f6a47ccba79e7d5d623173ed6dd5a31cf19c28bae0fb8276f4506295f90da;0x1d42064fc4beb5f8aaf85f4617ae8b3b5b8bd801;0x3470447f3cecffac709d3e783a307790b0208d60;0x9a5c1d2f4a7a7962a63259de6fcc1afb1d0aa1abdf5d19c23d22fd78953c5167;0xcd019866bb9876e0c3f135bc5fe856a0566d490c1b2fcca97e8205ee25048e6f,0.03745318352059912,-0.021382949180783095,-0.05831713412940853,-0.06998056095529015
2026-02-17,UNI,3.524,30874017.842669323,475104.5966906723,31349122.439359996,0.015155275801091028,64.9836226753465,12,binance;bitget;bybit;coinbase;crypto_com;gate;htx;kraken;kucoin;mexc;okx;upbit,eth,eth,5,uniswap-v4-ethereum;uniswap_v3,0x053f6a47ccba79e7d5d623173ed6dd5a31cf19c28bae0fb8276f4506295f90da;0x1d42064fc4beb5f8aaf85f4617ae8b3b5b8bd801;0x3470447f3cecffac709d3e783a307790b0208d60;0x9a5c1d2f4a7a7962a63259de6fcc1afb1d0aa1abdf5d19c23d22fd78953c5167;0xcd019866bb9876e0c3f135bc5fe856a0566d490c1b2fcca97e8205ee25048e6f,-0.021382949180783095,-0.034335981838819474,-0.009080590238365494,-0.05306469920544832
2026-02-18,UNI,3.403,36312517.78034957,788441.9700437882,37100959.75039335,0.021251255367738267,46.056043640514034,12,binance;bitget;bybit;coinbase;crypto_com;gate;htx;kraken;kucoin;mexc;okx;upbit,eth,eth,5,uniswap-v4-ethereum;uniswap_v3,0x053f6a47ccba79e7d5d623173ed6dd5a31cf19c28bae0fb8276f4506295f90da;0x1d42064fc4beb5f8aaf85f4617ae8b3b5b8bd801;0x3470447f3cecffac709d3e783a307790b0208d60;0x9a5c1d2f4a7a7962a63259de6fcc1afb1d0aa1abdf5d19c23d22fd78953c5167;0xcd019866bb9876e0c3f135bc5fe856a0566d490c1b2fcca97e8205ee25048e6f,-0.034335981838819474,-0.0035263003232441914,0.06053482221569206,0.19159565089626795
2026-02-19,UNI,3.391,38128674.81193721,496275.1752848889,38624949.987222105,0.012848564864137468,76.82970398438584,12,binance;bitget;bybit;coinbase;crypto_com;gate;htx;kraken;kucoin;mexc;okx;upbit,eth,eth,5,uniswap-v4-ethereum;uniswap_v3,0x053f6a47ccba79e7d5d623173ed6dd5a31cf19c28bae0fb8276f4506295f90da;0x1d42064fc4beb5f8aaf85f4617ae8b3b5b8bd801;0x3470447f3cecffac709d3e783a307790b0208d60;0x9a5c1d2f4a7a7962a63259de6fcc1afb1d0aa1abdf5d19c23d22fd78953c5167;0xcd019866bb9876e0c3f135bc5fe856a0566d490c1b2fcca97e8205ee25048e6f,-0.0035263003232441914,0.029784724270126794,0.029489826010026476,0.14391035092892945
2026-02-20,UNI,3.492,39569471.975406535,770370.7885209437,40339842.76392748,0.019097020110594515,51.364190549562586,12,binance;bitget;bybit;coinbase;crypto_com;gate;htx;kraken;kucoin;mexc;okx;upbit,eth,eth,5,uniswap-v4-ethereum;uniswap_v3,0x053f6a47ccba79e7d5d623173ed6dd5a31cf19c28bae0fb8276f4506295f90da;0x1d42064fc4beb5f8aaf85f4617ae8b3b5b8bd801;0x3470447f3cecffac709d3e783a307790b0208d60;0x9a5c1d2f4a7a7962a63259de6fcc1afb1d0aa1abdf5d19c23d22fd78953c5167;0xcd019866bb9876e0c3f135bc5fe856a0566d490c1b2fcca97e8205ee25048e6f,0.029784724270126794,0.03350515463917536,-0.04095074455899195,0.07159221076746847
2026-02-21,UNI,3.609,35763211.71670151,1120400.6424981663,36883612.35919967,0.030376651603071927,31.920020714161666,12,binance;bitget;bybit;coinbase;crypto_com;gate;htx;kraken;kucoin;mexc;okx;upbit,eth,eth,5,uniswap-v4-ethereum;uniswap_v3,0x053f6a47ccba79e7d5d623173ed6dd5a31cf19c28bae0fb8276f4506295f90da;0x1d42064fc4beb5f8aaf85f4617ae8b3b5b8bd801;0x3470447f3cecffac709d3e783a307790b0208d60;0x9a5c1d2f4a7a7962a63259de6fcc1afb1d0aa1abdf5d19c23d22fd78953c5167;0xcd019866bb9876e0c3f135bc5fe856a0566d490c1b2fcca97e8205ee25048e6f,0.03350515463917536,-0.03269603768356877,-0.07536713771127734,0.05597118315322813
2026-02-22,UNI,3.491,28449897.76057896,753206.431048903,29203104.191627864,0.0257919988952694,37.771713819490486,12,binance;bitget;bybit;coinbase;crypto_com;gate;htx;kraken;kucoin;mexc;okx;upbit,eth,eth,5,uniswap-v4-ethereum;uniswap_v3,0x053f6a47ccba79e7d5d623173ed6dd5a31cf19c28bae0fb8276f4506295f90da;0x1d42064fc4beb5f8aaf85f4617ae8b3b5b8bd801;0x3470447f3cecffac709d3e783a307790b0208d60;0x9a5c1d2f4a7a7962a63259de6fcc1afb1d0aa1abdf5d19c23d22fd78953c5167;0xcd019866bb9876e0c3f135bc5fe856a0566d490c1b2fcca97e8205ee25048e6f,-0.03269603768356877,-0.04067602406187332,0.16155829275279276,0.07361787453451729
2026-02-23,UNI,3.349,51906045.52482837,1415782.5071978553,53321828.032026224,0.02655164984867935,36.66244303834622,12,binance;bitget;bybit;coinbase;crypto_com;gate;htx;kraken;kucoin;mexc;okx;upbit,eth,eth,5,uniswap-v4-ethereum;uniswap_v3,0x053f6a47ccba79e7d5d623173ed6dd5a31cf19c28bae0fb8276f4506295f90da;0x1d42064fc4beb5f8aaf85f4617ae8b3b5b8bd801;0x3470447f3cecffac709d3e783a307790b0208d60;0x9a5c1d2f4a7a7962a63259de6fcc1afb1d0aa1abdf5d19c23d22fd78953c5167;0xcd019866bb9876e0c3f135bc5fe856a0566d490c1b2fcca97e8205ee25048e6f,-0.04067602406187332,-0.0035831591519857042,0.1582561958793669,0.1731860256793072
2026-02-24,UNI,3.337,45157907.72420709,623553.598033651,45781461.32224074,0.013620220500273268,72.42025042692492,12,binance;bitget;bybit;coinbase;crypto_com;gate;htx;kraken;kucoin;mexc;okx;upbit,eth,eth,5,uniswap-v4-ethereum;uniswap_v3,0x053f6a47ccba79e7d5d623173ed6dd5a31cf19c28bae0fb8276f4506295f90da;0x1d42064fc4beb5f8aaf85f4617ae8b3b5b8bd801;0x3470447f3cecffac709d3e783a307790b0208d60;0x9a5c1d2f4a7a7962a63259de6fcc1afb1d0aa1abdf5d19c23d22fd78953c5167;0xcd019866bb9876e0c3f135bc5fe856a0566d490c1b2fcca97e8205ee25048e6f,-0.0035831591519857042,0.21516332034761754,0.12136649685346113,0.17231045849565474
2026-02-25,UNI,4.055,144166469.63193163,3744131.0426391726,147910600.6745708,0.025313473311334298,38.504653814229535,12,binance;bitget;bybit;coinbase;crypto_com;gate;htx;kraken;kucoin;mexc;okx;upbit,eth,eth,5,uniswap-v4-ethereum;uniswap_v3,0x053f6a47ccba79e7d5d623173ed6dd5a31cf19c28bae0fb8276f4506295f90da;0x1d42064fc4beb5f8aaf85f4617ae8b3b5b8bd801;0x3470447f3cecffac709d3e783a307790b0208d60;0x9a5c1d2f4a7a7962a63259de6fcc1afb1d0aa1abdf5d19c23d22fd78953c5167;0xcd019866bb9876e0c3f135bc5fe856a0566d490c1b2fcca97e8205ee25048e6f,0.21516332034761754,-0.0434032059186189,-0.06017262638717624,-0.01923551171393334
2026-02-26,UNI,3.879,79591910.13277107,2188436.69125294,81780346.82402402,0.02675993409470426,36.369299806978894,12,binance;bitget;bybit;coinbase;crypto_com;gate;htx;kraken;kucoin;mexc;okx;upbit,eth,eth,5,uniswap-v4-ethereum;uniswap_v3,0x053f6a47ccba79e7d5d623173ed6dd5a31cf19c28bae0fb8276f4506295f90da;0x1d42064fc4beb5f8aaf85f4617ae8b3b5b8bd801;0x3470447f3cecffac709d3e783a307790b0208d60;0x9a5c1d2f4a7a7962a63259de6fcc1afb1d0aa1abdf5d19c23d22fd78953c5167;0xcd019866bb9876e0c3f135bc5fe856a0566d490c1b2fcca97e8205ee25048e6f,-0.0434032059186189,-0.03531838102603768,-0.0337715906161381,0.023459654550141762
2026-02-27,UNI,3.742,46324629.226281516,1068308.8425310405,47392938.06881256,0.0225415196031928,43.362581476466175,12,binance;bitget;bybit;coinbase;crypto_com;gate;htx;kraken;kucoin;mexc;okx;upbit,eth,eth,5,uniswap-v4-ethereum;uniswap_v3,0x053f6a47ccba79e7d5d623173ed6dd5a31cf19c28bae0fb8276f4506295f90da;0x1d42064fc4beb5f8aaf85f4617ae8b3b5b8bd801;0x3470447f3cecffac709d3e783a307790b0208d60;0x9a5c1d2f4a7a7962a63259de6fcc1afb1d0aa1abdf5d19c23d22fd78953c5167;0xcd019866bb9876e0c3f135bc5fe856a0566d490c1b2fcca97e8205ee25048e6f,-0.03531838102603768,0.018439337252806,0.049973276322822,0.028327097808658497
2026-02-28,UNI,3.811,57801833.43576272,3193750.2537058676,60995583.689468585,0.05236035234887499,18.0984199903209,12,binance;bitget;bybit;coinbase;crypto_com;gate;htx;kraken;kucoin;mexc;okx;upbit,eth,eth,5,uniswap-v4-ethereum;uniswap_v3,0x053f6a47ccba79e7d5d623173ed6dd5a31cf19c28bae0fb8276f4506295f90da;0x1d42064fc4beb5f8aaf85f4617ae8b3b5b8bd801;0x3470447f3cecffac709d3e783a307790b0208d60;0x9a5c1d2f4a7a7962a63259de6fcc1afb1d0aa1abdf5d19c23d22fd78953c5167;0xcd019866bb9876e0c3f135bc5fe856a0566d490c1b2fcca97e8205ee25048e6f,0.018439337252806,-0.016531094200997076,0.026502230385725634,-0.010495932826029897
2026-03-01,UNI,3.748,48837133.7300337,1409309.8137339717,50246443.543767676,0.028047951543204806,34.65322759701753,12,binance;bitget;bybit;coinbase;crypto_com;gate;htx;kraken;kucoin;mexc;okx;upbit,eth,eth,5,uniswap-v4-ethereum;uniswap_v3,0x053f6a47ccba79e7d5d623173ed6dd5a31cf19c28bae0fb8276f4506295f90da;0x1d42064fc4beb5f8aaf85f4617ae8b3b5b8bd801;0x3470447f3cecffac709d3e783a307790b0208d60;0x9a5c1d2f4a7a7962a63259de6fcc1afb1d0aa1abdf5d19c23d22fd78953c5167;0xcd019866bb9876e0c3f135bc5fe856a0566d490c1b2fcca97e8205ee25048e6f,-0.016531094200997076,0.04829242262540001,0.061099252934898596,-0.02321237993596592
2026-03-02,UNI,3.929,50593701.51227133,3152280.4297231813,53745981.94199451,0.05865146222698635,16.049873302900984,12,binance;bitget;bybit;coinbase;crypto_com;gate;htx;kraken;kucoin;mexc;okx;upbit,eth,eth,5,uniswap-v4-ethereum;uniswap_v3,0x053f6a47ccba79e7d5d623173ed6dd5a31cf19c28bae0fb8276f4506295f90da;0x1d42064fc4beb5f8aaf85f4617ae8b3b5b8bd801;0x3470447f3cecffac709d3e783a307790b0208d60;0x9a5c1d2f4a7a7962a63259de6fcc1afb1d0aa1abdf5d19c23d22fd78953c5167;0xcd019866bb9876e0c3f135bc5fe856a0566d490c1b2fcca97e8205ee25048e6f,0.04829242262540001,-0.004326800712649459,0.010435225248154767,-0.017307202850598058
2026-03-03,UNI,3.912,49015190.96048928,1655980.6700124342,50671171.63050172,0.03268092322964188,29.598890764903217,12,binance;bitget;bybit;coinbase;crypto_com;gate;htx;kraken;kucoin;mexc;okx;upbit,eth,eth,5,uniswap-v4-ethereum;uniswap_v3,0x053f6a47ccba79e7d5d623173ed6dd5a31cf19c28bae0fb8276f4506295f90da;0x1d42064fc4beb5f8aaf85f4617ae8b3b5b8bd801;0x3470447f3cecffac709d3e783a307790b0208d60;0x9a5c1d2f4a7a7962a63259de6fcc1afb1d0aa1abdf5d19c23d22fd78953c5167;0xcd019866bb9876e0c3f135bc5fe856a0566d490c1b2fcca97e8205ee25048e6f,-0.004326800712649459,0.016615541922290422,-0.01635991820040905,-0.017638036809815905
2026-03-04,UNI,3.977,56796376.53785294,2340370.7956625638,59136747.33351551,0.039575575275784036,24.268110268302067,12,binance;bitget;bybit;coinbase;crypto_com;gate;htx;kraken;kucoin;mexc;okx;upbit,eth,eth,5,uniswap-v4-ethereum;uniswap_v3,0x053f6a47ccba79e7d5d623173ed6dd5a31cf19c28bae0fb8276f4506295f90da;0x1d42064fc4beb5f8aaf85f4617ae8b3b5b8bd801;0x3470447f3cecffac709d3e783a307790b0208d60;0x9a5c1d2f4a7a7962a63259de6fcc1afb1d0aa1abdf5d19c23d22fd78953c5167;0xcd019866bb9876e0c3f135bc5fe856a0566d490c1b2fcca97e8205ee25048e6f,0.016615541922290422,-0.0017601206939903413,-0.051797837566004534,-0.019864219260749216
2026-03-05,UNI,3.97,47423827.865665875,1487106.5677236107,48910934.433389485,0.030404378590412375,31.88999961062638,12,binance;bitget;bybit;coinbase;crypto_com;gate;htx;kraken;kucoin;mexc;okx;upbit,eth,eth,5,uniswap-v4-ethereum;uniswap_v3,0x053f6a47ccba79e7d5d623173ed6dd5a31cf19c28bae0fb8276f4506295f90da;0x1d42064fc4beb5f8aaf85f4617ae8b3b5b8bd801;0x3470447f3cecffac709d3e783a307790b0208d60;0x9a5c1d2f4a7a7962a63259de6fcc1afb1d0aa1abdf5d19c23d22fd78953c5167;0xcd019866bb9876e0c3f135bc5fe856a0566d490c1b2fcca97e8205ee25048e6f,-0.0017601206939903413,-0.030730478589420684,-0.07783375314861463,-0.013098236775818672
2026-03-06,UNI,3.848,35636076.62755157,1145044.694596754,36781121.32214832,0.03113131556180283,31.121996194306977,12,binance;bitget;bybit;coinbase;crypto_com;gate;htx;kraken;kucoin;mexc;okx;upbit,eth,eth,5,uniswap-v4-ethereum;uniswap_v3,0x053f6a47ccba79e7d5d623173ed6dd5a31cf19c28bae0fb8276f4506295f90da;0x1d42064fc4beb5f8aaf85f4617ae8b3b5b8bd801;0x3470447f3cecffac709d3e783a307790b0208d60;0x9a5c1d2f4a7a7962a63259de6fcc1afb1d0aa1abdf5d19c23d22fd78953c5167;0xcd019866bb9876e0c3f135bc5fe856a0566d490c1b2fcca97e8205ee25048e6f,-0.030730478589420684,-0.020010395010395032,0.0033783783783785104,0.04054054054054057
2026-03-07,UNI,3.771,19335428.419275794,806747.3951198101,20142175.814395603,0.04005264389278283,23.967140812898798,12,binance;bitget;bybit;coinbase;crypto_com;gate;htx;kraken;kucoin;mexc;okx;upbit,eth,eth,5,uniswap-v4-ethereum;uniswap_v3,0x053f6a47ccba79e7d5d623173ed6dd5a31cf19c28bae0fb8276f4506295f90da;0x1d42064fc4beb5f8aaf85f4617ae8b3b5b8bd801;0x3470447f3cecffac709d3e783a307790b0208d60;0x9a5c1d2f4a7a7962a63259de6fcc1afb1d0aa1abdf5d19c23d22fd78953c5167;0xcd019866bb9876e0c3f135bc5fe856a0566d490c1b2fcca97e8205ee25048e6f,-0.020010395010395032,-0.029169981437284553,0.019093078758949833,0.0469371519490851
2026-03-08,UNI,3.661,28989920.656288065,642485.7258617405,29632406.382149804,0.021681861323580052,45.12150152037236,12,binance;bitget;bybit;coinbase;crypto_com;gate;htx;kraken;kucoin;mexc;okx;upbit,eth,eth,5,uniswap-v4-ethereum;uniswap_v3,0x053f6a47ccba79e7d5d623173ed6dd5a31cf19c28bae0fb8276f4506295f90da;0x1d42064fc4beb5f8aaf85f4617ae8b3b5b8bd801;0x3470447f3cecffac709d3e783a307790b0208d60;0x9a5c1d2f4a7a7962a63259de6fcc1afb1d0aa1abdf5d19c23d22fd78953c5167;0xcd019866bb9876e0c3f135bc5fe856a0566d490c1b2fcca97e8205ee25048e6f,-0.029169981437284553,0.05462988254575252,0.06473641081671677,0.11144496039333518
2026-03-09,UNI,3.861,44941360.48084985,1807238.536888859,46748599.01773871,0.03865866731542274,24.86742041159431,12,binance;bitget;bybit;coinbase;crypto_com;gate;htx;kraken;kucoin;mexc;okx;upbit,eth,eth,5,uniswap-v4-ethereum;uniswap_v3,0x053f6a47ccba79e7d5d623173ed6dd5a31cf19c28bae0fb8276f4506295f90da;0x1d42064fc4beb5f8aaf85f4617ae8b3b5b8bd801;0x3470447f3cecffac709d3e783a307790b0208d60;0x9a5c1d2f4a7a7962a63259de6fcc1afb1d0aa1abdf5d19c23d22fd78953c5167;0xcd019866bb9876e0c3f135bc5fe856a0566d490c1b2fcca97e8205ee25048e6f,0.05462988254575252,-0.004662004662004726,0.01476301476301467,0.07666407666407671
2026-03-10,UNI,3.843,41080315.088892594,1463812.6343963577,42544127.72328895,0.03440692553193555,28.06391618954236,12,binance;bitget;bybit;coinbase;crypto_com;gate;htx;kraken;kucoin;mexc;okx;upbit,eth,eth,5,uniswap-v4-ethereum;uniswap_v3,0x053f6a47ccba79e7d5d623173ed6dd5a31cf19c28bae0fb8276f4506295f90da;0x1d42064fc4beb5f8aaf85f4617ae8b3b5b8bd801;0x3470447f3cecffac709d3e783a307790b0208d60;0x9a5c1d2f4a7a7962a63259de6fcc1afb1d0aa1abdf5d19c23d22fd78953c5167;0xcd019866bb9876e0c3f135bc5fe856a0566d490c1b2fcca97e8205ee25048e6f,-0.004662004662004726,0.014311735623210975,0.041894353369763104,0.029664324746291992
2026-03-11,UNI,3.898,30075207.884645432,984640.0691299941,31059847.95377543,0.03170138085013735,30.544367254137047,12,binance;bitget;bybit;coinbase;crypto_com;gate;htx;kraken;kucoin;mexc;okx;upbit,eth,eth,5,uniswap-v4-ethereum;uniswap_v3,0x053f6a47ccba79e7d5d623173ed6dd5a31cf19c28bae0fb8276f4506295f90da;0x1d42064fc4beb5f8aaf85f4617ae8b3b5b8bd801;0x3470447f3cecffac709d3e783a307790b0208d60;0x9a5c1d2f4a7a7962a63259de6fcc1afb1d0aa1abdf5d19c23d22fd78953c5167;0xcd019866bb9876e0c3f135bc5fe856a0566d490c1b2fcca97e8205ee25048e6f,0.014311735623210975,0.005130836326321164,0.012827090815803022,-0.05566957414058493
2026-03-12,UNI,3.918,39721099.957642965,875813.0607568745,40596913.01839984,0.02157339057676448,45.3533998720185,12,binance;bitget;bybit;coinbase;crypto_com;gate;htx;kraken;kucoin;mexc;okx;upbit,eth,eth,5,uniswap-v4-ethereum;uniswap_v3,0x053f6a47ccba79e7d5d623173ed6dd5a31cf19c28bae0fb8276f4506295f90da;0x1d42064fc4beb5f8aaf85f4617ae8b3b5b8bd801;0x3470447f3cecffac709d3e783a307790b0208d60;0x9a5c1d2f4a7a7962a63259de6fcc1afb1d0aa1abdf5d19c23d22fd78953c5167;0xcd019866bb9876e0c3f135bc5fe856a0566d490c1b2fcca97e8205ee25048e6f,0.005130836326321164,0.021949974476773715,0.03854007146503302,-0.08652373660030632
2026-03-13,UNI,4.004,65558979.202140845,2118731.205820913,67677710.40796176,0.03130618918768358,30.942565542069172,12,binance;bitget;bybit;coinbase;crypto_com;gate;htx;kraken;kucoin;mexc;okx;upbit,eth,eth,5,uniswap-v4-ethereum;uniswap_v3,0x053f6a47ccba79e7d5d623173ed6dd5a31cf19c28bae0fb8276f4506295f90da;0x1d42064fc4beb5f8aaf85f4617ae8b3b5b8bd801;0x3470447f3cecffac709d3e783a307790b0208d60;0x9a5c1d2f4a7a7962a63259de6fcc1afb1d0aa1abdf5d19c23d22fd78953c5167;0xcd019866bb9876e0c3f135bc5fe856a0566d490c1b2fcca97e8205ee25048e6f,0.021949974476773715,-0.013986013986013845,0.03821178821178828,-0.09965034965034958
2026-03-14,UNI,3.948,35582313.12997176,386258.5189320958,35968571.648903854,0.010738778361911045,92.12046177867504,12,binance;bitget;bybit;coinbase;crypto_com;gate;htx;kraken;kucoin;mexc;okx;upbit,eth,eth,5,uniswap-v4-ethereum;uniswap_v3,0x053f6a47ccba79e7d5d623173ed6dd5a31cf19c28bae0fb8276f4506295f90da;0x1d42064fc4beb5f8aaf85f4617ae8b3b5b8bd801;0x3470447f3cecffac709d3e783a307790b0208d60;0x9a5c1d2f4a7a7962a63259de6fcc1afb1d0aa1abdf5d19c23d22fd78953c5167;0xcd019866bb9876e0c3f135bc5fe856a0566d490c1b2fcca97e8205ee25048e6f,-0.013986013986013845,0.0306484295845999,0.0022796352583587254,-0.11702127659574457
2026-03-15,UNI,4.069,41649016.63176209,583649.4682402946,42232666.10000238,0.013819858468283198,71.3596411855459,12,binance;bitget;bybit;coinbase;crypto_com;gate;htx;kraken;kucoin;mexc;okx;upbit,eth,eth,5,uniswap-v4-ethereum;uniswap_v3,0x053f6a47ccba79e7d5d623173ed6dd5a31cf19c28bae0fb8276f4506295f90da;0x1d42064fc4beb5f8aaf85f4617ae8b3b5b8bd801;0x3470447f3cecffac709d3e783a307790b0208d60;0x9a5c1d2f4a7a7962a63259de6fcc1afb1d0aa1abdf5d19c23d22fd78953c5167;0xcd019866bb9876e0c3f135bc5fe856a0566d490c1b2fcca97e8205ee25048e6f,0.0306484295845999,0.021626935364954525,-0.09535512410911773,-0.14696485623003197
2026-03-16,UNI,4.157,89251537.8919896,2063029.3271371722,91314567.21912678,0.022592554397005887,43.26236991300667,12,binance;bitget;bybit;coinbase;crypto_com;gate;htx;kraken;kucoin;mexc;okx;upbit,eth,eth,5,uniswap-v4-ethereum;uniswap_v3,0x053f6a47ccba79e7d5d623173ed6dd5a31cf19c28bae0fb8276f4506295f90da;0x1d42064fc4beb5f8aaf85f4617ae8b3b5b8bd801;0x3470447f3cecffac709d3e783a307790b0208d60;0x9a5c1d2f4a7a7962a63259de6fcc1afb1d0aa1abdf5d19c23d22fd78953c5167;0xcd019866bb9876e0c3f135bc5fe856a0566d490c1b2fcca97e8205ee25048e6f,0.021626935364954525,-0.04811161895597793,-0.13904257878277604,-0.13711811402453689
2026-03-17,UNI,3.957,73782020.74398814,809040.6715578188,74591061.41554596,0.010846348827920042,91.19692413228108,12,binance;bitget;bybit;coinbase;crypto_com;gate;htx;kraken;kucoin;mexc;okx;upbit,eth,eth,5,uniswap-v4-ethereum;uniswap_v3,0x053f6a47ccba79e7d5d623173ed6dd5a31cf19c28bae0fb8276f4506295f90da;0x1d42064fc4beb5f8aaf85f4617ae8b3b5b8bd801;0x3470447f3cecffac709d3e783a307790b0208d60;0x9a5c1d2f4a7a7962a63259de6fcc1afb1d0aa1abdf5d19c23d22fd78953c5167;0xcd019866bb9876e0c3f135bc5fe856a0566d490c1b2fcca97e8205ee25048e6f,-0.04811161895597793,-0.06974981046247153,-0.08895628001010869,-0.08794541319181193
2026-03-18,UNI,3.681,81250334.08500938,1012609.1889388096,82262943.2739482,0.012309420847813163,80.23859053674775,12,binance;bitget;bybit;coinbase;crypto_com;gate;htx;kraken;kucoin;mexc;okx;upbit,eth,eth,5,uniswap-v4-ethereum;uniswap_v3,0x053f6a47ccba79e7d5d623173ed6dd5a31cf19c28bae0fb8276f4506295f90da;0x1d42064fc4beb5f8aaf85f4617ae8b3b5b8bd801;0x3470447f3cecffac709d3e783a307790b0208d60;0x9a5c1d2f4a7a7962a63259de6fcc1afb1d0aa1abdf5d19c23d22fd78953c5167;0xcd019866bb9876e0c3f135bc5fe856a0566d490c1b2fcca97e8205ee25048e6f,-0.06974981046247153,-0.027709861450692763,-0.052974735126324335,0.007334963325183352
2026-03-19,UNI,3.579,58966377.39665917,528746.7030271527,59495124.099686325,0.00888722750021023,111.52103088126694,12,binance;bitget;bybit;coinbase;crypto_com;gate;htx;kraken;kucoin;mexc;okx;upbit,eth,eth,5,uniswap-v4-ethereum;uniswap_v3,0x053f6a47ccba79e7d5d623173ed6dd5a31cf19c28bae0fb8276f4506295f90da;0x1d42064fc4beb5f8aaf85f4617ae8b3b5b8bd801;0x3470447f3cecffac709d3e783a307790b0208d60;0x9a5c1d2f4a7a7962a63259de6fcc1afb1d0aa1abdf5d19c23d22fd78953c5167;0xcd019866bb9876e0c3f135bc5fe856a0566d490c1b2fcca97e8205ee25048e6f,-0.027709861450692763,0.007264599050013976,-0.030176026823135027,-0.014249790444258226
2026-03-20,UNI,3.605,43209528.30470083,783781.2616771336,43993309.56637796,0.01781591949781703,55.12957558112727,12,binance;bitget;bybit;coinbase;crypto_com;gate;htx;kraken;kucoin;mexc;okx;upbit,eth,eth,5,uniswap-v4-ethereum;uniswap_v3,0x053f6a47ccba79e7d5d623173ed6dd5a31cf19c28bae0fb8276f4506295f90da;0x1d42064fc4beb5f8aaf85f4617ae8b3b5b8bd801;0x3470447f3cecffac709d3e783a307790b0208d60;0x9a5c1d2f4a7a7962a63259de6fcc1afb1d0aa1abdf5d19c23d22fd78953c5167;0xcd019866bb9876e0c3f135bc5fe856a0566d490c1b2fcca97e8205ee25048e6f,0.007264599050013976,-0.03300970873786402,-0.0049930651872398535,-0.060194174757281615
2026-03-21,UNI,3.486,24930601.15405321,190604.807447752,25121205.961500965,0.00758740674073768,130.79733658285144,12,binance;bitget;bybit;coinbase;crypto_com;gate;htx;kraken;kucoin;mexc;okx;upbit,eth,eth,5,uniswap-v4-ethereum;uniswap_v3,0x053f6a47ccba79e7d5d623173ed6dd5a31cf19c28bae0fb8276f4506295f90da;0x1d42064fc4beb5f8aaf85f4617ae8b3b5b8bd801;0x3470447f3cecffac709d3e783a307790b0208d60;0x9a5c1d2f4a7a7962a63259de6fcc1afb1d0aa1abdf5d19c23d22fd78953c5167;0xcd019866bb9876e0c3f135bc5fe856a0566d490c1b2fcca97e8205ee25048e6f,-0.03300970873786402,-0.004302925989672968,0.03528399311531838,-0.029259896729776358
2026-03-22,UNI,3.471,45808324.39250962,314524.222286149,46122848.61479577,0.006819271396547104,145.6432323703004,12,binance;bitget;bybit;coinbase;crypto_com;gate;htx;kraken;kucoin;mexc;okx;upbit,eth,eth,5,uniswap-v4-ethereum;uniswap_v3,0x053f6a47ccba79e7d5d623173ed6dd5a31cf19c28bae0fb8276f4506295f90da;0x1d42064fc4beb5f8aaf85f4617ae8b3b5b8bd801;0x3470447f3cecffac709d3e783a307790b0208d60;0x9a5c1d2f4a7a7962a63259de6fcc1afb1d0aa1abdf5d19c23d22fd78953c5167;0xcd019866bb9876e0c3f135bc5fe856a0566d490c1b2fcca97e8205ee25048e6f,-0.004302925989672968,0.033419763756842524,0.06828003457216947,-0.03341976375684241
2026-03-23,UNI,3.587,61241361.1073993,934675.5817482066,62176036.68914751,0.015032730156493703,65.52151602468757,12,binance;bitget;bybit;coinbase;crypto_com;gate;htx;kraken;kucoin;mexc;okx;upbit,eth,eth,5,uniswap-v4-ethereum;uniswap_v3,0x053f6a47ccba79e7d5d623173ed6dd5a31cf19c28bae0fb8276f4506295f90da;0x1d42064fc4beb5f8aaf85f4617ae8b3b5b8bd801;0x3470447f3cecffac709d3e783a307790b0208d60;0x9a5c1d2f4a7a7962a63259de6fcc1afb1d0aa1abdf5d19c23d22fd78953c5167;0xcd019866bb9876e0c3f135bc5fe856a0566d490c1b2fcca97e8205ee25048e6f,0.033419763756842524,0.006133258990800083,-0.016448285475327618,-0.029829941455255193
2026-03-24,UNI,3.609,36677877.48694962,303773.139222952,36981650.62617257,0.008214158483449798,120.74101607789018,12,binance;bitget;bybit;coinbase;crypto_com;gate;htx;kraken;kucoin;mexc;okx;upbit,eth,eth,5,uniswap-v4-ethereum;uniswap_v3,0x053f6a47ccba79e7d5d623173ed6dd5a31cf19c28bae0fb8276f4506295f90da;0x1d42064fc4beb5f8aaf85f4617ae8b3b5b8bd801;0x3470447f3cecffac709d3e783a307790b0208d60;0x9a5c1d2f4a7a7962a63259de6fcc1afb1d0aa1abdf5d19c23d22fd78953c5167;0xcd019866bb9876e0c3f135bc5fe856a0566d490c1b2fcca97e8205ee25048e6f,0.006133258990800083,0.027431421446383997,-0.061235799390412904,-0.017733444167359447
2026-03-25,UNI,3.708,56197785.677557044,1060259.0625714695,57258044.74012851,0.01851720692495812,53.00382487772312,12,binance;bitget;bybit;coinbase;crypto_com;gate;htx;kraken;kucoin;mexc;okx;upbit,eth,eth,5,uniswap-v4-ethereum;uniswap_v3,0x053f6a47ccba79e7d5d623173ed6dd5a31cf19c28bae0fb8276f4506295f90da;0x1d42064fc4beb5f8aaf85f4617ae8b3b5b8bd801;0x3470447f3cecffac709d3e783a307790b0208d60;0x9a5c1d2f4a7a7962a63259de6fcc1afb1d0aa1abdf5d19c23d22fd78953c5167;0xcd019866bb9876e0c3f135bc5fe856a0566d490c1b2fcca97e8205ee25048e6f,0.027431421446383997,-0.04854368932038844,-0.0873786407766991,-0.03802588996763756
2026-03-26,UNI,3.528,47606029.08260964,357265.2610020261,47963294.343611665,0.007448722317582237,133.2512121360147,12,binance;bitget;bybit;coinbase;crypto_com;gate;htx;kraken;kucoin;mexc;okx;upbit,eth,eth,5,uniswap-v4-ethereum;uniswap_v3,0x053f6a47ccba79e7d5d623173ed6dd5a31cf19c28bae0fb8276f4506295f90da;0x1d42064fc4beb5f8aaf85f4617ae8b3b5b8bd801;0x3470447f3cecffac709d3e783a307790b0208d60;0x9a5c1d2f4a7a7962a63259de6fcc1afb1d0aa1abdf5d19c23d22fd78953c5167;0xcd019866bb9876e0c3f135bc5fe856a0566d490c1b2fcca97e8205ee25048e6f,-0.04854368932038844,-0.039682539682539764,-0.049036281179138386,-0.10034013605442182
2026-03-27,UNI,3.388,30072157.0823533,527840.3071770043,30599997.389530305,0.017249684712639983,56.9720740789676,12,binance;bitget;bybit;coinbase;crypto_com;gate;htx;kraken;kucoin;mexc;okx;upbit,eth,eth,5,uniswap-v4-ethereum;uniswap_v3,0x053f6a47ccba79e7d5d623173ed6dd5a31cf19c28bae0fb8276f4506295f90da;0x1d42064fc4beb5f8aaf85f4617ae8b3b5b8bd801;0x3470447f3cecffac709d3e783a307790b0208d60;0x9a5c1d2f4a7a7962a63259de6fcc1afb1d0aa1abdf5d19c23d22fd78953c5167;0xcd019866bb9876e0c3f135bc5fe856a0566d490c1b2fcca97e8205ee25048e6f,-0.039682539682539764,-0.0011806375442738881,0.027154663518299982,-0.06404958677685957
2026-03-28,UNI,3.384,12296354.28218793,327166.36427993386,12623520.646467863,0.025917204355464574,37.5844084988724,12,binance;bitget;bybit;coinbase;crypto_com;gate;htx;kraken;kucoin;mexc;okx;upbit,eth,eth,5,uniswap-v4-ethereum;uniswap_v3,0x053f6a47ccba79e7d5d623173ed6dd5a31cf19c28bae0fb8276f4506295f90da;0x1d42064fc4beb5f8aaf85f4617ae8b3b5b8bd801;0x3470447f3cecffac709d3e783a307790b0208d60;0x9a5c1d2f4a7a7962a63259de6fcc1afb1d0aa1abdf5d19c23d22fd78953c5167;0xcd019866bb9876e0c3f135bc5fe856a0566d490c1b2fcca97e8205ee25048e6f,-0.0011806375442738881,-0.008569739952718702,0.04757683215130015,-0.07653664302600471
2026-03-29,UNI,3.355,15995731.17762977,357180.9528846211,16352912.130514393,0.021842039511612402,44.78327035203586,12,binance;bitget;bybit;coinbase;crypto_com;gate;htx;kraken;kucoin;mexc;okx;upbit,eth,eth,5,uniswap-v4-ethereum;uniswap_v3,0x053f6a47ccba79e7d5d623173ed6dd5a31cf19c28bae0fb8276f4506295f90da;0x1d42064fc4beb5f8aaf85f4617ae8b3b5b8bd801;0x3470447f3cecffac709d3e783a307790b0208d60;0x9a5c1d2f4a7a7962a63259de6fcc1afb1d0aa1abdf5d19c23d22fd78953c5167;0xcd019866bb9876e0c3f135bc5fe856a0566d490c1b2fcca97e8205ee25048e6f,-0.008569739952718702,0.037257824143070106,0.06318926974664696,-0.061698956780923964
2026-03-30,UNI,3.48,26629501.516877234,833981.6212363503,27463483.138113584,0.03036692822400804,31.930561584078887,12,binance;bitget;bybit;coinbase;crypto_com;gate;htx;kraken;kucoin;mexc;okx;upbit,eth,eth,5,uniswap-v4-ethereum;uniswap_v3,0x053f6a47ccba79e7d5d623173ed6dd5a31cf19c28bae0fb8276f4506295f90da;0x1d42064fc4beb5f8aaf85f4617ae8b3b5b8bd801;0x3470447f3cecffac709d3e783a307790b0208d60;0x9a5c1d2f4a7a7962a63259de6fcc1afb1d0aa1abdf5d19c23d22fd78953c5167;0xcd019866bb9876e0c3f135bc5fe856a0566d490c1b2fcca97e8205ee25048e6f,0.037257824143070106,0.01867816091954011,-0.08793103448275863,-0.1103448275862069
2026-03-31,UNI,3.545,38956379.96248244,719692.8353523507,39676072.79783479,0.018139215517106972,54.12917573843845,12,binance;bitget;bybit;coinbase;crypto_com;gate;htx;kraken;kucoin;mexc;okx;upbit,eth,eth,5,uniswap-v4-ethereum;uniswap_v3,0x053f6a47ccba79e7d5d623173ed6dd5a31cf19c28bae0fb8276f4506295f90da;0x1d42064fc4beb5f8aaf85f4617ae8b3b5b8bd801;0x3470447f3cecffac709d3e783a307790b0208d60;0x9a5c1d2f4a7a7962a63259de6fcc1afb1d0aa1abdf5d19c23d22fd78953c5167;0xcd019866bb9876e0c3f135bc5fe856a0566d490c1b2fcca97e8205ee25048e6f,0.01867816091954011,0.006205923836389404,-0.10550070521861776,-0.07306064880112828
2026-04-01,UNI,3.567,37720643.897654265,548078.3188187443,38268722.21647301,0.014321834832071306,68.82345570420003,12,binance;bitget;bybit;coinbase;crypto_com;gate;htx;kraken;kucoin;mexc;okx;upbit,eth,eth,5,uniswap-v4-ethereum;uniswap_v3,0x053f6a47ccba79e7d5d623173ed6dd5a31cf19c28bae0fb8276f4506295f90da;0x1d42064fc4beb5f8aaf85f4617ae8b3b5b8bd801;0x3470447f3cecffac709d3e783a307790b0208d60;0x9a5c1d2f4a7a7962a63259de6fcc1afb1d0aa1abdf5d19c23d22fd78953c5167;0xcd019866bb9876e0c3f135bc5fe856a0566d490c1b2fcca97e8205ee25048e6f,0.006205923836389404,-0.11017661900756948,-0.12391365292963274,-0.12503504345388283
2026-04-02,UNI,3.174,105699136.48778036,2430785.1955065504,108129921.6832869,0.022480227097790125,43.48353638288214,12,binance;bitget;bybit;coinbase;crypto_com;gate;htx;kraken;kucoin;mexc;okx;upbit,eth,eth,5,uniswap-v4-ethereum;uniswap_v3,0x053f6a47ccba79e7d5d623173ed6dd5a31cf19c28bae0fb8276f4506295f90da;0x1d42064fc4beb5f8aaf85f4617ae8b3b5b8bd801;0x3470447f3cecffac709d3e783a307790b0208d60;0x9a5c1d2f4a7a7962a63259de6fcc1afb1d0aa1abdf5d19c23d22fd78953c5167;0xcd019866bb9876e0c3f135bc5fe856a0566d490c1b2fcca97e8205ee25048e6f,-0.11017661900756948,-0.000945179584120992,-0.008191556395715116,-0.021109010712035192
2026-04-03,UNI,3.171,23449559.653654575,398910.8481543071,23848470.50180888,0.016726894419667297,58.783960782595194,12,binance;bitget;bybit;coinbase;crypto_com;gate;htx;kraken;kucoin;mexc;okx;upbit,eth,eth,5,uniswap-v4-ethereum;uniswap_v3,0x053f6a47ccba79e7d5d623173ed6dd5a31cf19c28bae0fb8276f4506295f90da;0x1d42064fc4beb5f8aaf85f4617ae8b3b5b8bd801;0x3470447f3cecffac709d3e783a307790b0208d60;0x9a5c1d2f4a7a7962a63259de6fcc1afb1d0aa1abdf5d19c23d22fd78953c5167;0xcd019866bb9876e0c3f135bc5fe856a0566d490c1b2fcca97e8205ee25048e6f,-0.000945179584120992,-0.01450646483759066,-0.023651844843897707,-0.0015767896562598471
2026-04-04,UNI,3.125,18603566.188496724,201037.2669297963,18804603.45542652,0.0106908538330162,92.53789843349406,12,binance;bitget;bybit;coinbase;crypto_com;gate;htx;kraken;kucoin;mexc;okx;upbit,eth,eth,5,uniswap-v4-ethereum;uniswap_v3,0x053f6a47ccba79e7d5d623173ed6dd5a31cf19c28bae0fb8276f4506295f90da;0x1d42064fc4beb5f8aaf85f4617ae8b3b5b8bd801;0x3470447f3cecffac709d3e783a307790b0208d60;0x9a5c1d2f4a7a7962a63259de6fcc1afb1d0aa1abdf5d19c23d22fd78953c5167;0xcd019866bb9876e0c3f135bc5fe856a0566d490c1b2fcca97e8205ee25048e6f,-0.01450646483759066,0.007360000000000033,0.05152000000000001,0.008000000000000007
2026-04-05,UNI,3.148,17231114.01401124,238085.9460123338,17469199.960023575,0.013628898092480963,72.3735033613391,12,binance;bitget;bybit;coinbase;crypto_com;gate;htx;kraken;kucoin;mexc;okx;upbit,eth,eth,5,uniswap-v4-ethereum;uniswap_v3,0x053f6a47ccba79e7d5d623173ed6dd5a31cf19c28bae0fb8276f4506295f90da;0x1d42064fc4beb5f8aaf85f4617ae8b3b5b8bd801;0x3470447f3cecffac709d3e783a307790b0208d60;0x9a5c1d2f4a7a7962a63259de6fcc1afb1d0aa1abdf5d19c23d22fd78953c5167;0xcd019866bb9876e0c3f135bc5fe856a0566d490c1b2fcca97e8205ee25048e6f,0.007360000000000033,-0.016518424396442244,-0.008576874205845075,-0.04129606099110561
2026-04-06,UNI,3.096,22151205.58433737,254836.29872622673,22406041.883063596,0.01137355272547508,86.92327464752044,12,binance;bitget;bybit;coinbase;crypto_com;gate;htx;kraken;kucoin;mexc;okx;upbit,eth,eth,5,uniswap-v4-ethereum;uniswap_v3,0x053f6a47ccba79e7d5d623173ed6dd5a31cf19c28bae0fb8276f4506295f90da;0x1d42064fc4beb5f8aaf85f4617ae8b3b5b8bd801;0x3470447f3cecffac709d3e783a307790b0208d60;0x9a5c1d2f4a7a7962a63259de6fcc1afb1d0aa1abdf5d19c23d22fd78953c5167;0xcd019866bb9876e0c3f135bc5fe856a0566d490c1b2fcca97e8205ee25048e6f,-0.016518424396442244,0.061369509043927684,0.0035529715762274705,0.04457364341085257
2026-04-07,UNI,3.286,51202591.17744102,852049.425117578,52054640.6025586,0.016368366302306158,60.093451938395894,12,binance;bitget;bybit;coinbase;crypto_com;gate;htx;kraken;kucoin;mexc;okx;upbit,eth,eth,5,uniswap-v4-ethereum;uniswap_v3,0x053f6a47ccba79e7d5d623173ed6dd5a31cf19c28bae0fb8276f4506295f90da;0x1d42064fc4beb5f8aaf85f4617ae8b3b5b8bd801;0x3470447f3cecffac709d3e783a307790b0208d60;0x9a5c1d2f4a7a7962a63259de6fcc1afb1d0aa1abdf5d19c23d22fd78953c5167;0xcd019866bb9876e0c3f135bc5fe856a0566d490c1b2fcca97e8205ee25048e6f,0.061369509043927684,-0.05021302495435176,-0.036518563603164966,-0.046865489957395035
2026-04-08,UNI,3.121,36622229.88866262,336750.7451821178,36958980.63384474,0.009111472757280064,108.75174119913824,12,binance;bitget;bybit;coinbase;crypto_com;gate;htx;kraken;kucoin;mexc;okx;upbit,eth,eth,5,uniswap-v4-ethereum;uniswap_v3,0x053f6a47ccba79e7d5d623173ed6dd5a31cf19c28bae0fb8276f4506295f90da;0x1d42064fc4beb5f8aaf85f4617ae8b3b5b8bd801;0x3470447f3cecffac709d3e783a307790b0208d60;0x9a5c1d2f4a7a7962a63259de6fcc1afb1d0aa1abdf5d19c23d22fd78953c5167;0xcd019866bb9876e0c3f135bc5fe856a0566d490c1b2fcca97e8205ee25048e6f,-0.05021302495435176,-0.004485741749439165,0.009291893623838421,0.03300224287087472
2026-04-09,UNI,3.107,28201828.160757013,312469.92008275946,28514298.08083977,0.010958359178152946,90.25453763129454,12,binance;bitget;bybit;coinbase;crypto_com;gate;htx;kraken;kucoin;mexc;okx;upbit,eth,eth,5,uniswap-v4-ethereum;uniswap_v3,0x053f6a47ccba79e7d5d623173ed6dd5a31cf19c28bae0fb8276f4506295f90da;0x1d42064fc4beb5f8aaf85f4617ae8b3b5b8bd801;0x3470447f3cecffac709d3e783a307790b0208d60;0x9a5c1d2f4a7a7962a63259de6fcc1afb1d0aa1abdf5d19c23d22fd78953c5167;0xcd019866bb9876e0c3f135bc5fe856a0566d490c1b2fcca97e8205ee25048e6f,-0.004485741749439165,0.01898937882201479,-0.02864499517219199,0.10363694882523311
2026-04-10,UNI,3.166,33510690.870236844,288943.5604274346,33799634.43066428,0.008548718508188785,115.97659702353093,12,binance;bitget;bybit;coinbase;crypto_com;gate;htx;kraken;kucoin;mexc;okx;upbit,eth,eth,5,uniswap-v4-ethereum;uniswap_v3,0x053f6a47ccba79e7d5d623173ed6dd5a31cf19c28bae0fb8276f4506295f90da;0x1d42064fc4beb5f8aaf85f4617ae8b3b5b8bd801;0x3470447f3cecffac709d3e783a307790b0208d60;0x9a5c1d2f4a7a7962a63259de6fcc1afb1d0aa1abdf5d19c23d22fd78953c5167;0xcd019866bb9876e0c3f135bc5fe856a0566d490c1b2fcca97e8205ee25048e6f,0.01898937882201479,-0.005053695514845247,0.021478205938092243,0.09065066329753635
2026-04-11,UNI,3.15,31594116.974841762,625400.5010489225,32219517.475890685,0.019410610401502725,50.518215002789525,12,binance;bitget;bybit;coinbase;crypto_com;gate;htx;kraken;kucoin;mexc;okx;upbit,eth,eth,5,uniswap-v4-ethereum;uniswap_v3,0x053f6a47ccba79e7d5d623173ed6dd5a31cf19c28bae0fb8276f4506295f90da;0x1d42064fc4beb5f8aaf85f4617ae8b3b5b8bd801;0x3470447f3cecffac709d3e783a307790b0208d60;0x9a5c1d2f4a7a7962a63259de6fcc1afb1d0aa1abdf5d19c23d22fd78953c5167;0xcd019866bb9876e0c3f135bc5fe856a0566d490c1b2fcca97e8205ee25048e6f,-0.005053695514845247,-0.04190476190476189,-0.005714285714285672,0.06349206349206349
2026-04-12,UNI,3.018,34608857.452796474,474241.513178523,35083098.965974994,0.013517663124299868,72.97728370685329,12,binance;bitget;bybit;coinbase;crypto_com;gate;htx;kraken;kucoin;mexc;okx;upbit,eth,eth,5,uniswap-v4-ethereum;uniswap_v3,0x053f6a47ccba79e7d5d623173ed6dd5a31cf19c28bae0fb8276f4506295f90da;0x1d42064fc4beb5f8aaf85f4617ae8b3b5b8bd801;0x3470447f3cecffac709d3e783a307790b0208d60;0x9a5c1d2f4a7a7962a63259de6fcc1afb1d0aa1abdf5d19c23d22fd78953c5167;0xcd019866bb9876e0c3f135bc5fe856a0566d490c1b2fcca97e8205ee25048e6f,-0.04190476190476189,0.07157057654075549,0.068257123923128,0.07057654075546727
2026-04-13,UNI,3.234,51220229.2911402,1531126.9458517,52751356.2369919,0.029025356977987932,33.452633976504536,12,binance;bitget;bybit;coinbase;crypto_com;gate;htx;kraken;kucoin;mexc;okx;upbit,eth,eth,5,uniswap-v4-ethereum;uniswap_v3,0x053f6a47ccba79e7d5d623173ed6dd5a31cf19c28bae0fb8276f4506295f90da;0x1d42064fc4beb5f8aaf85f4617ae8b3b5b8bd801;0x3470447f3cecffac709d3e783a307790b0208d60;0x9a5c1d2f4a7a7962a63259de6fcc1afb1d0aa1abdf5d19c23d22fd78953c5167;0xcd019866bb9876e0c3f135bc5fe856a0566d490c1b2fcca97e8205ee25048e6f,0.07157057654075549,-0.03153988868274582,0.06029684601113172,-0.0003092145949288305
2026-04-14,UNI,3.132,43976806.587897316,1127737.8212894506,45104544.409186766,0.025002753848008187,38.995594328488885,12,binance;bitget;bybit;coinbase;crypto_com;gate;htx;kraken;kucoin;mexc;okx;upbit,eth,eth,5,uniswap-v4-ethereum;uniswap_v3,0x053f6a47ccba79e7d5d623173ed6dd5a31cf19c28bae0fb8276f4506295f90da;0x1d42064fc4beb5f8aaf85f4617ae8b3b5b8bd801;0x3470447f3cecffac709d3e783a307790b0208d60;0x9a5c1d2f4a7a7962a63259de6fcc1afb1d0aa1abdf5d19c23d22fd78953c5167;0xcd019866bb9876e0c3f135bc5fe856a0566d490c1b2fcca97e8205ee25048e6f,-0.03153988868274582,0.02937420178799499,0.10249042145593856,0.04438058748403573
2026-04-15,UNI,3.224,42482019.19131723,851840.7995113677,43333859.990828596,0.01965762569251056,49.87084349057446,12,binance;bitget;bybit;coinbase;crypto_com;gate;htx;kraken;kucoin;mexc;okx;upbit,eth,eth,5,uniswap-v4-ethereum;uniswap_v3,0x053f6a47ccba79e7d5d623173ed6dd5a31cf19c28bae0fb8276f4506295f90da;0x1d42064fc4beb5f8aaf85f4617ae8b3b5b8bd801;0x3470447f3cecffac709d3e783a307790b0208d60;0x9a5c1d2f4a7a7962a63259de6fcc1afb1d0aa1abdf5d19c23d22fd78953c5167;0xcd019866bb9876e0c3f135bc5fe856a0566d490c1b2fcca97e8205ee25048e6f,0.02937420178799499,0.06358560794044643,0.0390818858560793,0.028225806451612767
2026-04-16,UNI,3.429,54192355.165660314,1213139.2586796086,55405494.42433992,0.021895649001675007,44.67117421015931,12,binance;bitget;bybit;coinbase;crypto_com;gate;htx;kraken;kucoin;mexc;okx;upbit,eth,eth,5,uniswap-v4-ethereum;uniswap_v3,0x053f6a47ccba79e7d5d623173ed6dd5a31cf19c28bae0fb8276f4506295f90da;0x1d42064fc4beb5f8aaf85f4617ae8b3b5b8bd801;0x3470447f3cecffac709d3e783a307790b0208d60;0x9a5c1d2f4a7a7962a63259de6fcc1afb1d0aa1abdf5d19c23d22fd78953c5167;0xcd019866bb9876e0c3f135bc5fe856a0566d490c1b2fcca97e8205ee25048e6f,0.06358560794044643,0.006999125109361293,-0.05774278215223094,-0.03937007874015741
2026-04-17,UNI,3.453,52472489.258941144,637583.4496045874,53110072.70854573,0.012004944016994283,82.29901402158919,12,binance;bitget;bybit;coinbase;crypto_com;gate;htx;kraken;kucoin;mexc;okx;upbit,eth,eth,5,uniswap-v4-ethereum;uniswap_v3,0x053f6a47ccba79e7d5d623173ed6dd5a31cf19c28bae0fb8276f4506295f90da;0x1d42064fc4beb5f8aaf85f4617ae8b3b5b8bd801;0x3470447f3cecffac709d3e783a307790b0208d60;0x9a5c1d2f4a7a7962a63259de6fcc1afb1d0aa1abdf5d19c23d22fd78953c5167;0xcd019866bb9876e0c3f135bc5fe856a0566d490c1b2fcca97e8205ee25048e6f,0.006999125109361293,-0.029829134086301723,-0.06371271358239206,-0.057920648711265454
2026-04-18,UNI,3.35,40493977.55571738,1060316.4222935557,41554293.97801094,0.025516410478653245,38.19046532178142,12,binance;bitget;bybit;coinbase;crypto_com;gate;htx;kraken;kucoin;mexc;okx;upbit,eth,eth,5,uniswap-v4-ethereum;uniswap_v3,0x053f6a47ccba79e7d5d623173ed6dd5a31cf19c28bae0fb8276f4506295f90da;0x1d42064fc4beb5f8aaf85f4617ae8b3b5b8bd801;0x3470447f3cecffac709d3e783a307790b0208d60;0x9a5c1d2f4a7a7962a63259de6fcc1afb1d0aa1abdf5d19c23d22fd78953c5167;0xcd019866bb9876e0c3f135bc5fe856a0566d490c1b2fcca97e8205ee25048e6f,-0.029829134086301723,-0.03552238805970154,-0.02358208955223884,-0.02746268656716422
2026-04-19,UNI,3.231,45419915.94584766,1022886.6019979334,46442802.547845595,0.022024652817713805,44.403666894387015,12,binance;bitget;bybit;coinbase;crypto_com;gate;htx;kraken;kucoin;mexc;okx;upbit,eth,eth,5,uniswap-v4-ethereum;uniswap_v3,0x053f6a47ccba79e7d5d623173ed6dd5a31cf19c28bae0fb8276f4506295f90da;0x1d42064fc4beb5f8aaf85f4617ae8b3b5b8bd801;0x3470447f3cecffac709d3e783a307790b0208d60;0x9a5c1d2f4a7a7962a63259de6fcc1afb1d0aa1abdf5d19c23d22fd78953c5167;0xcd019866bb9876e0c3f135bc5fe856a0566d490c1b2fcca97e8205ee25048e6f,-0.03552238805970154,0.0006190034045188142,0.02599814298978642,0.01609408851748695
2026-04-20,UNI,3.233,51285126.8716143,924940.559212475,52210067.430826776,0.017715751094133914,55.44694343956562,12,binance;bitget;bybit;coinbase;crypto_com;gate;htx;kraken;kucoin;mexc;okx;upbit,eth,eth,5,uniswap-v4-ethereum;uniswap_v3,0x053f6a47ccba79e7d5d623173ed6dd5a31cf19c28bae0fb8276f4506295f90da;0x1d42064fc4beb5f8aaf85f4617ae8b3b5b8bd801;0x3470447f3cecffac709d3e783a307790b0208d60;0x9a5c1d2f4a7a7962a63259de6fcc1afb1d0aa1abdf5d19c23d22fd78953c5167;0xcd019866bb9876e0c3f135bc5fe856a0566d490c1b2fcca97e8205ee25048e6f,0.0006190034045188142,0.011753789050417573,0.018867924528301883,0.006186204763377612
2026-04-21,UNI,3.271,38639784.31739988,724193.8094455445,39363978.12684543,0.01839737353556904,53.35558494622203,12,binance;bitget;bybit;coinbase;crypto_com;gate;htx;kraken;kucoin;mexc;okx;upbit,eth,eth,5,uniswap-v4-ethereum;uniswap_v3,0x053f6a47ccba79e7d5d623173ed6dd5a31cf19c28bae0fb8276f4506295f90da;0x1d42064fc4beb5f8aaf85f4617ae8b3b5b8bd801;0x3470447f3cecffac709d3e783a307790b0208d60;0x9a5c1d2f4a7a7962a63259de6fcc1afb1d0aa1abdf5d19c23d22fd78953c5167;0xcd019866bb9876e0c3f135bc5fe856a0566d490c1b2fcca97e8205ee25048e6f,0.011753789050417573,0.013451543870375948,-0.005502904310608292,-0.008865790278202335
2026-04-22,UNI,3.315,33178730.823250245,974762.7365352991,34153493.559785545,0.028540645039107963,34.03775050037394,12,binance;bitget;bybit;coinbase;crypto_com;gate;htx;kraken;kucoin;mexc;okx;upbit,eth,eth,5,uniswap-v4-ethereum;uniswap_v3,0x053f6a47ccba79e7d5d623173ed6dd5a31cf19c28bae0fb8276f4506295f90da;0x1d42064fc4beb5f8aaf85f4617ae8b3b5b8bd801;0x3470447f3cecffac709d3e783a307790b0208d60;0x9a5c1d2f4a7a7962a63259de6fcc1afb1d0aa1abdf5d19c23d22fd78953c5167;0xcd019866bb9876e0c3f135bc5fe856a0566d490c1b2fcca97e8205ee25048e6f,0.013451543870375948,-0.0063348416289592535,-0.017194570135746545,-0.03740573152337867
2026-04-23,UNI,3.294,33402383.140061557,853031.5433073482,34255414.68336891,0.02490209361621003,39.15726610830222,12,binance;bitget;bybit;coinbase;crypto_com;gate;htx;kraken;kucoin;mexc;okx;upbit,eth,eth,5,uniswap-v4-ethereum;uniswap_v3,0x053f6a47ccba79e7d5d623173ed6dd5a31cf19c28bae0fb8276f4506295f90da;0x1d42064fc4beb5f8aaf85f4617ae8b3b5b8bd801;0x3470447f3cecffac709d3e783a307790b0208d60;0x9a5c1d2f4a7a7962a63259de6fcc1afb1d0aa1abdf5d19c23d22fd78953c5167;0xcd019866bb9876e0c3f135bc5fe856a0566d490c1b2fcca97e8205ee25048e6f,-0.0063348416289592535,-0.012446873102610834,-0.003339404978749294,-0.032483302975106265
2026-04-24,UNI,3.253,25844510.51638995,675079.1340471504,26519589.6504371,0.025455866510212897,38.28367551734292,12,binance;bitget;bybit;coinbase;crypto_com;gate;htx;kraken;kucoin;mexc;okx;upbit,eth,eth,5,uniswap-v4-ethereum;uniswap_v3,0x053f6a47ccba79e7d5d623173ed6dd5a31cf19c28bae0fb8276f4506295f90da;0x1d42064fc4beb5f8aaf85f4617ae8b3b5b8bd801;0x3470447f3cecffac709d3e783a307790b0208d60;0x9a5c1d2f4a7a7962a63259de6fcc1afb1d0aa1abdf5d19c23d22fd78953c5167;0xcd019866bb9876e0c3f135bc5fe856a0566d490c1b2fcca97e8205ee25048e6f,-0.012446873102610834,0.0015370427297878297,0.0,-0.015063018751921287
2026-04-25,UNI,3.258,17669225.51014956,847536.7261995332,18516762.236349095,0.04577132413223879,20.847740238208562,12,binance;bitget;bybit;coinbase;crypto_com;gate;htx;kraken;kucoin;mexc;okx;upbit,eth,eth,5,uniswap-v4-ethereum;uniswap_v3,0x053f6a47ccba79e7d5d623173ed6dd5a31cf19c28bae0fb8276f4506295f90da;0x1d42064fc4beb5f8aaf85f4617ae8b3b5b8bd801;0x3470447f3cecffac709d3e783a307790b0208d60;0x9a5c1d2f4a7a7962a63259de6fcc1afb1d0aa1abdf5d19c23d22fd78953c5167;0xcd019866bb9876e0c3f135bc5fe856a0566d490c1b2fcca97e8205ee25048e6f,0.0015370427297878297,0.007673419275629145,-0.0049109883364026885,-0.0009208103130755596
2026-04-26,UNI,3.283,20593743.51091886,892510.6151829555,21486254.126101814,0.041538679098964984,23.073947985142286,12,binance;bitget;bybit;coinbase;crypto_com;gate;htx;kraken;kucoin;mexc;okx;upbit,eth,eth,5,uniswap-v4-ethereum;uniswap_v3,0x053f6a47ccba79e7d5d623173ed6dd5a31cf19c28bae0fb8276f4506295f90da;0x1d42064fc4beb5f8aaf85f4617ae8b3b5b8bd801;0x3470447f3cecffac709d3e783a307790b0208d60;0x9a5c1d2f4a7a7962a63259de6fcc1afb1d0aa1abdf5d19c23d22fd78953c5167;0xcd019866bb9876e0c3f135bc5fe856a0566d490c1b2fcca97e8205ee25048e6f,0.007673419275629145,-0.009137983551629536,-0.02802314955833085,-0.01492537313432829
2026-04-27,UNI,3.253,28630348.809906304,1422601.026057538,30052949.83596384,0.0473364855637278,20.125353690521187,12,binance;bitget;bybit;coinbase;crypto_com;gate;htx;kraken;kucoin;mexc;okx;upbit,eth,eth,5,uniswap-v4-ethereum;uniswap_v3,0x053f6a47ccba79e7d5d623173ed6dd5a31cf19c28bae0fb8276f4506295f90da;0x1d42064fc4beb5f8aaf85f4617ae8b3b5b8bd801;0x3470447f3cecffac709d3e783a307790b0208d60;0x9a5c1d2f4a7a7962a63259de6fcc1afb1d0aa1abdf5d19c23d22fd78953c5167;0xcd019866bb9876e0c3f135bc5fe856a0566d490c1b2fcca97e8205ee25048e6f,-0.009137983551629536,-0.0033814940055333365,-0.02028896403320024,0.006455579465109107
2026-04-28,UNI,3.242,24943358.632140316,154014.008285786,25097372.640426103,0.006136658625281947,161.95512934028577,12,binance;bitget;bybit;coinbase;crypto_com;gate;htx;kraken;kucoin;mexc;okx;upbit,eth,eth,5,uniswap-v4-ethereum;uniswap_v3,0x053f6a47ccba79e7d5d623173ed6dd5a31cf19c28bae0fb8276f4506295f90da;0x1d42064fc4beb5f8aaf85f4617ae8b3b5b8bd801;0x3470447f3cecffac709d3e783a307790b0208d60;0x9a5c1d2f4a7a7962a63259de6fcc1afb1d0aa1abdf5d19c23d22fd78953c5167;0xcd019866bb9876e0c3f135bc5fe856a0566d490c1b2fcca97e8205ee25048e6f,-0.0033814940055333365,-0.015731030228254173,-0.01172115977791477,0.035780382479950745
2026-04-29,UNI,3.191,30369750.955752265,779377.3300984448,31149128.28585071,0.02502083920122002,38.96668504832723,12,binance;bitget;bybit;coinbase;crypto_com;gate;htx;kraken;kucoin;mexc;okx;upbit,eth,eth,5,uniswap-v4-ethereum;uniswap_v3,0x053f6a47ccba79e7d5d623173ed6dd5a31cf19c28bae0fb8276f4506295f90da;0x1d42064fc4beb5f8aaf85f4617ae8b3b5b8bd801;0x3470447f3cecffac709d3e783a307790b0208d60;0x9a5c1d2f4a7a7962a63259de6fcc1afb1d0aa1abdf5d19c23d22fd78953c5167;0xcd019866bb9876e0c3f135bc5fe856a0566d490c1b2fcca97e8205ee25048e6f,-0.015731030228254173,-0.0012535255405828893,0.02005640864932623,0.08900031338138525
2026-04-30,UNI,3.187,20014803.821244553,234563.8503539468,20249367.671598498,0.011583761733110463,85.32774249332569,12,binance;bitget;bybit;coinbase;crypto_com;gate;htx;kraken;kucoin;mexc;okx;upbit,eth,eth,5,uniswap-v4-ethereum;uniswap_v3,0x053f6a47ccba79e7d5d623173ed6dd5a31cf19c28bae0fb8276f4506295f90da;0x1d42064fc4beb5f8aaf85f4617ae8b3b5b8bd801;0x3470447f3cecffac709d3e783a307790b0208d60;0x9a5c1d2f4a7a7962a63259de6fcc1afb1d0aa1abdf5d19c23d22fd78953c5167;0xcd019866bb9876e0c3f135bc5fe856a0566d490c1b2fcca97e8205ee25048e6f,-0.0012535255405828893,0.005334170065892874,0.014747411358644547,0.0775023533103234
2026-05-01,UNI,3.204,22055944.746557906,391985.40525982395,22447930.15181773,0.017461984361532894,56.267260083161325,12,binance;bitget;bybit;coinbase;crypto_com;gate;htx;kraken;kucoin;mexc;okx;upbit,eth,eth,5,uniswap-v4-ethereum;uniswap_v3,0x053f6a47ccba79e7d5d623173ed6dd5a31cf19c28bae0fb8276f4506295f90da;0x1d42064fc4beb5f8aaf85f4617ae8b3b5b8bd801;0x3470447f3cecffac709d3e783a307790b0208d60;0x9a5c1d2f4a7a7962a63259de6fcc1afb1d0aa1abdf5d19c23d22fd78953c5167;0xcd019866bb9876e0c3f135bc5fe856a0566d490c1b2fcca97e8205ee25048e6f,0.005334170065892874,0.015917602996254665,0.021847690387016172,0.15855181023720344
2026-05-02,UNI,3.255,14542975.123986043,363161.5646581614,14906136.688644204,0.024363225176569407,40.04546884710977,12,binance;bitget;bybit;coinbase;crypto_com;gate;htx;kraken;kucoin;mexc;okx;upbit,eth,eth,5,uniswap-v4-ethereum;uniswap_v3,0x053f6a47ccba79e7d5d623173ed6dd5a31cf19c28bae0fb8276f4506295f90da;0x1d42064fc4beb5f8aaf85f4617ae8b3b5b8bd801;0x3470447f3cecffac709d3e783a307790b0208d60;0x9a5c1d2f4a7a7962a63259de6fcc1afb1d0aa1abdf5d19c23d22fd78953c5167;0xcd019866bb9876e0c3f135bc5fe856a0566d490c1b2fcca97e8205ee25048e6f,0.015917602996254665,-0.006451612903225823,0.03164362519201225,0.17050691244239635
2026-05-03,UNI,3.234,23523606.67757547,239075.3533726023,23762682.030948073,0.010060958315279185,98.39411024905439,12,binance;bitget;bybit;coinbase;crypto_com;gate;htx;kraken;kucoin;mexc;okx;upbit,eth,eth,5,uniswap-v4-ethereum;uniswap_v3,0x053f6a47ccba79e7d5d623173ed6dd5a31cf19c28bae0fb8276f4506295f90da;0x1d42064fc4beb5f8aaf85f4617ae8b3b5b8bd801;0x3470447f3cecffac709d3e783a307790b0208d60;0x9a5c1d2f4a7a7962a63259de6fcc1afb1d0aa1abdf5d19c23d22fd78953c5167;0xcd019866bb9876e0c3f135bc5fe856a0566d490c1b2fcca97e8205ee25048e6f,-0.006451612903225823,0.01236858379715522,0.07452071737786037,0.2350030921459494
2026-05-04,UNI,3.274,53607700.932963334,1655223.7315831871,55262924.66454652,0.029951793931114225,32.3869818382127,12,binance;bitget;bybit;coinbase;crypto_com;gate;htx;kraken;kucoin;mexc;okx;upbit,eth,eth,5,uniswap-v4-ethereum;uniswap_v3,0x053f6a47ccba79e7d5d623173ed6dd5a31cf19c28bae0fb8276f4506295f90da;0x1d42064fc4beb5f8aaf85f4617ae8b3b5b8bd801;0x3470447f3cecffac709d3e783a307790b0208d60;0x9a5c1d2f4a7a7962a63259de6fcc1afb1d0aa1abdf5d19c23d22fd78953c5167;0xcd019866bb9876e0c3f135bc5fe856a0566d490c1b2fcca97e8205ee25048e6f,0.01236858379715522,0.025656689065363558,0.048869883934025804,0.19028711056811232
2026-05-05,UNI,3.358,32374897.87149934,440013.931641809,32814911.80314115,0.013408962799640663,73.57698368935726,12,binance;bitget;bybit;coinbase;crypto_com;gate;htx;kraken;kucoin;mexc;okx;upbit,eth,eth,5,uniswap-v4-ethereum;uniswap_v3,0x053f6a47ccba79e7d5d623173ed6dd5a31cf19c28bae0fb8276f4506295f90da;0x1d42064fc4beb5f8aaf85f4617ae8b3b5b8bd801;0x3470447f3cecffac709d3e783a307790b0208d60;0x9a5c1d2f4a7a7962a63259de6fcc1afb1d0aa1abdf5d19c23d22fd78953c5167;0xcd019866bb9876e0c3f135bc5fe856a0566d490c1b2fcca97e8205ee25048e6f,0.025656689065363558,0.034842167957117365,0.10541989279332942,0.12120309708159627
2026-05-06,UNI,3.475,51955402.04522453,1244278.57019634,53199680.61542087,0.023388835342663013,41.75544230182013,12,binance;bitget;bybit;coinbase;crypto_com;gate;htx;kraken;kucoin;mexc;okx;upbit,eth,eth,5,uniswap-v4-ethereum;uniswap_v3,0x053f6a47ccba79e7d5d623173ed6dd5a31cf19c28bae0fb8276f4506295f90da;0x1d42064fc4beb5f8aaf85f4617ae8b3b5b8bd801;0x3470447f3cecffac709d3e783a307790b0208d60;0x9a5c1d2f4a7a7962a63259de6fcc1afb1d0aa1abdf5d19c23d22fd78953c5167;0xcd019866bb9876e0c3f135bc5fe856a0566d490c1b2fcca97e8205ee25048e6f,0.034842167957117365,-0.011798561151079134,0.09640287769784162,0.04287769784172668
2026-05-07,UNI,3.434,45875011.54045344,516656.461432763,46391668.001886204,0.011136837360789801,88.79209874436759,12,binance;bitget;bybit;coinbase;crypto_com;gate;htx;kraken;kucoin;mexc;okx;upbit,eth,eth,5,uniswap-v4-ethereum;uniswap_v3,0x053f6a47ccba79e7d5d623173ed6dd5a31cf19c28bae0fb8276f4506295f90da;0x1d42064fc4beb5f8aaf85f4617ae8b3b5b8bd801;0x3470447f3cecffac709d3e783a307790b0208d60;0x9a5c1d2f4a7a7962a63259de6fcc1afb1d0aa1abdf5d19c23d22fd78953c5167;0xcd019866bb9876e0c3f135bc5fe856a0566d490c1b2fcca97e8205ee25048e6f,-0.011798561151079134,0.08095515433896328,0.16307513104251603,0.08736167734420497
2026-05-08,UNI,3.712,62915742.89081021,1466438.9420699954,64382181.8328802,0.022777092983218537,42.90375895364564,12,binance;bitget;bybit;coinbase;crypto_com;gate;htx;kraken;kucoin;mexc;okx;upbit,eth,eth,5,uniswap-v4-ethereum;uniswap_v3,0x053f6a47ccba79e7d5d623173ed6dd5a31cf19c28bae0fb8276f4506295f90da;0x1d42064fc4beb5f8aaf85f4617ae8b3b5b8bd801;0x3470447f3cecffac709d3e783a307790b0208d60;0x9a5c1d2f4a7a7962a63259de6fcc1afb1d0aa1abdf5d19c23d22fd78953c5167;0xcd019866bb9876e0c3f135bc5fe856a0566d490c1b2fcca97e8205ee25048e6f,0.08095515433896328,0.026400862068965525,0.0498383620689653,-0.02963362068965525
2026-05-09,UNI,3.81,56598724.918730624,1328738.8546378487,57927463.77336847,0.02293797739594327,42.595822889635265,12,binance;bitget;bybit;coinbase;crypto_com;gate;htx;kraken;kucoin;mexc;okx;upbit,eth,eth,5,uniswap-v4-ethereum;uniswap_v3,0x053f6a47ccba79e7d5d623173ed6dd5a31cf19c28bae0fb8276f4506295f90da;0x1d42064fc4beb5f8aaf85f4617ae8b3b5b8bd801;0x3470447f3cecffac709d3e783a307790b0208d60;0x9a5c1d2f4a7a7962a63259de6fcc1afb1d0aa1abdf5d19c23d22fd78953c5167;0xcd019866bb9876e0c3f135bc5fe856a0566d490c1b2fcca97e8205ee25048e6f,0.026400862068965525,0.04829396325459312,-0.011811023622047223,-0.08503937007874007
2026-05-10,UNI,3.994,133715720.21977358,9281521.343914013,142997241.5636876,0.06490699570439086,14.406659777543076,12,binance;bitget;bybit;coinbase;crypto_com;gate;htx;kraken;kucoin;mexc;okx;upbit,eth,eth,5,uniswap-v4-ethereum;uniswap_v3,0x053f6a47ccba79e7d5d623173ed6dd5a31cf19c28bae0fb8276f4506295f90da;0x1d42064fc4beb5f8aaf85f4617ae8b3b5b8bd801;0x3470447f3cecffac709d3e783a307790b0208d60;0x9a5c1d2f4a7a7962a63259de6fcc1afb1d0aa1abdf5d19c23d22fd78953c5167;0xcd019866bb9876e0c3f135bc5fe856a0566d490c1b2fcca97e8205ee25048e6f,0.04829396325459312,-0.02428642964446681,-0.09263895843765646,-0.13119679519278915
2026-05-11,UNI,3.897,49988041.0399027,1658871.7575090285,51646912.79741173,0.032119475640607166,30.133758570321937,12,binance;bitget;bybit;coinbase;crypto_com;gate;htx;kraken;kucoin;mexc;okx;upbit,eth,eth,5,uniswap-v4-ethereum;uniswap_v3,0x053f6a47ccba79e7d5d623173ed6dd5a31cf19c28bae0fb8276f4506295f90da;0x1d42064fc4beb5f8aaf85f4617ae8b3b5b8bd801;0x3470447f3cecffac709d3e783a307790b0208d60;0x9a5c1d2f4a7a7962a63259de6fcc1afb1d0aa1abdf5d19c23d22fd78953c5167;0xcd019866bb9876e0c3f135bc5fe856a0566d490c1b2fcca97e8205ee25048e6f,-0.02428642964446681,-0.03387220939183977,-0.041827046445984006,-0.09032589171157301
2026-05-12,UNI,3.765,36863642.71841176,676046.152246692,37539688.87065845,0.018008837382109982,54.5282930697904,12,binance;bitget;bybit;coinbase;crypto_com;gate;htx;kraken;kucoin;mexc;okx;upbit,eth,eth,5,uniswap-v4-ethereum;uniswap_v3,0x053f6a47ccba79e7d5d623173ed6dd5a31cf19c28bae0fb8276f4506295f90da;0x1d42064fc4beb5f8aaf85f4617ae8b3b5b8bd801;0x3470447f3cecffac709d3e783a307790b0208d60;0x9a5c1d2f4a7a7962a63259de6fcc1afb1d0aa1abdf5d19c23d22fd78953c5167;0xcd019866bb9876e0c3f135bc5fe856a0566d490c1b2fcca97e8205ee25048e6f,-0.03387220939183977,-0.03745019920318726,-0.04329349269588323,-0.08339973439575032
2026-05-13,UNI,3.624,45476882.88245228,695697.0583101343,46172579.940762416,0.015067320457351225,65.36880146211452,12,binance;bitget;bybit;coinbase;crypto_com;gate;htx;kraken;kucoin;mexc;okx;upbit,eth,eth,5,uniswap-v4-ethereum;uniswap_v3,0x053f6a47ccba79e7d5d623173ed6dd5a31cf19c28bae0fb8276f4506295f90da;0x1d42064fc4beb5f8aaf85f4617ae8b3b5b8bd801;0x3470447f3cecffac709d3e783a307790b0208d60;0x9a5c1d2f4a7a7962a63259de6fcc1afb1d0aa1abdf5d19c23d22fd78953c5167;0xcd019866bb9876e0c3f135bc5fe856a0566d490c1b2fcca97e8205ee25048e6f,-0.03745019920318726,0.030353200883002085,-0.038079470198675414,-0.002483443708609201
2026-05-14,UNI,3.734,55287730.55738059,881846.01779838,56169576.575178966,0.01569970919431967,62.69544732470657,12,binance;bitget;bybit;coinbase;crypto_com;gate;htx;kraken;kucoin;mexc;okx;upbit,eth,eth,5,uniswap-v4-ethereum;uniswap_v3,0x053f6a47ccba79e7d5d623173ed6dd5a31cf19c28bae0fb8276f4506295f90da;0x1d42064fc4beb5f8aaf85f4617ae8b3b5b8bd801;0x3470447f3cecffac709d3e783a307790b0208d60;0x9a5c1d2f4a7a7962a63259de6fcc1afb1d0aa1abdf5d19c23d22fd78953c5167;0xcd019866bb9876e0c3f135bc5fe856a0566d490c1b2fcca97e8205ee25048e6f,0.030353200883002085,-0.03535083020889129,-0.07070166041778247,-0.03374397429030529
2026-05-15,UNI,3.602,45671638.3239511,744328.9234292451,46415967.247380346,0.016036053271544268,61.35948353791546,12,binance;bitget;bybit;coinbase;crypto_com;gate;htx;kraken;kucoin;mexc;okx;upbit,eth,eth,5,uniswap-v4-ethereum;uniswap_v3,0x053f6a47ccba79e7d5d623173ed6dd5a31cf19c28bae0fb8276f4506295f90da;0x1d42064fc4beb5f8aaf85f4617ae8b3b5b8bd801;0x3470447f3cecffac709d3e783a307790b0208d60;0x9a5c1d2f4a7a7962a63259de6fcc1afb1d0aa1abdf5d19c23d22fd78953c5167;0xcd019866bb9876e0c3f135bc5fe856a0566d490c1b2fcca97e8205ee25048e6f,-0.03535083020889129,-0.03220433092726249,-0.0158245419211549,-0.05496946141032755
2026-05-16,UNI,3.486,37431326.81347852,711574.6054115532,38142901.418890074,0.018655492344354003,52.6035169451127,12,binance;bitget;bybit;coinbase;crypto_com;gate;htx;kraken;kucoin;mexc;okx;upbit,eth,eth,5,uniswap-v4-ethereum;uniswap_v3,0x053f6a47ccba79e7d5d623173ed6dd5a31cf19c28bae0fb8276f4506295f90da;0x1d42064fc4beb5f8aaf85f4617ae8b3b5b8bd801;0x3470447f3cecffac709d3e783a307790b0208d60;0x9a5c1d2f4a7a7962a63259de6fcc1afb1d0aa1abdf5d19c23d22fd78953c5167;0xcd019866bb9876e0c3f135bc5fe856a0566d490c1b2fcca97e8205ee25048e6f,-0.03220433092726249,-0.004589787722317884,-0.010040160642570295,-0.006310958118187049
2026-05-17,UNI,3.47,39380445.54508945,888803.3106464742,40269248.85573593,0.02207151451547062,44.30726694351076,12,binance;bitget;bybit;coinbase;crypto_com;gate;htx;kraken;kucoin;mexc;okx;upbit,eth,eth,5,uniswap-v4-ethereum;uniswap_v3,0x053f6a47ccba79e7d5d623173ed6dd5a31cf19c28bae0fb8276f4506295f90da;0x1d42064fc4beb5f8aaf85f4617ae8b3b5b8bd801;0x3470447f3cecffac709d3e783a307790b0208d60;0x9a5c1d2f4a7a7962a63259de6fcc1afb1d0aa1abdf5d19c23d22fd78953c5167;0xcd019866bb9876e0c3f135bc5fe856a0566d490c1b2fcca97e8205ee25048e6f,-0.004589787722317884,0.02161383285302576,0.0417867435158501,-0.02420749279538903
2026-05-18,UNI,3.545,53236719.23760939,942915.3467878986,54179634.584397286,0.0174035014082476,56.459701731405346,12,binance;bitget;bybit;coinbase;crypto_com;gate;htx;kraken;kucoin;mexc;okx;upbit,eth,eth,5,uniswap-v4-ethereum;uniswap_v3,0x053f6a47ccba79e7d5d623173ed6dd5a31cf19c28bae0fb8276f4506295f90da;0x1d42064fc4beb5f8aaf85f4617ae8b3b5b8bd801;0x3470447f3cecffac709d3e783a307790b0208d60;0x9a5c1d2f4a7a7962a63259de6fcc1afb1d0aa1abdf5d19c23d22fd78953c5167;0xcd019866bb9876e0c3f135bc5fe856a0566d490c1b2fcca97e8205ee25048e6f,0.02161383285302576,-0.026516220028208748,0.017771509167842092,-0.060930888575458364
2026-05-19,UNI,3.451,32226965.50026318,679747.7522132512,32906713.25247643,0.020656810876184848,47.4101832559689,12,binance;bitget;bybit;coinbase;crypto_com;gate;htx;kraken;kucoin;mexc;okx;upbit,eth,eth,5,uniswap-v4-ethereum;uniswap_v3,0x053f6a47ccba79e7d5d623173ed6dd5a31cf19c28bae0fb8276f4506295f90da;0x1d42064fc4beb5f8aaf85f4617ae8b3b5b8bd801;0x3470447f3cecffac709d3e783a307790b0208d60;0x9a5c1d2f4a7a7962a63259de6fcc1afb1d0aa1abdf5d19c23d22fd78953c5167;0xcd019866bb9876e0c3f135bc5fe856a0566d490c1b2fcca97e8205ee25048e6f,-0.026516220028208748,0.04752245725876558,-0.013619240799768173,-0.05795421616922636
2026-05-20,UNI,3.615,43817008.50830463,1239364.0973093861,45056372.60561402,0.027506965732855323,35.35442780973706,12,binance;bitget;bybit;coinbase;crypto_com;gate;htx;kraken;kucoin;mexc;okx;upbit,eth,eth,5,uniswap-v4-ethereum;uniswap_v3,0x053f6a47ccba79e7d5d623173ed6dd5a31cf19c28bae0fb8276f4506295f90da;0x1d42064fc4beb5f8aaf85f4617ae8b3b5b8bd801;0x3470447f3cecffac709d3e783a307790b0208d60;0x9a5c1d2f4a7a7962a63259de6fcc1afb1d0aa1abdf5d19c23d22fd78953c5167;0xcd019866bb9876e0c3f135bc5fe856a0566d490c1b2fcca97e8205ee25048e6f,0.04752245725876558,-0.0019363762102351245,-0.041770401106500765,-0.1443983402489627
2026-05-21,UNI,3.608,39969156.3526543,922017.4686161351,40891173.821270436,0.02254808024455702,43.34967363757695,12,binance;bitget;bybit;coinbase;crypto_com;gate;htx;kraken;kucoin;mexc;okx;upbit,eth,eth,5,uniswap-v4-ethereum;uniswap_v3,0x053f6a47ccba79e7d5d623173ed6dd5a31cf19c28bae0fb8276f4506295f90da;0x1d42064fc4beb5f8aaf85f4617ae8b3b5b8bd801;0x3470447f3cecffac709d3e783a307790b0208d60;0x9a5c1d2f4a7a7962a63259de6fcc1afb1d0aa1abdf5d19c23d22fd78953c5167;0xcd019866bb9876e0c3f135bc5fe856a0566d490c1b2fcca97e8205ee25048e6f,-0.0019363762102351245,-0.05654101995565419,-0.06152993348115299,-0.15410199556541015
2026-05-22,UNI,3.404,53545407.23170825,2028946.937773129,55574354.16948138,0.03650869124966501,26.390738089226236,12,binance;bitget;bybit;coinbase;crypto_com;gate;htx;kraken;kucoin;mexc;okx;upbit,eth,eth,5,uniswap-v4-ethereum;uniswap_v3,0x053f6a47ccba79e7d5d623173ed6dd5a31cf19c28bae0fb8276f4506295f90da;0x1d42064fc4beb5f8aaf85f4617ae8b3b5b8bd801;0x3470447f3cecffac709d3e783a307790b0208d60;0x9a5c1d2f4a7a7962a63259de6fcc1afb1d0aa1abdf5d19c23d22fd78953c5167;0xcd019866bb9876e0c3f135bc5fe856a0566d490c1b2fcca97e8205ee25048e6f,-0.05654101995565419,0.01762632197414815,-0.022032902467684967,-0.11280846063454752
2026-05-23,UNI,3.464,53263072.616208054,1471524.41883738,54734597.03504544,0.02688472188614439,36.19584692878564,12,binance;bitget;bybit;coinbase;crypto_com;gate;htx;kraken;kucoin;mexc;okx;upbit,eth,eth,5,uniswap-v4-ethereum;uniswap_v3,0x053f6a47ccba79e7d5d623173ed6dd5a31cf19c28bae0fb8276f4506295f90da;0x1d42064fc4beb5f8aaf85f4617ae8b3b5b8bd801;0x3470447f3cecffac709d3e783a307790b0208d60;0x9a5c1d2f4a7a7962a63259de6fcc1afb1d0aa1abdf5d19c23d22fd78953c5167;0xcd019866bb9876e0c3f135bc5fe856a0566d490c1b2fcca97e8205ee25048e6f,0.01762632197414815,-0.022517321016166214,-0.061489607390300294,-0.11778290993071594
2026-05-24,UNI,3.386,23099240.37057406,376311.6288291284,23475551.99940319,0.016029937393535847,61.38327545828439,12,binance;bitget;bybit;coinbase;crypto_com;gate;htx;kraken;kucoin;mexc;okx;upbit,eth,eth,5,uniswap-v4-ethereum;uniswap_v3,0x053f6a47ccba79e7d5d623173ed6dd5a31cf19c28bae0fb8276f4506295f90da;0x1d42064fc4beb5f8aaf85f4617ae8b3b5b8bd801;0x3470447f3cecffac709d3e783a307790b0208d60;0x9a5c1d2f4a7a7962a63259de6fcc1afb1d0aa1abdf5d19c23d22fd78953c5167;0xcd019866bb9876e0c3f135bc5fe856a0566d490c1b2fcca97e8205ee25048e6f,-0.022517321016166214,-0.01683402244536325,-0.0865327820437094,-0.10691080921441232
2026-05-25,UNI,3.329,39594130.75414805,694671.9937252679,40288802.74787332,0.01724230918631447,56.99687206593637,12,binance;bitget;bybit;coinbase;crypto_com;gate;htx;kraken;kucoin;mexc;okx;upbit,eth,eth,5,uniswap-v4-ethereum;uniswap_v3,0x053f6a47ccba79e7d5d623173ed6dd5a31cf19c28bae0fb8276f4506295f90da;0x1d42064fc4beb5f8aaf85f4617ae8b3b5b8bd801;0x3470447f3cecffac709d3e783a307790b0208d60;0x9a5c1d2f4a7a7962a63259de6fcc1afb1d0aa1abdf5d19c23d22fd78953c5167;0xcd019866bb9876e0c3f135bc5fe856a0566d490c1b2fcca97e8205ee25048e6f,-0.01683402244536325,-0.023430459597476805,-0.08320817062180841,-0.10363472514268557
2026-05-26,UNI,3.251,26339587.978802122,418215.4663137862,26757803.44511591,0.015629663592215487,62.98090362597825,12,binance;bitget;bybit;coinbase;crypto_com;gate;htx;kraken;kucoin;mexc;okx;upbit,eth,eth,5,uniswap-v4-ethereum;uniswap_v3,0x053f6a47ccba79e7d5d623173ed6dd5a31cf19c28bae0fb8276f4506295f90da;0x1d42064fc4beb5f8aaf85f4617ae8b3b5b8bd801;0x3470447f3cecffac709d3e783a307790b0208d60;0x9a5c1d2f4a7a7962a63259de6fcc1afb1d0aa1abdf5d19c23d22fd78953c5167;0xcd019866bb9876e0c3f135bc5fe856a0566d490c1b2fcca97e8205ee25048e6f,-0.023430459597476805,-0.04860043063672714,-0.07105505998154416,-0.13872654567825282
2026-05-27,UNI,3.093,49157845.94239956,773632.8822681797,49931478.824667744,0.015493890837576803,63.54156741408906,12,binance;bitget;bybit;coinbase;crypto_com;gate;htx;kraken;kucoin;mexc;okx;upbit,eth,eth,5,uniswap-v4-ethereum;uniswap_v3,0x053f6a47ccba79e7d5d623173ed6dd5a31cf19c28bae0fb8276f4506295f90da;0x1d42064fc4beb5f8aaf85f4617ae8b3b5b8bd801;0x3470447f3cecffac709d3e783a307790b0208d60;0x9a5c1d2f4a7a7962a63259de6fcc1afb1d0aa1abdf5d19c23d22fd78953c5167;0xcd019866bb9876e0c3f135bc5fe856a0566d490c1b2fcca97e8205ee25048e6f,-0.04860043063672714,-0.013255738764953118,-0.011962495958616204,-0.09473003556417725
2026-05-28,UNI,3.052,47536343.36091238,452172.7074661247,47988516.06837851,0.009422519063140584,105.1287319557509,12,binance;bitget;bybit;coinbase;crypto_com;gate;htx;kraken;kucoin;mexc;okx;upbit,eth,eth,5,uniswap-v4-ethereum;uniswap_v3,0x053f6a47ccba79e7d5d623173ed6dd5a31cf19c28bae0fb8276f4506295f90da;0x1d42064fc4beb5f8aaf85f4617ae8b3b5b8bd801;0x3470447f3cecffac709d3e783a307790b0208d60;0x9a5c1d2f4a7a7962a63259de6fcc1afb1d0aa1abdf5d19c23d22fd78953c5167;0xcd019866bb9876e0c3f135bc5fe856a0566d490c1b2fcca97e8205ee25048e6f,-0.013255738764953118,-0.010484927916120546,-0.00917431192660556,-0.13007863695937094
2026-05-29,UNI,3.02,43151097.51850514,356836.3125077846,43507933.83101293,0.008201637749421871,120.92686760281376,12,binance;bitget;bybit;coinbase;crypto_com;gate;htx;kraken;kucoin;mexc;okx;upbit,eth,eth,5,uniswap-v4-ethereum;uniswap_v3,0x053f6a47ccba79e7d5d623173ed6dd5a31cf19c28bae0fb8276f4506295f90da;0x1d42064fc4beb5f8aaf85f4617ae8b3b5b8bd801;0x3470447f3cecffac709d3e783a307790b0208d60;0x9a5c1d2f4a7a7962a63259de6fcc1afb1d0aa1abdf5d19c23d22fd78953c5167;0xcd019866bb9876e0c3f135bc5fe856a0566d490c1b2fcca97e8205ee25048e6f,-0.010484927916120546,0.01192052980132452,-0.01192052980132452,-0.18476821192052972
2026-05-30,UNI,3.056,16247128.477798775,230422.6448808122,16477551.122679587,0.01398403459138173,70.51012059254298,12,binance;bitget;bybit;coinbase;crypto_com;gate;htx;kraken;kucoin;mexc;okx;upbit,eth,eth,5,uniswap-v4-ethereum;uniswap_v3,0x053f6a47ccba79e7d5d623173ed6dd5a31cf19c28bae0fb8276f4506295f90da;0x1d42064fc4beb5f8aaf85f4617ae8b3b5b8bd801;0x3470447f3cecffac709d3e783a307790b0208d60;0x9a5c1d2f4a7a7962a63259de6fcc1afb1d0aa1abdf5d19c23d22fd78953c5167;0xcd019866bb9876e0c3f135bc5fe856a0566d490c1b2fcca97e8205ee25048e6f,0.01192052980132452,-0.010471204188481686,-0.08376963350785349,-0.1930628272251308
2026-05-31,UNI,3.024,16610416.222429985,153121.06504146694,16763537.287471453,0.009134173916617519,108.47897523395422,12,binance;bitget;bybit;coinbase;crypto_com;gate;htx;kraken;kucoin;mexc;okx;upbit,eth,eth,5,uniswap-v4-ethereum;uniswap_v3,0x053f6a47ccba79e7d5d623173ed6dd5a31cf19c28bae0fb8276f4506295f90da;0x1d42064fc4beb5f8aaf85f4617ae8b3b5b8bd801;0x3470447f3cecffac709d3e783a307790b0208d60;0x9a5c1d2f4a7a7962a63259de6fcc1afb1d0aa1abdf5d19c23d22fd78953c5167;0xcd019866bb9876e0c3f135bc5fe856a0566d490c1b2fcca97e8205ee25048e6f,-0.010471204188481686,-0.013227513227513255,-0.07407407407407418,-0.14914021164021163
2026-06-01,UNI,2.984,34344137.04410249,176024.3891422017,34520161.43324469,0.005099176302596348,195.1101049773137,12,binance;bitget;bybit;coinbase;crypto_com;gate;htx;kraken;kucoin;mexc;okx;upbit,eth,eth,5,uniswap-v4-ethereum;uniswap_v3,0x053f6a47ccba79e7d5d623173ed6dd5a31cf19c28bae0fb8276f4506295f90da;0x1d42064fc4beb5f8aaf85f4617ae8b3b5b8bd801;0x3470447f3cecffac709d3e783a307790b0208d60;0x9a5c1d2f4a7a7962a63259de6fcc1afb1d0aa1abdf5d19c23d22fd78953c5167;0xcd019866bb9876e0c3f135bc5fe856a0566d490c1b2fcca97e8205ee25048e6f,-0.013227513227513255,-0.06166219839142095,-0.11025469168900814,-0.1571715817694369
2026-06-02,UNI,2.8,43585095.35483818,331385.1903418369,43916480.545180015,0.007545804814684941,131.52396855719,12,binance;bitget;bybit;coinbase;crypto_com;gate;htx;kraken;kucoin;mexc;okx;upbit,eth,eth,5,uniswap-v4-ethereum;uniswap_v3,0x053f6a47ccba79e7d5d623173ed6dd5a31cf19c28bae0fb8276f4506295f90da;0x1d42064fc4beb5f8aaf85f4617ae8b3b5b8bd801;0x3470447f3cecffac709d3e783a307790b0208d60;0x9a5c1d2f4a7a7962a63259de6fcc1afb1d0aa1abdf5d19c23d22fd78953c5167;0xcd019866bb9876e0c3f135bc5fe856a0566d490c1b2fcca97e8205ee25048e6f,-0.06166219839142095,0.0,-0.12071428571428555,-0.11499999999999988
2026-06-03,UNI,2.8,43507412.38990642,724540.3097332196,44231952.69963964,0.016380473063291243,60.0482979420788,12,binance;bitget;bybit;coinbase;crypto_com;gate;htx;kraken;kucoin;mexc;okx;upbit,eth,eth,5,uniswap-v4-ethereum;uniswap_v3,0x053f6a47ccba79e7d5d623173ed6dd5a31cf19c28bae0fb8276f4506295f90da;0x1d42064fc4beb5f8aaf85f4617ae8b3b5b8bd801;0x3470447f3cecffac709d3e783a307790b0208d60;0x9a5c1d2f4a7a7962a63259de6fcc1afb1d0aa1abdf5d19c23d22fd78953c5167;0xcd019866bb9876e0c3f135bc5fe856a0566d490c1b2fcca97e8205ee25048e6f,0.0,-0.051785714285714324,-0.1192857142857141,-0.14428571428571424
2026-06-04,UNI,2.655,43581684.73763947,761764.1377947701,44343448.87543424,0.01717873005175244,57.211520699575104,12,binance;bitget;bybit;coinbase;crypto_com;gate;htx;kraken;kucoin;mexc;okx;upbit,eth,eth,5,uniswap-v4-ethereum;uniswap_v3,0x053f6a47ccba79e7d5d623173ed6dd5a31cf19c28bae0fb8276f4506295f90da;0x1d42064fc4beb5f8aaf85f4617ae8b3b5b8bd801;0x3470447f3cecffac709d3e783a307790b0208d60;0x9a5c1d2f4a7a7962a63259de6fcc1afb1d0aa1abdf5d19c23d22fd78953c5167;0xcd019866bb9876e0c3f135bc5fe856a0566d490c1b2fcca97e8205ee25048e6f,-0.051785714285714324,-0.07269303201506583,-0.030885122410546084,-0.059133709981167404
2026-06-05,UNI,2.462,52919415.8796478,1533346.695542611,54452762.57519041,0.02815920851444972,34.512361772769864,12,binance;bitget;bybit;coinbase;crypto_com;gate;htx;kraken;kucoin;mexc;okx;upbit,eth,eth,5,uniswap-v4-ethereum;uniswap_v3,0x053f6a47ccba79e7d5d623173ed6dd5a31cf19c28bae0fb8276f4506295f90da;0x1d42064fc4beb5f8aaf85f4617ae8b3b5b8bd801;0x3470447f3cecffac709d3e783a307790b0208d60;0x9a5c1d2f4a7a7962a63259de6fcc1afb1d0aa1abdf5d19c23d22fd78953c5167;0xcd019866bb9876e0c3f135bc5fe856a0566d490c1b2fcca97e8205ee25048e6f,-0.07269303201506583,0.0016246953696181787,0.021527213647441146,0.015028432168968209
2026-06-06,UNI,2.466,22529992.023008298,372916.97695728205,22902908.99996558,0.01628251576940914,60.41557079765003,12,binance;bitget;bybit;coinbase;crypto_com;gate;htx;kraken;kucoin;mexc;okx;upbit,eth,eth,5,uniswap-v4-ethereum;uniswap_v3,0x053f6a47ccba79e7d5d623173ed6dd5a31cf19c28bae0fb8276f4506295f90da;0x1d42064fc4beb5f8aaf85f4617ae8b3b5b8bd801;0x3470447f3cecffac709d3e783a307790b0208d60;0x9a5c1d2f4a7a7962a63259de6fcc1afb1d0aa1abdf5d19c23d22fd78953c5167;0xcd019866bb9876e0c3f135bc5fe856a0566d490c1b2fcca97e8205ee25048e6f,0.0016246953696181787,0.04339010543390098,0.0048661800486617945,0.036901865369018516
2026-06-07,UNI,2.573,27393885.511583567,501800.9400893744,27895686.45167294,0.01798847793040349,54.59114027706787,12,binance;bitget;bybit;coinbase;crypto_com;gate;htx;kraken;kucoin;mexc;okx;upbit,eth,eth,5,uniswap-v4-ethereum;uniswap_v3,0x053f6a47ccba79e7d5d623173ed6dd5a31cf19c28bae0fb8276f4506295f90da;0x1d42064fc4beb5f8aaf85f4617ae8b3b5b8bd801;0x3470447f3cecffac709d3e783a307790b0208d60;0x9a5c1d2f4a7a7962a63259de6fcc1afb1d0aa1abdf5d19c23d22fd78953c5167;0xcd019866bb9876e0c3f135bc5fe856a0566d490c1b2fcca97e8205ee25048e6f,0.04339010543390098,-0.02254178002331897,-0.06879129420909447,0.007384376214535582
2026-06-08,UNI,2.515,28326877.61001664,609550.3250274688,28936427.93504411,0.02106515449646289,46.47176196442864,12,binance;bitget;bybit;coinbase;crypto_com;gate;htx;kraken;kucoin;mexc;okx;upbit,eth,eth,5,uniswap-v4-ethereum;uniswap_v3,0x053f6a47ccba79e7d5d623173ed6dd5a31cf19c28bae0fb8276f4506295f90da;0x1d42064fc4beb5f8aaf85f4617ae8b3b5b8bd801;0x3470447f3cecffac709d3e783a307790b0208d60;0x9a5c1d2f4a7a7962a63259de6fcc1afb1d0aa1abdf5d19c23d22fd78953c5167;0xcd019866bb9876e0c3f135bc5fe856a0566d490c1b2fcca97e8205ee25048e6f,-0.02254178002331897,-0.014711729622266412,-0.006759443339960147,0.13161033797216692
2026-06-09,UNI,2.478,22367442.4111556,417030.9139754862,22784473.325131085,0.018303294003092208,53.63497443853862,12,binance;bitget;bybit;coinbase;crypto_com;gate;htx;kraken;kucoin;mexc;okx;upbit,eth,eth,5,uniswap-v4-ethereum;uniswap_v3,0x053f6a47ccba79e7d5d623173ed6dd5a31cf19c28bae0fb8276f4506295f90da;0x1d42064fc4beb5f8aaf85f4617ae8b3b5b8bd801;0x3470447f3cecffac709d3e783a307790b0208d60;0x9a5c1d2f4a7a7962a63259de6fcc1afb1d0aa1abdf5d19c23d22fd78953c5167;0xcd019866bb9876e0c3f135bc5fe856a0566d490c1b2fcca97e8205ee25048e6f,-0.014711729622266412,-0.03309120258272813,0.008474576271186418,0.32889426957223566
2026-06-10,UNI,2.396,24311140.8025365,849475.5412059078,25160616.343742408,0.033762111770253886,28.61900033993283,12,binance;bitget;bybit;coinbase;crypto_com;gate;htx;kraken;kucoin;mexc;okx;upbit,eth,eth,5,uniswap-v4-ethereum;uniswap_v3,0x053f6a47ccba79e7d5d623173ed6dd5a31cf19c28bae0fb8276f4506295f90da;0x1d42064fc4beb5f8aaf85f4617ae8b3b5b8bd801;0x3470447f3cecffac709d3e783a307790b0208d60;0x9a5c1d2f4a7a7962a63259de6fcc1afb1d0aa1abdf5d19c23d22fd78953c5167;0xcd019866bb9876e0c3f135bc5fe856a0566d490c1b2fcca97e8205ee25048e6f,-0.03309120258272813,0.04257095158597668,0.06719532554257102,0.34682804674457435
2026-06-11,UNI,2.498,30186739.328552265,1610949.574925234,31797688.903477497,0.050662473609805504,18.738475616130483,12,binance;bitget;bybit;coinbase;crypto_com;gate;htx;kraken;kucoin;mexc;okx;upbit,eth,eth,5,uniswap-v4-ethereum;uniswap_v3,0x053f6a47ccba79e7d5d623173ed6dd5a31cf19c28bae0fb8276f4506295f90da;0x1d42064fc4beb5f8aaf85f4617ae8b3b5b8bd801;0x3470447f3cecffac709d3e783a307790b0208d60;0x9a5c1d2f4a7a7962a63259de6fcc1afb1d0aa1abdf5d19c23d22fd78953c5167;0xcd019866bb9876e0c3f135bc5fe856a0566d490c1b2fcca97e8205ee25048e6f,0.04257095158597668,0.0004003202562048447,0.0376301040832665,0.2846277021617294
2026-06-12,UNI,2.499,19858224.008803613,1364582.5813021802,21222806.590105794,0.06429793229790622,14.55259966007591,12,binance;bitget;bybit;coinbase;crypto_com;gate;htx;kraken;kucoin;mexc;okx;upbit,eth,eth,5,uniswap-v4-ethereum;uniswap_v3,0x053f6a47ccba79e7d5d623173ed6dd5a31cf19c28bae0fb8276f4506295f90da;0x1d42064fc4beb5f8aaf85f4617ae8b3b5b8bd801;0x3470447f3cecffac709d3e783a307790b0208d60;0x9a5c1d2f4a7a7962a63259de6fcc1afb1d0aa1abdf5d19c23d22fd78953c5167;0xcd019866bb9876e0c3f135bc5fe856a0566d490c1b2fcca97e8205ee25048e6f,0.0004003202562048447,0.023209283713485407,0.13885554221688667,0.2348939575830331
2026-06-13,UNI,2.557,14147554.297696412,842998.4362553104,14990552.733951721,0.05623531374837332,16.78242057072059,12,binance;bitget;bybit;coinbase;crypto_com;gate;htx;kraken;kucoin;mexc;okx;upbit,eth,eth,5,uniswap-v4-ethereum;uniswap_v3,0x053f6a47ccba79e7d5d623173ed6dd5a31cf19c28bae0fb8276f4506295f90da;0x1d42064fc4beb5f8aaf85f4617ae8b3b5b8bd801;0x3470447f3cecffac709d3e783a307790b0208d60;0x9a5c1d2f4a7a7962a63259de6fcc1afb1d0aa1abdf5d19c23d22fd78953c5167;0xcd019866bb9876e0c3f135bc5fe856a0566d490c1b2fcca97e8205ee25048e6f,0.023209283713485407,0.01368791552600701,0.2878373093468909,0.17559640203363314
2026-06-14,UNI,2.592,16000500.696402874,2936968.9074322446,18937469.603835117,0.15508771598701154,5.447963938573634,12,binance;bitget;bybit;coinbase;crypto_com;gate;htx;kraken;kucoin;mexc;okx;upbit,eth,eth,5,uniswap-v4-ethereum;uniswap_v3,0x053f6a47ccba79e7d5d623173ed6dd5a31cf19c28bae0fb8276f4506295f90da;0x1d42064fc4beb5f8aaf85f4617ae8b3b5b8bd801;0x3470447f3cecffac709d3e783a307790b0208d60;0x9a5c1d2f4a7a7962a63259de6fcc1afb1d0aa1abdf5d19c23d22fd78953c5167;0xcd019866bb9876e0c3f135bc5fe856a0566d490c1b2fcca97e8205ee25048e6f,0.01368791552600701,0.09799382716049387,0.24498456790123457,0.15123456790123457
2026-06-15,UNI,2.846,49547961.57623155,2226126.843983926,51774088.42021547,0.04299692977529514,22.257474550533434,12,binance;bitget;bybit;coinbase;crypto_com;gate;htx;kraken;kucoin;mexc;okx;upbit,eth,eth,5,uniswap-v4-ethereum;uniswap_v3,0x053f6a47ccba79e7d5d623173ed6dd5a31cf19c28bae0fb8276f4506295f90da;0x1d42064fc4beb5f8aaf85f4617ae8b3b5b8bd801;0x3470447f3cecffac709d3e783a307790b0208d60;0x9a5c1d2f4a7a7962a63259de6fcc1afb1d0aa1abdf5d19c23d22fd78953c5167;0xcd019866bb9876e0c3f135bc5fe856a0566d490c1b2fcca97e8205ee25048e6f,0.09799382716049387,0.15706254392129315,0.12754743499648624,0.048840477863668186
2026-06-16,UNI,3.293,171406808.5083264,14342402.953489922,185749211.46181634,0.07721380263537876,11.951052349049931,12,binance;bitget;bybit;coinbase;crypto_com;gate;htx;kraken;kucoin;mexc;okx;upbit,eth,eth,5,uniswap-v4-ethereum;uniswap_v3,0x053f6a47ccba79e7d5d623173ed6dd5a31cf19c28bae0fb8276f4506295f90da;0x1d42064fc4beb5f8aaf85f4617ae8b3b5b8bd801;0x3470447f3cecffac709d3e783a307790b0208d60;0x9a5c1d2f4a7a7962a63259de6fcc1afb1d0aa1abdf5d19c23d22fd78953c5167;0xcd019866bb9876e0c3f135bc5fe856a0566d490c1b2fcca97e8205ee25048e6f,0.15706254392129315,-0.020042514424536972,-0.06286061342241123,-0.11205587610082002
2026-06-17,UNI,3.227,241795351.91802484,24831409.451040488,266626761.3690653,0.09313172212548011,9.737479960401245,12,binance;bitget;bybit;coinbase;crypto_com;gate;htx;kraken;kucoin;mexc;okx;upbit,eth,eth,5,uniswap-v4-ethereum;uniswap_v3,0x053f6a47ccba79e7d5d623173ed6dd5a31cf19c28bae0fb8276f4506295f90da;0x1d42064fc4beb5f8aaf85f4617ae8b3b5b8bd801;0x3470447f3cecffac709d3e783a307790b0208d60;0x9a5c1d2f4a7a7962a63259de6fcc1afb1d0aa1abdf5d19c23d22fd78953c5167;0xcd019866bb9876e0c3f135bc5fe856a0566d490c1b2fcca97e8205ee25048e6f,-0.020042514424536972,-0.005577936163619346,-0.06848466067555004,-0.09327548806941421
2026-06-18,UNI,3.209,110110113.9427005,7191767.892477759,117301881.83517827,0.06130991063368416,15.310576702269598,12,binance;bitget;bybit;coinbase;crypto_com;gate;htx;kraken;kucoin;mexc;okx;upbit,eth,eth,5,uniswap-v4-ethereum;uniswap_v3,0x053f6a47ccba79e7d5d623173ed6dd5a31cf19c28bae0fb8276f4506295f90da;0x1d42064fc4beb5f8aaf85f4617ae8b3b5b8bd801;0x3470447f3cecffac709d3e783a307790b0208d60;0x9a5c1d2f4a7a7962a63259de6fcc1afb1d0aa1abdf5d19c23d22fd78953c5167;0xcd019866bb9876e0c3f135bc5fe856a0566d490c1b2fcca97e8205ee25048e6f,-0.005577936163619346,-0.03832969772514805,-0.07011530071673422,-0.10096603303209728
2026-06-19,UNI,3.086,53007933.06825892,4172047.2717741285,57179980.34003305,0.07296342613208597,12.70549675380781,12,binance;bitget;bybit;coinbase;crypto_com;gate;htx;kraken;kucoin;mexc;okx;upbit,eth,eth,5,uniswap-v4-ethereum;uniswap_v3,0x053f6a47ccba79e7d5d623173ed6dd5a31cf19c28bae0fb8276f4506295f90da;0x1d42064fc4beb5f8aaf85f4617ae8b3b5b8bd801;0x3470447f3cecffac709d3e783a307790b0208d60;0x9a5c1d2f4a7a7962a63259de6fcc1afb1d0aa1abdf5d19c23d22fd78953c5167;0xcd019866bb9876e0c3f135bc5fe856a0566d490c1b2fcca97e8205ee25048e6f,-0.03832969772514805,-0.025923525599481523,-0.03272845106934541,-0.0395333765392093
2026-06-20,UNI,3.006,33626933.60983492,2317828.915413527,35944762.525248446,0.06448307771641082,14.507944648639217,12,binance;bitget;bybit;coinbase;crypto_com;gate;htx;kraken;kucoin;mexc;okx;upbit,eth,eth,5,uniswap-v4-ethereum;uniswap_v3,0x053f6a47ccba79e7d5d623173ed6dd5a31cf19c28bae0fb8276f4506295f90da;0x1d42064fc4beb5f8aaf85f4617ae8b3b5b8bd801;0x3470447f3cecffac709d3e783a307790b0208d60;0x9a5c1d2f4a7a7962a63259de6fcc1afb1d0aa1abdf5d19c23d22fd78953c5167;0xcd019866bb9876e0c3f135bc5fe856a0566d490c1b2fcca97e8205ee25048e6f,-0.025923525599481523,-0.007318695941450404,-0.027278775781769737,-0.027278775781769737
2026-06-21,UNI,2.984,34508634.7959879,2533373.707092304,37042008.503080204,0.06839190987393794,13.621612436956807,12,binance;bitget;bybit;coinbase;crypto_com;gate;htx;kraken;kucoin;mexc;okx;upbit,eth,eth,5,uniswap-v4-ethereum;uniswap_v3,0x053f6a47ccba79e7d5d623173ed6dd5a31cf19c28bae0fb8276f4506295f90da;0x1d42064fc4beb5f8aaf85f4617ae8b3b5b8bd801;0x3470447f3cecffac709d3e783a307790b0208d60;0x9a5c1d2f4a7a7962a63259de6fcc1afb1d0aa1abdf5d19c23d22fd78953c5167;0xcd019866bb9876e0c3f135bc5fe856a0566d490c1b2fcca97e8205ee25048e6f,-0.007318695941450404,0.00033512064343166337,-0.01943699731903481,-0.01943699731903481
2026-06-22,UNI,2.985,36089728.43693908,2474140.318192664,38563868.755131744,0.0641569530770542,14.586775120055554,12,binance;bitget;bybit;coinbase;crypto_com;gate;htx;kraken;kucoin;mexc;okx;upbit,eth,eth,5,uniswap-v4-ethereum;uniswap_v3,0x053f6a47ccba79e7d5d623173ed6dd5a31cf19c28bae0fb8276f4506295f90da;0x1d42064fc4beb5f8aaf85f4617ae8b3b5b8bd801;0x3470447f3cecffac709d3e783a307790b0208d60;0x9a5c1d2f4a7a7962a63259de6fcc1afb1d0aa1abdf5d19c23d22fd78953c5167;0xcd019866bb9876e0c3f135bc5fe856a0566d490c1b2fcca97e8205ee25048e6f,0.00033512064343166337,-0.02043551088777218,-0.03350083752093802,-0.03082077051926302
2026-06-23,UNI,2.924,41334291.00684604,1608068.2071802851,42942359.214026324,0.03744713230974603,25.704314544794638,12,binance;bitget;bybit;coinbase;crypto_com;gate;htx;kraken;kucoin;mexc;okx;upbit,eth,eth,5,uniswap-v4-ethereum;uniswap_v3,0x053f6a47ccba79e7d5d623173ed6dd5a31cf19c28bae0fb8276f4506295f90da;0x1d42064fc4beb5f8aaf85f4617ae8b3b5b8bd801;0x3470447f3cecffac709d3e783a307790b0208d60;0x9a5c1d2f4a7a7962a63259de6fcc1afb1d0aa1abdf5d19c23d22fd78953c5167;0xcd019866bb9876e0c3f135bc5fe856a0566d490c1b2fcca97e8205ee25048e6f,-0.02043551088777218,0.0006839945280439075,0.013679890560875485,-0.04993160054719559
2026-06-24,UNI,2.926,41902867.42015144,3099550.8671850064,45002418.28733645,0.06887520682543434,13.519012662052996,12,binance;bitget;bybit;coinbase;crypto_com;gate;htx;kraken;kucoin;mexc;okx;upbit,eth,eth,5,uniswap-v4-ethereum;uniswap_v3,0x053f6a47ccba79e7d5d623173ed6dd5a31cf19c28bae0fb8276f4506295f90da;0x1d42064fc4beb5f8aaf85f4617ae8b3b5b8bd801;0x3470447f3cecffac709d3e783a307790b0208d60;0x9a5c1d2f4a7a7962a63259de6fcc1afb1d0aa1abdf5d19c23d22fd78953c5167;0xcd019866bb9876e0c3f135bc5fe856a0566d490c1b2fcca97e8205ee25048e6f,0.0006839945280439075,-0.01401230348598781,-0.0006835269993165083,-0.04682159945317843
2026-06-25,UNI,2.885,45411014.962570064,3803094.4660294894,49214109.42859955,0.07727650688360148,11.940543514813115,12,binance;bitget;bybit;coinbase;crypto_com;gate;htx;kraken;kucoin;mexc;okx;upbit,eth,eth,5,uniswap-v4-ethereum;uniswap_v3,0x053f6a47ccba79e7d5d623173ed6dd5a31cf19c28bae0fb8276f4506295f90da;0x1d42064fc4beb5f8aaf85f4617ae8b3b5b8bd801;0x3470447f3cecffac709d3e783a307790b0208d60;0x9a5c1d2f4a7a7962a63259de6fcc1afb1d0aa1abdf5d19c23d22fd78953c5167;0xcd019866bb9876e0c3f135bc5fe856a0566d490c1b2fcca97e8205ee25048e6f,-0.01401230348598781,0.027383015597920446,0.014211438474870164,0.10225303292894306
2026-06-26,UNI,2.964,38447809.5538529,3170529.5382665573,41618339.092119455,0.07618106842872319,12.12662083409376,12,binance;bitget;bybit;coinbase;crypto_com;gate;htx;kraken;kucoin;mexc;okx;upbit,eth,eth,5,uniswap-v4-ethereum;uniswap_v3,0x053f6a47ccba79e7d5d623173ed6dd5a31cf19c28bae0fb8276f4506295f90da;0x1d42064fc4beb5f8aaf85f4617ae8b3b5b8bd801;0x3470447f3cecffac709d3e783a307790b0208d60;0x9a5c1d2f4a7a7962a63259de6fcc1afb1d0aa1abdf5d19c23d22fd78953c5167;0xcd019866bb9876e0c3f135bc5fe856a0566d490c1b2fcca97e8205ee25048e6f,0.027383015597920446,-0.013495276653171406,-0.02395411605937925,0.08265856950067474
2026-06-27,UNI,2.924,25866887.265166443,2509862.3822192173,28376749.64738566,0.0884478459797967,10.30609783564905,12,binance;bitget;bybit;coinbase;crypto_com;gate;htx;kraken;kucoin;mexc;okx;upbit,eth,eth,5,uniswap-v4-ethereum;uniswap_v3,0x053f6a47ccba79e7d5d623173ed6dd5a31cf19c28bae0fb8276f4506295f90da;0x1d42064fc4beb5f8aaf85f4617ae8b3b5b8bd801;0x3470447f3cecffac709d3e783a307790b0208d60;0x9a5c1d2f4a7a7962a63259de6fcc1afb1d0aa1abdf5d19c23d22fd78953c5167;0xcd019866bb9876e0c3f135bc5fe856a0566d490c1b2fcca97e8205ee25048e6f,-0.013495276653171406,0.0006839945280439075,-0.04993160054719559,0.10054719562243508
2026-06-28,UNI,2.926,25815548.331799828,1715389.4271612228,27530937.75896105,0.06230770060140361,15.049380579733237,12,binance;bitget;bybit;coinbase;crypto_com;gate;htx;kraken;kucoin;mexc;okx;upbit,eth,eth,5,uniswap-v4-ethereum;uniswap_v3,0x053f6a47ccba79e7d5d623173ed6dd5a31cf19c28bae0fb8276f4506295f90da;0x1d42064fc4beb5f8aaf85f4617ae8b3b5b8bd801;0x3470447f3cecffac709d3e783a307790b0208d60;0x9a5c1d2f4a7a7962a63259de6fcc1afb1d0aa1abdf5d19c23d22fd78953c5167;0xcd019866bb9876e0c3f135bc5fe856a0566d490c1b2fcca97e8205ee25048e6f,0.0006839945280439075,-0.011278195488721887,-0.04682159945317843,0.0854408749145592
2026-06-29,UNI,2.893,36810754.254187144,3487491.312114228,40298245.566301376,0.086542013507173,10.555081277570638,12,binance;bitget;bybit;coinbase;crypto_com;gate;htx;kraken;kucoin;mexc;okx;upbit,eth,eth,5,uniswap-v4-ethereum;uniswap_v3,0x053f6a47ccba79e7d5d623173ed6dd5a31cf19c28bae0fb8276f4506295f90da;0x1d42064fc4beb5f8aaf85f4617ae8b3b5b8bd801;0x3470447f3cecffac709d3e783a307790b0208d60;0x9a5c1d2f4a7a7962a63259de6fcc1afb1d0aa1abdf5d19c23d22fd78953c5167;0xcd019866bb9876e0c3f135bc5fe856a0566d490c1b2fcca97e8205ee25048e6f,-0.011278195488721887,-0.03975112340131348,0.09920497753197388,0.09955063947459397
2026-06-30,UNI,2.778,31687382.00356136,1332754.8855601163,33020136.889121477,0.040361882509311886,23.77585131885982,12,binance;bitget;bybit;coinbase;crypto_com;gate;htx;kraken;kucoin;mexc;okx;upbit,eth,eth,5,uniswap-v4-ethereum;uniswap_v3,0x053f6a47ccba79e7d5d623173ed6dd5a31cf19c28bae0fb8276f4506295f90da;0x1d42064fc4beb5f8aaf85f4617ae8b3b5b8bd801;0x3470447f3cecffac709d3e783a307790b0208d60;0x9a5c1d2f4a7a7962a63259de6fcc1afb1d0aa1abdf5d19c23d22fd78953c5167;0xcd019866bb9876e0c3f135bc5fe856a0566d490c1b2fcca97e8205ee25048e6f,-0.03975112340131348,0.0039596832253421255,0.1551475881929445,0.1490280777537798
2026-07-01,UNI,2.789,38884594.88810652,1687783.8535837503,40572378.74169027,0.04159933200686266,23.038847542913174,12,binance;bitget;bybit;coinbase;crypto_com;gate;htx;kraken;kucoin;mexc;okx;upbit,eth,eth,5,uniswap-v4-ethereum;uniswap_v3,0x053f6a47ccba79e7d5d623173ed6dd5a31cf19c28bae0fb8276f4506295f90da;0x1d42064fc4beb5f8aaf85f4617ae8b3b5b8bd801;0x3470447f3cecffac709d3e783a307790b0208d60;0x9a5c1d2f4a7a7962a63259de6fcc1afb1d0aa1abdf5d19c23d22fd78953c5167;0xcd019866bb9876e0c3f135bc5fe856a0566d490c1b2fcca97e8205ee25048e6f,0.0039596832253421255,0.14019361778415207,0.1538185729652204,
2026-07-02,UNI,3.18,78989054.12462683,7077455.629749976,86066509.7543768,0.08223239968656985,11.160656916392037,12,binance;bitget;bybit;coinbase;crypto_com;gate;htx;kraken;kucoin;mexc;okx;upbit,eth,eth,5,uniswap-v4-ethereum;uniswap_v3,0x053f6a47ccba79e7d5d623173ed6dd5a31cf19c28bae0fb8276f4506295f90da;0x1d42064fc4beb5f8aaf85f4617ae8b3b5b8bd801;0x3470447f3cecffac709d3e783a307790b0208d60;0x9a5c1d2f4a7a7962a63259de6fcc1afb1d0aa1abdf5d19c23d22fd78953c5167;0xcd019866bb9876e0c3f135bc5fe856a0566d490c1b2fcca97e8205ee25048e6f,0.14019361778415207,0.009119496855345854,-0.0012578616352201255,
2026-07-03,UNI,3.209,38116771.5773594,3737815.6751133585,41854587.25247276,0.08930480314060509,10.197606005866893,12,binance;bitget;bybit;coinbase;crypto_com;gate;htx;kraken;kucoin;mexc;okx;upbit,eth,eth,5,uniswap-v4-ethereum;uniswap_v3,0x053f6a47ccba79e7d5d623173ed6dd5a31cf19c28bae0fb8276f4506295f90da;0x1d42064fc4beb5f8aaf85f4617ae8b3b5b8bd801;0x3470447f3cecffac709d3e783a307790b0208d60;0x9a5c1d2f4a7a7962a63259de6fcc1afb1d0aa1abdf5d19c23d22fd78953c5167;0xcd019866bb9876e0c3f135bc5fe856a0566d490c1b2fcca97e8205ee25048e6f,0.009119496855345854,0.002804612028669329,-0.008725459644749134,
2026-07-04,UNI,3.218,18120662.643572435,1480387.2247611545,19601049.86833359,0.07552591492319956,12.240488394174045,12,binance;bitget;bybit;coinbase;crypto_com;gate;htx;kraken;kucoin;mexc;okx;upbit,eth,eth,5,uniswap-v4-ethereum;uniswap_v3,0x053f6a47ccba79e7d5d623173ed6dd5a31cf19c28bae0fb8276f4506295f90da;0x1d42064fc4beb5f8aaf85f4617ae8b3b5b8bd801;0x3470447f3cecffac709d3e783a307790b0208d60;0x9a5c1d2f4a7a7962a63259de6fcc1afb1d0aa1abdf5d19c23d22fd78953c5167;0xcd019866bb9876e0c3f135bc5fe856a0566d490c1b2fcca97e8205ee25048e6f,0.002804612028669329,-0.013051584835301333,-0.008079552517091249,
2026-07-05,UNI,3.176,18606502.757762972,1014626.6616480373,19621129.41941101,0.05171092040421873,18.338275013925628,12,binance;bitget;bybit;coinbase;crypto_com;gate;htx;kraken;kucoin;mexc;okx;upbit,eth,eth,5,uniswap-v4-ethereum;uniswap_v3,0x053f6a47ccba79e7d5d623173ed6dd5a31cf19c28bae0fb8276f4506295f90da;0x1d42064fc4beb5f8aaf85f4617ae8b3b5b8bd801;0x3470447f3cecffac709d3e783a307790b0208d60;0x9a5c1d2f4a7a7962a63259de6fcc1afb1d0aa1abdf5d19c23d22fd78953c5167;0xcd019866bb9876e0c3f135bc5fe856a0566d490c1b2fcca97e8205ee25048e6f,-0.013051584835301333,0.0015743073047858047,,
2026-07-06,UNI,3.181,26807882.8138153,2162354.574572464,28970237.388387762,0.07464055422062947,12.397542534908132,12,binance;bitget;bybit;coinbase;crypto_com;gate;htx;kraken;kucoin;mexc;okx;upbit,eth,eth,5,uniswap-v4-ethereum;uniswap_v3,0x053f6a47ccba79e7d5d623173ed6dd5a31cf19c28bae0fb8276f4506295f90da;0x1d42064fc4beb5f8aaf85f4617ae8b3b5b8bd801;0x3470447f3cecffac709d3e783a307790b0208d60;0x9a5c1d2f4a7a7962a63259de6fcc1afb1d0aa1abdf5d19c23d22fd78953c5167;0xcd019866bb9876e0c3f135bc5fe856a0566d490c1b2fcca97e8205ee25048e6f,0.0015743073047858047,0.0034580320653883057,,
2026-07-07,UNI,3.192,32030401.626049962,385504.41790333134,32415906.043953292,0.011892446176905226,83.08698976851122,12,binance;bitget;bybit;coinbase;crypto_com;gate;htx;kraken;kucoin;mexc;okx;upbit,eth,eth,5,uniswap-v4-ethereum;uniswap_v3,0x053f6a47ccba79e7d5d623173ed6dd5a31cf19c28bae0fb8276f4506295f90da;0x1d42064fc4beb5f8aaf85f4617ae8b3b5b8bd801;0x3470447f3cecffac709d3e783a307790b0208d60;0x9a5c1d2f4a7a7962a63259de6fcc1afb1d0aa1abdf5d19c23d22fd78953c5167;0xcd019866bb9876e0c3f135bc5fe856a0566d490c1b2fcca97e8205ee25048e6f,0.0034580320653883057,,,
2026-01-17,WLD,0.5501,15869857.316247895,52855.77605225669,15922713.092300152,0.0033195207214916467,300.2483077830115,12,binance;bitget;bybit;coinbase;crypto_com;gate;htx;kraken;kucoin;mexc;okx;upbit,eth;optimism,eth;optimism,5,uniswap-v4-ethereum;uniswap_v3;uniswap_v3_optimism;velodrome-finance-slipstream,0x2ae3d6096d8215ac2acddf30c60caa984ea5debe;0x4e5541815227e3272c405886149f45d2f437c7ff;0x841820459769cd629b10a36fd12e603938cc2679;0xd1f1bad4c9e6c44dec1e9bf3b94902205c5cd6c3;0xe096be9b4c427682e5b5bcb63c30e2ffa59dbbc5e5fa49cf2a0fc505f9dedff1,,-0.06435193601163425,-0.15160879840029096,-0.14288311216142524
2026-01-18,WLD,0.5147,23959837.996405464,171419.0130391364,24131257.0094446,0.00710360894055563,139.77351503555346,12,binance;bitget;bybit;coinbase;crypto_com;gate;htx;kraken;kucoin;mexc;okx;upbit,eth;optimism,eth;optimism,5,uniswap-v4-ethereum;uniswap_v3;uniswap_v3_optimism;velodrome-finance-slipstream,0x2ae3d6096d8215ac2acddf30c60caa984ea5debe;0x4e5541815227e3272c405886149f45d2f437c7ff;0x841820459769cd629b10a36fd12e603938cc2679;0xd1f1bad4c9e6c44dec1e9bf3b94902205c5cd6c3;0xe096be9b4c427682e5b5bcb63c30e2ffa59dbbc5e5fa49cf2a0fc505f9dedff1,-0.06435193601163425,-0.017485914124732882,-0.07499514280163211,-0.13988731299786294
2026-01-19,WLD,0.5057,55366648.246027365,244588.3481875697,55611236.59421494,0.00439818215106933,226.36666323764464,12,binance;bitget;bybit;coinbase;crypto_com;gate;htx;kraken;kucoin;mexc;okx;upbit,eth;optimism,eth;optimism,5,uniswap-v4-ethereum;uniswap_v3;uniswap_v3_optimism;velodrome-finance-slipstream,0x2ae3d6096d8215ac2acddf30c60caa984ea5debe;0x4e5541815227e3272c405886149f45d2f437c7ff;0x841820459769cd629b10a36fd12e603938cc2679;0xd1f1bad4c9e6c44dec1e9bf3b94902205c5cd6c3;0xe096be9b4c427682e5b5bcb63c30e2ffa59dbbc5e5fa49cf2a0fc505f9dedff1,-0.017485914124732882,-0.07712082262210807,-0.06644255487443151,-0.09195175004943645
2026-01-20,WLD,0.4667,33516164.070858195,53765.7392478144,33569929.81010601,0.001601604160388461,623.3740024735295,12,binance;bitget;bybit;coinbase;crypto_com;gate;htx;kraken;kucoin;mexc;okx;upbit,eth;optimism,eth;optimism,5,uniswap-v4-ethereum;uniswap_v3;uniswap_v3_optimism;velodrome-finance-slipstream,0x2ae3d6096d8215ac2acddf30c60caa984ea5debe;0x4e5541815227e3272c405886149f45d2f437c7ff;0x841820459769cd629b10a36fd12e603938cc2679;0xd1f1bad4c9e6c44dec1e9bf3b94902205c5cd6c3;0xe096be9b4c427682e5b5bcb63c30e2ffa59dbbc5e5fa49cf2a0fc505f9dedff1,-0.07712082262210807,0.020141418470109418,0.0032140561388471767,-0.0032140561388471767
2026-01-21,WLD,0.4761,34864815.31972176,1473255.8105436238,36338071.130265385,0.04054303832645022,23.665146996336517,12,binance;bitget;bybit;coinbase;crypto_com;gate;htx;kraken;kucoin;mexc;okx;upbit,eth;optimism,eth;optimism,5,uniswap-v4-ethereum;uniswap_v3;uniswap_v3_optimism;velodrome-finance-slipstream,0x2ae3d6096d8215ac2acddf30c60caa984ea5debe;0x4e5541815227e3272c405886149f45d2f437c7ff;0x841820459769cd629b10a36fd12e603938cc2679;0xd1f1bad4c9e6c44dec1e9bf3b94902205c5cd6c3;0xe096be9b4c427682e5b5bcb63c30e2ffa59dbbc5e5fa49cf2a0fc505f9dedff1,0.020141418470109418,-0.00840159630329762,-0.009661835748792424,0.22726318000420087
2026-01-22,WLD,0.4721,17400112.820563912,28587.951620857944,17428700.77218477,0.001640280133013857,608.6519611943335,12,binance;bitget;bybit;coinbase;crypto_com;gate;htx;kraken;kucoin;mexc;okx;upbit,eth;optimism,eth;optimism,5,uniswap-v4-ethereum;uniswap_v3;uniswap_v3_optimism;velodrome-finance-slipstream,0x2ae3d6096d8215ac2acddf30c60caa984ea5debe;0x4e5541815227e3272c405886149f45d2f437c7ff;0x841820459769cd629b10a36fd12e603938cc2679;0xd1f1bad4c9e6c44dec1e9bf3b94902205c5cd6c3;0xe096be9b4c427682e5b5bcb63c30e2ffa59dbbc5e5fa49cf2a0fc505f9dedff1,-0.00840159630329762,-0.008260961660665145,-0.06227494174962944,0.011438254607074594
2026-01-23,WLD,0.4682,21997551.33435426,57848.005879430755,22055399.34023369,0.0026228500779808513,380.2646435246615,12,binance;bitget;bybit;coinbase;crypto_com;gate;htx;kraken;kucoin;mexc;okx;upbit,eth;optimism,eth;optimism,5,uniswap-v4-ethereum;uniswap_v3;uniswap_v3_optimism;velodrome-finance-slipstream,0x2ae3d6096d8215ac2acddf30c60caa984ea5debe;0x4e5541815227e3272c405886149f45d2f437c7ff;0x841820459769cd629b10a36fd12e603938cc2679;0xd1f1bad4c9e6c44dec1e9bf3b94902205c5cd6c3;0xe096be9b4c427682e5b5bcb63c30e2ffa59dbbc5e5fa49cf2a0fc505f9dedff1,-0.008260961660665145,0.00704826997009822,-0.019222554463904307,0.003203759077317292
2026-01-24,WLD,0.4715,9689122.506267538,24304.85976280114,9713427.36603034,0.002502191950062833,398.64959521786045,12,binance;bitget;bybit;coinbase;crypto_com;gate;htx;kraken;kucoin;mexc;okx;upbit,eth;optimism,eth;optimism,4,uniswap_v3;uniswap_v3_optimism;velodrome-finance-slipstream,0x2ae3d6096d8215ac2acddf30c60caa984ea5debe;0x4e5541815227e3272c405886149f45d2f437c7ff;0x841820459769cd629b10a36fd12e603938cc2679;0xd1f1bad4c9e6c44dec1e9bf3b94902205c5cd6c3,0.00704826997009822,-0.06108165429480383,-0.013361611876988255,-0.1223753976670201
2026-01-25,WLD,0.4427,28262400.97943962,86930.46483179463,28349331.444271415,0.003066402641722995,325.1150334249991,12,binance;bitget;bybit;coinbase;crypto_com;gate;htx;kraken;kucoin;mexc;okx;upbit,eth;optimism,eth;optimism,4,uniswap_v3;uniswap_v3_optimism;velodrome-finance-slipstream,0x2ae3d6096d8215ac2acddf30c60caa984ea5debe;0x4e5541815227e3272c405886149f45d2f437c7ff;0x841820459769cd629b10a36fd12e603938cc2679;0xd1f1bad4c9e6c44dec1e9bf3b94902205c5cd6c3,-0.06108165429480383,0.03727128981251426,0.31985543257284865,-0.11452450869663422
2026-01-26,WLD,0.4592,16944751.235061906,80456.49312918981,17025207.728191096,0.004725727545512785,210.60762874481176,12,binance;bitget;bybit;coinbase;crypto_com;gate;htx;kraken;kucoin;mexc;okx;upbit,eth;optimism,eth;optimism,5,uniswap-v4-ethereum;uniswap_v3;uniswap_v3_optimism;velodrome-finance-slipstream,0x2ae3d6096d8215ac2acddf30c60caa984ea5debe;0x4e5541815227e3272c405886149f45d2f437c7ff;0x841820459769cd629b10a36fd12e603938cc2679;0xd1f1bad4c9e6c44dec1e9bf3b94902205c5cd6c3;0xe096be9b4c427682e5b5bcb63c30e2ffa59dbbc5e5fa49cf2a0fc505f9dedff1,0.03727128981251426,0.013066202090592283,0.03985191637630647,-0.10474738675958184
2026-01-27,WLD,0.4652,19217341.480624784,73678.08156960784,19291019.562194392,0.0038192943266720115,260.82847260985045,12,binance;bitget;bybit;coinbase;crypto_com;gate;htx;kraken;kucoin;mexc;okx;upbit,eth;optimism,eth;optimism,4,uniswap_v3;uniswap_v3_optimism;velodrome-finance-slipstream,0x2ae3d6096d8215ac2acddf30c60caa984ea5debe;0x4e5541815227e3272c405886149f45d2f437c7ff;0x841820459769cd629b10a36fd12e603938cc2679;0xd1f1bad4c9e6c44dec1e9bf3b94902205c5cd6c3,0.013066202090592283,0.2560189165950131,0.009673258813413632,-0.1197334479793638
2026-01-28,WLD,0.5843,261053715.80202585,1927518.9974313416,262981234.7994572,0.0073294925354701395,135.43509358398666,12,binance;bitget;bybit;coinbase;crypto_com;gate;htx;kraken;kucoin;mexc;okx;upbit,eth;optimism,eth;optimism,5,uniswap-v4-ethereum;uniswap_v3;uniswap_v3_optimism;velodrome-finance-slipstream,0x2ae3d6096d8215ac2acddf30c60caa984ea5debe;0x4e5541815227e3272c405886149f45d2f437c7ff;0x841820459769cd629b10a36fd12e603938cc2679;0xd1f1bad4c9e6c44dec1e9bf3b94902205c5cd6c3;0xe096be9b4c427682e5b5bcb63c30e2ffa59dbbc5e5fa49cf2a0fc505f9dedff1,0.2560189165950131,-0.18278281704603805,-0.2918021564264933,-0.3015574191340066
2026-01-29,WLD,0.4775,276184178.219397,676376.9092960823,276860555.1286931,0.002443023741614915,408.3288096082802,12,binance;bitget;bybit;coinbase;crypto_com;gate;htx;kraken;kucoin;mexc;okx;upbit,eth;optimism,eth;optimism,5,uniswap-v4-ethereum;uniswap_v3;uniswap_v3_optimism;velodrome-finance-slipstream,0x2ae3d6096d8215ac2acddf30c60caa984ea5debe;0x4e5541815227e3272c405886149f45d2f437c7ff;0x841820459769cd629b10a36fd12e603938cc2679;0xd1f1bad4c9e6c44dec1e9bf3b94902205c5cd6c3;0xe096be9b4c427682e5b5bcb63c30e2ffa59dbbc5e5fa49cf2a0fc505f9dedff1,-0.18278281704603805,-0.016335078534031378,-0.17905759162303658,-0.27539267015706803
2026-01-30,WLD,0.4697,95232862.38667466,240768.26188944228,95473630.6485641,0.0025218299571711468,395.53744185105415,12,binance;bitget;bybit;coinbase;crypto_com;gate;htx;kraken;kucoin;mexc;okx;upbit,eth;optimism,eth;optimism,4,uniswap_v3;uniswap_v3_optimism;velodrome-finance-slipstream,0x2ae3d6096d8215ac2acddf30c60caa984ea5debe;0x4e5541815227e3272c405886149f45d2f437c7ff;0x841820459769cd629b10a36fd12e603938cc2679;0xd1f1bad4c9e6c44dec1e9bf3b94902205c5cd6c3,-0.016335078534031378,-0.11901213540557809,-0.12476048541622309,-0.1368958909942517
2026-01-31,WLD,0.4138,89620801.41679098,367816.55112447275,89988617.96791545,0.004087367485248124,243.65624967883082,12,binance;bitget;bybit;coinbase;crypto_com;gate;htx;kraken;kucoin;mexc;okx;upbit,eth;optimism,eth;optimism,5,uniswap-v4-ethereum;uniswap_v3;uniswap_v3_optimism;velodrome-finance-slipstream,0x2ae3d6096d8215ac2acddf30c60caa984ea5debe;0x4e5541815227e3272c405886149f45d2f437c7ff;0x841820459769cd629b10a36fd12e603938cc2679;0xd1f1bad4c9e6c44dec1e9bf3b94902205c5cd6c3;0xe096be9b4c427682e5b5bcb63c30e2ffa59dbbc5e5fa49cf2a0fc505f9dedff1,-0.11901213540557809,-0.05268245529241178,-0.010391493475108815,-0.04035766070565494
2026-02-01,WLD,0.392,39295008.359958,90885.22846263205,39385893.58842063,0.0023075578635431064,432.3585804277794,12,binance;bitget;bybit;coinbase;crypto_com;gate;htx;kraken;kucoin;mexc;okx;upbit,eth;optimism,eth;optimism,5,uniswap-v4-ethereum;uniswap_v3;uniswap_v3_optimism;velodrome-finance-slipstream,0x2ae3d6096d8215ac2acddf30c60caa984ea5debe;0x4e5541815227e3272c405886149f45d2f437c7ff;0x841820459769cd629b10a36fd12e603938cc2679;0xd1f1bad4c9e6c44dec1e9bf3b94902205c5cd6c3;0xe096be9b4c427682e5b5bcb63c30e2ffa59dbbc5e5fa49cf2a0fc505f9dedff1,-0.05268245529241178,0.04872448979591848,0.04107142857142865,-0.007397959183673475
2026-02-02,WLD,0.4111,35993678.94729185,164983.31070396633,36158662.257995814,0.0045627603567519525,218.16557561919828,12,binance;bitget;bybit;coinbase;crypto_com;gate;htx;kraken;kucoin;mexc;okx;upbit,eth;optimism,eth;optimism,4,uniswap_v3;uniswap_v3_optimism;velodrome-finance-slipstream,0x2ae3d6096d8215ac2acddf30c60caa984ea5debe;0x4e5541815227e3272c405886149f45d2f437c7ff;0x841820459769cd629b10a36fd12e603938cc2679;0xd1f1bad4c9e6c44dec1e9bf3b94902205c5cd6c3,0.04872448979591848,-0.0038919970810022964,-0.15835563123327667,-0.054974458769155965
2026-02-03,WLD,0.4095,67651491.92284131,232000.47805034346,67883492.40089165,0.00341762731770259,291.6006574269262,12,binance;bitget;bybit;coinbase;crypto_com;gate;htx;kraken;kucoin;mexc;okx;upbit,eth;optimism,eth;optimism,4,uniswap_v3;uniswap_v3_optimism;velodrome-finance-slipstream,0x2ae3d6096d8215ac2acddf30c60caa984ea5debe;0x4e5541815227e3272c405886149f45d2f437c7ff;0x841820459769cd629b10a36fd12e603938cc2679;0xd1f1bad4c9e6c44dec1e9bf3b94902205c5cd6c3,-0.0038919970810022964,-0.0034188034188032956,-0.010012210012209977,-0.07448107448107444
2026-02-04,WLD,0.4081,42977629.40772012,92935.50399932629,43070564.91171944,0.002157749827284914,462.4457560162548,12,binance;bitget;bybit;coinbase;crypto_com;gate;htx;kraken;kucoin;mexc;okx;upbit,eth;optimism,eth;optimism,5,uniswap-v4-ethereum;uniswap_v3;uniswap_v3_optimism;velodrome-finance-slipstream,0x2ae3d6096d8215ac2acddf30c60caa984ea5debe;0x4e5541815227e3272c405886149f45d2f437c7ff;0x841820459769cd629b10a36fd12e603938cc2679;0xd1f1bad4c9e6c44dec1e9bf3b94902205c5cd6c3;0xe096be9b4c427682e5b5bcb63c30e2ffa59dbbc5e5fa49cf2a0fc505f9dedff1,-0.0034188034188032956,-0.15216858613085038,-0.02695417789757415,-0.09826023033570208
2026-02-05,WLD,0.346,68769100.54001176,157544.71684848427,68926645.25686024,0.002285686707388445,436.50527872762103,12,binance;bitget;bybit;coinbase;crypto_com;gate;htx;kraken;kucoin;mexc;okx;upbit,eth;optimism,eth;optimism,4,uniswap_v3;uniswap_v3_optimism;velodrome-finance-slipstream,0x2ae3d6096d8215ac2acddf30c60caa984ea5debe;0x4e5541815227e3272c405886149f45d2f437c7ff;0x841820459769cd629b10a36fd12e603938cc2679;0xd1f1bad4c9e6c44dec1e9bf3b94902205c5cd6c3,-0.15216858613085038,0.17167630057803462,0.12456647398843934,0.10346820809248558
2026-02-06,WLD,0.4054,102997235.5414482,405812.52744156704,103403048.06888977,0.003924570261905668,253.8049680003503,12,binance;bitget;bybit;coinbase;crypto_com;gate;htx;kraken;kucoin;mexc;okx;upbit,eth;optimism,eth;optimism,5,uniswap-v4-ethereum;uniswap_v3;uniswap_v3_optimism;velodrome-finance-slipstream,0x2ae3d6096d8215ac2acddf30c60caa984ea5debe;0x4e5541815227e3272c405886149f45d2f437c7ff;0x841820459769cd629b10a36fd12e603938cc2679;0xd1f1bad4c9e6c44dec1e9bf3b94902205c5cd6c3;0xe096be9b4c427682e5b5bcb63c30e2ffa59dbbc5e5fa49cf2a0fc505f9dedff1,0.17167630057803462,-0.020473606314750814,-0.04168722249629986,-0.024420325604341264
2026-02-07,WLD,0.3971,50289715.7497497,173258.8551097247,50462974.60485942,0.0034333856944897666,290.2576940030064,12,binance;bitget;bybit;coinbase;crypto_com;gate;htx;kraken;kucoin;mexc;okx;upbit,eth;optimism,eth;optimism,5,uniswap-v4-ethereum;uniswap_v3;uniswap_v3_optimism;velodrome-finance-slipstream,0x2ae3d6096d8215ac2acddf30c60caa984ea5debe;0x4e5541815227e3272c405886149f45d2f437c7ff;0x841820459769cd629b10a36fd12e603938cc2679;0xd1f1bad4c9e6c44dec1e9bf3b94902205c5cd6c3;0xe096be9b4c427682e5b5bcb63c30e2ffa59dbbc5e5fa49cf2a0fc505f9dedff1,-0.020473606314750814,-0.020146058927222432,-0.045580458322840633,0.0760513724502645
2026-02-08,WLD,0.3891,18549285.25425654,41851.41741380649,18591136.671670344,0.002251148929348724,443.21761126630946,12,binance;bitget;bybit;coinbase;crypto_com;gate;htx;kraken;kucoin;mexc;okx;upbit,eth;optimism,eth;optimism,5,uniswap-v4-ethereum;uniswap_v3;uniswap_v3_optimism;velodrome-finance-slipstream,0x2ae3d6096d8215ac2acddf30c60caa984ea5debe;0x4e5541815227e3272c405886149f45d2f437c7ff;0x841820459769cd629b10a36fd12e603938cc2679;0xd1f1bad4c9e6c44dec1e9bf3b94902205c5cd6c3;0xe096be9b4c427682e5b5bcb63c30e2ffa59dbbc5e5fa49cf2a0fc505f9dedff1,-0.020146058927222432,-0.0015420200462605838,-0.05422770496016449,0.039064507838601825
2026-02-09,WLD,0.3885,21385106.76337127,37077.68953382589,21422184.452905096,0.0017308080609303935,576.7648155061465,12,binance;bitget;bybit;coinbase;crypto_com;gate;htx;kraken;kucoin;mexc;okx;upbit,eth;optimism,eth;optimism,4,uniswap_v3;uniswap_v3_optimism;velodrome-finance-slipstream,0x2ae3d6096d8215ac2acddf30c60caa984ea5debe;0x4e5541815227e3272c405886149f45d2f437c7ff;0x841820459769cd629b10a36fd12e603938cc2679;0xd1f1bad4c9e6c44dec1e9bf3b94902205c5cd6c3,-0.0015420200462605838,-0.02445302445302444,-0.017245817245817308,0.039897039897039965
2026-02-10,WLD,0.379,37708272.2382027,125717.31165984095,37833989.54986254,0.0033228669023697426,299.94494584987376,12,binance;bitget;bybit;coinbase;crypto_com;gate;htx;kraken;kucoin;mexc;okx;upbit,eth;optimism,eth;optimism,5,uniswap-v4-ethereum;uniswap_v3;uniswap_v3_optimism;velodrome-finance-slipstream,0x2ae3d6096d8215ac2acddf30c60caa984ea5debe;0x4e5541815227e3272c405886149f45d2f437c7ff;0x841820459769cd629b10a36fd12e603938cc2679;0xd1f1bad4c9e6c44dec1e9bf3b94902205c5cd6c3;0xe096be9b4c427682e5b5bcb63c30e2ffa59dbbc5e5fa49cf2a0fc505f9dedff1,-0.02445302445302444,-0.029023746701847042,0.04353562005277056,0.04828496042216357
2026-02-11,WLD,0.368,23400485.824997313,60789.968664926324,23461275.79366224,0.0025910768536017955,384.9399224727446,12,binance;bitget;bybit;coinbase;crypto_com;gate;htx;kraken;kucoin;mexc;okx;upbit,eth;optimism,eth;optimism,4,uniswap_v3;uniswap_v3_optimism;velodrome-finance-slipstream,0x2ae3d6096d8215ac2acddf30c60caa984ea5debe;0x4e5541815227e3272c405886149f45d2f437c7ff;0x841820459769cd629b10a36fd12e603938cc2679;0xd1f1bad4c9e6c44dec1e9bf3b94902205c5cd6c3,-0.029023746701847042,0.03749999999999987,0.16114130434782625,0.0304347826086957
2026-02-12,WLD,0.3818,22898374.82531283,60580.940837599235,22958955.76615043,0.0026386627272881823,377.9798482611395,12,binance;bitget;bybit;coinbase;crypto_com;gate;htx;kraken;kucoin;mexc;okx;upbit,eth;optimism,eth;optimism,5,uniswap-v4-ethereum;uniswap_v3;uniswap_v3_optimism;velodrome-finance-slipstream,0x2ae3d6096d8215ac2acddf30c60caa984ea5debe;0x4e5541815227e3272c405886149f45d2f437c7ff;0x841820459769cd629b10a36fd12e603938cc2679;0xd1f1bad4c9e6c44dec1e9bf3b94902205c5cd6c3;0xe096be9b4c427682e5b5bcb63c30e2ffa59dbbc5e5fa49cf2a0fc505f9dedff1,0.03749999999999987,0.03588266107909921,0.05893137768465162,-0.018596123624934457
2026-02-13,WLD,0.3955,15214432.755084451,49828.19162330554,15264260.946707757,0.0032643697455953568,305.33784709875744,12,binance;bitget;bybit;coinbase;crypto_com;gate;htx;kraken;kucoin;mexc;okx;upbit,eth;optimism,eth;optimism,5,uniswap-v4-ethereum;uniswap_v3;uniswap_v3_optimism;velodrome-finance-slipstream,0x2ae3d6096d8215ac2acddf30c60caa984ea5debe;0x4e5541815227e3272c405886149f45d2f437c7ff;0x841820459769cd629b10a36fd12e603938cc2679;0xd1f1bad4c9e6c44dec1e9bf3b94902205c5cd6c3;0xe096be9b4c427682e5b5bcb63c30e2ffa59dbbc5e5fa49cf2a0fc505f9dedff1,0.03588266107909921,0.08040455120101142,0.02149178255372952,-0.01163084702907713
2026-02-14,WLD,0.4273,25628900.393752743,112138.1439752535,25741038.537727997,0.0043563954815146804,228.5475707481702,12,binance;bitget;bybit;coinbase;crypto_com;gate;htx;kraken;kucoin;mexc;okx;upbit,eth;optimism,eth;optimism,5,uniswap-v4-ethereum;uniswap_v3;uniswap_v3_optimism;velodrome-finance-slipstream,0x2ae3d6096d8215ac2acddf30c60caa984ea5debe;0x4e5541815227e3272c405886149f45d2f437c7ff;0x841820459769cd629b10a36fd12e603938cc2679;0xd1f1bad4c9e6c44dec1e9bf3b94902205c5cd6c3;0xe096be9b4c427682e5b5bcb63c30e2ffa59dbbc5e5fa49cf2a0fc505f9dedff1,0.08040455120101142,-0.05382635150947812,-0.07020828457758022,-0.09361104610344029
2026-02-15,WLD,0.4043,22034123.523850664,57458.15743876334,22091581.681289427,0.0026009073622568096,383.48120625576576,12,binance;bitget;bybit;coinbase;crypto_com;gate;htx;kraken;kucoin;mexc;okx;upbit,eth;optimism,eth;optimism,5,uniswap-v4-ethereum;uniswap_v3;uniswap_v3_optimism;velodrome-finance-slipstream,0x2ae3d6096d8215ac2acddf30c60caa984ea5debe;0x4e5541815227e3272c405886149f45d2f437c7ff;0x841820459769cd629b10a36fd12e603938cc2679;0xd1f1bad4c9e6c44dec1e9bf3b94902205c5cd6c3;0xe096be9b4c427682e5b5bcb63c30e2ffa59dbbc5e5fa49cf2a0fc505f9dedff1,-0.05382635150947812,-0.0007420232500617852,-0.06208261192184028,-0.05045758100420472
2026-02-16,WLD,0.404,17913782.78696707,25791.649468490712,17939574.436435558,0.0014376957246046743,694.5574694186225,12,binance;bitget;bybit;coinbase;crypto_com;gate;htx;kraken;kucoin;mexc;okx;upbit,eth;optimism,eth;optimism,5,uniswap-v4-ethereum;uniswap_v3;uniswap_v3_optimism;velodrome-finance-slipstream,0x2ae3d6096d8215ac2acddf30c60caa984ea5debe;0x4e5541815227e3272c405886149f45d2f437c7ff;0x841820459769cd629b10a36fd12e603938cc2679;0xd1f1bad4c9e6c44dec1e9bf3b94902205c5cd6c3;0xe096be9b4c427682e5b5bcb63c30e2ffa59dbbc5e5fa49cf2a0fc505f9dedff1,-0.0007420232500617852,-0.01658415841584171,-0.07252475247524759,-0.07698019801980205
2026-02-17,WLD,0.3973,18863443.37394608,2583431.6066103065,21446874.980556387,0.12045725118239513,7.301700314294989,12,binance;bitget;bybit;coinbase;crypto_com;gate;htx;kraken;kucoin;mexc;okx;upbit,eth;optimism,eth;optimism,5,uniswap-v4-ethereum;uniswap_v3;uniswap_v3_optimism;velodrome-finance-slipstream,0x2ae3d6096d8215ac2acddf30c60caa984ea5debe;0x4e5541815227e3272c405886149f45d2f437c7ff;0x841820459769cd629b10a36fd12e603938cc2679;0xd1f1bad4c9e6c44dec1e9bf3b94902205c5cd6c3;0xe096be9b4c427682e5b5bcb63c30e2ffa59dbbc5e5fa49cf2a0fc505f9dedff1,-0.01658415841584171,-0.04555751321419588,-0.016108733954190657,-0.05386357915932538
2026-02-18,WLD,0.3792,15451235.769235592,109771.74377126641,15561007.513006859,0.007054282550761084,140.75786025073668,12,binance;bitget;bybit;coinbase;crypto_com;gate;htx;kraken;kucoin;mexc;okx;upbit,eth;optimism,eth;optimism,5,uniswap-v4-ethereum;uniswap_v3;uniswap_v3_optimism;velodrome-finance-slipstream,0x2ae3d6096d8215ac2acddf30c60caa984ea5debe;0x4e5541815227e3272c405886149f45d2f437c7ff;0x841820459769cd629b10a36fd12e603938cc2679;0xd1f1bad4c9e6c44dec1e9bf3b94902205c5cd6c3;0xe096be9b4c427682e5b5bcb63c30e2ffa59dbbc5e5fa49cf2a0fc505f9dedff1,-0.04555751321419588,-0.011867088607595,0.02136075949367089,0.08913502109704652
2026-02-19,WLD,0.3747,12689358.134899806,31491.929387485554,12720850.064287292,0.0024756151694529027,402.9400034137755,12,binance;bitget;bybit;coinbase;crypto_com;gate;htx;kraken;kucoin;mexc;okx;upbit,eth;optimism,eth;optimism,5,uniswap-v4-ethereum;uniswap_v3;uniswap_v3_optimism;velodrome-finance-slipstream,0x2ae3d6096d8215ac2acddf30c60caa984ea5debe;0x4e5541815227e3272c405886149f45d2f437c7ff;0x841820459769cd629b10a36fd12e603938cc2679;0xd1f1bad4c9e6c44dec1e9bf3b94902205c5cd6c3;0xe096be9b4c427682e5b5bcb63c30e2ffa59dbbc5e5fa49cf2a0fc505f9dedff1,-0.011867088607595,0.043234587670136326,0.024552975713904468,0.06618628235922075
2026-02-20,WLD,0.3909,18414412.587792713,67883.95898099015,18482296.546773702,0.003672917962829683,271.2630916671991,12,binance;bitget;bybit;coinbase;crypto_com;gate;htx;kraken;kucoin;mexc;okx;upbit,eth;optimism,eth;optimism,5,uniswap-v4-ethereum;uniswap_v3;uniswap_v3_optimism;velodrome-finance-slipstream,0x2ae3d6096d8215ac2acddf30c60caa984ea5debe;0x4e5541815227e3272c405886149f45d2f437c7ff;0x841820459769cd629b10a36fd12e603938cc2679;0xd1f1bad4c9e6c44dec1e9bf3b94902205c5cd6c3;0xe096be9b4c427682e5b5bcb63c30e2ffa59dbbc5e5fa49cf2a0fc505f9dedff1,0.043234587670136326,-0.009209516500383819,-0.04604758250191865,-0.003581478639038127
2026-02-21,WLD,0.3873,10915614.173146926,40885.612655542915,10956499.785802469,0.0037316308542736302,266.97934711434687,12,binance;bitget;bybit;coinbase;crypto_com;gate;htx;kraken;kucoin;mexc;okx;upbit,eth;optimism,eth;optimism,5,uniswap-v4-ethereum;uniswap_v3;uniswap_v3_optimism;velodrome-finance-slipstream,0x2ae3d6096d8215ac2acddf30c60caa984ea5debe;0x4e5541815227e3272c405886149f45d2f437c7ff;0x841820459769cd629b10a36fd12e603938cc2679;0xd1f1bad4c9e6c44dec1e9bf3b94902205c5cd6c3;0xe096be9b4c427682e5b5bcb63c30e2ffa59dbbc5e5fa49cf2a0fc505f9dedff1,-0.009209516500383819,-0.008778724502969126,-0.029434546862896926,0.030725535760392608
2026-02-22,WLD,0.3839,10297029.530824,51255.99165385948,10348285.52247786,0.004953090204413534,200.89416278123366,12,binance;bitget;bybit;coinbase;crypto_com;gate;htx;kraken;kucoin;mexc;okx;upbit,eth;optimism,eth;optimism,4,uniswap_v3;uniswap_v3_optimism;velodrome-finance-slipstream,0x2ae3d6096d8215ac2acddf30c60caa984ea5debe;0x4e5541815227e3272c405886149f45d2f437c7ff;0x841820459769cd629b10a36fd12e603938cc2679;0xd1f1bad4c9e6c44dec1e9bf3b94902205c5cd6c3,-0.008778724502969126,-0.028653295128939882,0.07580098984110428,0.0
2026-02-23,WLD,0.3729,29602734.872660216,96642.6652209777,29699377.53788119,0.0032540299909555735,306.311242606692,12,binance;bitget;bybit;coinbase;crypto_com;gate;htx;kraken;kucoin;mexc;okx;upbit,eth;optimism,eth;optimism,5,uniswap-v4-ethereum;uniswap_v3;uniswap_v3_optimism;velodrome-finance-slipstream,0x2ae3d6096d8215ac2acddf30c60caa984ea5debe;0x4e5541815227e3272c405886149f45d2f437c7ff;0x841820459769cd629b10a36fd12e603938cc2679;0xd1f1bad4c9e6c44dec1e9bf3b94902205c5cd6c3;0xe096be9b4c427682e5b5bcb63c30e2ffa59dbbc5e5fa49cf2a0fc505f9dedff1,-0.028653295128939882,0.008045052292839916,0.07133279699651385,0.08635022794314828
2026-02-24,WLD,0.3759,19606007.43700202,77610.60760215344,19683618.044604175,0.003942903556972274,252.62020286590334,12,binance;bitget;bybit;coinbase;crypto_com;gate;htx;kraken;kucoin;mexc;okx;upbit,eth;optimism,eth;optimism,4,uniswap_v3;uniswap_v3_optimism;velodrome-finance-slipstream,0x2ae3d6096d8215ac2acddf30c60caa984ea5debe;0x4e5541815227e3272c405886149f45d2f437c7ff;0x841820459769cd629b10a36fd12e603938cc2679;0xd1f1bad4c9e6c44dec1e9bf3b94902205c5cd6c3,0.008045052292839916,0.09869646182495329,0.03617983506251665,0.04575685022612386
2026-02-25,WLD,0.413,50389219.49764014,241614.09008255566,50630833.5877227,0.004772074109029559,208.5524874829235,12,binance;bitget;bybit;coinbase;crypto_com;gate;htx;kraken;kucoin;mexc;okx;upbit,eth;optimism,eth;optimism,5,uniswap-v4-ethereum;uniswap_v3;uniswap_v3_optimism;velodrome-finance-slipstream,0x2ae3d6096d8215ac2acddf30c60caa984ea5debe;0x4e5541815227e3272c405886149f45d2f437c7ff;0x841820459769cd629b10a36fd12e603938cc2679;0xd1f1bad4c9e6c44dec1e9bf3b94902205c5cd6c3;0xe096be9b4c427682e5b5bcb63c30e2ffa59dbbc5e5fa49cf2a0fc505f9dedff1,0.09869646182495329,-0.032687651331719025,-0.03341404358353506,0.016949152542372836
2026-02-26,WLD,0.3995,23316464.996626288,34669.393756136524,23351134.390382424,0.0014846984808761891,672.5374305831133,12,binance;bitget;bybit;coinbase;crypto_com;gate;htx;kraken;kucoin;mexc;okx;upbit,eth;optimism,eth;optimism,5,uniswap-v4-ethereum;uniswap_v3;uniswap_v3_optimism;velodrome-finance-slipstream,0x2ae3d6096d8215ac2acddf30c60caa984ea5debe;0x4e5541815227e3272c405886149f45d2f437c7ff;0x841820459769cd629b10a36fd12e603938cc2679;0xd1f1bad4c9e6c44dec1e9bf3b94902205c5cd6c3;0xe096be9b4c427682e5b5bcb63c30e2ffa59dbbc5e5fa49cf2a0fc505f9dedff1,-0.032687651331719025,-0.0250312891113893,-0.039048811013767226,0.02202753441802252
2026-02-27,WLD,0.3895,17885423.08530578,38434.80204615814,17923857.887351938,0.0021443375799849347,465.344482946116,12,binance;bitget;bybit;coinbase;crypto_com;gate;htx;kraken;kucoin;mexc;okx;upbit,eth;optimism,eth;optimism,4,uniswap_v3;uniswap_v3_optimism;velodrome-finance-slipstream,0x2ae3d6096d8215ac2acddf30c60caa984ea5debe;0x4e5541815227e3272c405886149f45d2f437c7ff;0x841820459769cd629b10a36fd12e603938cc2679;0xd1f1bad4c9e6c44dec1e9bf3b94902205c5cd6c3,-0.0250312891113893,0.024903722721437704,0.04005134788189979,-0.0020539152759949664
2026-02-28,WLD,0.3992,24806099.586274765,63174.87324293893,24869274.459517706,0.0025402780988152754,392.65768671799196,12,binance;bitget;bybit;coinbase;crypto_com;gate;htx;kraken;kucoin;mexc;okx;upbit,eth;optimism,eth;optimism,5,uniswap-v4-ethereum;uniswap_v3;uniswap_v3_optimism;velodrome-finance-slipstream,0x2ae3d6096d8215ac2acddf30c60caa984ea5debe;0x4e5541815227e3272c405886149f45d2f437c7ff;0x841820459769cd629b10a36fd12e603938cc2679;0xd1f1bad4c9e6c44dec1e9bf3b94902205c5cd6c3;0xe096be9b4c427682e5b5bcb63c30e2ffa59dbbc5e5fa49cf2a0fc505f9dedff1,0.024903722721437704,-0.03832665330661322,-0.015280561122244518,-0.05435871743486975
2026-03-01,WLD,0.3839,20787879.46909528,56943.11634558401,20844822.585440863,0.0027317630606919206,365.06395861678897,12,binance;bitget;bybit;coinbase;crypto_com;gate;htx;kraken;kucoin;mexc;okx;upbit,eth;optimism,eth;optimism,5,uniswap-v4-ethereum;uniswap_v3;uniswap_v3_optimism;velodrome-finance-slipstream,0x2ae3d6096d8215ac2acddf30c60caa984ea5debe;0x4e5541815227e3272c405886149f45d2f437c7ff;0x841820459769cd629b10a36fd12e603938cc2679;0xd1f1bad4c9e6c44dec1e9bf3b94902205c5cd6c3;0xe096be9b4c427682e5b5bcb63c30e2ffa59dbbc5e5fa49cf2a0fc505f9dedff1,-0.03832665330661322,0.055222714248502225,0.09403490492315703,-0.06095337327429029
2026-03-02,WLD,0.4051,34364540.8987582,70511.59791921127,34435052.49667741,0.0020476692441811968,487.36012107017353,12,binance;bitget;bybit;coinbase;crypto_com;gate;htx;kraken;kucoin;mexc;okx;upbit,eth;optimism,eth;optimism,5,uniswap-v4-ethereum;uniswap_v3;uniswap_v3_optimism;velodrome-finance-slipstream,0x2ae3d6096d8215ac2acddf30c60caa984ea5debe;0x4e5541815227e3272c405886149f45d2f437c7ff;0x841820459769cd629b10a36fd12e603938cc2679;0xd1f1bad4c9e6c44dec1e9bf3b94902205c5cd6c3;0xe096be9b4c427682e5b5bcb63c30e2ffa59dbbc5e5fa49cf2a0fc505f9dedff1,0.055222714248502225,-0.02962231547765981,0.00789928412737595,-0.10244384102690707
2026-03-03,WLD,0.3931,26162484.899341434,32026.641477675053,26194511.54081911,0.0012226470200739454,816.8975481734052,12,binance;bitget;bybit;coinbase;crypto_com;gate;htx;kraken;kucoin;mexc;okx;upbit,eth;optimism,eth;optimism,5,uniswap-v4-ethereum;uniswap_v3;uniswap_v3_optimism;velodrome-finance-slipstream,0x2ae3d6096d8215ac2acddf30c60caa984ea5debe;0x4e5541815227e3272c405886149f45d2f437c7ff;0x841820459769cd629b10a36fd12e603938cc2679;0xd1f1bad4c9e6c44dec1e9bf3b94902205c5cd6c3;0xe096be9b4c427682e5b5bcb63c30e2ffa59dbbc5e5fa49cf2a0fc505f9dedff1,-0.02962231547765981,0.06843042482828787,-0.011193080641058284,-0.09310607987789377
2026-03-04,WLD,0.42,47676074.54635156,141785.4964251829,47817860.04277674,0.0029651158855361764,336.25494672164285,12,binance;bitget;bybit;coinbase;crypto_com;gate;htx;kraken;kucoin;mexc;okx;upbit,eth;optimism,eth;optimism,4,uniswap_v3;uniswap_v3_optimism;velodrome-finance-slipstream,0x2ae3d6096d8215ac2acddf30c60caa984ea5debe;0x4e5541815227e3272c405886149f45d2f437c7ff;0x841820459769cd629b10a36fd12e603938cc2679;0xd1f1bad4c9e6c44dec1e9bf3b94902205c5cd6c3,0.06843042482828787,-0.027857142857142803,-0.10119047619047616,-0.1533333333333332
2026-03-05,WLD,0.4083,20633420.481252555,28711.518144115245,20662131.99939667,0.0013895719059849978,718.6460979765924,12,binance;bitget;bybit;coinbase;crypto_com;gate;htx;kraken;kucoin;mexc;okx;upbit,eth;optimism,eth;optimism,5,uniswap-v4-ethereum;uniswap_v3;uniswap_v3_optimism;velodrome-finance-slipstream,0x2ae3d6096d8215ac2acddf30c60caa984ea5debe;0x4e5541815227e3272c405886149f45d2f437c7ff;0x841820459769cd629b10a36fd12e603938cc2679;0xd1f1bad4c9e6c44dec1e9bf3b94902205c5cd6c3;0xe096be9b4c427682e5b5bcb63c30e2ffa59dbbc5e5fa49cf2a0fc505f9dedff1,-0.027857142857142803,-0.048003918687239744,-0.11707078128826842,-0.11976487876561348
2026-03-06,WLD,0.3887,21168770.153646197,18918.6432743446,21187688.79692054,0.0008929073602919007,1118.937010792575,12,binance;bitget;bybit;coinbase;crypto_com;gate;htx;kraken;kucoin;mexc;okx;upbit,eth;optimism,eth;optimism,4,uniswap_v3;uniswap_v3_optimism;velodrome-finance-slipstream,0x2ae3d6096d8215ac2acddf30c60caa984ea5debe;0x4e5541815227e3272c405886149f45d2f437c7ff;0x841820459769cd629b10a36fd12e603938cc2679;0xd1f1bad4c9e6c44dec1e9bf3b94902205c5cd6c3,-0.048003918687239744,-0.02881399536917928,-0.06457422176485728,-0.08078209416002058
2026-03-07,WLD,0.3775,10086308.98592826,19892.869900459842,10106201.85582872,0.0019683824036214647,507.0313653282931,12,binance;bitget;bybit;coinbase;crypto_com;gate;htx;kraken;kucoin;mexc;okx;upbit,eth;optimism,eth;optimism,5,uniswap-v4-ethereum;uniswap_v3;uniswap_v3_optimism;velodrome-finance-slipstream,0x2ae3d6096d8215ac2acddf30c60caa984ea5debe;0x4e5541815227e3272c405886149f45d2f437c7ff;0x841820459769cd629b10a36fd12e603938cc2679;0xd1f1bad4c9e6c44dec1e9bf3b94902205c5cd6c3;0xe096be9b4c427682e5b5bcb63c30e2ffa59dbbc5e5fa49cf2a0fc505f9dedff1,-0.02881399536917928,-0.04503311258278153,-0.05562913907284772,-0.05695364238410605
2026-03-08,WLD,0.3605,20847107.45207443,37015.80499520713,20884123.25706964,0.0017724375852204682,563.1947611236268,12,binance;bitget;bybit;coinbase;crypto_com;gate;htx;kraken;kucoin;mexc;okx;upbit,eth;optimism,eth;optimism,4,uniswap_v3;uniswap_v3_optimism;velodrome-finance-slipstream,0x2ae3d6096d8215ac2acddf30c60caa984ea5debe;0x4e5541815227e3272c405886149f45d2f437c7ff;0x841820459769cd629b10a36fd12e603938cc2679;0xd1f1bad4c9e6c44dec1e9bf3b94902205c5cd6c3,-0.04503311258278153,0.008599167822468834,-0.013592233009708576,0.014147018030513214
2026-03-09,WLD,0.3636,33446179.638117455,53127.36443710647,33499307.002554562,0.0015859242829427823,629.5471268429266,12,binance;bitget;bybit;coinbase;crypto_com;gate;htx;kraken;kucoin;mexc;okx;upbit,eth;optimism,eth;optimism,5,uniswap-v4-ethereum;uniswap_v3;uniswap_v3_optimism;velodrome-finance-slipstream,0x2ae3d6096d8215ac2acddf30c60caa984ea5debe;0x4e5541815227e3272c405886149f45d2f437c7ff;0x841820459769cd629b10a36fd12e603938cc2679;0xd1f1bad4c9e6c44dec1e9bf3b94902205c5cd6c3;0xe096be9b4c427682e5b5bcb63c30e2ffa59dbbc5e5fa49cf2a0fc505f9dedff1,0.008599167822468834,-0.019526952695269495,-0.011551155115511524,0.09928492849284942
2026-03-10,WLD,0.3565,39956721.267752714,96247.07776043331,40052968.34551315,0.002402994877437472,415.1473706787046,12,binance;bitget;bybit;coinbase;crypto_com;gate;htx;kraken;kucoin;mexc;okx;upbit,eth;optimism,eth;optimism,4,uniswap_v3;uniswap_v3_optimism;velodrome-finance-slipstream,0x2ae3d6096d8215ac2acddf30c60caa984ea5debe;0x4e5541815227e3272c405886149f45d2f437c7ff;0x841820459769cd629b10a36fd12e603938cc2679;0xd1f1bad4c9e6c44dec1e9bf3b94902205c5cd6c3,-0.019526952695269495,-0.0025245441795229695,0.0022440392706872814,0.10631136044880773
2026-03-11,WLD,0.3556,22026352.41198442,68522.33554396224,22094874.747528385,0.003101277392469826,321.4477766574792,12,binance;bitget;bybit;coinbase;crypto_com;gate;htx;kraken;kucoin;mexc;okx;upbit,eth;optimism,eth;optimism,4,uniswap_v3;uniswap_v3_optimism;velodrome-finance-slipstream,0x2ae3d6096d8215ac2acddf30c60caa984ea5debe;0x4e5541815227e3272c405886149f45d2f437c7ff;0x841820459769cd629b10a36fd12e603938cc2679;0xd1f1bad4c9e6c44dec1e9bf3b94902205c5cd6c3,-0.0025245441795229695,0.010686164229471329,0.0011248593925758943,0.03740157480314954
2026-03-12,WLD,0.3594,39986663.144892946,196888.74644142285,40183551.89133437,0.004899734771427265,203.0926798388121,12,binance;bitget;bybit;coinbase;crypto_com;gate;htx;kraken;kucoin;mexc;okx;upbit,eth;optimism,eth;optimism,4,uniswap_v3;uniswap_v3_optimism;velodrome-finance-slipstream,0x2ae3d6096d8215ac2acddf30c60caa984ea5debe;0x4e5541815227e3272c405886149f45d2f437c7ff;0x841820459769cd629b10a36fd12e603938cc2679;0xd1f1bad4c9e6c44dec1e9bf3b94902205c5cd6c3,0.010686164229471329,-0.005843071786310494,0.017250973845297723,-0.07957707289927662
2026-03-13,WLD,0.3573,32494191.603075065,88494.22086498122,32582685.823940046,0.002715989140464299,367.18998467315294,12,binance;bitget;bybit;coinbase;crypto_com;gate;htx;kraken;kucoin;mexc;okx;upbit,eth;optimism,eth;optimism,4,uniswap_v3;uniswap_v3_optimism;velodrome-finance-slipstream,0x2ae3d6096d8215ac2acddf30c60caa984ea5debe;0x4e5541815227e3272c405886149f45d2f437c7ff;0x841820459769cd629b10a36fd12e603938cc2679;0xd1f1bad4c9e6c44dec1e9bf3b94902205c5cd6c3,-0.005843071786310494,-0.003638399104394119,0.11866778617408347,-0.10019591379792891
2026-03-14,WLD,0.356,12541232.936920645,29542.555779718736,12570775.492700363,0.0023500981142232317,424.51414936585576,12,binance;bitget;bybit;coinbase;crypto_com;gate;htx;kraken;kucoin;mexc;okx;upbit,eth;optimism,eth;optimism,4,uniswap_v3;uniswap_v3_optimism;velodrome-finance-slipstream,0x2ae3d6096d8215ac2acddf30c60caa984ea5debe;0x4e5541815227e3272c405886149f45d2f437c7ff;0x841820459769cd629b10a36fd12e603938cc2679;0xd1f1bad4c9e6c44dec1e9bf3b94902205c5cd6c3,-0.003638399104394119,0.026966292134831482,0.10786516853932593,-0.11179775280898874
2026-03-15,WLD,0.3656,16912745.565426964,59741.771836908614,16972487.337263875,0.0035199184804069828,283.09748849762485,12,binance;bitget;bybit;coinbase;crypto_com;gate;htx;kraken;kucoin;mexc;okx;upbit,eth;optimism,eth;optimism,4,uniswap_v3;uniswap_v3_optimism;velodrome-finance-slipstream,0x2ae3d6096d8215ac2acddf30c60caa984ea5debe;0x4e5541815227e3272c405886149f45d2f437c7ff;0x841820459769cd629b10a36fd12e603938cc2679;0xd1f1bad4c9e6c44dec1e9bf3b94902205c5cd6c3,0.026966292134831482,0.09327133479212257,0.009026258205689253,-0.15754923413566735
2026-03-16,WLD,0.3997,52362461.081641495,186015.26198567147,52548476.34362717,0.003539879268226024,281.49551022149416,12,binance;bitget;bybit;coinbase;crypto_com;gate;htx;kraken;kucoin;mexc;okx;upbit,eth;optimism,eth;optimism,4,uniswap_v3;uniswap_v3_optimism;velodrome-finance-slipstream,0x2ae3d6096d8215ac2acddf30c60caa984ea5debe;0x4e5541815227e3272c405886149f45d2f437c7ff;0x841820459769cd629b10a36fd12e603938cc2679;0xd1f1bad4c9e6c44dec1e9bf3b94902205c5cd6c3,0.09327133479212257,-0.013259944958719072,-0.1723792844633476,-0.18588941706279705
2026-03-17,WLD,0.3944,34701165.79480381,60000.690891802136,34761166.485695615,0.0017260839309432468,578.3461036703665,12,binance;bitget;bybit;coinbase;crypto_com;gate;htx;kraken;kucoin;mexc;okx;upbit,eth;optimism,eth;optimism,4,uniswap_v3;uniswap_v3_optimism;velodrome-finance-slipstream,0x2ae3d6096d8215ac2acddf30c60caa984ea5debe;0x4e5541815227e3272c405886149f45d2f437c7ff;0x841820459769cd629b10a36fd12e603938cc2679;0xd1f1bad4c9e6c44dec1e9bf3b94902205c5cd6c3,-0.013259944958719072,-0.06465517241379304,-0.1848377281947261,-0.18534482758620685
2026-03-18,WLD,0.3689,33961389.08436434,69326.16555079332,34030715.24991513,0.0020371645156933987,489.87837152888244,12,binance;bitget;bybit;coinbase;crypto_com;gate;htx;kraken;kucoin;mexc;okx;upbit,eth;optimism,eth;optimism,4,uniswap_v3;uniswap_v3_optimism;velodrome-finance-slipstream,0x2ae3d6096d8215ac2acddf30c60caa984ea5debe;0x4e5541815227e3272c405886149f45d2f437c7ff;0x841820459769cd629b10a36fd12e603938cc2679;0xd1f1bad4c9e6c44dec1e9bf3b94902205c5cd6c3,-0.06465517241379304,-0.10328002168609385,-0.1428571428571429,-0.11900243968555158
2026-03-19,WLD,0.3308,78121140.82078157,100846.95990552576,78221987.7806871,0.0012892405673488234,774.6504296606074,12,binance;bitget;bybit;coinbase;crypto_com;gate;htx;kraken;kucoin;mexc;okx;upbit,eth;optimism,eth;optimism,4,uniswap_v3;uniswap_v3_optimism;velodrome-finance-slipstream,0x2ae3d6096d8215ac2acddf30c60caa984ea5debe;0x4e5541815227e3272c405886149f45d2f437c7ff;0x841820459769cd629b10a36fd12e603938cc2679;0xd1f1bad4c9e6c44dec1e9bf3b94902205c5cd6c3,-0.10328002168609385,-0.028113663845223624,-0.06892382103990324,-0.11608222490931075
2026-03-20,WLD,0.3215,69990358.08352095,169219.64133365353,70159577.7248546,0.0024119250260781727,413.60658568894877,12,binance;bitget;bybit;coinbase;crypto_com;gate;htx;kraken;kucoin;mexc;okx;upbit,eth;optimism,eth;optimism,4,uniswap_v3;uniswap_v3_optimism;velodrome-finance-slipstream,0x2ae3d6096d8215ac2acddf30c60caa984ea5debe;0x4e5541815227e3272c405886149f45d2f437c7ff;0x841820459769cd629b10a36fd12e603938cc2679;0xd1f1bad4c9e6c44dec1e9bf3b94902205c5cd6c3,-0.028113663845223624,-0.01648522550544329,0.01213063763608102,-0.22457231726283056
2026-03-21,WLD,0.3162,52321768.83128038,107120.92212701896,52428889.7534074,0.00204316594592883,488.4365051417284,12,binance;bitget;bybit;coinbase;crypto_com;gate;htx;kraken;kucoin;mexc;okx;upbit,eth;optimism,eth;optimism,4,uniswap_v3;uniswap_v3_optimism;velodrome-finance-slipstream,0x2ae3d6096d8215ac2acddf30c60caa984ea5debe;0x4e5541815227e3272c405886149f45d2f437c7ff;0x841820459769cd629b10a36fd12e603938cc2679;0xd1f1bad4c9e6c44dec1e9bf3b94902205c5cd6c3,-0.01648522550544329,-0.025932953826691918,0.016129032258064502,-0.14958886780518665
2026-03-22,WLD,0.308,30824473.53487224,48602.90355762538,30873076.438429866,0.0015742811913984046,634.2105363792848,12,binance;bitget;bybit;coinbase;crypto_com;gate;htx;kraken;kucoin;mexc;okx;upbit,eth;optimism,eth;optimism,4,uniswap_v3;uniswap_v3_optimism;velodrome-finance-slipstream,0x2ae3d6096d8215ac2acddf30c60caa984ea5debe;0x4e5541815227e3272c405886149f45d2f437c7ff;0x841820459769cd629b10a36fd12e603938cc2679;0xd1f1bad4c9e6c44dec1e9bf3b94902205c5cd6c3,-0.025932953826691918,0.056493506493506596,0.05519480519480524,-0.11720779220779232
2026-03-23,WLD,0.3254,39999026.167588525,72664.3310455941,40071690.49863412,0.0018133582621893858,550.4630069805592,12,binance;bitget;bybit;coinbase;crypto_com;gate;htx;kraken;kucoin;mexc;okx;upbit,eth;optimism,eth;optimism,4,uniswap_v3;uniswap_v3_optimism;velodrome-finance-slipstream,0x2ae3d6096d8215ac2acddf30c60caa984ea5debe;0x4e5541815227e3272c405886149f45d2f437c7ff;0x841820459769cd629b10a36fd12e603938cc2679;0xd1f1bad4c9e6c44dec1e9bf3b94902205c5cd6c3,0.056493506493506596,-0.012599877074370158,-0.10141364474492942,-0.1641057160417947
2026-03-24,WLD,0.3213,24688300.474574745,55713.89253174211,24744014.367106486,0.0022516109029505535,443.126469049151,12,binance;bitget;bybit;coinbase;crypto_com;gate;htx;kraken;kucoin;mexc;okx;upbit,eth;optimism,eth;optimism,4,uniswap_v3;uniswap_v3_optimism;velodrome-finance-slipstream,0x2ae3d6096d8215ac2acddf30c60caa984ea5debe;0x4e5541815227e3272c405886149f45d2f437c7ff;0x841820459769cd629b10a36fd12e603938cc2679;0xd1f1bad4c9e6c44dec1e9bf3b94902205c5cd6c3,-0.012599877074370158,0.011515717398070446,-0.22408963585434172,-0.13974478680361035
2026-03-25,WLD,0.325,38320208.761960536,31765.413919682735,38351974.175880216,0.0008282602030864996,1206.350052886176,12,binance;bitget;bybit;coinbase;crypto_com;gate;htx;kraken;kucoin;mexc;okx;upbit,eth;optimism,eth;optimism,4,uniswap_v3;uniswap_v3_optimism;velodrome-finance-slipstream,0x2ae3d6096d8215ac2acddf30c60caa984ea5debe;0x4e5541815227e3272c405886149f45d2f437c7ff;0x841820459769cd629b10a36fd12e603938cc2679;0xd1f1bad4c9e6c44dec1e9bf3b94902205c5cd6c3,0.011515717398070446,-0.10030769230769232,-0.17261538461538473,-0.14400000000000002
2026-03-26,WLD,0.2924,60434082.46978902,74652.14290857133,60508734.612697594,0.0012337415975792985,809.5425009273265,12,binance;bitget;bybit;coinbase;crypto_com;gate;htx;kraken;kucoin;mexc;okx;upbit,eth;optimism,eth;optimism,4,uniswap_v3;uniswap_v3_optimism;velodrome-finance-slipstream,0x2ae3d6096d8215ac2acddf30c60caa984ea5debe;0x4e5541815227e3272c405886149f45d2f437c7ff;0x841820459769cd629b10a36fd12e603938cc2679;0xd1f1bad4c9e6c44dec1e9bf3b94902205c5cd6c3,-0.10030769230769232,-0.14740082079343364,-0.07010943912448708,-0.08378932968536246
2026-03-27,WLD,0.2493,68662571.16180259,126121.82504808059,68788692.98685066,0.0018334673849987157,544.4146652304374,12,binance;bitget;bybit;coinbase;crypto_com;gate;htx;kraken;kucoin;mexc;okx;upbit,eth;optimism,eth;optimism,4,uniswap_v3;uniswap_v3_optimism;velodrome-finance-slipstream,0x2ae3d6096d8215ac2acddf30c60caa984ea5debe;0x4e5541815227e3272c405886149f45d2f437c7ff;0x841820459769cd629b10a36fd12e603938cc2679;0xd1f1bad4c9e6c44dec1e9bf3b94902205c5cd6c3,-0.14740082079343364,0.07862013638186904,0.0910549538708385,0.06819093461692738
2026-03-28,WLD,0.2689,77679770.0159101,68570.89853035694,77748340.91444047,0.0008819596370013476,1132.8387359766125,12,binance;bitget;bybit;coinbase;crypto_com;gate;htx;kraken;kucoin;mexc;okx;upbit,eth;optimism,eth;optimism,4,uniswap_v3;uniswap_v3_optimism;velodrome-finance-slipstream,0x2ae3d6096d8215ac2acddf30c60caa984ea5debe;0x4e5541815227e3272c405886149f45d2f437c7ff;0x841820459769cd629b10a36fd12e603938cc2679;0xd1f1bad4c9e6c44dec1e9bf3b94902205c5cd6c3,0.07862013638186904,0.011156563778356388,0.027891409445890636,-0.04165117143919672
2026-03-29,WLD,0.2719,34755242.53256541,21862.393115514977,34777104.92568092,0.0006286432744253774,1589.7272704286352,12,binance;bitget;bybit;coinbase;crypto_com;gate;htx;kraken;kucoin;mexc;okx;upbit,eth;optimism,eth;optimism,4,uniswap_v3;uniswap_v3_optimism;velodrome-finance-slipstream,0x2ae3d6096d8215ac2acddf30c60caa984ea5debe;0x4e5541815227e3272c405886149f45d2f437c7ff;0x841820459769cd629b10a36fd12e603938cc2679;0xd1f1bad4c9e6c44dec1e9bf3b94902205c5cd6c3,0.011156563778356388,0.00036778227289469,0.02317028319235015,-0.08458992276572252
2026-03-30,WLD,0.272,34160171.51069637,23136.293996914716,34183307.80469328,0.0006768301689556843,1476.475511387075,12,binance;bitget;bybit;coinbase;crypto_com;gate;htx;kraken;kucoin;mexc;okx;upbit,eth;optimism,eth;optimism,4,uniswap_v3;uniswap_v3_optimism;velodrome-finance-slipstream,0x2ae3d6096d8215ac2acddf30c60caa984ea5debe;0x4e5541815227e3272c405886149f45d2f437c7ff;0x841820459769cd629b10a36fd12e603938cc2679;0xd1f1bad4c9e6c44dec1e9bf3b94902205c5cd6c3,0.00036778227289469,0.016176470588235237,-0.015073529411764652,-0.10625000000000007
2026-03-31,WLD,0.2764,24907272.63785998,18373.76950327165,24925646.407363255,0.0007371431497898437,1355.5886087188026,12,binance;bitget;bybit;coinbase;crypto_com;gate;htx;kraken;kucoin;mexc;okx;upbit,eth;optimism,eth;optimism,4,uniswap_v3;uniswap_v3_optimism;velodrome-finance-slipstream,0x2ae3d6096d8215ac2acddf30c60caa984ea5debe;0x4e5541815227e3272c405886149f45d2f437c7ff;0x841820459769cd629b10a36fd12e603938cc2679;0xd1f1bad4c9e6c44dec1e9bf3b94902205c5cd6c3,0.016176470588235237,0.0065123010130245795,-0.0365412445730825,-0.02170767004341534
2026-04-01,WLD,0.2782,23162921.29099498,34229.11497454327,23197150.405969523,0.0014755741276624562,676.7023134609705,12,binance;bitget;bybit;coinbase;crypto_com;gate;htx;kraken;kucoin;mexc;okx;upbit,eth;optimism,eth;optimism,5,uniswap-v4-ethereum;uniswap_v3;uniswap_v3_optimism;velodrome-finance-slipstream,0x2ae3d6096d8215ac2acddf30c60caa984ea5debe;0x4e5541815227e3272c405886149f45d2f437c7ff;0x841820459769cd629b10a36fd12e603938cc2679;0xd1f1bad4c9e6c44dec1e9bf3b94902205c5cd6c3;0xe096be9b4c427682e5b5bcb63c30e2ffa59dbbc5e5fa49cf2a0fc505f9dedff1,0.0065123010130245795,-0.03702372393961173,-0.07368799424874195,-0.07656362329259525
2026-04-02,WLD,0.2679,17044186.027674858,235285.61155070493,17279471.63922556,0.01361648182671227,72.44040940430295,12,binance;bitget;bybit;coinbase;crypto_com;gate;htx;kraken;kucoin;mexc;okx;upbit,eth;optimism,eth;optimism,5,uniswap-v4-ethereum;uniswap_v3;uniswap_v3_optimism;velodrome-finance-slipstream,0x2ae3d6096d8215ac2acddf30c60caa984ea5debe;0x4e5541815227e3272c405886149f45d2f437c7ff;0x841820459769cd629b10a36fd12e603938cc2679;0xd1f1bad4c9e6c44dec1e9bf3b94902205c5cd6c3;0xe096be9b4c427682e5b5bcb63c30e2ffa59dbbc5e5fa49cf2a0fc505f9dedff1,-0.03702372393961173,-0.005972377752893054,-0.07092198581560294,-0.0018663680477790656
2026-04-03,WLD,0.2663,11228268.424751392,18032.504265633204,11246300.929017024,0.0016034164815123193,622.668280531091,12,binance;bitget;bybit;coinbase;crypto_com;gate;htx;kraken;kucoin;mexc;okx;upbit,eth;optimism,eth;optimism,5,uniswap-v4-ethereum;uniswap_v3;uniswap_v3_optimism;velodrome-finance-slipstream,0x2ae3d6096d8215ac2acddf30c60caa984ea5debe;0x4e5541815227e3272c405886149f45d2f437c7ff;0x841820459769cd629b10a36fd12e603938cc2679;0xd1f1bad4c9e6c44dec1e9bf3b94902205c5cd6c3;0xe096be9b4c427682e5b5bcb63c30e2ffa59dbbc5e5fa49cf2a0fc505f9dedff1,-0.005972377752893054,-0.032294404806609056,-0.08711978971085232,0.0473150582050319
2026-04-04,WLD,0.2577,16104330.125306213,13765.20046152737,16118095.32576774,0.0008540215319065129,1169.9306646725938,12,binance;bitget;bybit;coinbase;crypto_com;gate;htx;kraken;kucoin;mexc;okx;upbit,eth;optimism,eth;optimism,5,uniswap-v4-ethereum;uniswap_v3;uniswap_v3_optimism;velodrome-finance-slipstream,0x2ae3d6096d8215ac2acddf30c60caa984ea5debe;0x4e5541815227e3272c405886149f45d2f437c7ff;0x841820459769cd629b10a36fd12e603938cc2679;0xd1f1bad4c9e6c44dec1e9bf3b94902205c5cd6c3;0xe096be9b4c427682e5b5bcb63c30e2ffa59dbbc5e5fa49cf2a0fc505f9dedff1,-0.032294404806609056,-0.03414823438106318,0.04928211098176161,0.1579355840124177
2026-04-05,WLD,0.2489,25512579.675322417,23260.547930034765,25535840.223252453,0.0009108980838959883,1096.8176567491669,12,binance;bitget;bybit;coinbase;crypto_com;gate;htx;kraken;kucoin;mexc;okx;upbit,eth;optimism,eth;optimism,5,uniswap-v4-ethereum;uniswap_v3;uniswap_v3_optimism;velodrome-finance-slipstream,0x2ae3d6096d8215ac2acddf30c60caa984ea5debe;0x4e5541815227e3272c405886149f45d2f437c7ff;0x841820459769cd629b10a36fd12e603938cc2679;0xd1f1bad4c9e6c44dec1e9bf3b94902205c5cd6c3;0xe096be9b4c427682e5b5bcb63c30e2ffa59dbbc5e5fa49cf2a0fc505f9dedff1,-0.03414823438106318,-0.023302531137002758,0.03214142225793504,0.16110887906789872
2026-04-06,WLD,0.2431,24150788.45907298,211774.35069414933,24362562.80976713,0.00869261384148171,114.0401959912145,12,binance;bitget;bybit;coinbase;crypto_com;gate;htx;kraken;kucoin;mexc;okx;upbit,eth;optimism,eth;optimism,5,uniswap-v4-ethereum;uniswap_v3;uniswap_v3_optimism;velodrome-finance-slipstream,0x2ae3d6096d8215ac2acddf30c60caa984ea5debe;0x4e5541815227e3272c405886149f45d2f437c7ff;0x841820459769cd629b10a36fd12e603938cc2679;0xd1f1bad4c9e6c44dec1e9bf3b94902205c5cd6c3;0xe096be9b4c427682e5b5bcb63c30e2ffa59dbbc5e5fa49cf2a0fc505f9dedff1,-0.023302531137002758,0.1122994652406415,0.09995886466474713,0.2817770464829288
2026-04-07,WLD,0.2704,35452492.43735009,176389.7654713208,35628882.20282141,0.004950752158521344,200.9895094685315,12,binance;bitget;bybit;coinbase;crypto_com;gate;htx;kraken;kucoin;mexc;okx;upbit,eth;optimism,eth;optimism,5,uniswap-v4-ethereum;uniswap_v3;uniswap_v3_optimism;velodrome-finance-slipstream,0x2ae3d6096d8215ac2acddf30c60caa984ea5debe;0x4e5541815227e3272c405886149f45d2f437c7ff;0x841820459769cd629b10a36fd12e603938cc2679;0xd1f1bad4c9e6c44dec1e9bf3b94902205c5cd6c3;0xe096be9b4c427682e5b5bcb63c30e2ffa59dbbc5e5fa49cf2a0fc505f9dedff1,0.1122994652406415,-0.04992603550295838,0.03143491124260356,0.0972633136094676
2026-04-08,WLD,0.2569,24702442.684159417,234214.5339568681,24936657.218116283,0.00939237893468388,105.46929888095035,12,binance;bitget;bybit;coinbase;crypto_com;gate;htx;kraken;kucoin;mexc;okx;upbit,eth;optimism,eth;optimism,5,uniswap-v4-ethereum;uniswap_v3;uniswap_v3_optimism;velodrome-finance-slipstream,0x2ae3d6096d8215ac2acddf30c60caa984ea5debe;0x4e5541815227e3272c405886149f45d2f437c7ff;0x841820459769cd629b10a36fd12e603938cc2679;0xd1f1bad4c9e6c44dec1e9bf3b94902205c5cd6c3;0xe096be9b4c427682e5b5bcb63c30e2ffa59dbbc5e5fa49cf2a0fc505f9dedff1,-0.04992603550295838,0.04087193460490468,0.16154145581938484,0.1880108991825613
2026-04-09,WLD,0.2674,30980929.520676088,86377.35094077267,31067306.87161686,0.0027803295373403335,358.6695954813332,12,binance;bitget;bybit;coinbase;crypto_com;gate;htx;kraken;kucoin;mexc;okx;upbit,eth;optimism,eth;optimism,5,uniswap-v4-ethereum;uniswap_v3;uniswap_v3_optimism;velodrome-finance-slipstream,0x2ae3d6096d8215ac2acddf30c60caa984ea5debe;0x4e5541815227e3272c405886149f45d2f437c7ff;0x841820459769cd629b10a36fd12e603938cc2679;0xd1f1bad4c9e6c44dec1e9bf3b94902205c5cd6c3;0xe096be9b4c427682e5b5bcb63c30e2ffa59dbbc5e5fa49cf2a0fc505f9dedff1,0.04087193460490468,0.04300673148840661,0.08077786088257266,0.21652954375467437
2026-04-10,WLD,0.2789,35794370.56580529,163376.86438520803,35957747.4301905,0.004543578952001735,219.0908161966541,12,binance;bitget;bybit;coinbase;crypto_com;gate;htx;kraken;kucoin;mexc;okx;upbit,eth;optimism,eth;optimism,5,uniswap-v4-ethereum;uniswap_v3;uniswap_v3_optimism;velodrome-finance-slipstream,0x2ae3d6096d8215ac2acddf30c60caa984ea5debe;0x4e5541815227e3272c405886149f45d2f437c7ff;0x841820459769cd629b10a36fd12e603938cc2679;0xd1f1bad4c9e6c44dec1e9bf3b94902205c5cd6c3;0xe096be9b4c427682e5b5bcb63c30e2ffa59dbbc5e5fa49cf2a0fc505f9dedff1,0.04300673148840661,0.06991753316600935,0.11724632484761566,0.0060953746862675295
2026-04-11,WLD,0.2984,62380639.56232174,174137.88212885524,62554777.444450594,0.0027837663123890387,358.22555551791135,12,binance;bitget;bybit;coinbase;crypto_com;gate;htx;kraken;kucoin;mexc;okx;upbit,eth;optimism,eth;optimism,5,uniswap-v4-ethereum;uniswap_v3;uniswap_v3_optimism;velodrome-finance-slipstream,0x2ae3d6096d8215ac2acddf30c60caa984ea5debe;0x4e5541815227e3272c405886149f45d2f437c7ff;0x841820459769cd629b10a36fd12e603938cc2679;0xd1f1bad4c9e6c44dec1e9bf3b94902205c5cd6c3;0xe096be9b4c427682e5b5bcb63c30e2ffa59dbbc5e5fa49cf2a0fc505f9dedff1,0.06991753316600935,-0.0315013404825738,-0.005697050938337722,-0.1172922252010723
2026-04-12,WLD,0.289,41637712.184380434,43031.285665690964,41680743.470046125,0.0010324020658752263,967.6148769493626,12,binance;bitget;bybit;coinbase;crypto_com;gate;htx;kraken;kucoin;mexc;okx;upbit,eth;optimism,eth;optimism,5,uniswap-v4-ethereum;uniswap_v3;uniswap_v3_optimism;velodrome-finance-slipstream,0x2ae3d6096d8215ac2acddf30c60caa984ea5debe;0x4e5541815227e3272c405886149f45d2f437c7ff;0x841820459769cd629b10a36fd12e603938cc2679;0xd1f1bad4c9e6c44dec1e9bf3b94902205c5cd6c3;0xe096be9b4c427682e5b5bcb63c30e2ffa59dbbc5e5fa49cf2a0fc505f9dedff1,-0.0315013404825738,0.07820069204152258,0.0560553633217995,-0.10346020761245667
2026-04-13,WLD,0.3116,62121090.07239874,65798.13465971858,62186888.20705845,0.0010580708660101476,944.1162791873047,12,binance;bitget;bybit;coinbase;crypto_com;gate;htx;kraken;kucoin;mexc;okx;upbit,eth;optimism,eth;optimism,5,uniswap-v4-ethereum;uniswap_v3;uniswap_v3_optimism;velodrome-finance-slipstream,0x2ae3d6096d8215ac2acddf30c60caa984ea5debe;0x4e5541815227e3272c405886149f45d2f437c7ff;0x841820459769cd629b10a36fd12e603938cc2679;0xd1f1bad4c9e6c44dec1e9bf3b94902205c5cd6c3;0xe096be9b4c427682e5b5bcb63c30e2ffa59dbbc5e5fa49cf2a0fc505f9dedff1,0.07820069204152258,-0.04781771501925536,0.04396662387676509,-0.15211810012836968
2026-04-14,WLD,0.2967,53560099.329197004,76871.44286771012,53636970.772064716,0.0014331801695957524,696.7489789591934,12,binance;bitget;bybit;coinbase;crypto_com;gate;htx;kraken;kucoin;mexc;okx;upbit,eth;optimism,eth;optimism,5,uniswap-v4-ethereum;uniswap_v3;uniswap_v3_optimism;velodrome-finance-slipstream,0x2ae3d6096d8215ac2acddf30c60caa984ea5debe;0x4e5541815227e3272c405886149f45d2f437c7ff;0x841820459769cd629b10a36fd12e603938cc2679;0xd1f1bad4c9e6c44dec1e9bf3b94902205c5cd6c3;0xe096be9b4c427682e5b5bcb63c30e2ffa59dbbc5e5fa49cf2a0fc505f9dedff1,-0.04781771501925536,0.02864846646444219,-0.054263565891472854,-0.11796427367711504
2026-04-15,WLD,0.3052,26158456.06505336,76827.36608076308,26235283.431134123,0.0029283985546575022,340.48357244936466,12,binance;bitget;bybit;coinbase;crypto_com;gate;htx;kraken;kucoin;mexc;okx;upbit,eth;optimism,eth;optimism,5,uniswap-v4-ethereum;uniswap_v3;uniswap_v3_optimism;velodrome-finance-slipstream,0x2ae3d6096d8215ac2acddf30c60caa984ea5debe;0x4e5541815227e3272c405886149f45d2f437c7ff;0x841820459769cd629b10a36fd12e603938cc2679;0xd1f1bad4c9e6c44dec1e9bf3b94902205c5cd6c3;0xe096be9b4c427682e5b5bcb63c30e2ffa59dbbc5e5fa49cf2a0fc505f9dedff1,0.02864846646444219,0.06585845347313213,-0.13695937090432508,-0.13695937090432508
2026-04-16,WLD,0.3253,46261634.95208847,120300.26824616379,46381935.220334634,0.002593687988107536,384.5513865141667,12,binance;bitget;bybit;coinbase;crypto_com;gate;htx;kraken;kucoin;mexc;okx;upbit,eth;optimism,eth;optimism,5,uniswap-v4-ethereum;uniswap_v3;uniswap_v3_optimism;velodrome-finance-slipstream,0x2ae3d6096d8215ac2acddf30c60caa984ea5debe;0x4e5541815227e3272c405886149f45d2f437c7ff;0x841820459769cd629b10a36fd12e603938cc2679;0xd1f1bad4c9e6c44dec1e9bf3b94902205c5cd6c3;0xe096be9b4c427682e5b5bcb63c30e2ffa59dbbc5e5fa49cf2a0fc505f9dedff1,0.06585845347313213,-0.13741162004303709,-0.20350445742391632,-0.18751921303412233
2026-04-17,WLD,0.2806,83211979.74611118,806066.1466403557,84018045.89275154,0.00959396446412588,103.23219762166498,12,binance;bitget;bybit;coinbase;crypto_com;gate;htx;kraken;kucoin;mexc;okx;upbit,eth;optimism,eth;optimism,5,uniswap-v4-ethereum;uniswap_v3;uniswap_v3_optimism;velodrome-finance-slipstream,0x2ae3d6096d8215ac2acddf30c60caa984ea5debe;0x4e5541815227e3272c405886149f45d2f437c7ff;0x841820459769cd629b10a36fd12e603938cc2679;0xd1f1bad4c9e6c44dec1e9bf3b94902205c5cd6c3;0xe096be9b4c427682e5b5bcb63c30e2ffa59dbbc5e5fa49cf2a0fc505f9dedff1,-0.13741162004303709,-0.06129722024233786,-0.058446186742694306,-0.06664290805416961
2026-04-18,WLD,0.2634,52785573.81413649,174232.37155383604,52959806.18569033,0.003289898209652312,302.9607721193549,12,binance;bitget;bybit;coinbase;crypto_com;gate;htx;kraken;kucoin;mexc;okx;upbit,eth;optimism,eth;optimism,5,uniswap-v4-ethereum;uniswap_v3;uniswap_v3_optimism;velodrome-finance-slipstream,0x2ae3d6096d8215ac2acddf30c60caa984ea5debe;0x4e5541815227e3272c405886149f45d2f437c7ff;0x841820459769cd629b10a36fd12e603938cc2679;0xd1f1bad4c9e6c44dec1e9bf3b94902205c5cd6c3;0xe096be9b4c427682e5b5bcb63c30e2ffa59dbbc5e5fa49cf2a0fc505f9dedff1,-0.06129722024233786,-0.016324981017464046,-0.006454062262718385,-0.017463933181473212
2026-04-19,WLD,0.2591,32994124.47933399,33870.38747920236,33027994.86681319,0.0010255054118721455,974.1289348872542,12,binance;bitget;bybit;coinbase;crypto_com;gate;htx;kraken;kucoin;mexc;okx;upbit,eth;optimism,eth;optimism,5,uniswap-v4-ethereum;uniswap_v3;uniswap_v3_optimism;velodrome-finance-slipstream,0x2ae3d6096d8215ac2acddf30c60caa984ea5debe;0x4e5541815227e3272c405886149f45d2f437c7ff;0x841820459769cd629b10a36fd12e603938cc2679;0xd1f1bad4c9e6c44dec1e9bf3b94902205c5cd6c3;0xe096be9b4c427682e5b5bcb63c30e2ffa59dbbc5e5fa49cf2a0fc505f9dedff1,-0.016324981017464046,0.019683519876495525,0.016595908915476798,0.0027016595908915253
2026-04-20,WLD,0.2642,22082376.448294125,195518.9931760284,22277895.441470154,0.008776367304968632,112.94235966330423,12,binance;bitget;bybit;coinbase;crypto_com;gate;htx;kraken;kucoin;mexc;okx;upbit,eth;optimism,eth;optimism,5,uniswap-v4-ethereum;uniswap_v3;uniswap_v3_optimism;velodrome-finance-slipstream,0x2ae3d6096d8215ac2acddf30c60caa984ea5debe;0x4e5541815227e3272c405886149f45d2f437c7ff;0x841820459769cd629b10a36fd12e603938cc2679;0xd1f1bad4c9e6c44dec1e9bf3b94902205c5cd6c3;0xe096be9b4c427682e5b5bcb63c30e2ffa59dbbc5e5fa49cf2a0fc505f9dedff1,0.019683519876495525,-0.009462528387585212,0.00037850113550330633,-0.0374716124148371
2026-04-21,WLD,0.2617,18220553.27976452,60874.27347321967,18281427.553237736,0.0033298424478037285,299.31450907221523,12,binance;bitget;bybit;coinbase;crypto_com;gate;htx;kraken;kucoin;mexc;okx;upbit,eth;optimism,eth;optimism,5,uniswap-v4-ethereum;uniswap_v3;uniswap_v3_optimism;velodrome-finance-slipstream,0x2ae3d6096d8215ac2acddf30c60caa984ea5debe;0x4e5541815227e3272c405886149f45d2f437c7ff;0x841820459769cd629b10a36fd12e603938cc2679;0xd1f1bad4c9e6c44dec1e9bf3b94902205c5cd6c3;0xe096be9b4c427682e5b5bcb63c30e2ffa59dbbc5e5fa49cf2a0fc505f9dedff1,-0.009462528387585212,0.006495987772258349,0.0007642338555600148,-0.03821169277799008
2026-04-22,WLD,0.2634,25115860.36856599,128950.13609356449,25244810.504659556,0.005107985899508477,194.771879498772,12,binance;bitget;bybit;coinbase;crypto_com;gate;htx;kraken;kucoin;mexc;okx;upbit,eth;optimism,eth;optimism,5,uniswap-v4-ethereum;uniswap_v3;uniswap_v3_optimism;velodrome-finance-slipstream,0x2ae3d6096d8215ac2acddf30c60caa984ea5debe;0x4e5541815227e3272c405886149f45d2f437c7ff;0x841820459769cd629b10a36fd12e603938cc2679;0xd1f1bad4c9e6c44dec1e9bf3b94902205c5cd6c3;0xe096be9b4c427682e5b5bcb63c30e2ffa59dbbc5e5fa49cf2a0fc505f9dedff1,0.006495987772258349,0.003416856492027165,-0.017463933181473212,-0.05770690964312841
2026-04-23,WLD,0.2643,20391162.132195093,105787.26840995967,20496949.400605053,0.00516112258182366,192.75629703541247,12,binance;bitget;bybit;coinbase;crypto_com;gate;htx;kraken;kucoin;mexc;okx;upbit,eth;optimism,eth;optimism,5,uniswap-v4-ethereum;uniswap_v3;uniswap_v3_optimism;velodrome-finance-slipstream,0x2ae3d6096d8215ac2acddf30c60caa984ea5debe;0x4e5541815227e3272c405886149f45d2f437c7ff;0x841820459769cd629b10a36fd12e603938cc2679;0xd1f1bad4c9e6c44dec1e9bf3b94902205c5cd6c3;0xe096be9b4c427682e5b5bcb63c30e2ffa59dbbc5e5fa49cf2a0fc505f9dedff1,0.003416856492027165,-0.009080590238365382,-0.017026106696935273,-0.08059023836549373
2026-04-24,WLD,0.2619,18050839.339488022,263189.5318968368,18314028.87138486,0.014370924810982627,68.58494412522252,12,binance;bitget;bybit;coinbase;crypto_com;gate;htx;kraken;kucoin;mexc;okx;upbit,eth;optimism,eth;optimism,5,uniswap-v4-ethereum;uniswap_v3;uniswap_v3_optimism;velodrome-finance-slipstream,0x2ae3d6096d8215ac2acddf30c60caa984ea5debe;0x4e5541815227e3272c405886149f45d2f437c7ff;0x841820459769cd629b10a36fd12e603938cc2679;0xd1f1bad4c9e6c44dec1e9bf3b94902205c5cd6c3;0xe096be9b4c427682e5b5bcb63c30e2ffa59dbbc5e5fa49cf2a0fc505f9dedff1,-0.009080590238365382,-0.011836578846888268,-0.029018709431080536,-0.10614738449790007
2026-04-25,WLD,0.2588,12813858.711434113,31857.954308409608,12845716.665742522,0.0024800449159344835,402.218503654882,12,binance;bitget;bybit;coinbase;crypto_com;gate;htx;kraken;kucoin;mexc;okx;upbit,eth;optimism,eth;optimism,5,uniswap-v4-ethereum;uniswap_v3;uniswap_v3_optimism;velodrome-finance-slipstream,0x2ae3d6096d8215ac2acddf30c60caa984ea5debe;0x4e5541815227e3272c405886149f45d2f437c7ff;0x841820459769cd629b10a36fd12e603938cc2679;0xd1f1bad4c9e6c44dec1e9bf3b94902205c5cd6c3;0xe096be9b4c427682e5b5bcb63c30e2ffa59dbbc5e5fa49cf2a0fc505f9dedff1,-0.011836578846888268,0.003863987635239541,-0.027434312210200873,-0.061051004636785144
2026-04-26,WLD,0.2598,11947998.1483589,10085.147109440313,11958083.29546834,0.0008433748837710641,1184.7123317789628,12,binance;bitget;bybit;coinbase;crypto_com;gate;htx;kraken;kucoin;mexc;okx;upbit,eth;optimism,eth;optimism,5,uniswap-v4-ethereum;uniswap_v3;uniswap_v3_optimism;velodrome-finance-slipstream,0x2ae3d6096d8215ac2acddf30c60caa984ea5debe;0x4e5541815227e3272c405886149f45d2f437c7ff;0x841820459769cd629b10a36fd12e603938cc2679;0xd1f1bad4c9e6c44dec1e9bf3b94902205c5cd6c3;0xe096be9b4c427682e5b5bcb63c30e2ffa59dbbc5e5fa49cf2a0fc505f9dedff1,0.003863987635239541,-0.021170130869899717,-0.044649730561970635,-0.08775981524249421
2026-04-27,WLD,0.2543,18627115.535379015,15078.388371810517,18642193.923750825,0.0008088312155470128,1235.351887487057,12,binance;bitget;bybit;coinbase;crypto_com;gate;htx;kraken;kucoin;mexc;okx;upbit,eth;optimism,eth;optimism,5,uniswap-v4-ethereum;uniswap_v3;uniswap_v3_optimism;velodrome-finance-slipstream,0x2ae3d6096d8215ac2acddf30c60caa984ea5debe;0x4e5541815227e3272c405886149f45d2f437c7ff;0x841820459769cd629b10a36fd12e603938cc2679;0xd1f1bad4c9e6c44dec1e9bf3b94902205c5cd6c3;0xe096be9b4c427682e5b5bcb63c30e2ffa59dbbc5e5fa49cf2a0fc505f9dedff1,-0.021170130869899717,-0.010224144710971439,-0.04443570585922152,-0.06960283130161238
2026-04-28,WLD,0.2517,11417626.214422697,7346.211931712043,11424972.42635441,0.000642996031637351,1554.2195515943692,12,binance;bitget;bybit;coinbase;crypto_com;gate;htx;kraken;kucoin;mexc;okx;upbit,eth;optimism,eth;optimism,5,uniswap-v4-ethereum;uniswap_v3;uniswap_v3_optimism;velodrome-finance-slipstream,0x2ae3d6096d8215ac2acddf30c60caa984ea5debe;0x4e5541815227e3272c405886149f45d2f437c7ff;0x841820459769cd629b10a36fd12e603938cc2679;0xd1f1bad4c9e6c44dec1e9bf3b94902205c5cd6c3;0xe096be9b4c427682e5b5bcb63c30e2ffa59dbbc5e5fa49cf2a0fc505f9dedff1,-0.010224144710971439,-0.013905442987683703,-0.06992451330949534,-0.02502979737783062
2026-04-29,WLD,0.2482,19483009.79663249,26855.518908990885,19509865.315541483,0.0013765097028936373,725.4750825205551,12,binance;bitget;bybit;coinbase;crypto_com;gate;htx;kraken;kucoin;mexc;okx;upbit,eth;optimism,eth;optimism,5,uniswap-v4-ethereum;uniswap_v3;uniswap_v3_optimism;velodrome-finance-slipstream,0x2ae3d6096d8215ac2acddf30c60caa984ea5debe;0x4e5541815227e3272c405886149f45d2f437c7ff;0x841820459769cd629b10a36fd12e603938cc2679;0xd1f1bad4c9e6c44dec1e9bf3b94902205c5cd6c3;0xe096be9b4c427682e5b5bcb63c30e2ffa59dbbc5e5fa49cf2a0fc505f9dedff1,-0.013905442987683703,-0.020950846091861486,-0.020950846091861486,0.035858178887993475
2026-04-30,WLD,0.243,20037446.578820467,36844.792001098984,20074291.370821565,0.001835421799977145,543.8338905054153,12,binance;bitget;bybit;coinbase;crypto_com;gate;htx;kraken;kucoin;mexc;okx;upbit,eth;optimism,eth;optimism,5,uniswap-v4-ethereum;uniswap_v3;uniswap_v3_optimism;velodrome-finance-slipstream,0x2ae3d6096d8215ac2acddf30c60caa984ea5debe;0x4e5541815227e3272c405886149f45d2f437c7ff;0x841820459769cd629b10a36fd12e603938cc2679;0xd1f1bad4c9e6c44dec1e9bf3b94902205c5cd6c3;0xe096be9b4c427682e5b5bcb63c30e2ffa59dbbc5e5fa49cf2a0fc505f9dedff1,-0.020950846091861486,-0.03662551440329209,-0.024691358024691357,0.037860082304526754
2026-05-01,WLD,0.2341,28056103.221069273,22307.11172735599,28078410.33279663,0.0007944577867109682,1257.7201192148552,12,binance;bitget;bybit;coinbase;crypto_com;gate;htx;kraken;kucoin;mexc;okx;upbit,eth;optimism,eth;optimism,5,uniswap-v4-ethereum;uniswap_v3;uniswap_v3_optimism;velodrome-finance-slipstream,0x2ae3d6096d8215ac2acddf30c60caa984ea5debe;0x4e5541815227e3272c405886149f45d2f437c7ff;0x841820459769cd629b10a36fd12e603938cc2679;0xd1f1bad4c9e6c44dec1e9bf3b94902205c5cd6c3;0xe096be9b4c427682e5b5bcb63c30e2ffa59dbbc5e5fa49cf2a0fc505f9dedff1,-0.03662551440329209,0.038017941050833004,0.010679196924391343,0.16830414352840672
2026-05-02,WLD,0.243,16211664.001711912,44525.190549169325,16256189.192261081,0.002738968525930172,364.1009460433261,12,binance;bitget;bybit;coinbase;crypto_com;gate;htx;kraken;kucoin;mexc;okx;upbit,eth;optimism,eth;optimism,5,uniswap-v4-ethereum;uniswap_v3;uniswap_v3_optimism;velodrome-finance-slipstream,0x2ae3d6096d8215ac2acddf30c60caa984ea5debe;0x4e5541815227e3272c405886149f45d2f437c7ff;0x841820459769cd629b10a36fd12e603938cc2679;0xd1f1bad4c9e6c44dec1e9bf3b94902205c5cd6c3;0xe096be9b4c427682e5b5bcb63c30e2ffa59dbbc5e5fa49cf2a0fc505f9dedff1,0.038017941050833004,-0.024691358024691357,0.009876543209876631,0.11399176954732515
2026-05-03,WLD,0.237,12269215.375769299,53242.266784723855,12322457.642554022,0.004320750643188136,230.44126624769387,12,binance;bitget;bybit;coinbase;crypto_com;gate;htx;kraken;kucoin;mexc;okx;upbit,eth;optimism,eth;optimism,5,uniswap-v4-ethereum;uniswap_v3;uniswap_v3_optimism;velodrome-finance-slipstream,0x2ae3d6096d8215ac2acddf30c60caa984ea5debe;0x4e5541815227e3272c405886149f45d2f437c7ff;0x841820459769cd629b10a36fd12e603938cc2679;0xd1f1bad4c9e6c44dec1e9bf3b94902205c5cd6c3;0xe096be9b4c427682e5b5bcb63c30e2ffa59dbbc5e5fa49cf2a0fc505f9dedff1,-0.024691358024691357,-0.0016877637130801038,0.08481012658227849,0.19662447257383975
2026-05-04,WLD,0.2366,21387708.616717074,24516.35054835791,21412224.96726543,0.0011449697817876472,872.3854953260818,12,binance;bitget;bybit;coinbase;crypto_com;gate;htx;kraken;kucoin;mexc;okx;upbit,eth;optimism,eth;optimism,5,uniswap-v4-ethereum;uniswap_v3;uniswap_v3_optimism;velodrome-finance-slipstream,0x2ae3d6096d8215ac2acddf30c60caa984ea5debe;0x4e5541815227e3272c405886149f45d2f437c7ff;0x841820459769cd629b10a36fd12e603938cc2679;0xd1f1bad4c9e6c44dec1e9bf3b94902205c5cd6c3;0xe096be9b4c427682e5b5bcb63c30e2ffa59dbbc5e5fa49cf2a0fc505f9dedff1,-0.0016877637130801038,0.03719357565511405,0.06593406593406592,0.17793744716821647
2026-05-05,WLD,0.2454,30708811.284953024,21606.18578195485,30730417.47073498,0.0007030879356758082,1421.297196777811,12,binance;bitget;bybit;coinbase;crypto_com;gate;htx;kraken;kucoin;mexc;okx;upbit,eth;optimism,eth;optimism,5,uniswap-v4-ethereum;uniswap_v3;uniswap_v3_optimism;velodrome-finance-slipstream,0x2ae3d6096d8215ac2acddf30c60caa984ea5debe;0x4e5541815227e3272c405886149f45d2f437c7ff;0x841820459769cd629b10a36fd12e603938cc2679;0xd1f1bad4c9e6c44dec1e9bf3b94902205c5cd6c3;0xe096be9b4c427682e5b5bcb63c30e2ffa59dbbc5e5fa49cf2a0fc505f9dedff1,0.03719357565511405,0.04767726161369179,0.11450692746536273,0.09046454767726164
2026-05-06,WLD,0.2571,36691263.35971158,60616.79836141161,36751880.15807299,0.0016493523079824366,605.2986028880912,12,binance;bitget;bybit;coinbase;crypto_com;gate;htx;kraken;kucoin;mexc;okx;upbit,eth;optimism,eth;optimism,5,uniswap-v4-ethereum;uniswap_v3;uniswap_v3_optimism;velodrome-finance-slipstream,0x2ae3d6096d8215ac2acddf30c60caa984ea5debe;0x4e5541815227e3272c405886149f45d2f437c7ff;0x841820459769cd629b10a36fd12e603938cc2679;0xd1f1bad4c9e6c44dec1e9bf3b94902205c5cd6c3;0xe096be9b4c427682e5b5bcb63c30e2ffa59dbbc5e5fa49cf2a0fc505f9dedff1,0.04767726161369179,-0.01905873201089081,0.05289770517308434,0.010501750291715295
2026-05-07,WLD,0.2522,26552665.956396017,53807.42491220654,26606473.381308224,0.002022343365130372,493.4758725161067,12,binance;bitget;bybit;coinbase;crypto_com;gate;htx;kraken;kucoin;mexc;okx;upbit,eth;optimism,eth;optimism,5,uniswap-v4-ethereum;uniswap_v3;uniswap_v3_optimism;velodrome-finance-slipstream,0x2ae3d6096d8215ac2acddf30c60caa984ea5debe;0x4e5541815227e3272c405886149f45d2f437c7ff;0x841820459769cd629b10a36fd12e603938cc2679;0xd1f1bad4c9e6c44dec1e9bf3b94902205c5cd6c3;0xe096be9b4c427682e5b5bcb63c30e2ffa59dbbc5e5fa49cf2a0fc505f9dedff1,-0.01905873201089081,0.08445678033306914,0.1245043616177639,0.03766851704996044
2026-05-08,WLD,0.2735,33636791.76034014,99497.70475666165,33736289.4650968,0.0029492782500458712,338.06600707628945,12,binance;bitget;bybit;coinbase;crypto_com;gate;htx;kraken;kucoin;mexc;okx;upbit,eth;optimism,eth;optimism,5,uniswap-v4-ethereum;uniswap_v3;uniswap_v3_optimism;velodrome-finance-slipstream,0x2ae3d6096d8215ac2acddf30c60caa984ea5debe;0x4e5541815227e3272c405886149f45d2f437c7ff;0x841820459769cd629b10a36fd12e603938cc2679;0xd1f1bad4c9e6c44dec1e9bf3b94902205c5cd6c3;0xe096be9b4c427682e5b5bcb63c30e2ffa59dbbc5e5fa49cf2a0fc505f9dedff1,0.08445678033306914,-0.010237659963437062,0.01901279707495429,-0.1038391224862889
2026-05-09,WLD,0.2707,18391313.63728252,54459.28714534966,18445772.92442787,0.0029523993040827708,337.7075720472954,12,binance;bitget;bybit;coinbase;crypto_com;gate;htx;kraken;kucoin;mexc;okx;upbit,eth;optimism,eth;optimism,5,uniswap-v4-ethereum;uniswap_v3;uniswap_v3_optimism;velodrome-finance-slipstream,0x2ae3d6096d8215ac2acddf30c60caa984ea5debe;0x4e5541815227e3272c405886149f45d2f437c7ff;0x841820459769cd629b10a36fd12e603938cc2679;0xd1f1bad4c9e6c44dec1e9bf3b94902205c5cd6c3;0xe096be9b4c427682e5b5bcb63c30e2ffa59dbbc5e5fa49cf2a0fc505f9dedff1,-0.010237659963437062,0.047654229774658274,-0.011451791651274412,-0.11304026597709638
2026-05-10,WLD,0.2836,59940555.53738548,217629.81357738838,60158185.35096287,0.003617625969063661,275.42437569598354,12,binance;bitget;bybit;coinbase;crypto_com;gate;htx;kraken;kucoin;mexc;okx;upbit,eth;optimism,eth;optimism,5,uniswap-v4-ethereum;uniswap_v3;uniswap_v3_optimism;velodrome-finance-slipstream,0x2ae3d6096d8215ac2acddf30c60caa984ea5debe;0x4e5541815227e3272c405886149f45d2f437c7ff;0x841820459769cd629b10a36fd12e603938cc2679;0xd1f1bad4c9e6c44dec1e9bf3b94902205c5cd6c3;0xe096be9b4c427682e5b5bcb63c30e2ffa59dbbc5e5fa49cf2a0fc505f9dedff1,0.047654229774658274,-0.017277856135402003,-0.0839210155148098,-0.16819464033850495
2026-05-11,WLD,0.2787,26420047.465968277,81861.87219540754,26501909.338163685,0.0030889046955391835,322.7393505355286,12,binance;bitget;bybit;coinbase;crypto_com;gate;htx;kraken;kucoin;mexc;okx;upbit,eth;optimism,eth;optimism,5,uniswap-v4-ethereum;uniswap_v3;uniswap_v3_optimism;velodrome-finance-slipstream,0x2ae3d6096d8215ac2acddf30c60caa984ea5debe;0x4e5541815227e3272c405886149f45d2f437c7ff;0x841820459769cd629b10a36fd12e603938cc2679;0xd1f1bad4c9e6c44dec1e9bf3b94902205c5cd6c3;0xe096be9b4c427682e5b5bcb63c30e2ffa59dbbc5e5fa49cf2a0fc505f9dedff1,-0.017277856135402003,-0.03982777179763186,-0.060997488338715544,-0.13168281306063867
2026-05-12,WLD,0.2676,22087101.826400664,50246.34009496049,22137348.166495625,0.002269754250466512,439.5763310254693,12,binance;bitget;bybit;coinbase;crypto_com;gate;htx;kraken;kucoin;mexc;okx;upbit,eth;optimism,eth;optimism,5,uniswap-v4-ethereum;uniswap_v3;uniswap_v3_optimism;velodrome-finance-slipstream,0x2ae3d6096d8215ac2acddf30c60caa984ea5debe;0x4e5541815227e3272c405886149f45d2f437c7ff;0x841820459769cd629b10a36fd12e603938cc2679;0xd1f1bad4c9e6c44dec1e9bf3b94902205c5cd6c3;0xe096be9b4c427682e5b5bcb63c30e2ffa59dbbc5e5fa49cf2a0fc505f9dedff1,-0.03982777179763186,-0.029147982062780353,-0.0840807174887892,-0.10874439461883412
2026-05-13,WLD,0.2598,39470478.78642416,114271.56457875883,39584750.35100292,0.0028867572377114575,345.40945450361903,12,binance;bitget;bybit;coinbase;crypto_com;gate;htx;kraken;kucoin;mexc;okx;upbit,eth;optimism,eth;optimism,5,uniswap-v4-ethereum;uniswap_v3;uniswap_v3_optimism;velodrome-finance-slipstream,0x2ae3d6096d8215ac2acddf30c60caa984ea5debe;0x4e5541815227e3272c405886149f45d2f437c7ff;0x841820459769cd629b10a36fd12e603938cc2679;0xd1f1bad4c9e6c44dec1e9bf3b94902205c5cd6c3;0xe096be9b4c427682e5b5bcb63c30e2ffa59dbbc5e5fa49cf2a0fc505f9dedff1,-0.029147982062780353,0.007313317936874508,-0.07582755966127774,-0.045804464973056125
2026-05-14,WLD,0.2617,22936917.4452441,55185.49964891841,22992102.944893017,0.0024001936569780433,415.6330483762077,12,binance;bitget;bybit;coinbase;crypto_com;gate;htx;kraken;kucoin;mexc;okx;upbit,eth;optimism,eth;optimism,5,uniswap-v4-ethereum;uniswap_v3;uniswap_v3_optimism;velodrome-finance-slipstream,0x2ae3d6096d8215ac2acddf30c60caa984ea5debe;0x4e5541815227e3272c405886149f45d2f437c7ff;0x841820459769cd629b10a36fd12e603938cc2679;0xd1f1bad4c9e6c44dec1e9bf3b94902205c5cd6c3;0xe096be9b4c427682e5b5bcb63c30e2ffa59dbbc5e5fa49cf2a0fc505f9dedff1,0.007313317936874508,-0.06343141001146346,-0.09858616736721437,0.026366068016813182
2026-05-15,WLD,0.2451,25984522.71431969,57726.939272192074,26042249.653591882,0.0022166648442458995,450.1281904415262,12,binance;bitget;bybit;coinbase;crypto_com;gate;htx;kraken;kucoin;mexc;okx;upbit,eth;optimism,eth;optimism,5,uniswap-v4-ethereum;uniswap_v3;uniswap_v3_optimism;velodrome-finance-slipstream,0x2ae3d6096d8215ac2acddf30c60caa984ea5debe;0x4e5541815227e3272c405886149f45d2f437c7ff;0x841820459769cd629b10a36fd12e603938cc2679;0xd1f1bad4c9e6c44dec1e9bf3b94902205c5cd6c3;0xe096be9b4c427682e5b5bcb63c30e2ffa59dbbc5e5fa49cf2a0fc505f9dedff1,-0.06343141001146346,-0.020399836801305637,-0.0126478988168095,0.10403916768665855
2026-05-16,WLD,0.2401,14569458.630174838,22453.32123256167,14591911.951407399,0.0015387511456575115,648.8776639888043,12,binance;bitget;bybit;coinbase;crypto_com;gate;htx;kraken;kucoin;mexc;okx;upbit,eth;optimism,eth;optimism,5,uniswap-v4-ethereum;uniswap_v3;uniswap_v3_optimism;velodrome-finance-slipstream,0x2ae3d6096d8215ac2acddf30c60caa984ea5debe;0x4e5541815227e3272c405886149f45d2f437c7ff;0x841820459769cd629b10a36fd12e603938cc2679;0xd1f1bad4c9e6c44dec1e9bf3b94902205c5cd6c3;0xe096be9b4c427682e5b5bcb63c30e2ffa59dbbc5e5fa49cf2a0fc505f9dedff1,-0.020399836801305637,-0.017492711370262426,-0.006663890045814358,0.24906289046230734
2026-05-17,WLD,0.2359,14051265.492277296,34526.50901842431,14085792.001295721,0.002451158515988898,406.9703509491547,12,binance;bitget;bybit;coinbase;crypto_com;gate;htx;kraken;kucoin;mexc;okx;upbit,eth;optimism,eth;optimism,5,uniswap-v4-ethereum;uniswap_v3;uniswap_v3_optimism;velodrome-finance-slipstream,0x2ae3d6096d8215ac2acddf30c60caa984ea5debe;0x4e5541815227e3272c405886149f45d2f437c7ff;0x841820459769cd629b10a36fd12e603938cc2679;0xd1f1bad4c9e6c44dec1e9bf3b94902205c5cd6c3;0xe096be9b4c427682e5b5bcb63c30e2ffa59dbbc5e5fa49cf2a0fc505f9dedff1,-0.017492711370262426,0.025858414582450084,0.05086901229334462,0.2428995337007207
2026-05-18,WLD,0.242,17233199.014155604,49636.776025460815,17282835.790181063,0.002872027289275124,347.1861066342416,12,binance;bitget;bybit;coinbase;crypto_com;gate;htx;kraken;kucoin;mexc;okx;upbit,eth;optimism,eth;optimism,5,uniswap-v4-ethereum;uniswap_v3;uniswap_v3_optimism;velodrome-finance-slipstream,0x2ae3d6096d8215ac2acddf30c60caa984ea5debe;0x4e5541815227e3272c405886149f45d2f437c7ff;0x841820459769cd629b10a36fd12e603938cc2679;0xd1f1bad4c9e6c44dec1e9bf3b94902205c5cd6c3;0xe096be9b4c427682e5b5bcb63c30e2ffa59dbbc5e5fa49cf2a0fc505f9dedff1,0.025858414582450084,-0.01446280991735538,0.10991735537190084,0.36570247933884303
2026-05-19,WLD,0.2385,22161950.601484008,48268.39314011863,22210218.994624127,0.0021732515627964654,459.1400119152494,12,binance;bitget;bybit;coinbase;crypto_com;gate;htx;kraken;kucoin;mexc;okx;upbit,eth;optimism,eth;optimism,5,uniswap-v4-ethereum;uniswap_v3;uniswap_v3_optimism;velodrome-finance-slipstream,0x2ae3d6096d8215ac2acddf30c60caa984ea5debe;0x4e5541815227e3272c405886149f45d2f437c7ff;0x841820459769cd629b10a36fd12e603938cc2679;0xd1f1bad4c9e6c44dec1e9bf3b94902205c5cd6c3;0xe096be9b4c427682e5b5bcb63c30e2ffa59dbbc5e5fa49cf2a0fc505f9dedff1,-0.01446280991735538,0.03941299790356401,0.13459119496855343,0.5752620545073375
2026-05-20,WLD,0.2479,26398739.06188239,97681.19698759879,26496420.25886999,0.0036865809053922612,270.2540496635588,12,binance;bitget;bybit;coinbase;crypto_com;gate;htx;kraken;kucoin;mexc;okx;upbit,eth;optimism,eth;optimism,5,uniswap-v4-ethereum;uniswap_v3;uniswap_v3_optimism;velodrome-finance-slipstream,0x2ae3d6096d8215ac2acddf30c60caa984ea5debe;0x4e5541815227e3272c405886149f45d2f437c7ff;0x841820459769cd629b10a36fd12e603938cc2679;0xd1f1bad4c9e6c44dec1e9bf3b94902205c5cd6c3;0xe096be9b4c427682e5b5bcb63c30e2ffa59dbbc5e5fa49cf2a0fc505f9dedff1,0.03941299790356401,0.0835014118596209,0.20976200080677687,0.3755546591367487
2026-05-21,WLD,0.2686,49838407.13889972,143334.1917929283,49981741.33069265,0.0028677310549184492,347.7077347385483,12,binance;bitget;bybit;coinbase;crypto_com;gate;htx;kraken;kucoin;mexc;okx;upbit,eth;optimism,eth;optimism,5,uniswap-v4-ethereum;uniswap_v3;uniswap_v3_optimism;velodrome-finance-slipstream,0x2ae3d6096d8215ac2acddf30c60caa984ea5debe;0x4e5541815227e3272c405886149f45d2f437c7ff;0x841820459769cd629b10a36fd12e603938cc2679;0xd1f1bad4c9e6c44dec1e9bf3b94902205c5cd6c3;0xe096be9b4c427682e5b5bcb63c30e2ffa59dbbc5e5fa49cf2a0fc505f9dedff1,0.0835014118596209,0.007446016381235987,0.09158600148920337,0.047282204020848706
2026-05-22,WLD,0.2706,105291856.75812244,274342.6181918875,105566199.37631433,0.0025987732798254098,383.79693775641016,12,binance;bitget;bybit;coinbase;crypto_com;gate;htx;kraken;kucoin;mexc;okx;upbit,eth;optimism,eth;optimism,5,uniswap-v4-ethereum;uniswap_v3;uniswap_v3_optimism;velodrome-finance-slipstream,0x2ae3d6096d8215ac2acddf30c60caa984ea5debe;0x4e5541815227e3272c405886149f45d2f437c7ff;0x841820459769cd629b10a36fd12e603938cc2679;0xd1f1bad4c9e6c44dec1e9bf3b94902205c5cd6c3;0xe096be9b4c427682e5b5bcb63c30e2ffa59dbbc5e5fa49cf2a0fc505f9dedff1,0.007446016381235987,0.10827790096082768,0.22135994087213606,0.07132298595713227
2026-05-23,WLD,0.2999,78343869.79744674,71943.48561940697,78415813.28306615,0.0009174614482375473,1088.9640545344005,12,binance;bitget;bybit;coinbase;crypto_com;gate;htx;kraken;kucoin;mexc;okx;upbit,eth;optimism,eth;optimism,5,uniswap-v4-ethereum;uniswap_v3;uniswap_v3_optimism;velodrome-finance-slipstream,0x2ae3d6096d8215ac2acddf30c60caa984ea5debe;0x4e5541815227e3272c405886149f45d2f437c7ff;0x841820459769cd629b10a36fd12e603938cc2679;0xd1f1bad4c9e6c44dec1e9bf3b94902205c5cd6c3;0xe096be9b4c427682e5b5bcb63c30e2ffa59dbbc5e5fa49cf2a0fc505f9dedff1,0.10827790096082768,-0.02234078026008668,0.2527509169723241,0.14804934978326112
2026-05-24,WLD,0.2932,64927112.586980775,62972.80972519207,64990085.39670597,0.0009689602551035246,1031.0340743936488,12,binance;bitget;bybit;coinbase;crypto_com;gate;htx;kraken;kucoin;mexc;okx;upbit,eth;optimism,eth;optimism,5,uniswap-v4-ethereum;uniswap_v3;uniswap_v3_optimism;velodrome-finance-slipstream,0x2ae3d6096d8215ac2acddf30c60caa984ea5debe;0x4e5541815227e3272c405886149f45d2f437c7ff;0x841820459769cd629b10a36fd12e603938cc2679;0xd1f1bad4c9e6c44dec1e9bf3b94902205c5cd6c3;0xe096be9b4c427682e5b5bcb63c30e2ffa59dbbc5e5fa49cf2a0fc505f9dedff1,-0.02234078026008668,0.12721691678035474,0.16302864938608463,0.19440654843110505
2026-05-25,WLD,0.3305,80607237.5388574,106148.79899447637,80713386.33785188,0.0013151325177976844,759.3796472728055,12,binance;bitget;bybit;coinbase;crypto_com;gate;htx;kraken;kucoin;mexc;okx;upbit,eth;optimism,eth;optimism,5,uniswap-v4-ethereum;uniswap_v3;uniswap_v3_optimism;velodrome-finance-slipstream,0x2ae3d6096d8215ac2acddf30c60caa984ea5debe;0x4e5541815227e3272c405886149f45d2f437c7ff;0x841820459769cd629b10a36fd12e603938cc2679;0xd1f1bad4c9e6c44dec1e9bf3b94902205c5cd6c3;0xe096be9b4c427682e5b5bcb63c30e2ffa59dbbc5e5fa49cf2a0fc505f9dedff1,0.12721691678035474,0.13676248108925848,-0.14886535552193647,0.32435703479576383
2026-05-26,WLD,0.3757,285151051.24680823,420336.1837590242,285571387.43056726,0.0014719128115075013,678.3880671340999,12,binance;bitget;bybit;coinbase;crypto_com;gate;htx;kraken;kucoin;mexc;okx;upbit,eth;optimism,eth;optimism,5,uniswap-v4-ethereum;uniswap_v3;uniswap_v3_optimism;velodrome-finance-slipstream,0x2ae3d6096d8215ac2acddf30c60caa984ea5debe;0x4e5541815227e3272c405886149f45d2f437c7ff;0x841820459769cd629b10a36fd12e603938cc2679;0xd1f1bad4c9e6c44dec1e9bf3b94902205c5cd6c3;0xe096be9b4c427682e5b5bcb63c30e2ffa59dbbc5e5fa49cf2a0fc505f9dedff1,0.13676248108925848,-0.09236092627096071,-0.22837370242214527,0.018631887143997883
2026-05-27,WLD,0.341,141219624.20918965,156759.31060606136,141376383.51979572,0.001108808322177174,900.8691328330526,12,binance;bitget;bybit;coinbase;crypto_com;gate;htx;kraken;kucoin;mexc;okx;upbit,eth;optimism,eth;optimism,5,uniswap-v4-ethereum;uniswap_v3;uniswap_v3_optimism;velodrome-finance-slipstream,0x2ae3d6096d8215ac2acddf30c60caa984ea5debe;0x4e5541815227e3272c405886149f45d2f437c7ff;0x841820459769cd629b10a36fd12e603938cc2679;0xd1f1bad4c9e6c44dec1e9bf3b94902205c5cd6c3;0xe096be9b4c427682e5b5bcb63c30e2ffa59dbbc5e5fa49cf2a0fc505f9dedff1,-0.09236092627096071,-0.1750733137829913,0.009677419354838568,0.588856304985337
2026-05-28,WLD,0.2813,128160315.47795096,120796.37218100767,128281111.85013197,0.0009416536108771136,1060.9616262805373,12,binance;bitget;bybit;coinbase;crypto_com;gate;htx;kraken;kucoin;mexc;okx;upbit,eth;optimism,eth;optimism,5,uniswap-v4-ethereum;uniswap_v3;uniswap_v3_optimism;velodrome-finance-slipstream,0x2ae3d6096d8215ac2acddf30c60caa984ea5debe;0x4e5541815227e3272c405886149f45d2f437c7ff;0x841820459769cd629b10a36fd12e603938cc2679;0xd1f1bad4c9e6c44dec1e9bf3b94902205c5cd6c3;0xe096be9b4c427682e5b5bcb63c30e2ffa59dbbc5e5fa49cf2a0fc505f9dedff1,-0.1750733137829913,0.03057234269463205,0.24493423391397084,0.9104159260575897
2026-05-29,WLD,0.2899,138990559.21312553,77581.3285433498,139068140.54166886,0.0005578655775591116,1791.5465205711494,12,binance;bitget;bybit;coinbase;crypto_com;gate;htx;kraken;kucoin;mexc;okx;upbit,eth;optimism,eth;optimism,5,uniswap-v4-ethereum;uniswap_v3;uniswap_v3_optimism;velodrome-finance-slipstream,0x2ae3d6096d8215ac2acddf30c60caa984ea5debe;0x4e5541815227e3272c405886149f45d2f437c7ff;0x841820459769cd629b10a36fd12e603938cc2679;0xd1f1bad4c9e6c44dec1e9bf3b94902205c5cd6c3;0xe096be9b4c427682e5b5bcb63c30e2ffa59dbbc5e5fa49cf2a0fc505f9dedff1,0.03057234269463205,0.18765091410831314,0.5098309761986892,0.8299413590893412
2026-05-30,WLD,0.3443,184485963.2572024,168111.42515847634,184654074.68236086,0.0009104127566513713,1097.4028867061832,12,binance;bitget;bybit;coinbase;crypto_com;gate;htx;kraken;kucoin;mexc;okx;upbit,eth;optimism,eth;optimism,5,uniswap-v4-ethereum;uniswap_v3;uniswap_v3_optimism;velodrome-finance-slipstream,0x2ae3d6096d8215ac2acddf30c60caa984ea5debe;0x4e5541815227e3272c405886149f45d2f437c7ff;0x841820459769cd629b10a36fd12e603938cc2679;0xd1f1bad4c9e6c44dec1e9bf3b94902205c5cd6c3;0xe096be9b4c427682e5b5bcb63c30e2ffa59dbbc5e5fa49cf2a0fc505f9dedff1,0.18765091410831314,0.017136218414173676,0.11153064188207962,0.2027301771710719
2026-05-31,WLD,0.3502,119845224.66167466,84864.98009409185,119930089.64176875,0.0007076204174247146,1412.1870355569445,12,binance;bitget;bybit;coinbase;crypto_com;gate;htx;kraken;kucoin;mexc;okx;upbit,eth;optimism,eth;optimism,5,uniswap-v4-ethereum;uniswap_v3;uniswap_v3_optimism;velodrome-finance-slipstream,0x2ae3d6096d8215ac2acddf30c60caa984ea5debe;0x4e5541815227e3272c405886149f45d2f437c7ff;0x841820459769cd629b10a36fd12e603938cc2679;0xd1f1bad4c9e6c44dec1e9bf3b94902205c5cd6c3;0xe096be9b4c427682e5b5bcb63c30e2ffa59dbbc5e5fa49cf2a0fc505f9dedff1,0.017136218414173676,0.24985722444317515,0.5471159337521414,0.3478012564249
2026-06-01,WLD,0.4377,315341120.70241094,461525.41754441743,315802646.11995536,0.0014614361950884677,683.2584050954514,12,binance;bitget;bybit;coinbase;crypto_com;gate;htx;kraken;kucoin;mexc;okx;upbit,eth;optimism,eth;optimism,5,uniswap-v4-ethereum;uniswap_v3;uniswap_v3_optimism;velodrome-finance-slipstream,0x2ae3d6096d8215ac2acddf30c60caa984ea5debe;0x4e5541815227e3272c405886149f45d2f437c7ff;0x841820459769cd629b10a36fd12e603938cc2679;0xd1f1bad4c9e6c44dec1e9bf3b94902205c5cd6c3;0xe096be9b4c427682e5b5bcb63c30e2ffa59dbbc5e5fa49cf2a0fc505f9dedff1,0.24985722444317515,-0.12565684258624632,0.22778158556088646,0.136166323966187
2026-06-02,WLD,0.3827,298491245.6080017,293444.1602220792,298784689.76822376,0.0009821258259575237,1017.1994746193036,12,binance;bitget;bybit;coinbase;crypto_com;gate;htx;kraken;kucoin;mexc;okx;upbit,eth;optimism,eth;optimism,5,uniswap-v4-ethereum;uniswap_v3;uniswap_v3_optimism;velodrome-finance-slipstream,0x2ae3d6096d8215ac2acddf30c60caa984ea5debe;0x4e5541815227e3272c405886149f45d2f437c7ff;0x841820459769cd629b10a36fd12e603938cc2679;0xd1f1bad4c9e6c44dec1e9bf3b94902205c5cd6c3;0xe096be9b4c427682e5b5bcb63c30e2ffa59dbbc5e5fa49cf2a0fc505f9dedff1,-0.12565684258624632,0.4157303370786516,0.3862032923961327,0.32871701071335235
2026-06-03,WLD,0.5418,529131268.16749287,460015.102176694,529591283.26966953,0.0008686228733535497,1150.2476020107945,12,binance;bitget;bybit;coinbase;crypto_com;gate;htx;kraken;kucoin;mexc;okx;upbit,eth;optimism,eth;optimism,5,uniswap-v4-ethereum;uniswap_v3;uniswap_v3_optimism;velodrome-finance-slipstream,0x2ae3d6096d8215ac2acddf30c60caa984ea5debe;0x4e5541815227e3272c405886149f45d2f437c7ff;0x841820459769cd629b10a36fd12e603938cc2679;0xd1f1bad4c9e6c44dec1e9bf3b94902205c5cd6c3;0xe096be9b4c427682e5b5bcb63c30e2ffa59dbbc5e5fa49cf2a0fc505f9dedff1,0.4157303370786516,-0.008121077888519679,-0.23569582871908445,-0.16777408637873747
2026-06-04,WLD,0.5374,800558689.9360081,1369666.153360922,801928356.089369,0.0017079657340465493,584.4918398337994,12,binance;bitget;bybit;coinbase;crypto_com;gate;htx;kraken;kucoin;mexc;okx;upbit,eth;optimism,eth;optimism,5,uniswap-v4-ethereum;uniswap_v3;uniswap_v3_optimism;velodrome-finance-slipstream,0x2ae3d6096d8215ac2acddf30c60caa984ea5debe;0x4e5541815227e3272c405886149f45d2f437c7ff;0x841820459769cd629b10a36fd12e603938cc2679;0xd1f1bad4c9e6c44dec1e9bf3b94902205c5cd6c3;0xe096be9b4c427682e5b5bcb63c30e2ffa59dbbc5e5fa49cf2a0fc505f9dedff1,-0.008121077888519679,-0.012839598064756319,-0.1216970599181243,-0.07592110160029775
2026-06-05,WLD,0.5305,652144428.3847257,1212086.7729563306,653356515.1576821,0.0018551690307454939,538.0344402192576,12,binance;bitget;bybit;coinbase;crypto_com;gate;htx;kraken;kucoin;mexc;okx;upbit,eth;optimism,eth;optimism,5,uniswap-v4-ethereum;uniswap_v3;uniswap_v3_optimism;velodrome-finance-slipstream,0x2ae3d6096d8215ac2acddf30c60caa984ea5debe;0x4e5541815227e3272c405886149f45d2f437c7ff;0x841820459769cd629b10a36fd12e603938cc2679;0xd1f1bad4c9e6c44dec1e9bf3b94902205c5cd6c3;0xe096be9b4c427682e5b5bcb63c30e2ffa59dbbc5e5fa49cf2a0fc505f9dedff1,-0.012839598064756319,-0.21941564561734206,-0.06258246936852019,-0.1366635249764372
2026-06-06,WLD,0.4141,499058744.824666,555366.4754877874,499614111.3001538,0.0011115908516726005,898.6115778528666,12,binance;bitget;bybit;coinbase;crypto_com;gate;htx;kraken;kucoin;mexc;okx;upbit,eth;optimism,eth;optimism,5,uniswap-v4-ethereum;uniswap_v3;uniswap_v3_optimism;velodrome-finance-slipstream,0x2ae3d6096d8215ac2acddf30c60caa984ea5debe;0x4e5541815227e3272c405886149f45d2f437c7ff;0x841820459769cd629b10a36fd12e603938cc2679;0xd1f1bad4c9e6c44dec1e9bf3b94902205c5cd6c3;0xe096be9b4c427682e5b5bcb63c30e2ffa59dbbc5e5fa49cf2a0fc505f9dedff1,-0.21941564561734206,0.13982129920309094,0.22796425984061797,0.21154310553006517
2026-06-07,WLD,0.472,432385802.68098354,237050.1208651162,432622852.80184865,0.0005479371219755944,1824.026923517222,12,binance;bitget;bybit;coinbase;crypto_com;gate;htx;kraken;kucoin;mexc;okx;upbit,eth;optimism,eth;optimism,5,uniswap-v4-ethereum;uniswap_v3;uniswap_v3_optimism;velodrome-finance-slipstream,0x2ae3d6096d8215ac2acddf30c60caa984ea5debe;0x4e5541815227e3272c405886149f45d2f437c7ff;0x841820459769cd629b10a36fd12e603938cc2679;0xd1f1bad4c9e6c44dec1e9bf3b94902205c5cd6c3;0xe096be9b4c427682e5b5bcb63c30e2ffa59dbbc5e5fa49cf2a0fc505f9dedff1,0.13982129920309094,0.05360169491525424,-0.04470338983050837,0.1091101694915253
2026-06-08,WLD,0.4973,419501646.14697886,327263.45914784464,419828909.6061267,0.0007795162545020429,1281.8468864177858,12,binance;bitget;bybit;coinbase;crypto_com;gate;htx;kraken;kucoin;mexc;okx;upbit,eth;optimism,eth;optimism,5,uniswap-v4-ethereum;uniswap_v3;uniswap_v3_optimism;velodrome-finance-slipstream,0x2ae3d6096d8215ac2acddf30c60caa984ea5debe;0x4e5541815227e3272c405886149f45d2f437c7ff;0x841820459769cd629b10a36fd12e603938cc2679;0xd1f1bad4c9e6c44dec1e9bf3b94902205c5cd6c3;0xe096be9b4c427682e5b5bcb63c30e2ffa59dbbc5e5fa49cf2a0fc505f9dedff1,0.05360169491525424,0.022521616730343696,-0.0014076010456465227,0.18117836316106972
2026-06-09,WLD,0.5085,363902856.8846163,246569.5722287029,364149426.45684505,0.0006771109723494884,1475.8627903490144,12,binance;bitget;bybit;coinbase;crypto_com;gate;htx;kraken;kucoin;mexc;okx;upbit,eth;optimism,eth;optimism,5,uniswap-v4-ethereum;uniswap_v3;uniswap_v3_optimism;velodrome-finance-slipstream,0x2ae3d6096d8215ac2acddf30c60caa984ea5debe;0x4e5541815227e3272c405886149f45d2f437c7ff;0x841820459769cd629b10a36fd12e603938cc2679;0xd1f1bad4c9e6c44dec1e9bf3b94902205c5cd6c3;0xe096be9b4c427682e5b5bcb63c30e2ffa59dbbc5e5fa49cf2a0fc505f9dedff1,0.022521616730343696,-0.11327433628318573,-0.09931170108161247,0.32763028515240933
2026-06-10,WLD,0.4509,316105144.5810145,246818.2656960426,316351962.84671056,0.0007802014676154839,1280.7202242086041,12,binance;bitget;bybit;coinbase;crypto_com;gate;htx;kraken;kucoin;mexc;okx;upbit,eth;optimism,eth;optimism,5,uniswap-v4-ethereum;uniswap_v3;uniswap_v3_optimism;velodrome-finance-slipstream,0x2ae3d6096d8215ac2acddf30c60caa984ea5debe;0x4e5541815227e3272c405886149f45d2f437c7ff;0x841820459769cd629b10a36fd12e603938cc2679;0xd1f1bad4c9e6c44dec1e9bf3b94902205c5cd6c3;0xe096be9b4c427682e5b5bcb63c30e2ffa59dbbc5e5fa49cf2a0fc505f9dedff1,-0.11327433628318573,0.10135284985584381,0.11266356176535819,0.4608560656464846
2026-06-11,WLD,0.4966,388888882.30536884,255370.55456008518,389144252.8599289,0.0006562362226431362,1522.841515441314,12,binance;bitget;bybit;coinbase;crypto_com;gate;htx;kraken;kucoin;mexc;okx;upbit,eth;optimism,eth;optimism,5,uniswap-v4-ethereum;uniswap_v3;uniswap_v3_optimism;velodrome-finance-slipstream,0x2ae3d6096d8215ac2acddf30c60caa984ea5debe;0x4e5541815227e3272c405886149f45d2f437c7ff;0x841820459769cd629b10a36fd12e603938cc2679;0xd1f1bad4c9e6c44dec1e9bf3b94902205c5cd6c3;0xe096be9b4c427682e5b5bcb63c30e2ffa59dbbc5e5fa49cf2a0fc505f9dedff1,0.10135284985584381,-0.07772855416834468,0.05416834474426091,0.2950060410793396
2026-06-12,WLD,0.458,288836196.9234586,158832.1316983475,288995029.05515695,0.0005496016046284075,1818.4997823489114,12,binance;bitget;bybit;coinbase;crypto_com;gate;htx;kraken;kucoin;mexc;okx;upbit,eth;optimism,eth;optimism,5,uniswap-v4-ethereum;uniswap_v3;uniswap_v3_optimism;velodrome-finance-slipstream,0x2ae3d6096d8215ac2acddf30c60caa984ea5debe;0x4e5541815227e3272c405886149f45d2f437c7ff;0x841820459769cd629b10a36fd12e603938cc2679;0xd1f1bad4c9e6c44dec1e9bf3b94902205c5cd6c3;0xe096be9b4c427682e5b5bcb63c30e2ffa59dbbc5e5fa49cf2a0fc505f9dedff1,-0.07772855416834468,0.09541484716157211,0.28253275109170306,0.36113537117903904
2026-06-13,WLD,0.5017,295278844.46770906,143041.5437176954,295421886.01142675,0.0004841941321577056,2064.287316770482,12,binance;bitget;bybit;coinbase;crypto_com;gate;htx;kraken;kucoin;mexc;okx;upbit,eth;optimism,eth;optimism,5,uniswap-v4-ethereum;uniswap_v3;uniswap_v3_optimism;velodrome-finance-slipstream,0x2ae3d6096d8215ac2acddf30c60caa984ea5debe;0x4e5541815227e3272c405886149f45d2f437c7ff;0x841820459769cd629b10a36fd12e603938cc2679;0xd1f1bad4c9e6c44dec1e9bf3b94902205c5cd6c3;0xe096be9b4c427682e5b5bcb63c30e2ffa59dbbc5e5fa49cf2a0fc505f9dedff1,0.09541484716157211,0.043452262308152134,0.3456248754235598,0.21726131154076134
2026-06-14,WLD,0.5235,235496341.77022648,177567.52670887954,235673909.29693535,0.0007534458406473618,1326.2354110294093,12,binance;bitget;bybit;coinbase;crypto_com;gate;htx;kraken;kucoin;mexc;okx;upbit,eth;optimism,eth;optimism,5,uniswap-v4-ethereum;uniswap_v3;uniswap_v3_optimism;velodrome-finance-slipstream,0x2ae3d6096d8215ac2acddf30c60caa984ea5debe;0x4e5541815227e3272c405886149f45d2f437c7ff;0x841820459769cd629b10a36fd12e603938cc2679;0xd1f1bad4c9e6c44dec1e9bf3b94902205c5cd6c3;0xe096be9b4c427682e5b5bcb63c30e2ffa59dbbc5e5fa49cf2a0fc505f9dedff1,0.043452262308152134,0.12206303724928391,0.25826170009551097,0.15663801337153793
2026-06-15,WLD,0.5874,560745426.518834,310659.04378432466,561056085.5626184,0.0005537040801772973,1805.018838943353,12,binance;bitget;bybit;coinbase;crypto_com;gate;htx;kraken;kucoin;mexc;okx;upbit,eth;optimism,eth;optimism,5,uniswap-v4-ethereum;uniswap_v3;uniswap_v3_optimism;velodrome-finance-slipstream,0x2ae3d6096d8215ac2acddf30c60caa984ea5debe;0x4e5541815227e3272c405886149f45d2f437c7ff;0x841820459769cd629b10a36fd12e603938cc2679;0xd1f1bad4c9e6c44dec1e9bf3b94902205c5cd6c3;0xe096be9b4c427682e5b5bcb63c30e2ffa59dbbc5e5fa49cf2a0fc505f9dedff1,0.12206303724928391,0.14930200885257072,0.09482465100442616,0.05430711610486871
2026-06-16,WLD,0.6751,523906162.89810026,271403.89783559385,524177566.79593587,0.0005177709139568201,1930.356074751228,12,binance;bitget;bybit;coinbase;crypto_com;gate;htx;kraken;kucoin;mexc;okx;upbit,eth;optimism,eth;optimism,5,uniswap-v4-ethereum;uniswap_v3;uniswap_v3_optimism;velodrome-finance-slipstream,0x2ae3d6096d8215ac2acddf30c60caa984ea5debe;0x4e5541815227e3272c405886149f45d2f437c7ff;0x841820459769cd629b10a36fd12e603938cc2679;0xd1f1bad4c9e6c44dec1e9bf3b94902205c5cd6c3;0xe096be9b4c427682e5b5bcb63c30e2ffa59dbbc5e5fa49cf2a0fc505f9dedff1,0.14930200885257072,-0.024292697378166306,-0.07658124722263382,-0.19434157902532956
2026-06-17,WLD,0.6587,456095278.6779127,398520.140439983,456493798.8183527,0.000873002309059978,1144.4723425379816,12,binance;bitget;bybit;coinbase;crypto_com;gate;htx;kraken;kucoin;mexc;okx;upbit,eth;optimism,eth;optimism,5,uniswap-v4-ethereum;uniswap_v3;uniswap_v3_optimism;velodrome-finance-slipstream,0x2ae3d6096d8215ac2acddf30c60caa984ea5debe;0x4e5541815227e3272c405886149f45d2f437c7ff;0x841820459769cd629b10a36fd12e603938cc2679;0xd1f1bad4c9e6c44dec1e9bf3b94902205c5cd6c3;0xe096be9b4c427682e5b5bcb63c30e2ffa59dbbc5e5fa49cf2a0fc505f9dedff1,-0.024292697378166306,-0.023683011993320124,-0.07287080613329278,-0.19523303476544696
2026-06-18,WLD,0.6431,533024167.4051551,199706.44170664248,533223873.8468618,0.0003745264447105322,2669.038428856179,12,binance;bitget;bybit;coinbase;crypto_com;gate;htx;kraken;kucoin;mexc;okx;upbit,eth;optimism,eth;optimism,5,uniswap-v4-ethereum;uniswap_v3;uniswap_v3_optimism;velodrome-finance-slipstream,0x2ae3d6096d8215ac2acddf30c60caa984ea5debe;0x4e5541815227e3272c405886149f45d2f437c7ff;0x841820459769cd629b10a36fd12e603938cc2679;0xd1f1bad4c9e6c44dec1e9bf3b94902205c5cd6c3;0xe096be9b4c427682e5b5bcb63c30e2ffa59dbbc5e5fa49cf2a0fc505f9dedff1,-0.023683011993320124,-0.030632872026123525,-0.05846680143057059,-0.22842481729124553
2026-06-19,WLD,0.6234,247941085.99637538,230820.7643145409,248171906.7606899,0.0009300841796614773,1074.1714972336913,12,binance;bitget;bybit;coinbase;crypto_com;gate;htx;kraken;kucoin;mexc;okx;upbit,eth;optimism,eth;optimism,5,uniswap-v4-ethereum;uniswap_v3;uniswap_v3_optimism;velodrome-finance-slipstream,0x2ae3d6096d8215ac2acddf30c60caa984ea5debe;0x4e5541815227e3272c405886149f45d2f437c7ff;0x841820459769cd629b10a36fd12e603938cc2679;0xd1f1bad4c9e6c44dec1e9bf3b94902205c5cd6c3;0xe096be9b4c427682e5b5bcb63c30e2ffa59dbbc5e5fa49cf2a0fc505f9dedff1,-0.030632872026123525,-0.02037215271093995,-0.006576836701956967,-0.2500802053256336
2026-06-20,WLD,0.6107,141107567.67572019,200420.89498689238,141307988.57070708,0.0014183267132601399,704.0561698167683,12,binance;bitget;bybit;coinbase;crypto_com;gate;htx;kraken;kucoin;mexc;okx;upbit,eth;optimism,eth;optimism,5,uniswap-v4-ethereum;uniswap_v3;uniswap_v3_optimism;velodrome-finance-slipstream,0x2ae3d6096d8215ac2acddf30c60caa984ea5debe;0x4e5541815227e3272c405886149f45d2f437c7ff;0x841820459769cd629b10a36fd12e603938cc2679;0xd1f1bad4c9e6c44dec1e9bf3b94902205c5cd6c3;0xe096be9b4c427682e5b5bcb63c30e2ffa59dbbc5e5fa49cf2a0fc505f9dedff1,-0.02037215271093995,-0.008514819060094991,-0.10938267561814308,-0.2647781234648764
2026-06-21,WLD,0.6055,176549871.63125953,188975.58229711573,176738847.21355665,0.0010692362504139976,934.2470042170847,12,binance;bitget;bybit;coinbase;crypto_com;gate;htx;kraken;kucoin;mexc;okx;upbit,eth;optimism,eth;optimism,5,uniswap-v4-ethereum;uniswap_v3;uniswap_v3_optimism;velodrome-finance-slipstream,0x2ae3d6096d8215ac2acddf30c60caa984ea5debe;0x4e5541815227e3272c405886149f45d2f437c7ff;0x841820459769cd629b10a36fd12e603938cc2679;0xd1f1bad4c9e6c44dec1e9bf3b94902205c5cd6c3;0xe096be9b4c427682e5b5bcb63c30e2ffa59dbbc5e5fa49cf2a0fc505f9dedff1,-0.008514819060094991,0.02279108175061917,-0.12452518579686211,-0.269364161849711
2026-06-22,WLD,0.6193,182393062.7946663,163343.765722072,182556406.56038836,0.0008947577836335153,1116.6209006409617,12,binance;bitget;bybit;coinbase;crypto_com;gate;htx;kraken;kucoin;mexc;okx;upbit,eth;optimism,eth;optimism,5,uniswap-v4-ethereum;uniswap_v3;uniswap_v3_optimism;velodrome-finance-slipstream,0x2ae3d6096d8215ac2acddf30c60caa984ea5debe;0x4e5541815227e3272c405886149f45d2f437c7ff;0x841820459769cd629b10a36fd12e603938cc2679;0xd1f1bad4c9e6c44dec1e9bf3b94902205c5cd6c3;0xe096be9b4c427682e5b5bcb63c30e2ffa59dbbc5e5fa49cf2a0fc505f9dedff1,0.02279108175061917,-0.12175036331341826,-0.1987728080090425,-0.32036169869207165
2026-06-23,WLD,0.5439,199909253.21613824,348281.5106052597,200257534.7267435,0.001739168072155181,573.9875564129911,12,binance;bitget;bybit;coinbase;crypto_com;gate;htx;kraken;kucoin;mexc;okx;upbit,eth;optimism,eth;optimism,5,uniswap-v4-ethereum;uniswap_v3;uniswap_v3_optimism;velodrome-finance-slipstream,0x2ae3d6096d8215ac2acddf30c60caa984ea5debe;0x4e5541815227e3272c405886149f45d2f437c7ff;0x841820459769cd629b10a36fd12e603938cc2679;0xd1f1bad4c9e6c44dec1e9bf3b94902205c5cd6c3;0xe096be9b4c427682e5b5bcb63c30e2ffa59dbbc5e5fa49cf2a0fc505f9dedff1,-0.12175036331341826,-0.025372311086596877,-0.14046699760985482,-0.25225225225225234
2026-06-24,WLD,0.5301,205295831.5669186,340052.7583757186,205635884.32529432,0.001653664483178388,603.7175894338451,12,binance;bitget;bybit;coinbase;crypto_com;gate;htx;kraken;kucoin;mexc;okx;upbit,eth;optimism,eth;optimism,5,uniswap-v4-ethereum;uniswap_v3;uniswap_v3_optimism;velodrome-finance-slipstream,0x2ae3d6096d8215ac2acddf30c60caa984ea5debe;0x4e5541815227e3272c405886149f45d2f437c7ff;0x841820459769cd629b10a36fd12e603938cc2679;0xd1f1bad4c9e6c44dec1e9bf3b94902205c5cd6c3;0xe096be9b4c427682e5b5bcb63c30e2ffa59dbbc5e5fa49cf2a0fc505f9dedff1,-0.025372311086596877,-0.0639501980758348,-0.15299000188643652,-0.3180531975099038
2026-06-25,WLD,0.4962,145713350.7766601,205344.06226920628,145918694.83892933,0.0014072498557903973,709.6058642573738,12,binance;bitget;bybit;coinbase;crypto_com;gate;htx;kraken;kucoin;mexc;okx;upbit,eth;optimism,eth;optimism,5,uniswap-v4-ethereum;uniswap_v3;uniswap_v3_optimism;velodrome-finance-slipstream,0x2ae3d6096d8215ac2acddf30c60caa984ea5debe;0x4e5541815227e3272c405886149f45d2f437c7ff;0x841820459769cd629b10a36fd12e603938cc2679;0xd1f1bad4c9e6c44dec1e9bf3b94902205c5cd6c3;0xe096be9b4c427682e5b5bcb63c30e2ffa59dbbc5e5fa49cf2a0fc505f9dedff1,-0.0639501980758348,-0.05783958081418772,-0.10842402257154371,-0.1846029826682788
2026-06-26,WLD,0.4675,133964817.7694279,123078.02004926288,134087895.78947715,0.0009178906069381522,1088.454443090712,12,binance;bitget;bybit;coinbase;crypto_com;gate;htx;kraken;kucoin;mexc;okx;upbit,eth;optimism,eth;optimism,5,uniswap-v4-ethereum;uniswap_v3;uniswap_v3_optimism;velodrome-finance-slipstream,0x2ae3d6096d8215ac2acddf30c60caa984ea5debe;0x4e5541815227e3272c405886149f45d2f437c7ff;0x841820459769cd629b10a36fd12e603938cc2679;0xd1f1bad4c9e6c44dec1e9bf3b94902205c5cd6c3;0xe096be9b4c427682e5b5bcb63c30e2ffa59dbbc5e5fa49cf2a0fc505f9dedff1,-0.05783958081418772,-0.039572192513368964,-0.09967914438502679,-0.07058823529411773
2026-06-27,WLD,0.449,80507955.09953755,143688.4887509823,80651643.58828853,0.0017815940551005383,560.2950925251984,12,binance;bitget;bybit;coinbase;crypto_com;gate;htx;kraken;kucoin;mexc;okx;upbit,eth;optimism,eth;optimism,5,uniswap-v4-ethereum;uniswap_v3;uniswap_v3_optimism;velodrome-finance-slipstream,0x2ae3d6096d8215ac2acddf30c60caa984ea5debe;0x4e5541815227e3272c405886149f45d2f437c7ff;0x841820459769cd629b10a36fd12e603938cc2679;0xd1f1bad4c9e6c44dec1e9bf3b94902205c5cd6c3;0xe096be9b4c427682e5b5bcb63c30e2ffa59dbbc5e5fa49cf2a0fc505f9dedff1,-0.039572192513368964,-0.014699331848552322,-0.09420935412026732,-0.052338530066815214
2026-06-28,WLD,0.4424,75666250.98508018,65973.31709355405,75732224.30217373,0.0008711393030042091,1146.9220333090266,12,binance;bitget;bybit;coinbase;crypto_com;gate;htx;kraken;kucoin;mexc;okx;upbit,eth;optimism,eth;optimism,5,uniswap-v4-ethereum;uniswap_v3;uniswap_v3_optimism;velodrome-finance-slipstream,0x2ae3d6096d8215ac2acddf30c60caa984ea5debe;0x4e5541815227e3272c405886149f45d2f437c7ff;0x841820459769cd629b10a36fd12e603938cc2679;0xd1f1bad4c9e6c44dec1e9bf3b94902205c5cd6c3;0xe096be9b4c427682e5b5bcb63c30e2ffa59dbbc5e5fa49cf2a0fc505f9dedff1,-0.014699331848552322,-0.04859855334538887,-0.18286618444846303,-0.0535714285714286
2026-06-29,WLD,0.4209,89288972.13902774,79296.18438119799,89368268.32340895,0.0008872968657537175,1126.0185195014144,12,binance;bitget;bybit;coinbase;crypto_com;gate;htx;kraken;kucoin;mexc;okx;upbit,eth;optimism,eth;optimism,5,uniswap-v4-ethereum;uniswap_v3;uniswap_v3_optimism;velodrome-finance-slipstream,0x2ae3d6096d8215ac2acddf30c60caa984ea5debe;0x4e5541815227e3272c405886149f45d2f437c7ff;0x841820459769cd629b10a36fd12e603938cc2679;0xd1f1bad4c9e6c44dec1e9bf3b94902205c5cd6c3;0xe096be9b4c427682e5b5bcb63c30e2ffa59dbbc5e5fa49cf2a0fc505f9dedff1,-0.04859855334538887,-0.03373722974578286,-0.03872653837015916,-0.02542171537182225
2026-06-30,WLD,0.4067,85383831.62625104,102551.34018736321,85486382.9664384,0.0011996219354329736,832.5959609133648,12,binance;bitget;bybit;coinbase;crypto_com;gate;htx;kraken;kucoin;mexc;okx;upbit,eth;optimism,eth;optimism,5,uniswap-v4-ethereum;uniswap_v3;uniswap_v3_optimism;velodrome-finance-slipstream,0x2ae3d6096d8215ac2acddf30c60caa984ea5debe;0x4e5541815227e3272c405886149f45d2f437c7ff;0x841820459769cd629b10a36fd12e603938cc2679;0xd1f1bad4c9e6c44dec1e9bf3b94902205c5cd6c3;0xe096be9b4c427682e5b5bcb63c30e2ffa59dbbc5e5fa49cf2a0fc505f9dedff1,-0.03373722974578286,-0.111138431276125,0.06835505286451937,-0.06343742316203582
2026-07-01,WLD,0.3615,122513612.43286456,142094.0161541825,122655706.44901875,0.0011584786412953659,862.2010676362912,12,binance;bitget;bybit;coinbase;crypto_com;gate;htx;kraken;kucoin;mexc;okx;upbit,eth;optimism,eth;optimism,5,uniswap-v4-ethereum;uniswap_v3;uniswap_v3_optimism;velodrome-finance-slipstream,0x2ae3d6096d8215ac2acddf30c60caa984ea5debe;0x4e5541815227e3272c405886149f45d2f437c7ff;0x841820459769cd629b10a36fd12e603938cc2679;0xd1f1bad4c9e6c44dec1e9bf3b94902205c5cd6c3;0xe096be9b4c427682e5b5bcb63c30e2ffa59dbbc5e5fa49cf2a0fc505f9dedff1,-0.111138431276125,0.11922544951590597,0.1770401106500692,
2026-07-02,WLD,0.4046,112263844.61230175,111961.32702556603,112375805.93932731,0.0009963116712685908,1002.7019828611592,12,binance;bitget;bybit;coinbase;crypto_com;gate;htx;kraken;kucoin;mexc;okx;upbit,eth;optimism,eth;optimism,5,uniswap-v4-ethereum;uniswap_v3;uniswap_v3_optimism;velodrome-finance-slipstream,0x2ae3d6096d8215ac2acddf30c60caa984ea5debe;0x4e5541815227e3272c405886149f45d2f437c7ff;0x841820459769cd629b10a36fd12e603938cc2679;0xd1f1bad4c9e6c44dec1e9bf3b94902205c5cd6c3;0xe096be9b4c427682e5b5bcb63c30e2ffa59dbbc5e5fa49cf2a0fc505f9dedff1,0.11922544951590597,0.073900148294612,0.03484923381117144,
2026-07-03,WLD,0.4345,130169169.79842845,118861.27671618508,130288031.07514463,0.0009122962081423344,1095.1352147196278,12,binance;bitget;bybit;coinbase;crypto_com;gate;htx;kraken;kucoin;mexc;okx;upbit,eth;optimism,eth;optimism,5,uniswap-v4-ethereum;uniswap_v3;uniswap_v3_optimism;velodrome-finance-slipstream,0x2ae3d6096d8215ac2acddf30c60caa984ea5debe;0x4e5541815227e3272c405886149f45d2f437c7ff;0x841820459769cd629b10a36fd12e603938cc2679;0xd1f1bad4c9e6c44dec1e9bf3b94902205c5cd6c3;0xe096be9b4c427682e5b5bcb63c30e2ffa59dbbc5e5fa49cf2a0fc505f9dedff1,0.073900148294612,-0.020713463751438455,-0.05592635212888375,
2026-07-04,WLD,0.4255,90125353.83100381,74230.05804567438,90199583.88904949,0.0008229534421908363,1214.1355699270628,12,binance;bitget;bybit;coinbase;crypto_com;gate;htx;kraken;kucoin;mexc;okx;upbit,eth;optimism,eth;optimism,5,uniswap-v4-ethereum;uniswap_v3;uniswap_v3_optimism;velodrome-finance-slipstream,0x2ae3d6096d8215ac2acddf30c60caa984ea5debe;0x4e5541815227e3272c405886149f45d2f437c7ff;0x841820459769cd629b10a36fd12e603938cc2679;0xd1f1bad4c9e6c44dec1e9bf3b94902205c5cd6c3;0xe096be9b4c427682e5b5bcb63c30e2ffa59dbbc5e5fa49cf2a0fc505f9dedff1,-0.020713463751438455,-0.01598119858989422,-0.10481786133960036,
2026-07-05,WLD,0.4187,58277063.85850595,48670.26744723174,58325734.12595318,0.000834456148329472,1197.3853219871844,12,binance;bitget;bybit;coinbase;crypto_com;gate;htx;kraken;kucoin;mexc;okx;upbit,eth;optimism,eth;optimism,5,uniswap-v4-ethereum;uniswap_v3;uniswap_v3_optimism;velodrome-finance-slipstream,0x2ae3d6096d8215ac2acddf30c60caa984ea5debe;0x4e5541815227e3272c405886149f45d2f437c7ff;0x841820459769cd629b10a36fd12e603938cc2679;0xd1f1bad4c9e6c44dec1e9bf3b94902205c5cd6c3;0xe096be9b4c427682e5b5bcb63c30e2ffa59dbbc5e5fa49cf2a0fc505f9dedff1,-0.01598119858989422,-0.02030093145450207,,
2026-07-06,WLD,0.4102,63531247.34487744,62561.36671914677,63593808.711596586,0.0009837650549107378,1015.5028682491017,12,binance;bitget;bybit;coinbase;crypto_com;gate;htx;kraken;kucoin;mexc;okx;upbit,eth;optimism,eth;optimism,5,uniswap-v4-ethereum;uniswap_v3;uniswap_v3_optimism;velodrome-finance-slipstream,0x2ae3d6096d8215ac2acddf30c60caa984ea5debe;0x4e5541815227e3272c405886149f45d2f437c7ff;0x841820459769cd629b10a36fd12e603938cc2679;0xd1f1bad4c9e6c44dec1e9bf3b94902205c5cd6c3;0xe096be9b4c427682e5b5bcb63c30e2ffa59dbbc5e5fa49cf2a0fc505f9dedff1,-0.02030093145450207,-0.0714285714285714,,
2026-07-07,WLD,0.3809,61832633.08316813,46055.701917873266,61878688.785086,0.0007442902043033209,1342.5619523382436,12,binance;bitget;bybit;coinbase;crypto_com;gate;htx;kraken;kucoin;mexc;okx;upbit,eth;optimism,eth;optimism,5,uniswap-v4-ethereum;uniswap_v3;uniswap_v3_optimism;velodrome-finance-slipstream,0x2ae3d6096d8215ac2acddf30c60caa984ea5debe;0x4e5541815227e3272c405886149f45d2f437c7ff;0x841820459769cd629b10a36fd12e603938cc2679;0xd1f1bad4c9e6c44dec1e9bf3b94902205c5cd6c3;0xe096be9b4c427682e5b5bcb63c30e2ffa59dbbc5e5fa49cf2a0fc505f9dedff1,-0.0714285714285714,,,
2026-01-17,ZK,0.03432,7220311.0732372,108303.57420388934,7328614.647441089,0.014778178334387574,66.66733878647847,12,binance;bitget;bybit;coinbase;crypto_com;gate;htx;kraken;kucoin;mexc;okx;upbit,zksync,zksync,5,pancakeswap-v2-zksync;syncswap;syncswap-v2-1-zksync;uniswap-v3-zksync;zkswap-finance,0x3d7264539e6e3f596bb485e3091f3ae02ad01ef8;0x40b768de8b2e4ed83d982804cb2fcc53d2529be9;0x45856bd6bb9f076f4c558a4d5932c6c8d832b0d0;0x9ee3178701d91cc7b01d5b2d2cae65ccb29b3de4;0xf92b0178bc932a59d45c1c4aac81712aac6a5b61,,-0.02651515151515149,-0.14015151515151514,-0.15967365967365976
2026-01-18,ZK,0.03341,15531038.418469656,253466.70055947744,15784505.119029135,0.016057944081750694,61.274472679006635,12,binance;bitget;bybit;coinbase;crypto_com;gate;htx;kraken;kucoin;mexc;okx;upbit,zksync,zksync,5,pancakeswap-v2-zksync;syncswap;syncswap-v2-1-zksync;uniswap-v3-zksync;zkswap-finance,0x3d7264539e6e3f596bb485e3091f3ae02ad01ef8;0x40b768de8b2e4ed83d982804cb2fcc53d2529be9;0x45856bd6bb9f076f4c558a4d5932c6c8d832b0d0;0x9ee3178701d91cc7b01d5b2d2cae65ccb29b3de4;0xf92b0178bc932a59d45c1c4aac81712aac6a5b61,-0.02651515151515149,-0.033822208919485175,-0.08949416342412464,-0.18467524693205628
2026-01-19,ZK,0.03228,19498496.157736346,329931.0412516629,19828427.19898801,0.016639294581493668,59.09870160674999,12,binance;bitget;bybit;coinbase;crypto_com;gate;htx;kraken;kucoin;mexc;okx;upbit,zksync,zksync,5,pancakeswap-v2-zksync;syncswap;syncswap-v2-1-zksync;uniswap-v3-zksync;zkswap-finance,0x3d7264539e6e3f596bb485e3091f3ae02ad01ef8;0x40b768de8b2e4ed83d982804cb2fcc53d2529be9;0x45856bd6bb9f076f4c558a4d5932c6c8d832b0d0;0x9ee3178701d91cc7b01d5b2d2cae65ccb29b3de4;0xf92b0178bc932a59d45c1c4aac81712aac6a5b61,-0.033822208919485175,-0.08581164807930608,-0.0972738537794301,-0.12391573729863703
2026-01-20,ZK,0.02951,10678247.193485629,173614.37559125773,10851861.569076886,0.015998580011929348,61.50554732072156,12,binance;bitget;bybit;coinbase;crypto_com;gate;htx;kraken;kucoin;mexc;okx;upbit,zksync,zksync,5,pancakeswap-v2-zksync;syncswap;syncswap-v2-1-zksync;uniswap-v3-zksync;zkswap-finance,0x3d7264539e6e3f596bb485e3091f3ae02ad01ef8;0x40b768de8b2e4ed83d982804cb2fcc53d2529be9;0x45856bd6bb9f076f4c558a4d5932c6c8d832b0d0;0x9ee3178701d91cc7b01d5b2d2cae65ccb29b3de4;0xf92b0178bc932a59d45c1c4aac81712aac6a5b61,-0.08581164807930608,0.03083700440528636,-0.012199254490003475,-0.05184683158251435
2026-01-21,ZK,0.03042,12767331.361855807,239362.74238425755,13006694.104240064,0.018403042346189065,53.33884143656724,12,binance;bitget;bybit;coinbase;crypto_com;gate;htx;kraken;kucoin;mexc;okx;upbit,zksync,zksync,5,pancakeswap-v2-zksync;syncswap;syncswap-v2-1-zksync;uniswap-v3-zksync;zkswap-finance,0x3d7264539e6e3f596bb485e3091f3ae02ad01ef8;0x40b768de8b2e4ed83d982804cb2fcc53d2529be9;0x45856bd6bb9f076f4c558a4d5932c6c8d832b0d0;0x9ee3178701d91cc7b01d5b2d2cae65ccb29b3de4;0xf92b0178bc932a59d45c1c4aac81712aac6a5b61,0.03083700440528636,-0.04207758053911903,-0.051939513477974986,-0.0920447074293228
2026-01-22,ZK,0.02914,6754996.224946055,80547.27308686932,6835543.498032924,0.011783594546658732,83.86374815769204,12,binance;bitget;bybit;coinbase;crypto_com;gate;htx;kraken;kucoin;mexc;okx;upbit,zksync,zksync,5,pancakeswap-v2-zksync;syncswap;syncswap-v2-1-zksync;uniswap-v3-zksync;zkswap-finance,0x3d7264539e6e3f596bb485e3091f3ae02ad01ef8;0x40b768de8b2e4ed83d982804cb2fcc53d2529be9;0x45856bd6bb9f076f4c558a4d5932c6c8d832b0d0;0x9ee3178701d91cc7b01d5b2d2cae65ccb29b3de4;0xf92b0178bc932a59d45c1c4aac81712aac6a5b61,-0.04207758053911903,0.00034317089910773646,-0.06520247083047359,-0.13349347975291692
2026-01-23,ZK,0.02915,7802225.114279008,106034.68966064545,7908259.803939653,0.013408093852432898,73.58181684927199,12,binance;bitget;bybit;coinbase;crypto_com;gate;htx;kraken;kucoin;mexc;okx;upbit,zksync,zksync,5,pancakeswap-v2-zksync;syncswap;syncswap-v2-1-zksync;uniswap-v3-zksync;zkswap-finance,0x3d7264539e6e3f596bb485e3091f3ae02ad01ef8;0x40b768de8b2e4ed83d982804cb2fcc53d2529be9;0x45856bd6bb9f076f4c558a4d5932c6c8d832b0d0;0x9ee3178701d91cc7b01d5b2d2cae65ccb29b3de4;0xf92b0178bc932a59d45c1c4aac81712aac6a5b61,0.00034317089910773646,-0.010634648370497324,-0.02984562607204111,-0.1595197255574613
2026-01-24,ZK,0.02884,5747621.409280896,94445.884622921,5842067.293903817,0.01616651775330884,60.85623986930194,12,binance;bitget;bybit;coinbase;crypto_com;gate;htx;kraken;kucoin;mexc;okx;upbit,zksync,zksync,5,pancakeswap-v2-zksync;syncswap;syncswap-v2-1-zksync;uniswap-v3-zksync;zkswap-finance,0x3d7264539e6e3f596bb485e3091f3ae02ad01ef8;0x40b768de8b2e4ed83d982804cb2fcc53d2529be9;0x45856bd6bb9f076f4c558a4d5932c6c8d832b0d0;0x9ee3178701d91cc7b01d5b2d2cae65ccb29b3de4;0xf92b0178bc932a59d45c1c4aac81712aac6a5b61,-0.010634648370497324,-0.0554785020804438,-0.029819694868238544,-0.2326629680998613
2026-01-25,ZK,0.02724,9364038.976418233,120279.94071977703,9484318.91713801,0.012681979778477624,77.8520418315982,12,binance;bitget;bybit;coinbase;crypto_com;gate;htx;kraken;kucoin;mexc;okx;upbit,zksync,zksync,5,pancakeswap-v2-zksync;syncswap;syncswap-v2-1-zksync;uniswap-v3-zksync;zkswap-finance,0x3d7264539e6e3f596bb485e3091f3ae02ad01ef8;0x40b768de8b2e4ed83d982804cb2fcc53d2529be9;0x45856bd6bb9f076f4c558a4d5932c6c8d832b0d0;0x9ee3178701d91cc7b01d5b2d2cae65ccb29b3de4;0xf92b0178bc932a59d45c1c4aac81712aac6a5b61,-0.0554785020804438,0.038179148311306976,0.013950073421439058,0.12922173274596171
2026-01-26,ZK,0.02828,7881360.350505992,85188.93540235278,7966549.285908344,0.01069332936319612,92.51624419628938,12,binance;bitget;bybit;coinbase;crypto_com;gate;htx;kraken;kucoin;mexc;okx;upbit,zksync,zksync,5,pancakeswap-v2-zksync;syncswap;syncswap-v2-1-zksync;uniswap-v3-zksync;zkswap-finance,0x3d7264539e6e3f596bb485e3091f3ae02ad01ef8;0x40b768de8b2e4ed83d982804cb2fcc53d2529be9;0x45856bd6bb9f076f4c558a4d5932c6c8d832b0d0;0x9ee3178701d91cc7b01d5b2d2cae65ccb29b3de4;0xf92b0178bc932a59d45c1c4aac81712aac6a5b61,0.038179148311306976,-0.010608203677510586,-0.1071428571428571,-0.08628005657708637
2026-01-27,ZK,0.02798,5603075.947424044,55848.86682136136,5658924.814245406,0.009869165725752548,100.32568727573451,12,binance;bitget;bybit;coinbase;crypto_com;gate;htx;kraken;kucoin;mexc;okx;upbit,zksync,zksync,5,pancakeswap-v2-zksync;syncswap;syncswap-v2-1-zksync;uniswap-v3-zksync;zkswap-finance,0x3d7264539e6e3f596bb485e3091f3ae02ad01ef8;0x40b768de8b2e4ed83d982804cb2fcc53d2529be9;0x45856bd6bb9f076f4c558a4d5932c6c8d832b0d0;0x9ee3178701d91cc7b01d5b2d2cae65ccb29b3de4;0xf92b0178bc932a59d45c1c4aac81712aac6a5b61,-0.010608203677510586,-0.012866333095068017,-0.12437455325232305,-0.1754824874910651
2026-01-28,ZK,0.02762,5563585.431220186,77129.24435812181,5640714.675578307,0.013673665270121862,72.13328067091757,12,binance;bitget;bybit;coinbase;crypto_com;gate;htx;kraken;kucoin;mexc;okx;upbit,zksync,zksync,5,pancakeswap-v2-zksync;syncswap;syncswap-v2-1-zksync;uniswap-v3-zksync;zkswap-finance,0x3d7264539e6e3f596bb485e3091f3ae02ad01ef8;0x40b768de8b2e4ed83d982804cb2fcc53d2529be9;0x45856bd6bb9f076f4c558a4d5932c6c8d832b0d0;0x9ee3178701d91cc7b01d5b2d2cae65ccb29b3de4;0xf92b0178bc932a59d45c1c4aac81712aac6a5b61,-0.012866333095068017,-0.08580738595220849,-0.19876900796524255,-0.16220130340333083
2026-01-29,ZK,0.02525,9099318.635636443,211666.37024151097,9310985.005877955,0.022732972946244417,42.988967143217586,12,binance;bitget;bybit;coinbase;crypto_com;gate;htx;kraken;kucoin;mexc;okx;upbit,zksync,zksync,5,pancakeswap-v2-zksync;syncswap;syncswap-v2-1-zksync;uniswap-v3-zksync;zkswap-finance,0x3d7264539e6e3f596bb485e3091f3ae02ad01ef8;0x40b768de8b2e4ed83d982804cb2fcc53d2529be9;0x45856bd6bb9f076f4c558a4d5932c6c8d832b0d0;0x9ee3178701d91cc7b01d5b2d2cae65ccb29b3de4;0xf92b0178bc932a59d45c1c4aac81712aac6a5b61,-0.08580738595220849,-0.02970297029702973,0.2182178217821782,-0.1861386138613862
2026-01-30,ZK,0.0245,7098439.128176371,113754.1923781647,7212193.320554535,0.01577248242278374,62.4015605910884,12,binance;bitget;bybit;coinbase;crypto_com;gate;htx;kraken;kucoin;mexc;okx;upbit,zksync,zksync,5,pancakeswap-v2-zksync;syncswap;syncswap-v2-1-zksync;uniswap-v3-zksync;zkswap-finance,0x3d7264539e6e3f596bb485e3091f3ae02ad01ef8;0x40b768de8b2e4ed83d982804cb2fcc53d2529be9;0x45856bd6bb9f076f4c558a4d5932c6c8d832b0d0;0x9ee3178701d91cc7b01d5b2d2cae65ccb29b3de4;0xf92b0178bc932a59d45c1c4aac81712aac6a5b61,-0.02970297029702973,-0.09673469387755107,0.0546938775510204,-0.05877551020408167
2026-01-31,ZK,0.02213,18728664.73671453,221811.87350269614,18950476.61021723,0.011704817671081969,84.4349062156354,12,binance;bitget;bybit;coinbase;crypto_com;gate;htx;kraken;kucoin;mexc;okx;upbit,zksync,zksync,5,pancakeswap-v2-zksync;syncswap;syncswap-v2-1-zksync;uniswap-v3-zksync;zkswap-finance,0x3d7264539e6e3f596bb485e3091f3ae02ad01ef8;0x40b768de8b2e4ed83d982804cb2fcc53d2529be9;0x45856bd6bb9f076f4c558a4d5932c6c8d832b0d0;0x9ee3178701d91cc7b01d5b2d2cae65ccb29b3de4;0xf92b0178bc932a59d45c1c4aac81712aac6a5b61,-0.09673469387755107,0.38996836873023044,0.04247627654767294,-0.012652507907817356
2026-02-01,ZK,0.03076,799001574.4500213,5395073.58695706,804396648.0369784,0.006706981686364569,148.09836447489045,12,binance;bitget;bybit;coinbase;crypto_com;gate;htx;kraken;kucoin;mexc;okx;upbit,zksync,zksync,5,pancakeswap-v2-zksync;syncswap;syncswap-v2-1-zksync;uniswap-v3-zksync;zkswap-finance,0x3d7264539e6e3f596bb485e3091f3ae02ad01ef8;0x40b768de8b2e4ed83d982804cb2fcc53d2529be9;0x45856bd6bb9f076f4c558a4d5932c6c8d832b0d0;0x9ee3178701d91cc7b01d5b2d2cae65ccb29b3de4;0xf92b0178bc932a59d45c1c4aac81712aac6a5b61,0.38996836873023044,-0.15994798439531865,-0.2477243172951885,-0.31306892067620284
2026-02-02,ZK,0.02584,153389500.36070147,968117.230757548,154357617.591459,0.0062719109420299604,158.44103946035005,12,binance;bitget;bybit;coinbase;crypto_com;gate;htx;kraken;kucoin;mexc;okx;upbit,zksync,zksync,5,pancakeswap-v2-zksync;syncswap;syncswap-v2-1-zksync;uniswap-v3-zksync;zkswap-finance,0x3d7264539e6e3f596bb485e3091f3ae02ad01ef8;0x40b768de8b2e4ed83d982804cb2fcc53d2529be9;0x45856bd6bb9f076f4c558a4d5932c6c8d832b0d0;0x9ee3178701d91cc7b01d5b2d2cae65ccb29b3de4;0xf92b0178bc932a59d45c1c4aac81712aac6a5b61,-0.15994798439531865,-0.10719814241486059,-0.2047213622291022,-0.12693498452012375
2026-02-03,ZK,0.02307,58388747.33122596,518326.18774321506,58907073.51896918,0.008799048344785017,112.64865390160922,12,binance;bitget;bybit;coinbase;crypto_com;gate;htx;kraken;kucoin;mexc;okx;upbit,zksync,zksync,5,pancakeswap-v2-zksync;syncswap;syncswap-v2-1-zksync;uniswap-v3-zksync;zkswap-finance,0x3d7264539e6e3f596bb485e3091f3ae02ad01ef8;0x40b768de8b2e4ed83d982804cb2fcc53d2529be9;0x45856bd6bb9f076f4c558a4d5932c6c8d832b0d0;0x9ee3178701d91cc7b01d5b2d2cae65ccb29b3de4;0xf92b0178bc932a59d45c1c4aac81712aac6a5b61,-0.10719814241486059,0.0030342436064152434,-0.0004334633723450665,-0.06458604247941058
2026-02-04,ZK,0.02314,51663384.48873256,319622.3813864128,51983006.870118976,0.006148593562219254,161.63881973669817,12,binance;bitget;bybit;coinbase;crypto_com;gate;htx;kraken;kucoin;mexc;okx;upbit,zksync,zksync,5,pancakeswap-v2-zksync;syncswap;syncswap-v2-1-zksync;uniswap-v3-zksync;zkswap-finance,0x3d7264539e6e3f596bb485e3091f3ae02ad01ef8;0x40b768de8b2e4ed83d982804cb2fcc53d2529be9;0x45856bd6bb9f076f4c558a4d5932c6c8d832b0d0;0x9ee3178701d91cc7b01d5b2d2cae65ccb29b3de4;0xf92b0178bc932a59d45c1c4aac81712aac6a5b61,0.0030342436064152434,-0.11192739844425248,-0.055747623163353466,-0.039757994814174635
2026-02-05,ZK,0.02055,36458699.12180279,303529.0417325635,36762228.16353536,0.008256546376414571,120.11601563294954,12,binance;bitget;bybit;coinbase;crypto_com;gate;htx;kraken;kucoin;mexc;okx;upbit,zksync,zksync,5,pancakeswap-v2-zksync;syncswap;syncswap-v2-1-zksync;uniswap-v3-zksync;zkswap-finance,0x3d7264539e6e3f596bb485e3091f3ae02ad01ef8;0x40b768de8b2e4ed83d982804cb2fcc53d2529be9;0x45856bd6bb9f076f4c558a4d5932c6c8d832b0d0;0x9ee3178701d91cc7b01d5b2d2cae65ccb29b3de4;0xf92b0178bc932a59d45c1c4aac81712aac6a5b61,-0.11192739844425248,0.12214111922141124,0.028223844282238453,0.08029197080291972
2026-02-06,ZK,0.02306,103147702.70434842,709581.5502296799,103857284.2545781,0.0068322752257832225,145.36412716897894,12,binance;bitget;bybit;coinbase;crypto_com;gate;htx;kraken;kucoin;mexc;okx;upbit,zksync,zksync,5,pancakeswap-v2-zksync;syncswap;syncswap-v2-1-zksync;uniswap-v3-zksync;zkswap-finance,0x3d7264539e6e3f596bb485e3091f3ae02ad01ef8;0x40b768de8b2e4ed83d982804cb2fcc53d2529be9;0x45856bd6bb9f076f4c558a4d5932c6c8d832b0d0;0x9ee3178701d91cc7b01d5b2d2cae65ccb29b3de4;0xf92b0178bc932a59d45c1c4aac81712aac6a5b61,0.12214111922141124,-0.052471812662619244,-0.021682567215958404,-0.02818733738074597
2026-02-07,ZK,0.02185,43048032.47462176,207630.70966719126,43255663.18428895,0.004800081524183071,207.32979501742747,12,binance;bitget;bybit;coinbase;crypto_com;gate;htx;kraken;kucoin;mexc;okx;upbit,zksync,zksync,5,pancakeswap-v2-zksync;syncswap;syncswap-v2-1-zksync;uniswap-v3-zksync;zkswap-finance,0x3d7264539e6e3f596bb485e3091f3ae02ad01ef8;0x40b768de8b2e4ed83d982804cb2fcc53d2529be9;0x45856bd6bb9f076f4c558a4d5932c6c8d832b0d0;0x9ee3178701d91cc7b01d5b2d2cae65ccb29b3de4;0xf92b0178bc932a59d45c1c4aac81712aac6a5b61,-0.052471812662619244,-0.03295194508009158,-0.01235697940503444,0.05812356979405031
2026-02-08,ZK,0.02113,18947094.69829184,115165.51217100445,19062260.210462842,0.006041545488283321,164.5205612437002,12,binance;bitget;bybit;coinbase;crypto_com;gate;htx;kraken;kucoin;mexc;okx;upbit,zksync,zksync,5,pancakeswap-v2-zksync;syncswap;syncswap-v2-1-zksync;uniswap-v3-zksync;zkswap-finance,0x3d7264539e6e3f596bb485e3091f3ae02ad01ef8;0x40b768de8b2e4ed83d982804cb2fcc53d2529be9;0x45856bd6bb9f076f4c558a4d5932c6c8d832b0d0;0x9ee3178701d91cc7b01d5b2d2cae65ccb29b3de4;0xf92b0178bc932a59d45c1c4aac81712aac6a5b61,-0.03295194508009158,0.06767628963558914,0.051585423568386135,0.03738760056791279
2026-02-09,ZK,0.02256,29902040.448586706,261876.73014747028,30163917.178734176,0.008681787865804633,114.18364828271687,12,binance;bitget;bybit;coinbase;crypto_com;gate;htx;kraken;kucoin;mexc;okx;upbit,zksync,zksync,5,pancakeswap-v2-zksync;syncswap;syncswap-v2-1-zksync;uniswap-v3-zksync;zkswap-finance,0x3d7264539e6e3f596bb485e3091f3ae02ad01ef8;0x40b768de8b2e4ed83d982804cb2fcc53d2529be9;0x45856bd6bb9f076f4c558a4d5932c6c8d832b0d0;0x9ee3178701d91cc7b01d5b2d2cae65ccb29b3de4;0xf92b0178bc932a59d45c1c4aac81712aac6a5b61,0.06767628963558914,-0.043439716312056786,-0.015957446808510634,-0.022606382978723416
2026-02-10,ZK,0.02158,21166231.716301084,127488.08522800096,21293719.801529083,0.005987121386787767,166.0251754385297,12,binance;bitget;bybit;coinbase;crypto_com;gate;htx;kraken;kucoin;mexc;okx;upbit,zksync,zksync,5,pancakeswap-v2-zksync;syncswap;syncswap-v2-1-zksync;uniswap-v3-zksync;zkswap-finance,0x3d7264539e6e3f596bb485e3091f3ae02ad01ef8;0x40b768de8b2e4ed83d982804cb2fcc53d2529be9;0x45856bd6bb9f076f4c558a4d5932c6c8d832b0d0;0x9ee3178701d91cc7b01d5b2d2cae65ccb29b3de4;0xf92b0178bc932a59d45c1c4aac81712aac6a5b61,-0.043439716312056786,0.029657089898053934,0.03846153846153855,0.016218721037998263
2026-02-11,ZK,0.02222,17586405.837931123,153708.02693847546,17740113.8648696,0.008664432940470606,114.41436200967183,12,binance;bitget;bybit;coinbase;crypto_com;gate;htx;kraken;kucoin;mexc;okx;upbit,zksync,zksync,5,pancakeswap-v2-zksync;syncswap;syncswap-v2-1-zksync;uniswap-v3-zksync;zkswap-finance,0x3d7264539e6e3f596bb485e3091f3ae02ad01ef8;0x40b768de8b2e4ed83d982804cb2fcc53d2529be9;0x45856bd6bb9f076f4c558a4d5932c6c8d832b0d0;0x9ee3178701d91cc7b01d5b2d2cae65ccb29b3de4;0xf92b0178bc932a59d45c1c4aac81712aac6a5b61,0.029657089898053934,-0.0009000900090008201,0.04050405040504068,-0.07650765076507648
2026-02-12,ZK,0.0222,13159144.565196613,94573.59852342171,13253718.163720034,0.007135627705009002,139.14184054165682,12,binance;bitget;bybit;coinbase;crypto_com;gate;htx;kraken;kucoin;mexc;okx;upbit,zksync,zksync,5,pancakeswap-v2-zksync;syncswap;syncswap-v2-1-zksync;uniswap-v3-zksync;zkswap-finance,0x3d7264539e6e3f596bb485e3091f3ae02ad01ef8;0x40b768de8b2e4ed83d982804cb2fcc53d2529be9;0x45856bd6bb9f076f4c558a4d5932c6c8d832b0d0;0x9ee3178701d91cc7b01d5b2d2cae65ccb29b3de4;0xf92b0178bc932a59d45c1c4aac81712aac6a5b61,-0.0009000900090008201,0.009459459459459474,-0.012612612612612706,-0.10225225225225232
2026-02-13,ZK,0.02241,9831197.894510832,80735.25766182861,9911933.15217266,0.008145258490179762,121.77081214864312,12,binance;bitget;bybit;coinbase;crypto_com;gate;htx;kraken;kucoin;mexc;okx;upbit,zksync,zksync,5,pancakeswap-v2-zksync;syncswap;syncswap-v2-1-zksync;uniswap-v3-zksync;zkswap-finance,0x3d7264539e6e3f596bb485e3091f3ae02ad01ef8;0x40b768de8b2e4ed83d982804cb2fcc53d2529be9;0x45856bd6bb9f076f4c558a4d5932c6c8d832b0d0;0x9ee3178701d91cc7b01d5b2d2cae65ccb29b3de4;0xf92b0178bc932a59d45c1c4aac81712aac6a5b61,0.009459459459459474,0.031682284694332985,-0.016064257028112428,-0.09192324854975453
2026-02-14,ZK,0.02312,9916878.40842067,55853.33602049258,9972731.744441163,0.005600605476190156,177.55212338224828,12,binance;bitget;bybit;coinbase;crypto_com;gate;htx;kraken;kucoin;mexc;okx;upbit,zksync,zksync,5,pancakeswap-v2-zksync;syncswap;syncswap-v2-1-zksync;uniswap-v3-zksync;zkswap-finance,0x3d7264539e6e3f596bb485e3091f3ae02ad01ef8;0x40b768de8b2e4ed83d982804cb2fcc53d2529be9;0x45856bd6bb9f076f4c558a4d5932c6c8d832b0d0;0x9ee3178701d91cc7b01d5b2d2cae65ccb29b3de4;0xf92b0178bc932a59d45c1c4aac81712aac6a5b61,0.031682284694332985,-0.05190311418685134,-0.05147058823529416,-0.14446366782006936
2026-02-15,ZK,0.02192,18840535.05972419,111700.90460796315,18952235.964332152,0.005893811411919032,168.66949400140354,12,binance;bitget;bybit;coinbase;crypto_com;gate;htx;kraken;kucoin;mexc;okx;upbit,zksync,zksync,5,pancakeswap-v2-zksync;syncswap;syncswap-v2-1-zksync;uniswap-v3-zksync;zkswap-finance,0x3d7264539e6e3f596bb485e3091f3ae02ad01ef8;0x40b768de8b2e4ed83d982804cb2fcc53d2529be9;0x45856bd6bb9f076f4c558a4d5932c6c8d832b0d0;0x9ee3178701d91cc7b01d5b2d2cae65ccb29b3de4;0xf92b0178bc932a59d45c1c4aac81712aac6a5b61,-0.05190311418685134,0.005930656934306722,-0.06386861313868608,-0.1272810218978101
2026-02-16,ZK,0.02205,6893261.843942264,42439.28784460259,6935701.131786867,0.006118961448627015,162.4264259377516,12,binance;bitget;bybit;coinbase;crypto_com;gate;htx;kraken;kucoin;mexc;okx;upbit,zksync,zksync,5,pancakeswap-v2-zksync;syncswap;syncswap-v2-1-zksync;uniswap-v3-zksync;zkswap-finance,0x3d7264539e6e3f596bb485e3091f3ae02ad01ef8;0x40b768de8b2e4ed83d982804cb2fcc53d2529be9;0x45856bd6bb9f076f4c558a4d5932c6c8d832b0d0;0x9ee3178701d91cc7b01d5b2d2cae65ccb29b3de4;0xf92b0178bc932a59d45c1c4aac81712aac6a5b61,0.005930656934306722,-0.0054421768707482165,-0.09614512471655334,-0.09659863945578229
2026-02-17,ZK,0.02193,6609706.186279824,50023.912568468884,6659730.098848293,0.007511402388081736,132.1309319264655,12,binance;bitget;bybit;coinbase;crypto_com;gate;htx;kraken;kucoin;mexc;okx;upbit,zksync,zksync,5,pancakeswap-v2-zksync;syncswap;syncswap-v2-1-zksync;uniswap-v3-zksync;zkswap-finance,0x3d7264539e6e3f596bb485e3091f3ae02ad01ef8;0x40b768de8b2e4ed83d982804cb2fcc53d2529be9;0x45856bd6bb9f076f4c558a4d5932c6c8d832b0d0;0x9ee3178701d91cc7b01d5b2d2cae65ccb29b3de4;0xf92b0178bc932a59d45c1c4aac81712aac6a5b61,-0.0054421768707482165,-0.06429548563611498,-0.07204742362061112,-0.12767897856817145
2026-02-18,ZK,0.02052,7266165.62578311,40862.52004697564,7307028.1458300855,0.005592221520358413,177.81981183318874,12,binance;bitget;bybit;coinbase;crypto_com;gate;htx;kraken;kucoin;mexc;okx;upbit,zksync,zksync,5,pancakeswap-v2-zksync;syncswap;syncswap-v2-1-zksync;uniswap-v3-zksync;zkswap-finance,0x3d7264539e6e3f596bb485e3091f3ae02ad01ef8;0x40b768de8b2e4ed83d982804cb2fcc53d2529be9;0x45856bd6bb9f076f4c558a4d5932c6c8d832b0d0;0x9ee3178701d91cc7b01d5b2d2cae65ccb29b3de4;0xf92b0178bc932a59d45c1c4aac81712aac6a5b61,-0.06429548563611498,-0.02875243664717353,-0.03606237816764135,-0.02729044834308003
2026-02-19,ZK,0.01993,6806630.1612978345,57578.61354996879,6864208.774847804,0.008388237514125646,118.2145547042531,12,binance;bitget;bybit;coinbase;crypto_com;gate;htx;kraken;kucoin;mexc;okx;upbit,zksync,zksync,5,pancakeswap-v2-zksync;syncswap;syncswap-v2-1-zksync;uniswap-v3-zksync;zkswap-finance,0x3d7264539e6e3f596bb485e3091f3ae02ad01ef8;0x40b768de8b2e4ed83d982804cb2fcc53d2529be9;0x45856bd6bb9f076f4c558a4d5932c6c8d832b0d0;0x9ee3178701d91cc7b01d5b2d2cae65ccb29b3de4;0xf92b0178bc932a59d45c1c4aac81712aac6a5b61,-0.02875243664717353,0.021073758153537403,-0.04014049172102352,-0.006522829904666239
2026-02-20,ZK,0.02035,7175793.633499049,66544.25184374534,7242337.885342794,0.00918822801383226,107.83491337987775,12,binance;bitget;bybit;coinbase;crypto_com;gate;htx;kraken;kucoin;mexc;okx;upbit,zksync,zksync,5,pancakeswap-v2-zksync;syncswap;syncswap-v2-1-zksync;uniswap-v3-zksync;zkswap-finance,0x3d7264539e6e3f596bb485e3091f3ae02ad01ef8;0x40b768de8b2e4ed83d982804cb2fcc53d2529be9;0x45856bd6bb9f076f4c558a4d5932c6c8d832b0d0;0x9ee3178701d91cc7b01d5b2d2cae65ccb29b3de4;0xf92b0178bc932a59d45c1c4aac81712aac6a5b61,0.021073758153537403,-0.028009828009828097,-0.021130221130221116,-0.05356265356265355
2026-02-21,ZK,0.01978,4382799.625026364,39539.96037071189,4422339.585397076,0.008940959780944016,110.84481582517719,12,binance;bitget;bybit;coinbase;crypto_com;gate;htx;kraken;kucoin;mexc;okx;upbit,zksync,zksync,5,pancakeswap-v2-zksync;syncswap;syncswap-v2-1-zksync;uniswap-v3-zksync;zkswap-finance,0x3d7264539e6e3f596bb485e3091f3ae02ad01ef8;0x40b768de8b2e4ed83d982804cb2fcc53d2529be9;0x45856bd6bb9f076f4c558a4d5932c6c8d832b0d0;0x9ee3178701d91cc7b01d5b2d2cae65ccb29b3de4;0xf92b0178bc932a59d45c1c4aac81712aac6a5b61,-0.028009828009828097,-0.03286147623862479,-0.03286147623862479,-0.03336703741152669
2026-02-22,ZK,0.01913,5764526.089461157,47436.10071270059,5811962.190173858,0.00816180476757052,121.52192112868497,12,binance;bitget;bybit;coinbase;crypto_com;gate;htx;kraken;kucoin;mexc;okx;upbit,zksync,zksync,5,pancakeswap-v2-zksync;syncswap;syncswap-v2-1-zksync;uniswap-v3-zksync;zkswap-finance,0x3d7264539e6e3f596bb485e3091f3ae02ad01ef8;0x40b768de8b2e4ed83d982804cb2fcc53d2529be9;0x45856bd6bb9f076f4c558a4d5932c6c8d832b0d0;0x9ee3178701d91cc7b01d5b2d2cae65ccb29b3de4;0xf92b0178bc932a59d45c1c4aac81712aac6a5b61,-0.03286147623862479,0.04129639309984312,0.04338734971249325,-0.030841610036591804
2026-02-23,ZK,0.01992,32971478.525599405,239323.02455852999,33210801.550157934,0.007206180320492502,137.76977199089234,12,binance;bitget;bybit;coinbase;crypto_com;gate;htx;kraken;kucoin;mexc;okx;upbit,zksync,zksync,5,pancakeswap-v2-zksync;syncswap;syncswap-v2-1-zksync;uniswap-v3-zksync;zkswap-finance,0x3d7264539e6e3f596bb485e3091f3ae02ad01ef8;0x40b768de8b2e4ed83d982804cb2fcc53d2529be9;0x45856bd6bb9f076f4c558a4d5932c6c8d832b0d0;0x9ee3178701d91cc7b01d5b2d2cae65ccb29b3de4;0xf92b0178bc932a59d45c1c4aac81712aac6a5b61,0.04129639309984312,-0.03965863453815255,-0.0060240963855421326,-0.06526104417670675
2026-02-24,ZK,0.01913,11202166.732192647,94409.90632917959,11296576.638521826,0.008357390858327613,118.65456886625843,12,binance;bitget;bybit;coinbase;crypto_com;gate;htx;kraken;kucoin;mexc;okx;upbit,zksync,zksync,5,pancakeswap-v2-zksync;syncswap;syncswap-v2-1-zksync;uniswap-v3-zksync;zkswap-finance,0x3d7264539e6e3f596bb485e3091f3ae02ad01ef8;0x40b768de8b2e4ed83d982804cb2fcc53d2529be9;0x45856bd6bb9f076f4c558a4d5932c6c8d832b0d0;0x9ee3178701d91cc7b01d5b2d2cae65ccb29b3de4;0xf92b0178bc932a59d45c1c4aac81712aac6a5b61,-0.03965863453815255,0.04338734971249325,0.006795608991113422,-0.02927339257710415
2026-02-25,ZK,0.01996,12765127.349827025,111100.80967316803,12876228.159500193,0.008628366032112974,114.89679856860604,12,binance;bitget;bybit;coinbase;crypto_com;gate;htx;kraken;kucoin;mexc;okx;upbit,zksync,zksync,5,pancakeswap-v2-zksync;syncswap;syncswap-v2-1-zksync;uniswap-v3-zksync;zkswap-finance,0x3d7264539e6e3f596bb485e3091f3ae02ad01ef8;0x40b768de8b2e4ed83d982804cb2fcc53d2529be9;0x45856bd6bb9f076f4c558a4d5932c6c8d832b0d0;0x9ee3178701d91cc7b01d5b2d2cae65ccb29b3de4;0xf92b0178bc932a59d45c1c4aac81712aac6a5b61,0.04338734971249325,-0.008016032064128154,-0.04208416833667317,-0.04859719438877752
2026-02-26,ZK,0.0198,8079345.30103777,50376.68601675237,8129721.987054522,0.006196606242743651,160.37865806319707,12,binance;bitget;bybit;coinbase;crypto_com;gate;htx;kraken;kucoin;mexc;okx;upbit,zksync,zksync,5,pancakeswap-v2-zksync;syncswap;syncswap-v2-1-zksync;uniswap-v3-zksync;zkswap-finance,0x3d7264539e6e3f596bb485e3091f3ae02ad01ef8;0x40b768de8b2e4ed83d982804cb2fcc53d2529be9;0x45856bd6bb9f076f4c558a4d5932c6c8d832b0d0;0x9ee3178701d91cc7b01d5b2d2cae65ccb29b3de4;0xf92b0178bc932a59d45c1c4aac81712aac6a5b61,-0.008016032064128154,-0.027272727272727337,-0.06363636363636371,-0.02929292929292937
2026-02-27,ZK,0.01926,6428473.498384634,64881.78441067612,6493355.28279531,0.009992027478087615,99.07978883094415,12,binance;bitget;bybit;coinbase;crypto_com;gate;htx;kraken;kucoin;mexc;okx;upbit,zksync,zksync,5,pancakeswap-v2-zksync;syncswap;syncswap-v2-1-zksync;uniswap-v3-zksync;zkswap-finance,0x3d7264539e6e3f596bb485e3091f3ae02ad01ef8;0x40b768de8b2e4ed83d982804cb2fcc53d2529be9;0x45856bd6bb9f076f4c558a4d5932c6c8d832b0d0;0x9ee3178701d91cc7b01d5b2d2cae65ccb29b3de4;0xf92b0178bc932a59d45c1c4aac81712aac6a5b61,-0.027272727272727337,-0.007268951194184692,-0.03322949117341634,-0.011941848390446541
2026-02-28,ZK,0.01912,7195502.442362739,48458.72439709761,7243961.1667598365,0.006689533983072524,148.48724418329317,12,binance;bitget;bybit;coinbase;crypto_com;gate;htx;kraken;kucoin;mexc;okx;upbit,zksync,zksync,5,pancakeswap-v2-zksync;syncswap;syncswap-v2-1-zksync;uniswap-v3-zksync;zkswap-finance,0x3d7264539e6e3f596bb485e3091f3ae02ad01ef8;0x40b768de8b2e4ed83d982804cb2fcc53d2529be9;0x45856bd6bb9f076f4c558a4d5932c6c8d832b0d0;0x9ee3178701d91cc7b01d5b2d2cae65ccb29b3de4;0xf92b0178bc932a59d45c1c4aac81712aac6a5b61,-0.007268951194184692,-0.030334728033472813,-0.028765690376569175,-0.021966527196652708
2026-03-01,ZK,0.01854,6252013.474148236,44822.12604969453,6296835.600197931,0.007118198551711533,139.48498264487935,12,binance;bitget;bybit;coinbase;crypto_com;gate;htx;kraken;kucoin;mexc;okx;upbit,zksync,zksync,5,pancakeswap-v2-zksync;syncswap;syncswap-v2-1-zksync;uniswap-v3-zksync;zkswap-finance,0x3d7264539e6e3f596bb485e3091f3ae02ad01ef8;0x40b768de8b2e4ed83d982804cb2fcc53d2529be9;0x45856bd6bb9f076f4c558a4d5932c6c8d832b0d0;0x9ee3178701d91cc7b01d5b2d2cae65ccb29b3de4;0xf92b0178bc932a59d45c1c4aac81712aac6a5b61,-0.030334728033472813,0.004314994606256839,0.024271844660194164,-0.03182308522114352
2026-03-02,ZK,0.01862,6498798.283709183,62495.815194946874,6561294.09890413,0.009524922104221017,103.98773523374484,12,binance;bitget;bybit;coinbase;crypto_com;gate;htx;kraken;kucoin;mexc;okx;upbit,zksync,zksync,5,pancakeswap-v2-zksync;syncswap;syncswap-v2-1-zksync;uniswap-v3-zksync;zkswap-finance,0x3d7264539e6e3f596bb485e3091f3ae02ad01ef8;0x40b768de8b2e4ed83d982804cb2fcc53d2529be9;0x45856bd6bb9f076f4c558a4d5932c6c8d832b0d0;0x9ee3178701d91cc7b01d5b2d2cae65ccb29b3de4;0xf92b0178bc932a59d45c1c4aac81712aac6a5b61,0.004314994606256839,-0.0026852846401719255,0.03222341568206222,0.013963480128893702
2026-03-03,ZK,0.01857,5094218.204532915,48072.07122162571,5142290.27575454,0.009348377599040144,105.97043304098844,12,binance;bitget;bybit;coinbase;crypto_com;gate;htx;kraken;kucoin;mexc;okx;upbit,zksync,zksync,5,pancakeswap-v2-zksync;syncswap;syncswap-v2-1-zksync;uniswap-v3-zksync;zkswap-finance,0x3d7264539e6e3f596bb485e3091f3ae02ad01ef8;0x40b768de8b2e4ed83d982804cb2fcc53d2529be9;0x45856bd6bb9f076f4c558a4d5932c6c8d832b0d0;0x9ee3178701d91cc7b01d5b2d2cae65ccb29b3de4;0xf92b0178bc932a59d45c1c4aac81712aac6a5b61,-0.0026852846401719255,0.022617124394184174,0.02477113624124927,0.03500269251480881
2026-03-04,ZK,0.01899,7411441.526583023,47402.93581633287,7458844.462399356,0.0063552653571602065,156.3498420287585,12,binance;bitget;bybit;coinbase;crypto_com;gate;htx;kraken;kucoin;mexc;okx;upbit,zksync,zksync,5,pancakeswap-v2-zksync;syncswap;syncswap-v2-1-zksync;uniswap-v3-zksync;zkswap-finance,0x3d7264539e6e3f596bb485e3091f3ae02ad01ef8;0x40b768de8b2e4ed83d982804cb2fcc53d2529be9;0x45856bd6bb9f076f4c558a4d5932c6c8d832b0d0;0x9ee3178701d91cc7b01d5b2d2cae65ccb29b3de4;0xf92b0178bc932a59d45c1c4aac81712aac6a5b61,0.022617124394184174,0.012111637704054878,-0.015271195365981982,0.0
2026-03-05,ZK,0.01922,6305563.920862106,55048.15446771737,6360612.075329823,0.008654537301720748,114.5463273352781,12,binance;bitget;bybit;coinbase;crypto_com;gate;htx;kraken;kucoin;mexc;okx;upbit,zksync,zksync,5,pancakeswap-v2-zksync;syncswap;syncswap-v2-1-zksync;uniswap-v3-zksync;zkswap-finance,0x3d7264539e6e3f596bb485e3091f3ae02ad01ef8;0x40b768de8b2e4ed83d982804cb2fcc53d2529be9;0x45856bd6bb9f076f4c558a4d5932c6c8d832b0d0;0x9ee3178701d91cc7b01d5b2d2cae65ccb29b3de4;0xf92b0178bc932a59d45c1c4aac81712aac6a5b61,0.012111637704054878,-0.009885535900104214,-0.06607700312174825,0.0031217481789800328
2026-03-06,ZK,0.01903,7648310.216647508,62965.19633871231,7711275.41298622,0.008165341395105068,121.46885361088229,12,binance;bitget;bybit;coinbase;crypto_com;gate;htx;kraken;kucoin;mexc;okx;upbit,zksync,zksync,5,pancakeswap-v2-zksync;syncswap;syncswap-v2-1-zksync;uniswap-v3-zksync;zkswap-finance,0x3d7264539e6e3f596bb485e3091f3ae02ad01ef8;0x40b768de8b2e4ed83d982804cb2fcc53d2529be9;0x45856bd6bb9f076f4c558a4d5932c6c8d832b0d0;0x9ee3178701d91cc7b01d5b2d2cae65ccb29b3de4;0xf92b0178bc932a59d45c1c4aac81712aac6a5b61,-0.009885535900104214,-0.01734104046242757,-0.007882291119285179,0.006831318970047295
2026-03-07,ZK,0.0187,6175031.802750779,51570.90063757314,6226602.703388353,0.008282349636585874,119.7386845373769,12,binance;bitget;bybit;coinbase;crypto_com;gate;htx;kraken;kucoin;mexc;okx;upbit,zksync,zksync,5,pancakeswap-v2-zksync;syncswap;syncswap-v2-1-zksync;uniswap-v3-zksync;zkswap-finance,0x3d7264539e6e3f596bb485e3091f3ae02ad01ef8;0x40b768de8b2e4ed83d982804cb2fcc53d2529be9;0x45856bd6bb9f076f4c558a4d5932c6c8d832b0d0;0x9ee3178701d91cc7b01d5b2d2cae65ccb29b3de4;0xf92b0178bc932a59d45c1c4aac81712aac6a5b61,-0.01734104046242757,-0.0401069518716578,0.027807486631016065,0.020855614973261938
2026-03-08,ZK,0.01795,5914543.806695855,45819.55406677597,5960363.3607626315,0.007687375969124361,129.083399591279,12,binance;bitget;bybit;coinbase;crypto_com;gate;htx;kraken;kucoin;mexc;okx;upbit,zksync,zksync,5,pancakeswap-v2-zksync;syncswap;syncswap-v2-1-zksync;uniswap-v3-zksync;zkswap-finance,0x3d7264539e6e3f596bb485e3091f3ae02ad01ef8;0x40b768de8b2e4ed83d982804cb2fcc53d2529be9;0x45856bd6bb9f076f4c558a4d5932c6c8d832b0d0;0x9ee3178701d91cc7b01d5b2d2cae65ccb29b3de4;0xf92b0178bc932a59d45c1c4aac81712aac6a5b61,-0.0401069518716578,0.05181058495821733,0.057938718662952526,0.09303621169916432
2026-03-09,ZK,0.01888,9057347.458902871,85305.44745686903,9142652.90635974,0.009330491743543008,106.17548736828704,12,binance;bitget;bybit;coinbase;crypto_com;gate;htx;kraken;kucoin;mexc;okx;upbit,zksync,zksync,5,pancakeswap-v2-zksync;syncswap;syncswap-v2-1-zksync;uniswap-v3-zksync;zkswap-finance,0x3d7264539e6e3f596bb485e3091f3ae02ad01ef8;0x40b768de8b2e4ed83d982804cb2fcc53d2529be9;0x45856bd6bb9f076f4c558a4d5932c6c8d832b0d0;0x9ee3178701d91cc7b01d5b2d2cae65ccb29b3de4;0xf92b0178bc932a59d45c1c4aac81712aac6a5b61,0.05181058495821733,0.018008474576271194,0.021186440677966045,0.11016949152542366
2026-03-10,ZK,0.01922,16149450.600493956,174896.3294577061,16324346.929951662,0.010713833160260089,92.33727574825554,12,binance;bitget;bybit;coinbase;crypto_com;gate;htx;kraken;kucoin;mexc;okx;upbit,zksync,zksync,5,pancakeswap-v2-zksync;syncswap;syncswap-v2-1-zksync;uniswap-v3-zksync;zkswap-finance,0x3d7264539e6e3f596bb485e3091f3ae02ad01ef8;0x40b768de8b2e4ed83d982804cb2fcc53d2529be9;0x45856bd6bb9f076f4c558a4d5932c6c8d832b0d0;0x9ee3178701d91cc7b01d5b2d2cae65ccb29b3de4;0xf92b0178bc932a59d45c1c4aac81712aac6a5b61,0.018008474576271194,-0.01196670135275757,-0.003121748178980255,0.11498439125910509
2026-03-11,ZK,0.01899,4455629.812512023,43631.379775530964,4499261.192287554,0.009697454295456787,102.11984666620141,12,binance;bitget;bybit;coinbase;crypto_com;gate;htx;kraken;kucoin;mexc;okx;upbit,zksync,zksync,5,pancakeswap-v2-zksync;syncswap;syncswap-v2-1-zksync;uniswap-v3-zksync;zkswap-finance,0x3d7264539e6e3f596bb485e3091f3ae02ad01ef8;0x40b768de8b2e4ed83d982804cb2fcc53d2529be9;0x45856bd6bb9f076f4c558a4d5932c6c8d832b0d0;0x9ee3178701d91cc7b01d5b2d2cae65ccb29b3de4;0xf92b0178bc932a59d45c1c4aac81712aac6a5b61,-0.01196670135275757,0.015271195365982093,0.00526592943654558,0.04160084254870977
2026-03-12,ZK,0.01928,4284526.54741889,59736.487012325306,4344263.034431214,0.013750660707897601,71.72377824184525,12,binance;bitget;bybit;coinbase;crypto_com;gate;htx;kraken;kucoin;mexc;okx;upbit,zksync,zksync,5,pancakeswap-v2-zksync;syncswap;syncswap-v2-1-zksync;uniswap-v3-zksync;zkswap-finance,0x3d7264539e6e3f596bb485e3091f3ae02ad01ef8;0x40b768de8b2e4ed83d982804cb2fcc53d2529be9;0x45856bd6bb9f076f4c558a4d5932c6c8d832b0d0;0x9ee3178701d91cc7b01d5b2d2cae65ccb29b3de4;0xf92b0178bc932a59d45c1c4aac81712aac6a5b61,0.015271195365982093,-0.006224066390041472,0.01763485477178417,-0.020228215767634783
2026-03-13,ZK,0.01916,6431813.444100367,66271.3059906674,6498084.750091034,0.010198590590825856,97.05276435937631,12,binance;bitget;bybit;coinbase;crypto_com;gate;htx;kraken;kucoin;mexc;okx;upbit,zksync,zksync,5,pancakeswap-v2-zksync;syncswap;syncswap-v2-1-zksync;uniswap-v3-zksync;zkswap-finance,0x3d7264539e6e3f596bb485e3091f3ae02ad01ef8;0x40b768de8b2e4ed83d982804cb2fcc53d2529be9;0x45856bd6bb9f076f4c558a4d5932c6c8d832b0d0;0x9ee3178701d91cc7b01d5b2d2cae65ccb29b3de4;0xf92b0178bc932a59d45c1c4aac81712aac6a5b61,-0.006224066390041472,-0.0036534446764092676,0.09394572025052184,-0.022964509394571953
2026-03-14,ZK,0.01909,3668383.8460837887,34991.83313310553,3703375.6792168943,0.009448631779237911,104.8354292308612,12,binance;bitget;bybit;coinbase;crypto_com;gate;htx;kraken;kucoin;mexc;okx;upbit,zksync,zksync,5,pancakeswap-v2-zksync;syncswap;syncswap-v2-1-zksync;uniswap-v3-zksync;zkswap-finance,0x3d7264539e6e3f596bb485e3091f3ae02ad01ef8;0x40b768de8b2e4ed83d982804cb2fcc53d2529be9;0x45856bd6bb9f076f4c558a4d5932c6c8d832b0d0;0x9ee3178701d91cc7b01d5b2d2cae65ccb29b3de4;0xf92b0178bc932a59d45c1c4aac81712aac6a5b61,-0.0036534446764092676,0.027763226820324727,0.12257726558407556,-0.0492404400209534
2026-03-15,ZK,0.01962,4193901.8410983686,45845.82361189444,4239747.664710263,0.010813337782692656,91.47838364954762,12,binance;bitget;bybit;coinbase;crypto_com;gate;htx;kraken;kucoin;mexc;okx;upbit,zksync,zksync,5,pancakeswap-v2-zksync;syncswap;syncswap-v2-1-zksync;uniswap-v3-zksync;zkswap-finance,0x3d7264539e6e3f596bb485e3091f3ae02ad01ef8;0x40b768de8b2e4ed83d982804cb2fcc53d2529be9;0x45856bd6bb9f076f4c558a4d5932c6c8d832b0d0;0x9ee3178701d91cc7b01d5b2d2cae65ccb29b3de4;0xf92b0178bc932a59d45c1c4aac81712aac6a5b61,0.027763226820324727,0.06829765545361877,0.008154943934760572,-0.10805300713557575
2026-03-16,ZK,0.02096,8455312.494922852,89469.91303560046,8544782.407958454,0.010470707007386148,94.50453463119437,12,binance;bitget;bybit;coinbase;crypto_com;gate;htx;kraken;kucoin;mexc;okx;upbit,zksync,zksync,5,pancakeswap-v2-zksync;syncswap;syncswap-v2-1-zksync;uniswap-v3-zksync;zkswap-finance,0x3d7264539e6e3f596bb485e3091f3ae02ad01ef8;0x40b768de8b2e4ed83d982804cb2fcc53d2529be9;0x45856bd6bb9f076f4c558a4d5932c6c8d832b0d0;0x9ee3178701d91cc7b01d5b2d2cae65ccb29b3de4;0xf92b0178bc932a59d45c1c4aac81712aac6a5b61,0.06829765545361877,0.022423664122137588,-0.0987595419847328,-0.1302480916030534
2026-03-17,ZK,0.02143,12453221.783201188,116768.72086920099,12569990.504070388,0.009289483618256449,106.64861009439952,12,binance;bitget;bybit;coinbase;crypto_com;gate;htx;kraken;kucoin;mexc;okx;upbit,zksync,zksync,5,pancakeswap-v2-zksync;syncswap;syncswap-v2-1-zksync;uniswap-v3-zksync;zkswap-finance,0x3d7264539e6e3f596bb485e3091f3ae02ad01ef8;0x40b768de8b2e4ed83d982804cb2fcc53d2529be9;0x45856bd6bb9f076f4c558a4d5932c6c8d832b0d0;0x9ee3178701d91cc7b01d5b2d2cae65ccb29b3de4;0xf92b0178bc932a59d45c1c4aac81712aac6a5b61,0.022423664122137588,-0.07699486700886615,-0.12645823611759222,-0.13999066728884757
2026-03-18,ZK,0.01978,7845399.515599927,62636.73863538038,7908036.254235308,0.007920643838959896,125.2523628547999,12,binance;bitget;bybit;coinbase;crypto_com;gate;htx;kraken;kucoin;mexc;okx;upbit,zksync,zksync,5,pancakeswap-v2-zksync;syncswap;syncswap-v2-1-zksync;uniswap-v3-zksync;zkswap-finance,0x3d7264539e6e3f596bb485e3091f3ae02ad01ef8;0x40b768de8b2e4ed83d982804cb2fcc53d2529be9;0x45856bd6bb9f076f4c558a4d5932c6c8d832b0d0;0x9ee3178701d91cc7b01d5b2d2cae65ccb29b3de4;0xf92b0178bc932a59d45c1c4aac81712aac6a5b61,-0.07699486700886615,-0.0449949443882709,-0.08240647118301314,-0.033872598584428704
2026-03-19,ZK,0.01889,3733585.059633164,44688.50384601306,3778273.563479177,0.011827757597536742,83.54687980824538,12,binance;bitget;bybit;coinbase;crypto_com;gate;htx;kraken;kucoin;mexc;okx;upbit,zksync,zksync,5,pancakeswap-v2-zksync;syncswap;syncswap-v2-1-zksync;uniswap-v3-zksync;zkswap-finance,0x3d7264539e6e3f596bb485e3091f3ae02ad01ef8;0x40b768de8b2e4ed83d982804cb2fcc53d2529be9;0x45856bd6bb9f076f4c558a4d5932c6c8d832b0d0;0x9ee3178701d91cc7b01d5b2d2cae65ccb29b3de4;0xf92b0178bc932a59d45c1c4aac81712aac6a5b61,-0.0449949443882709,-0.008999470619375338,-0.07358390682900995,-0.03388035997882488
2026-03-20,ZK,0.01872,3153455.1998897027,49724.45015703317,3203179.650046736,0.015523465927459817,63.41860372373909,12,binance;bitget;bybit;coinbase;crypto_com;gate;htx;kraken;kucoin;mexc;okx;upbit,zksync,zksync,5,pancakeswap-v2-zksync;syncswap;syncswap-v2-1-zksync;uniswap-v3-zksync;zkswap-finance,0x3d7264539e6e3f596bb485e3091f3ae02ad01ef8;0x40b768de8b2e4ed83d982804cb2fcc53d2529be9;0x45856bd6bb9f076f4c558a4d5932c6c8d832b0d0;0x9ee3178701d91cc7b01d5b2d2cae65ccb29b3de4;0xf92b0178bc932a59d45c1c4aac81712aac6a5b61,-0.008999470619375338,-0.03044871794871795,-0.026175213675213693,-0.07478632478632485
2026-03-21,ZK,0.01815,3104848.6644226983,37813.16704163696,3142661.8314643353,0.012032209976603741,82.11025172802577,12,binance;bitget;bybit;coinbase;crypto_com;gate;htx;kraken;kucoin;mexc;okx;upbit,zksync,zksync,5,pancakeswap-v2-zksync;syncswap;syncswap-v2-1-zksync;uniswap-v3-zksync;zkswap-finance,0x3d7264539e6e3f596bb485e3091f3ae02ad01ef8;0x40b768de8b2e4ed83d982804cb2fcc53d2529be9;0x45856bd6bb9f076f4c558a4d5932c6c8d832b0d0;0x9ee3178701d91cc7b01d5b2d2cae65ccb29b3de4;0xf92b0178bc932a59d45c1c4aac81712aac6a5b61,-0.03044871794871795,-0.03581267217630846,0.015426997245179042,-0.05895316804407702
2026-03-22,ZK,0.0175,4052435.7510031774,45142.20816144548,4097577.9591646227,0.01101680275795135,89.77043693809009,12,binance;bitget;bybit;coinbase;crypto_com;gate;htx;kraken;kucoin;mexc;okx;upbit,zksync,zksync,5,pancakeswap-v2-zksync;syncswap;syncswap-v2-1-zksync;uniswap-v3-zksync;zkswap-finance,0x3d7264539e6e3f596bb485e3091f3ae02ad01ef8;0x40b768de8b2e4ed83d982804cb2fcc53d2529be9;0x45856bd6bb9f076f4c558a4d5932c6c8d832b0d0;0x9ee3178701d91cc7b01d5b2d2cae65ccb29b3de4;0xf92b0178bc932a59d45c1c4aac81712aac6a5b61,-0.03581267217630846,0.04171428571428559,0.09199999999999986,-0.03314285714285714
2026-03-23,ZK,0.01823,5764233.672552932,74919.79381746556,5839153.466370397,0.012830591668630266,76.93872845668663,12,binance;bitget;bybit;coinbase;crypto_com;gate;htx;kraken;kucoin;mexc;okx;upbit,zksync,zksync,5,pancakeswap-v2-zksync;syncswap;syncswap-v2-1-zksync;uniswap-v3-zksync;zkswap-finance,0x3d7264539e6e3f596bb485e3091f3ae02ad01ef8;0x40b768de8b2e4ed83d982804cb2fcc53d2529be9;0x45856bd6bb9f076f4c558a4d5932c6c8d832b0d0;0x9ee3178701d91cc7b01d5b2d2cae65ccb29b3de4;0xf92b0178bc932a59d45c1c4aac81712aac6a5b61,0.04171428571428559,0.010970927043335132,0.0010970927043334466,-0.058145913329676224
2026-03-24,ZK,0.01843,5963975.805442504,57751.83754093337,6021727.642983437,0.009590576154374277,103.26902241362198,12,binance;bitget;bybit;coinbase;crypto_com;gate;htx;kraken;kucoin;mexc;okx;upbit,zksync,zksync,5,pancakeswap-v2-zksync;syncswap;syncswap-v2-1-zksync;uniswap-v3-zksync;zkswap-finance,0x3d7264539e6e3f596bb485e3091f3ae02ad01ef8;0x40b768de8b2e4ed83d982804cb2fcc53d2529be9;0x45856bd6bb9f076f4c558a4d5932c6c8d832b0d0;0x9ee3178701d91cc7b01d5b2d2cae65ccb29b3de4;0xf92b0178bc932a59d45c1c4aac81712aac6a5b61,0.010970927043335132,0.03689636462289747,-0.06022788931090617,-0.051003798155181745
2026-03-25,ZK,0.01911,6656090.595561316,91664.65075758498,6747755.246318901,0.013584465857381349,72.61349430287929,12,binance;bitget;bybit;coinbase;crypto_com;gate;htx;kraken;kucoin;mexc;okx;upbit,zksync,zksync,5,pancakeswap-v2-zksync;syncswap;syncswap-v2-1-zksync;uniswap-v3-zksync;zkswap-finance,0x3d7264539e6e3f596bb485e3091f3ae02ad01ef8;0x40b768de8b2e4ed83d982804cb2fcc53d2529be9;0x45856bd6bb9f076f4c558a4d5932c6c8d832b0d0;0x9ee3178701d91cc7b01d5b2d2cae65ccb29b3de4;0xf92b0178bc932a59d45c1c4aac81712aac6a5b61,0.03689636462289747,-0.04500261643118786,-0.10622710622710607,-0.08581894296180004
2026-03-26,ZK,0.01825,4123942.297800241,78543.0041007,4202485.301900941,0.018689655872245897,52.50553305184169,12,binance;bitget;bybit;coinbase;crypto_com;gate;htx;kraken;kucoin;mexc;okx;upbit,zksync,zksync,5,pancakeswap-v2-zksync;syncswap;syncswap-v2-1-zksync;uniswap-v3-zksync;zkswap-finance,0x3d7264539e6e3f596bb485e3091f3ae02ad01ef8;0x40b768de8b2e4ed83d982804cb2fcc53d2529be9;0x45856bd6bb9f076f4c558a4d5932c6c8d832b0d0;0x9ee3178701d91cc7b01d5b2d2cae65ccb29b3de4;0xf92b0178bc932a59d45c1c4aac81712aac6a5b61,-0.04500261643118786,-0.05095890410958903,-0.07287671232876702,-0.07506849315068487
2026-03-27,ZK,0.01732,5027156.520286899,112548.84942448848,5139705.369711388,0.02189791852423021,44.66644080319746,12,binance;bitget;bybit;coinbase;crypto_com;gate;htx;kraken;kucoin;mexc;okx;upbit,zksync,zksync,5,pancakeswap-v2-zksync;syncswap;syncswap-v2-1-zksync;uniswap-v3-zksync;zkswap-finance,0x3d7264539e6e3f596bb485e3091f3ae02ad01ef8;0x40b768de8b2e4ed83d982804cb2fcc53d2529be9;0x45856bd6bb9f076f4c558a4d5932c6c8d832b0d0;0x9ee3178701d91cc7b01d5b2d2cae65ccb29b3de4;0xf92b0178bc932a59d45c1c4aac81712aac6a5b61,-0.05095890410958903,-0.013856812933025209,-0.008660508083140672,-0.11431870669745958
2026-03-28,ZK,0.01708,2589971.22780036,19019.912454125188,2608991.140254485,0.007290140683371565,136.17156409353643,12,binance;bitget;bybit;coinbase;crypto_com;gate;htx;kraken;kucoin;mexc;okx;upbit,zksync,zksync,5,pancakeswap-v2-zksync;syncswap;syncswap-v2-1-zksync;uniswap-v3-zksync;zkswap-finance,0x3d7264539e6e3f596bb485e3091f3ae02ad01ef8;0x40b768de8b2e4ed83d982804cb2fcc53d2529be9;0x45856bd6bb9f076f4c558a4d5932c6c8d832b0d0;0x9ee3178701d91cc7b01d5b2d2cae65ccb29b3de4;0xf92b0178bc932a59d45c1c4aac81712aac6a5b61,-0.013856812933025209,-0.00936768149882905,0.024004683840749275,-0.10011709601873542
2026-03-29,ZK,0.01692,3410624.2811126164,69661.34491290557,3480285.626025522,0.020015985007661184,48.960069395398065,12,binance;bitget;bybit;coinbase;crypto_com;gate;htx;kraken;kucoin;mexc;okx;upbit,zksync,zksync,5,pancakeswap-v2-zksync;syncswap;syncswap-v2-1-zksync;uniswap-v3-zksync;zkswap-finance,0x3d7264539e6e3f596bb485e3091f3ae02ad01ef8;0x40b768de8b2e4ed83d982804cb2fcc53d2529be9;0x45856bd6bb9f076f4c558a4d5932c6c8d832b0d0;0x9ee3178701d91cc7b01d5b2d2cae65ccb29b3de4;0xf92b0178bc932a59d45c1c4aac81712aac6a5b61,-0.00936768149882905,0.014775413711583862,0.03250591016548454,-0.10460992907801425
2026-03-30,ZK,0.01717,2756407.995986261,89914.13942851314,2846322.135414774,0.031589586543903474,30.65600153108024,12,binance;bitget;bybit;coinbase;crypto_com;gate;htx;kraken;kucoin;mexc;okx;upbit,zksync,zksync,5,pancakeswap-v2-zksync;syncswap;syncswap-v2-1-zksync;uniswap-v3-zksync;zkswap-finance,0x3d7264539e6e3f596bb485e3091f3ae02ad01ef8;0x40b768de8b2e4ed83d982804cb2fcc53d2529be9;0x45856bd6bb9f076f4c558a4d5932c6c8d832b0d0;0x9ee3178701d91cc7b01d5b2d2cae65ccb29b3de4;0xf92b0178bc932a59d45c1c4aac81712aac6a5b61,0.014775413711583862,0.01863715783343034,-0.016889924286546454,-0.13104251601630768
2026-03-31,ZK,0.01749,3410604.4790178225,47911.37942888257,3458515.858446705,0.013853161699943922,71.18568740189095,12,binance;bitget;bybit;coinbase;crypto_com;gate;htx;kraken;kucoin;mexc;okx;upbit,zksync,zksync,5,pancakeswap-v2-zksync;syncswap;syncswap-v2-1-zksync;uniswap-v3-zksync;zkswap-finance,0x3d7264539e6e3f596bb485e3091f3ae02ad01ef8;0x40b768de8b2e4ed83d982804cb2fcc53d2529be9;0x45856bd6bb9f076f4c558a4d5932c6c8d832b0d0;0x9ee3178701d91cc7b01d5b2d2cae65ccb29b3de4;0xf92b0178bc932a59d45c1c4aac81712aac6a5b61,0.01863715783343034,-0.0011435105774727505,-0.1229273870783304,-0.08862206975414522
2026-04-01,ZK,0.01747,3730591.6792143644,62092.0205432628,3792683.699757627,0.016371526195878346,60.081660196821325,12,binance;bitget;bybit;coinbase;crypto_com;gate;htx;kraken;kucoin;mexc;okx;upbit,zksync,zksync,5,pancakeswap-v2-zksync;syncswap;syncswap-v2-1-zksync;uniswap-v3-zksync;zkswap-finance,0x3d7264539e6e3f596bb485e3091f3ae02ad01ef8;0x40b768de8b2e4ed83d982804cb2fcc53d2529be9;0x45856bd6bb9f076f4c558a4d5932c6c8d832b0d0;0x9ee3178701d91cc7b01d5b2d2cae65ccb29b3de4;0xf92b0178bc932a59d45c1c4aac81712aac6a5b61,-0.0011435105774727505,-0.03377218088151113,-0.1202060675443617,-0.14253005151688602
2026-04-02,ZK,0.01688,4132787.187127007,43635.96871940057,4176423.1558464076,0.01044816750867697,94.71056351934656,12,binance;bitget;bybit;coinbase;crypto_com;gate;htx;kraken;kucoin;mexc;okx;upbit,zksync,zksync,5,pancakeswap-v2-zksync;syncswap;syncswap-v2-1-zksync;uniswap-v3-zksync;zkswap-finance,0x3d7264539e6e3f596bb485e3091f3ae02ad01ef8;0x40b768de8b2e4ed83d982804cb2fcc53d2529be9;0x45856bd6bb9f076f4c558a4d5932c6c8d832b0d0;0x9ee3178701d91cc7b01d5b2d2cae65ccb29b3de4;0xf92b0178bc932a59d45c1c4aac81712aac6a5b61,-0.03377218088151113,-0.09123222748815163,-0.10248815165876768,-0.10011848341232221
2026-04-03,ZK,0.01534,9236562.184765223,77664.3574192338,9314226.542184457,0.008338250853947906,118.92922946501793,12,binance;bitget;bybit;coinbase;crypto_com;gate;htx;kraken;kucoin;mexc;okx;upbit,zksync,zksync,5,pancakeswap-v2-zksync;syncswap;syncswap-v2-1-zksync;uniswap-v3-zksync;zkswap-finance,0x3d7264539e6e3f596bb485e3091f3ae02ad01ef8;0x40b768de8b2e4ed83d982804cb2fcc53d2529be9;0x45856bd6bb9f076f4c558a4d5932c6c8d832b0d0;0x9ee3178701d91cc7b01d5b2d2cae65ccb29b3de4;0xf92b0178bc932a59d45c1c4aac81712aac6a5b61,-0.09123222748815163,0.001955671447196883,-0.027379400260756248,0.001955671447196883
2026-04-04,ZK,0.01537,19536504.403685596,159044.7005172894,19695549.104202885,0.008075159503085417,122.83656318093935,12,binance;bitget;bybit;coinbase;crypto_com;gate;htx;kraken;kucoin;mexc;okx;upbit,zksync,zksync,5,pancakeswap-v2-zksync;syncswap;syncswap-v2-1-zksync;uniswap-v3-zksync;zkswap-finance,0x3d7264539e6e3f596bb485e3091f3ae02ad01ef8;0x40b768de8b2e4ed83d982804cb2fcc53d2529be9;0x45856bd6bb9f076f4c558a4d5932c6c8d832b0d0;0x9ee3178701d91cc7b01d5b2d2cae65ccb29b3de4;0xf92b0178bc932a59d45c1c4aac81712aac6a5b61,0.001955671447196883,-0.014313597918022114,0.03708523096942096,0.041639557579700615
2026-04-05,ZK,0.01515,23362072.90204678,122720.75191421888,23484793.653961,0.005225540991437262,190.36774577763947,12,binance;bitget;bybit;coinbase;crypto_com;gate;htx;kraken;kucoin;mexc;okx;upbit,zksync,zksync,5,pancakeswap-v2-zksync;syncswap;syncswap-v2-1-zksync;uniswap-v3-zksync;zkswap-finance,0x3d7264539e6e3f596bb485e3091f3ae02ad01ef8;0x40b768de8b2e4ed83d982804cb2fcc53d2529be9;0x45856bd6bb9f076f4c558a4d5932c6c8d832b0d0;0x9ee3178701d91cc7b01d5b2d2cae65ccb29b3de4;0xf92b0178bc932a59d45c1c4aac81712aac6a5b61,-0.014313597918022114,-0.015181518151815232,-0.011221122112211268,0.0
2026-04-06,ZK,0.01492,6110114.233415027,32228.705199646236,6142342.938614673,0.005246972616432095,189.58609089520903,12,binance;bitget;bybit;coinbase;crypto_com;gate;htx;kraken;kucoin;mexc;okx;upbit,zksync,zksync,5,pancakeswap-v2-zksync;syncswap;syncswap-v2-1-zksync;uniswap-v3-zksync;zkswap-finance,0x3d7264539e6e3f596bb485e3091f3ae02ad01ef8;0x40b768de8b2e4ed83d982804cb2fcc53d2529be9;0x45856bd6bb9f076f4c558a4d5932c6c8d832b0d0;0x9ee3178701d91cc7b01d5b2d2cae65ccb29b3de4;0xf92b0178bc932a59d45c1c4aac81712aac6a5b61,-0.015181518151815232,0.06836461126005355,0.01809651474530849,0.06903485254691688
2026-04-07,ZK,0.01594,6227995.927728229,45270.04862551107,6273265.97635374,0.0072163445318834925,137.57431495707652,12,binance;bitget;bybit;coinbase;crypto_com;gate;htx;kraken;kucoin;mexc;okx;upbit,zksync,zksync,5,pancakeswap-v2-zksync;syncswap;syncswap-v2-1-zksync;uniswap-v3-zksync;zkswap-finance,0x3d7264539e6e3f596bb485e3091f3ae02ad01ef8;0x40b768de8b2e4ed83d982804cb2fcc53d2529be9;0x45856bd6bb9f076f4c558a4d5932c6c8d832b0d0;0x9ee3178701d91cc7b01d5b2d2cae65ccb29b3de4;0xf92b0178bc932a59d45c1c4aac81712aac6a5b61,0.06836461126005355,-0.060225846925972326,-0.03575909661229604,-0.046424090338770374
2026-04-08,ZK,0.01498,5072926.171565323,48205.68796774853,5121131.8595330715,0.009413092513525666,105.23501241096916,12,binance;bitget;bybit;coinbase;crypto_com;gate;htx;kraken;kucoin;mexc;okx;upbit,zksync,zksync,5,pancakeswap-v2-zksync;syncswap;syncswap-v2-1-zksync;uniswap-v3-zksync;zkswap-finance,0x3d7264539e6e3f596bb485e3091f3ae02ad01ef8;0x40b768de8b2e4ed83d982804cb2fcc53d2529be9;0x45856bd6bb9f076f4c558a4d5932c6c8d832b0d0;0x9ee3178701d91cc7b01d5b2d2cae65ccb29b3de4;0xf92b0178bc932a59d45c1c4aac81712aac6a5b61,-0.060225846925972326,0.014018691588784993,0.06875834445927897,0.03471295060080104
2026-04-09,ZK,0.01519,4248391.1094679395,38019.2689013571,4286410.378369297,0.008869722109020504,111.7431037532732,12,binance;bitget;bybit;coinbase;crypto_com;gate;htx;kraken;kucoin;mexc;okx;upbit,zksync,zksync,5,pancakeswap-v2-zksync;syncswap;syncswap-v2-1-zksync;uniswap-v3-zksync;zkswap-finance,0x3d7264539e6e3f596bb485e3091f3ae02ad01ef8;0x40b768de8b2e4ed83d982804cb2fcc53d2529be9;0x45856bd6bb9f076f4c558a4d5932c6c8d832b0d0;0x9ee3178701d91cc7b01d5b2d2cae65ccb29b3de4;0xf92b0178bc932a59d45c1c4aac81712aac6a5b61,0.014018691588784993,0.011849901250822859,-0.0026333113890717463,0.0855826201448322
2026-04-10,ZK,0.01537,5058421.903751686,46027.15178339542,5104449.055535082,0.009017065560383099,109.90082392142594,12,binance;bitget;bybit;coinbase;crypto_com;gate;htx;kraken;kucoin;mexc;okx;upbit,zksync,zksync,5,pancakeswap-v2-zksync;syncswap;syncswap-v2-1-zksync;uniswap-v3-zksync;zkswap-finance,0x3d7264539e6e3f596bb485e3091f3ae02ad01ef8;0x40b768de8b2e4ed83d982804cb2fcc53d2529be9;0x45856bd6bb9f076f4c558a4d5932c6c8d832b0d0;0x9ee3178701d91cc7b01d5b2d2cae65ccb29b3de4;0xf92b0178bc932a59d45c1c4aac81712aac6a5b61,0.011849901250822859,0.041639557579700615,0.037735849056603765,0.10735198438516602
2026-04-11,ZK,0.01601,15609364.642510757,105934.91126268414,15715299.55377344,0.006740877633302754,147.348635652364,12,binance;bitget;bybit;coinbase;crypto_com;gate;htx;kraken;kucoin;mexc;okx;upbit,zksync,zksync,5,pancakeswap-v2-zksync;syncswap;syncswap-v2-1-zksync;uniswap-v3-zksync;zkswap-finance,0x3d7264539e6e3f596bb485e3091f3ae02ad01ef8;0x40b768de8b2e4ed83d982804cb2fcc53d2529be9;0x45856bd6bb9f076f4c558a4d5932c6c8d832b0d0;0x9ee3178701d91cc7b01d5b2d2cae65ccb29b3de4;0xf92b0178bc932a59d45c1c4aac81712aac6a5b61,0.041639557579700615,-0.053716427232979314,-0.05059337913803874,0.011867582760774376
2026-04-12,ZK,0.01515,5555549.150423883,40725.80836670569,5596274.958790589,0.007277306541690537,136.41347767490052,12,binance;bitget;bybit;coinbase;crypto_com;gate;htx;kraken;kucoin;mexc;okx;upbit,zksync,zksync,5,pancakeswap-v2-zksync;syncswap;syncswap-v2-1-zksync;uniswap-v3-zksync;zkswap-finance,0x3d7264539e6e3f596bb485e3091f3ae02ad01ef8;0x40b768de8b2e4ed83d982804cb2fcc53d2529be9;0x45856bd6bb9f076f4c558a4d5932c6c8d832b0d0;0x9ee3178701d91cc7b01d5b2d2cae65ccb29b3de4;0xf92b0178bc932a59d45c1c4aac81712aac6a5b61,-0.053716427232979314,0.05280528052805278,0.02310231023102305,0.019141914191419085
2026-04-13,ZK,0.01595,4475340.3905324135,58850.48628647126,4534190.876818885,0.012979269705504726,76.045937305385,12,binance;bitget;bybit;coinbase;crypto_com;gate;htx;kraken;kucoin;mexc;okx;upbit,zksync,zksync,5,pancakeswap-v2-zksync;syncswap;syncswap-v2-1-zksync;uniswap-v3-zksync;zkswap-finance,0x3d7264539e6e3f596bb485e3091f3ae02ad01ef8;0x40b768de8b2e4ed83d982804cb2fcc53d2529be9;0x45856bd6bb9f076f4c558a4d5932c6c8d832b0d0;0x9ee3178701d91cc7b01d5b2d2cae65ccb29b3de4;0xf92b0178bc932a59d45c1c4aac81712aac6a5b61,0.05280528052805278,-0.047021943573667624,0.03385579937304084,0.023197492163009592
2026-04-14,ZK,0.0152,4378772.352484015,32224.6136302218,4410996.966114237,0.007305517069672644,135.88285038047408,12,binance;bitget;bybit;coinbase;crypto_com;gate;htx;kraken;kucoin;mexc;okx;upbit,zksync,zksync,5,pancakeswap-v2-zksync;syncswap;syncswap-v2-1-zksync;uniswap-v3-zksync;zkswap-finance,0x3d7264539e6e3f596bb485e3091f3ae02ad01ef8;0x40b768de8b2e4ed83d982804cb2fcc53d2529be9;0x45856bd6bb9f076f4c558a4d5932c6c8d832b0d0;0x9ee3178701d91cc7b01d5b2d2cae65ccb29b3de4;0xf92b0178bc932a59d45c1c4aac81712aac6a5b61,-0.047021943573667624,0.019736842105263053,0.11973684210526314,0.0697368421052631
2026-04-15,ZK,0.0155,5335001.5886163395,32585.943522244506,5367587.532138584,0.006070873241868015,163.72094872669402,12,binance;bitget;bybit;coinbase;crypto_com;gate;htx;kraken;kucoin;mexc;okx;upbit,zksync,zksync,5,pancakeswap-v2-zksync;syncswap;syncswap-v2-1-zksync;uniswap-v3-zksync;zkswap-finance,0x3d7264539e6e3f596bb485e3091f3ae02ad01ef8;0x40b768de8b2e4ed83d982804cb2fcc53d2529be9;0x45856bd6bb9f076f4c558a4d5932c6c8d832b0d0;0x9ee3178701d91cc7b01d5b2d2cae65ccb29b3de4;0xf92b0178bc932a59d45c1c4aac81712aac6a5b61,0.019736842105263053,0.06387096774193557,0.04516129032258065,0.08000000000000007
2026-04-16,ZK,0.01649,19539426.563338254,152087.00143202057,19691513.564770274,0.007723479504598196,128.4753225414332,12,binance;bitget;bybit;coinbase;crypto_com;gate;htx;kraken;kucoin;mexc;okx;upbit,zksync,zksync,5,pancakeswap-v2-zksync;syncswap;syncswap-v2-1-zksync;uniswap-v3-zksync;zkswap-finance,0x3d7264539e6e3f596bb485e3091f3ae02ad01ef8;0x40b768de8b2e4ed83d982804cb2fcc53d2529be9;0x45856bd6bb9f076f4c558a4d5932c6c8d832b0d0;0x9ee3178701d91cc7b01d5b2d2cae65ccb29b3de4;0xf92b0178bc932a59d45c1c4aac81712aac6a5b61,0.06387096774193557,0.03214069132807751,-0.06367495451788963,-0.004244996967859294
2026-04-17,ZK,0.01702,10205298.111748444,76959.58710438521,10282257.69885283,0.007484697364954336,132.60593638459034,12,binance;bitget;bybit;coinbase;crypto_com;gate;htx;kraken;kucoin;mexc;okx;upbit,zksync,zksync,5,pancakeswap-v2-zksync;syncswap;syncswap-v2-1-zksync;uniswap-v3-zksync;zkswap-finance,0x3d7264539e6e3f596bb485e3091f3ae02ad01ef8;0x40b768de8b2e4ed83d982804cb2fcc53d2529be9;0x45856bd6bb9f076f4c558a4d5932c6c8d832b0d0;0x9ee3178701d91cc7b01d5b2d2cae65ccb29b3de4;0xf92b0178bc932a59d45c1c4aac81712aac6a5b61,0.03214069132807751,-0.04817861339600482,-0.04112808460634543,-0.008813160987074076
2026-04-18,ZK,0.0162,6345884.782736309,54485.12771903104,6400369.91045534,0.008512809178423692,116.47003592357851,12,binance;bitget;bybit;coinbase;crypto_com;gate;htx;kraken;kucoin;mexc;okx;upbit,zksync,zksync,5,pancakeswap-v2-zksync;syncswap;syncswap-v2-1-zksync;uniswap-v3-zksync;zkswap-finance,0x3d7264539e6e3f596bb485e3091f3ae02ad01ef8;0x40b768de8b2e4ed83d982804cb2fcc53d2529be9;0x45856bd6bb9f076f4c558a4d5932c6c8d832b0d0;0x9ee3178701d91cc7b01d5b2d2cae65ccb29b3de4;0xf92b0178bc932a59d45c1c4aac81712aac6a5b61,-0.04817861339600482,-0.0469135802469135,0.0037037037037037646,-0.013580246913580174
2026-04-19,ZK,0.01544,3330744.6946479166,36820.92534602803,3367565.6199939447,0.010933988970375057,90.45793019450046,12,binance;bitget;bybit;coinbase;crypto_com;gate;htx;kraken;kucoin;mexc;okx;upbit,zksync,zksync,5,pancakeswap-v2-zksync;syncswap;syncswap-v2-1-zksync;uniswap-v3-zksync;zkswap-finance,0x3d7264539e6e3f596bb485e3091f3ae02ad01ef8;0x40b768de8b2e4ed83d982804cb2fcc53d2529be9;0x45856bd6bb9f076f4c558a4d5932c6c8d832b0d0;0x9ee3178701d91cc7b01d5b2d2cae65ccb29b3de4;0xf92b0178bc932a59d45c1c4aac81712aac6a5b61,-0.0469135802469135,0.05699481865284972,0.08419689119170992,0.033678756476683835
2026-04-20,ZK,0.01632,4325547.929623713,46735.16558656123,4372283.095210274,0.010688961480503956,92.55445819726658,12,binance;bitget;bybit;coinbase;crypto_com;gate;htx;kraken;kucoin;mexc;okx;upbit,zksync,zksync,5,pancakeswap-v2-zksync;syncswap;syncswap-v2-1-zksync;uniswap-v3-zksync;zkswap-finance,0x3d7264539e6e3f596bb485e3091f3ae02ad01ef8;0x40b768de8b2e4ed83d982804cb2fcc53d2529be9;0x45856bd6bb9f076f4c558a4d5932c6c8d832b0d0;0x9ee3178701d91cc7b01d5b2d2cae65ccb29b3de4;0xf92b0178bc932a59d45c1c4aac81712aac6a5b61,0.05699481865284972,-0.003676470588235392,0.006127450980392135,-0.05943627450980393
2026-04-21,ZK,0.01626,3931163.8034414654,131193.23409751977,4062357.0375389853,0.032294855642968766,29.964684005878812,12,binance;bitget;bybit;coinbase;crypto_com;gate;htx;kraken;kucoin;mexc;okx;upbit,zksync,zksync,5,pancakeswap-v2-zksync;syncswap;syncswap-v2-1-zksync;uniswap-v3-zksync;zkswap-finance,0x3d7264539e6e3f596bb485e3091f3ae02ad01ef8;0x40b768de8b2e4ed83d982804cb2fcc53d2529be9;0x45856bd6bb9f076f4c558a4d5932c6c8d832b0d0;0x9ee3178701d91cc7b01d5b2d2cae65ccb29b3de4;0xf92b0178bc932a59d45c1c4aac81712aac6a5b61,-0.003676470588235392,0.029520295202952074,0.037515375153751584,-0.014760147601476037
2026-04-22,ZK,0.01674,5419760.451657568,58159.32981960247,5477919.781477171,0.010617046641730719,93.18815172850995,12,binance;bitget;bybit;coinbase;crypto_com;gate;htx;kraken;kucoin;mexc;okx;upbit,zksync,zksync,5,pancakeswap-v2-zksync;syncswap;syncswap-v2-1-zksync;uniswap-v3-zksync;zkswap-finance,0x3d7264539e6e3f596bb485e3091f3ae02ad01ef8;0x40b768de8b2e4ed83d982804cb2fcc53d2529be9;0x45856bd6bb9f076f4c558a4d5932c6c8d832b0d0;0x9ee3178701d91cc7b01d5b2d2cae65ccb29b3de4;0xf92b0178bc932a59d45c1c4aac81712aac6a5b61,0.029520295202952074,-0.019115890083632014,-0.045400238948626104,-0.07945041816009568
2026-04-23,ZK,0.01642,6043261.298702414,50056.4990635316,6093317.797765946,0.008214982498021738,120.7288046859274,12,binance;bitget;bybit;coinbase;crypto_com;gate;htx;kraken;kucoin;mexc;okx;upbit,zksync,zksync,5,pancakeswap-v2-zksync;syncswap;syncswap-v2-1-zksync;uniswap-v3-zksync;zkswap-finance,0x3d7264539e6e3f596bb485e3091f3ae02ad01ef8;0x40b768de8b2e4ed83d982804cb2fcc53d2529be9;0x45856bd6bb9f076f4c558a4d5932c6c8d832b0d0;0x9ee3178701d91cc7b01d5b2d2cae65ccb29b3de4;0xf92b0178bc932a59d45c1c4aac81712aac6a5b61,-0.019115890083632014,0.027405602923264327,-0.028014616321559216,-0.0663824604141291
2026-04-24,ZK,0.01687,7230876.634906633,53215.45476320303,7284092.089669836,0.007305708674204188,135.87926039686084,12,binance;bitget;bybit;coinbase;crypto_com;gate;htx;kraken;kucoin;mexc;okx;upbit,zksync,zksync,5,pancakeswap-v2-zksync;syncswap;syncswap-v2-1-zksync;uniswap-v3-zksync;zkswap-finance,0x3d7264539e6e3f596bb485e3091f3ae02ad01ef8;0x40b768de8b2e4ed83d982804cb2fcc53d2529be9;0x45856bd6bb9f076f4c558a4d5932c6c8d832b0d0;0x9ee3178701d91cc7b01d5b2d2cae65ccb29b3de4;0xf92b0178bc932a59d45c1c4aac81712aac6a5b61,0.027405602923264327,-0.05275637225844687,-0.09010077059869581,-0.08832246591582693
2026-04-25,ZK,0.01598,5158033.428835691,29442.475042513044,5187475.903878204,0.005675684203275351,175.19021146788174,12,binance;bitget;bybit;coinbase;crypto_com;gate;htx;kraken;kucoin;mexc;okx;upbit,zksync,zksync,5,pancakeswap-v2-zksync;syncswap;syncswap-v2-1-zksync;uniswap-v3-zksync;zkswap-finance,0x3d7264539e6e3f596bb485e3091f3ae02ad01ef8;0x40b768de8b2e4ed83d982804cb2fcc53d2529be9;0x45856bd6bb9f076f4c558a4d5932c6c8d832b0d0;0x9ee3178701d91cc7b01d5b2d2cae65ccb29b3de4;0xf92b0178bc932a59d45c1c4aac81712aac6a5b61,-0.05275637225844687,-0.0012515644555696204,0.0025031289111387967,0.07509386733416767
2026-04-26,ZK,0.01596,3830037.8568351576,38078.44386628322,3868116.300701441,0.009844182776866897,100.58283553510671,12,binance;bitget;bybit;coinbase;crypto_com;gate;htx;kraken;kucoin;mexc;okx;upbit,zksync,zksync,5,pancakeswap-v2-zksync;syncswap;syncswap-v2-1-zksync;uniswap-v3-zksync;zkswap-finance,0x3d7264539e6e3f596bb485e3091f3ae02ad01ef8;0x40b768de8b2e4ed83d982804cb2fcc53d2529be9;0x45856bd6bb9f076f4c558a4d5932c6c8d832b0d0;0x9ee3178701d91cc7b01d5b2d2cae65ccb29b3de4;0xf92b0178bc932a59d45c1c4aac81712aac6a5b61,-0.0012515644555696204,-0.03822055137844593,-0.034461152882205415,0.0827067669172934
2026-04-27,ZK,0.01535,5766441.009859823,140710.87421347474,5907151.8840732975,0.02382042598106468,40.98077737127453,12,binance;bitget;bybit;coinbase;crypto_com;gate;htx;kraken;kucoin;mexc;okx;upbit,zksync,zksync,5,pancakeswap-v2-zksync;syncswap;syncswap-v2-1-zksync;uniswap-v3-zksync;zkswap-finance,0x3d7264539e6e3f596bb485e3091f3ae02ad01ef8;0x40b768de8b2e4ed83d982804cb2fcc53d2529be9;0x45856bd6bb9f076f4c558a4d5932c6c8d832b0d0;0x9ee3178701d91cc7b01d5b2d2cae65ccb29b3de4;0xf92b0178bc932a59d45c1c4aac81712aac6a5b61,-0.03822055137844593,0.04364820846905526,-0.0013029315960912946,0.10749185667752448
2026-04-28,ZK,0.01602,6493041.21424903,57631.780529253585,6550672.994778283,0.00879784116459384,112.66424800034065,12,binance;bitget;bybit;coinbase;crypto_com;gate;htx;kraken;kucoin;mexc;okx;upbit,zksync,zksync,5,pancakeswap-v2-zksync;syncswap;syncswap-v2-1-zksync;uniswap-v3-zksync;zkswap-finance,0x3d7264539e6e3f596bb485e3091f3ae02ad01ef8;0x40b768de8b2e4ed83d982804cb2fcc53d2529be9;0x45856bd6bb9f076f4c558a4d5932c6c8d832b0d0;0x9ee3178701d91cc7b01d5b2d2cae65ccb29b3de4;0xf92b0178bc932a59d45c1c4aac81712aac6a5b61,0.04364820846905526,-0.038077403245942554,-0.03995006242197252,0.08614232209737827
2026-04-29,ZK,0.01541,4942776.75757689,83402.45623297666,5026179.213809867,0.01659360971527261,59.26416296145671,12,binance;bitget;bybit;coinbase;crypto_com;gate;htx;kraken;kucoin;mexc;okx;upbit,zksync,zksync,5,pancakeswap-v2-zksync;syncswap;syncswap-v2-1-zksync;uniswap-v3-zksync;zkswap-finance,0x3d7264539e6e3f596bb485e3091f3ae02ad01ef8;0x40b768de8b2e4ed83d982804cb2fcc53d2529be9;0x45856bd6bb9f076f4c558a4d5932c6c8d832b0d0;0x9ee3178701d91cc7b01d5b2d2cae65ccb29b3de4;0xf92b0178bc932a59d45c1c4aac81712aac6a5b61,-0.038077403245942554,-0.005191434133679396,0.11486048020765738,0.19208306294613897
2026-04-30,ZK,0.01533,4413112.567449643,54246.47549052879,4467359.042940172,0.012142851060125831,81.3529824296171,12,binance;bitget;bybit;coinbase;crypto_com;gate;htx;kraken;kucoin;mexc;okx;upbit,zksync,zksync,5,pancakeswap-v2-zksync;syncswap;syncswap-v2-1-zksync;uniswap-v3-zksync;zkswap-finance,0x3d7264539e6e3f596bb485e3091f3ae02ad01ef8;0x40b768de8b2e4ed83d982804cb2fcc53d2529be9;0x45856bd6bb9f076f4c558a4d5932c6c8d832b0d0;0x9ee3178701d91cc7b01d5b2d2cae65ccb29b3de4;0xf92b0178bc932a59d45c1c4aac81712aac6a5b61,-0.005191434133679396,0.003261578604044413,0.12720156555772988,0.20874103065883887
2026-05-01,ZK,0.01538,5819586.04330747,171709.4414311625,5991295.484738633,0.028659818543176598,33.89205622476219,12,binance;bitget;bybit;coinbase;crypto_com;gate;htx;kraken;kucoin;mexc;okx;upbit,zksync,zksync,5,pancakeswap-v2-zksync;syncswap;syncswap-v2-1-zksync;uniswap-v3-zksync;zkswap-finance,0x3d7264539e6e3f596bb485e3091f3ae02ad01ef8;0x40b768de8b2e4ed83d982804cb2fcc53d2529be9;0x45856bd6bb9f076f4c558a4d5932c6c8d832b0d0;0x9ee3178701d91cc7b01d5b2d2cae65ccb29b3de4;0xf92b0178bc932a59d45c1c4aac81712aac6a5b61,0.003261578604044413,0.11703511053315996,0.10533159947984405,0.2867360208062417
2026-05-02,ZK,0.01718,16387064.212126575,151316.03178259905,16538380.243909175,0.009149386430290014,108.29694658970726,12,binance;bitget;bybit;coinbase;crypto_com;gate;htx;kraken;kucoin;mexc;okx;upbit,zksync,zksync,5,pancakeswap-v2-zksync;syncswap;syncswap-v2-1-zksync;uniswap-v3-zksync;zkswap-finance,0x3d7264539e6e3f596bb485e3091f3ae02ad01ef8;0x40b768de8b2e4ed83d982804cb2fcc53d2529be9;0x45856bd6bb9f076f4c558a4d5932c6c8d832b0d0;0x9ee3178701d91cc7b01d5b2d2cae65ccb29b3de4;0xf92b0178bc932a59d45c1c4aac81712aac6a5b61,0.11703511053315996,0.005820721769499437,0.01280558789289854,0.1018626309662396
2026-05-03,ZK,0.01728,12459011.76575076,99315.59101439195,12558327.356765153,0.007908345450231537,125.44869983148274,12,binance;bitget;bybit;coinbase;crypto_com;gate;htx;kraken;kucoin;mexc;okx;upbit,zksync,zksync,5,pancakeswap-v2-zksync;syncswap;syncswap-v2-1-zksync;uniswap-v3-zksync;zkswap-finance,0x3d7264539e6e3f596bb485e3091f3ae02ad01ef8;0x40b768de8b2e4ed83d982804cb2fcc53d2529be9;0x45856bd6bb9f076f4c558a4d5932c6c8d832b0d0;0x9ee3178701d91cc7b01d5b2d2cae65ccb29b3de4;0xf92b0178bc932a59d45c1c4aac81712aac6a5b61,0.005820721769499437,-0.01620370370370361,0.06307870370370372,0.11053240740740722
2026-05-04,ZK,0.017,18627993.504375856,194026.81615099,18822020.320526846,0.010308501045415884,96.0073142151635,12,binance;bitget;bybit;coinbase;crypto_com;gate;htx;kraken;kucoin;mexc;okx;upbit,zksync,zksync,5,pancakeswap-v2-zksync;syncswap;syncswap-v2-1-zksync;uniswap-v3-zksync;zkswap-finance,0x3d7264539e6e3f596bb485e3091f3ae02ad01ef8;0x40b768de8b2e4ed83d982804cb2fcc53d2529be9;0x45856bd6bb9f076f4c558a4d5932c6c8d832b0d0;0x9ee3178701d91cc7b01d5b2d2cae65ccb29b3de4;0xf92b0178bc932a59d45c1c4aac81712aac6a5b61,-0.01620370370370361,0.0235294117647058,0.09000000000000008,0.10529411764705876
2026-05-05,ZK,0.0174,6943592.595023893,46604.22592213623,6990196.820946029,0.006667083505072033,148.9906217222632,12,binance;bitget;bybit;coinbase;crypto_com;gate;htx;kraken;kucoin;mexc;okx;upbit,zksync,zksync,5,pancakeswap-v2-zksync;syncswap;syncswap-v2-1-zksync;uniswap-v3-zksync;zkswap-finance,0x3d7264539e6e3f596bb485e3091f3ae02ad01ef8;0x40b768de8b2e4ed83d982804cb2fcc53d2529be9;0x45856bd6bb9f076f4c558a4d5932c6c8d832b0d0;0x9ee3178701d91cc7b01d5b2d2cae65ccb29b3de4;0xf92b0178bc932a59d45c1c4aac81712aac6a5b61,0.0235294117647058,0.0557471264367817,0.13735632183908053,0.07011494252873574
2026-05-06,ZK,0.01837,22553287.685061127,214824.65775434353,22768112.34281547,0.009435330189862312,104.98463221503782,12,binance;bitget;bybit;coinbase;crypto_com;gate;htx;kraken;kucoin;mexc;okx;upbit,zksync,zksync,5,pancakeswap-v2-zksync;syncswap;syncswap-v2-1-zksync;uniswap-v3-zksync;zkswap-finance,0x3d7264539e6e3f596bb485e3091f3ae02ad01ef8;0x40b768de8b2e4ed83d982804cb2fcc53d2529be9;0x45856bd6bb9f076f4c558a4d5932c6c8d832b0d0;0x9ee3178701d91cc7b01d5b2d2cae65ccb29b3de4;0xf92b0178bc932a59d45c1c4aac81712aac6a5b61,0.0557471264367817,0.008709853021230396,0.03048448557430583,-0.03320631464344037
2026-05-07,ZK,0.01853,11869280.071804596,105208.72135204903,11974488.793156644,0.008786072054464258,112.81650341598255,12,binance;bitget;bybit;coinbase;crypto_com;gate;htx;kraken;kucoin;mexc;okx;upbit,zksync,zksync,5,pancakeswap-v2-zksync;syncswap;syncswap-v2-1-zksync;uniswap-v3-zksync;zkswap-finance,0x3d7264539e6e3f596bb485e3091f3ae02ad01ef8;0x40b768de8b2e4ed83d982804cb2fcc53d2529be9;0x45856bd6bb9f076f4c558a4d5932c6c8d832b0d0;0x9ee3178701d91cc7b01d5b2d2cae65ccb29b3de4;0xf92b0178bc932a59d45c1c4aac81712aac6a5b61,0.008709853021230396,0.06799784133836995,0.03561791689152716,-0.02644360496492182
2026-05-08,ZK,0.01979,12465041.446948638,155949.81891248567,12620991.265861124,0.01235638434631666,79.92982315640675,12,binance;bitget;bybit;coinbase;crypto_com;gate;htx;kraken;kucoin;mexc;okx;upbit,zksync,zksync,5,pancakeswap-v2-zksync;syncswap;syncswap-v2-1-zksync;uniswap-v3-zksync;zkswap-finance,0x3d7264539e6e3f596bb485e3091f3ae02ad01ef8;0x40b768de8b2e4ed83d982804cb2fcc53d2529be9;0x45856bd6bb9f076f4c558a4d5932c6c8d832b0d0;0x9ee3178701d91cc7b01d5b2d2cae65ccb29b3de4;0xf92b0178bc932a59d45c1c4aac81712aac6a5b61,0.06799784133836995,-0.04345629105608895,-0.050530570995452107,-0.16422435573521976
2026-05-09,ZK,0.01893,6928690.662344478,103344.1135013758,7032034.775845854,0.01469618919638306,67.04485071858726,12,binance;bitget;bybit;coinbase;crypto_com;gate;htx;kraken;kucoin;mexc;okx;upbit,zksync,zksync,5,pancakeswap-v2-zksync;syncswap;syncswap-v2-1-zksync;uniswap-v3-zksync;zkswap-finance,0x3d7264539e6e3f596bb485e3091f3ae02ad01ef8;0x40b768de8b2e4ed83d982804cb2fcc53d2529be9;0x45856bd6bb9f076f4c558a4d5932c6c8d832b0d0;0x9ee3178701d91cc7b01d5b2d2cae65ccb29b3de4;0xf92b0178bc932a59d45c1c4aac81712aac6a5b61,-0.04345629105608895,0.013734812466983604,-0.016376122556787998,-0.1658742736397253
2026-05-10,ZK,0.01919,5890171.179143807,107627.47044662901,5997798.649590436,0.01794449542816487,54.727395846998576,12,binance;bitget;bybit;coinbase;crypto_com;gate;htx;kraken;kucoin;mexc;okx;upbit,zksync,zksync,5,pancakeswap-v2-zksync;syncswap;syncswap-v2-1-zksync;uniswap-v3-zksync;zkswap-finance,0x3d7264539e6e3f596bb485e3091f3ae02ad01ef8;0x40b768de8b2e4ed83d982804cb2fcc53d2529be9;0x45856bd6bb9f076f4c558a4d5932c6c8d832b0d0;0x9ee3178701d91cc7b01d5b2d2cae65ccb29b3de4;0xf92b0178bc932a59d45c1c4aac81712aac6a5b61,0.013734812466983604,-0.02084418968212598,-0.07451797811360072,-0.20896300156331415
2026-05-11,ZK,0.01879,5190574.098404249,230975.93564924048,5421550.03405349,0.04260330241323042,22.47235879276464,12,binance;bitget;bybit;coinbase;crypto_com;gate;htx;kraken;kucoin;mexc;okx;upbit,zksync,zksync,5,pancakeswap-v2-zksync;syncswap;syncswap-v2-1-zksync;uniswap-v3-zksync;zkswap-finance,0x3d7264539e6e3f596bb485e3091f3ae02ad01ef8;0x40b768de8b2e4ed83d982804cb2fcc53d2529be9;0x45856bd6bb9f076f4c558a4d5932c6c8d832b0d0;0x9ee3178701d91cc7b01d5b2d2cae65ccb29b3de4;0xf92b0178bc932a59d45c1c4aac81712aac6a5b61,-0.02084418968212598,-0.009047365620010628,-0.03991484832357639,-0.18946248004257582
2026-05-12,ZK,0.01862,5150194.809407083,54776.36647467459,5204971.175881758,0.010523855872342096,94.02220594146627,12,binance;bitget;bybit;coinbase;crypto_com;gate;htx;kraken;kucoin;mexc;okx;upbit,zksync,zksync,5,pancakeswap-v2-zksync;syncswap;syncswap-v2-1-zksync;uniswap-v3-zksync;zkswap-finance,0x3d7264539e6e3f596bb485e3091f3ae02ad01ef8;0x40b768de8b2e4ed83d982804cb2fcc53d2529be9;0x45856bd6bb9f076f4c558a4d5932c6c8d832b0d0;0x9ee3178701d91cc7b01d5b2d2cae65ccb29b3de4;0xf92b0178bc932a59d45c1c4aac81712aac6a5b61,-0.009047365620010628,-0.04618689581095592,-0.11170784103114939,-0.20300751879699253
2026-05-13,ZK,0.01776,6302530.434861493,183056.02443906452,6485586.459300558,0.028225053445483834,34.429516614786266,12,binance;bitget;bybit;coinbase;crypto_com;gate;htx;kraken;kucoin;mexc;okx;upbit,zksync,zksync,5,pancakeswap-v2-zksync;syncswap;syncswap-v2-1-zksync;uniswap-v3-zksync;zkswap-finance,0x3d7264539e6e3f596bb485e3091f3ae02ad01ef8;0x40b768de8b2e4ed83d982804cb2fcc53d2529be9;0x45856bd6bb9f076f4c558a4d5932c6c8d832b0d0;0x9ee3178701d91cc7b01d5b2d2cae65ccb29b3de4;0xf92b0178bc932a59d45c1c4aac81712aac6a5b61,-0.04618689581095592,0.015765765765765716,-0.11092342342342354,-0.13738738738738743
2026-05-14,ZK,0.01804,3261046.6844599945,62158.81628719611,3323205.500747191,0.018704475625482775,52.46314005390297,12,binance;bitget;bybit;coinbase;crypto_com;gate;htx;kraken;kucoin;mexc;okx;upbit,zksync,zksync,5,pancakeswap-v2-zksync;syncswap;syncswap-v2-1-zksync;uniswap-v3-zksync;zkswap-finance,0x3d7264539e6e3f596bb485e3091f3ae02ad01ef8;0x40b768de8b2e4ed83d982804cb2fcc53d2529be9;0x45856bd6bb9f076f4c558a4d5932c6c8d832b0d0;0x9ee3178701d91cc7b01d5b2d2cae65ccb29b3de4;0xf92b0178bc932a59d45c1c4aac81712aac6a5b61,0.015765765765765716,-0.08314855875831495,-0.1585365853658537,-0.13470066518847001
2026-05-15,ZK,0.01654,4456306.942935842,82858.82093489233,4539165.763870735,0.018254195868853924,53.78192560134857,12,binance;bitget;bybit;coinbase;crypto_com;gate;htx;kraken;kucoin;mexc;okx;upbit,zksync,zksync,5,pancakeswap-v2-zksync;syncswap;syncswap-v2-1-zksync;uniswap-v3-zksync;zkswap-finance,0x3d7264539e6e3f596bb485e3091f3ae02ad01ef8;0x40b768de8b2e4ed83d982804cb2fcc53d2529be9;0x45856bd6bb9f076f4c558a4d5932c6c8d832b0d0;0x9ee3178701d91cc7b01d5b2d2cae65ccb29b3de4;0xf92b0178bc932a59d45c1c4aac81712aac6a5b61,-0.08314855875831495,-0.0453446191051996,-0.07920193470374837,-0.11789600967351865
2026-05-16,ZK,0.01579,3173434.278146026,53568.705827590864,3227002.983973617,0.016600141398576664,59.240450728072865,12,binance;bitget;bybit;coinbase;crypto_com;gate;htx;kraken;kucoin;mexc;okx;upbit,zksync,zksync,5,pancakeswap-v2-zksync;syncswap;syncswap-v2-1-zksync;uniswap-v3-zksync;zkswap-finance,0x3d7264539e6e3f596bb485e3091f3ae02ad01ef8;0x40b768de8b2e4ed83d982804cb2fcc53d2529be9;0x45856bd6bb9f076f4c558a4d5932c6c8d832b0d0;0x9ee3178701d91cc7b01d5b2d2cae65ccb29b3de4;0xf92b0178bc932a59d45c1c4aac81712aac6a5b61,-0.0453446191051996,-0.03863204559847988,-0.0601646611779606,-0.04496516782773896
2026-05-17,ZK,0.01518,3650639.6887121038,32330.4886323678,3682970.1773444717,0.00877837372435066,112.91631655258223,12,binance;bitget;bybit;coinbase;crypto_com;gate;htx;kraken;kucoin;mexc;okx;upbit,zksync,zksync,5,pancakeswap-v2-zksync;syncswap;syncswap-v2-1-zksync;uniswap-v3-zksync;zkswap-finance,0x3d7264539e6e3f596bb485e3091f3ae02ad01ef8;0x40b768de8b2e4ed83d982804cb2fcc53d2529be9;0x45856bd6bb9f076f4c558a4d5932c6c8d832b0d0;0x9ee3178701d91cc7b01d5b2d2cae65ccb29b3de4;0xf92b0178bc932a59d45c1c4aac81712aac6a5b61,-0.03863204559847988,0.0032938076416337836,0.00922266139657446,-0.03689064558629784
2026-05-18,ZK,0.01523,3356321.9387823604,46900.569036955094,3403222.5078193154,0.01378122321687617,71.56249929798851,12,binance;bitget;bybit;coinbase;crypto_com;gate;htx;kraken;kucoin;mexc;okx;upbit,zksync,zksync,5,pancakeswap-v2-zksync;syncswap;syncswap-v2-1-zksync;uniswap-v3-zksync;zkswap-finance,0x3d7264539e6e3f596bb485e3091f3ae02ad01ef8;0x40b768de8b2e4ed83d982804cb2fcc53d2529be9;0x45856bd6bb9f076f4c558a4d5932c6c8d832b0d0;0x9ee3178701d91cc7b01d5b2d2cae65ccb29b3de4;0xf92b0178bc932a59d45c1c4aac81712aac6a5b61,0.0032938076416337836,-0.025607353906762942,0.024950755088640753,-0.0275771503611294
2026-05-19,ZK,0.01484,2485750.2347833095,63431.595103400214,2549181.82988671,0.024883119108933562,39.18788784565915,12,binance;bitget;bybit;coinbase;crypto_com;gate;htx;kraken;kucoin;mexc;okx;upbit,zksync,zksync,5,pancakeswap-v2-zksync;syncswap;syncswap-v2-1-zksync;uniswap-v3-zksync;zkswap-finance,0x3d7264539e6e3f596bb485e3091f3ae02ad01ef8;0x40b768de8b2e4ed83d982804cb2fcc53d2529be9;0x45856bd6bb9f076f4c558a4d5932c6c8d832b0d0;0x9ee3178701d91cc7b01d5b2d2cae65ccb29b3de4;0xf92b0178bc932a59d45c1c4aac81712aac6a5b61,-0.025607353906762942,0.032345013477088846,-0.016846361185983816,-0.010107816711590334
2026-05-20,ZK,0.01532,3821514.01775107,99056.51985736736,3920570.5376084377,0.025265843046862305,38.57912657595596,12,binance;bitget;bybit;coinbase;crypto_com;gate;htx;kraken;kucoin;mexc;okx;upbit,zksync,zksync,5,pancakeswap-v2-zksync;syncswap;syncswap-v2-1-zksync;uniswap-v3-zksync;zkswap-finance,0x3d7264539e6e3f596bb485e3091f3ae02ad01ef8;0x40b768de8b2e4ed83d982804cb2fcc53d2529be9;0x45856bd6bb9f076f4c558a4d5932c6c8d832b0d0;0x9ee3178701d91cc7b01d5b2d2cae65ccb29b3de4;0xf92b0178bc932a59d45c1c4aac81712aac6a5b61,0.032345013477088846,0.01892950391644921,-0.015665796344647598,-0.062010443864229714
2026-05-21,ZK,0.01561,4160732.5662109726,44855.091435375754,4205587.657646349,0.010665594225297599,92.75942670199392,12,binance;bitget;bybit;coinbase;crypto_com;gate;htx;kraken;kucoin;mexc;okx;upbit,zksync,zksync,5,pancakeswap-v2-zksync;syncswap;syncswap-v2-1-zksync;uniswap-v3-zksync;zkswap-finance,0x3d7264539e6e3f596bb485e3091f3ae02ad01ef8;0x40b768de8b2e4ed83d982804cb2fcc53d2529be9;0x45856bd6bb9f076f4c558a4d5932c6c8d832b0d0;0x9ee3178701d91cc7b01d5b2d2cae65ccb29b3de4;0xf92b0178bc932a59d45c1c4aac81712aac6a5b61,0.01892950391644921,-0.06534272901985905,-0.06342088404868684,-0.13965406790518908
2026-05-22,ZK,0.01459,4991823.641437166,56734.05091247003,5048557.692349636,0.011237675068751287,87.98637786571263,12,binance;bitget;bybit;coinbase;crypto_com;gate;htx;kraken;kucoin;mexc;okx;upbit,zksync,zksync,5,pancakeswap-v2-zksync;syncswap;syncswap-v2-1-zksync;uniswap-v3-zksync;zkswap-finance,0x3d7264539e6e3f596bb485e3091f3ae02ad01ef8;0x40b768de8b2e4ed83d982804cb2fcc53d2529be9;0x45856bd6bb9f076f4c558a4d5932c6c8d832b0d0;0x9ee3178701d91cc7b01d5b2d2cae65ccb29b3de4;0xf92b0178bc932a59d45c1c4aac81712aac6a5b61,-0.06534272901985905,0.03358464701850572,0.015078821110349638,-0.0582590815627142
2026-05-23,ZK,0.01508,4868549.33206347,53486.09216129366,4922035.424224764,0.010866661360877524,91.02458480948246,12,binance;bitget;bybit;coinbase;crypto_com;gate;htx;kraken;kucoin;mexc;okx;upbit,zksync,zksync,5,pancakeswap-v2-zksync;syncswap;syncswap-v2-1-zksync;uniswap-v3-zksync;zkswap-finance,0x3d7264539e6e3f596bb485e3091f3ae02ad01ef8;0x40b768de8b2e4ed83d982804cb2fcc53d2529be9;0x45856bd6bb9f076f4c558a4d5932c6c8d832b0d0;0x9ee3178701d91cc7b01d5b2d2cae65ccb29b3de4;0xf92b0178bc932a59d45c1c4aac81712aac6a5b61,0.03358464701850572,-0.0305039787798409,-0.025862068965517238,-0.04509283819628651
2026-05-24,ZK,0.01462,2927042.1178373992,51524.34933640951,2978566.4671738087,0.01729837151671758,56.80890987533567,12,binance;bitget;bybit;coinbase;crypto_com;gate;htx;kraken;kucoin;mexc;okx;upbit,zksync,zksync,5,pancakeswap-v2-zksync;syncswap;syncswap-v2-1-zksync;uniswap-v3-zksync;zkswap-finance,0x3d7264539e6e3f596bb485e3091f3ae02ad01ef8;0x40b768de8b2e4ed83d982804cb2fcc53d2529be9;0x45856bd6bb9f076f4c558a4d5932c6c8d832b0d0;0x9ee3178701d91cc7b01d5b2d2cae65ccb29b3de4;0xf92b0178bc932a59d45c1c4aac81712aac6a5b61,-0.0305039787798409,0.0129958960328318,-0.017099863201094245,-0.002735978112175075
2026-05-25,ZK,0.01481,2763074.434309048,43707.979562469765,2806782.413871518,0.015572272131412365,63.21670463764895,12,binance;bitget;bybit;coinbase;crypto_com;gate;htx;kraken;kucoin;mexc;okx;upbit,zksync,zksync,5,pancakeswap-v2-zksync;syncswap;syncswap-v2-1-zksync;uniswap-v3-zksync;zkswap-finance,0x3d7264539e6e3f596bb485e3091f3ae02ad01ef8;0x40b768de8b2e4ed83d982804cb2fcc53d2529be9;0x45856bd6bb9f076f4c558a4d5932c6c8d832b0d0;0x9ee3178701d91cc7b01d5b2d2cae65ccb29b3de4;0xf92b0178bc932a59d45c1c4aac81712aac6a5b61,0.0129958960328318,-0.008102633355840716,-0.09318028359216757,-0.036461850101283
2026-05-26,ZK,0.01469,4023074.2035330157,78044.63924482759,4101118.842777843,0.019030084773638257,51.54837337273803,12,binance;bitget;bybit;coinbase;crypto_com;gate;htx;kraken;kucoin;mexc;okx;upbit,zksync,zksync,5,pancakeswap-v2-zksync;syncswap;syncswap-v2-1-zksync;uniswap-v3-zksync;zkswap-finance,0x3d7264539e6e3f596bb485e3091f3ae02ad01ef8;0x40b768de8b2e4ed83d982804cb2fcc53d2529be9;0x45856bd6bb9f076f4c558a4d5932c6c8d832b0d0;0x9ee3178701d91cc7b01d5b2d2cae65ccb29b3de4;0xf92b0178bc932a59d45c1c4aac81712aac6a5b61,-0.008102633355840716,-0.021783526208304926,-0.06466984343090532,-0.12933968686181085
2026-05-27,ZK,0.01437,3972356.537318736,66258.9641632233,4038615.501481959,0.01640635612350563,59.9519866856532,12,binance;bitget;bybit;coinbase;crypto_com;gate;htx;kraken;kucoin;mexc;okx;upbit,zksync,zksync,5,pancakeswap-v2-zksync;syncswap;syncswap-v2-1-zksync;uniswap-v3-zksync;zkswap-finance,0x3d7264539e6e3f596bb485e3091f3ae02ad01ef8;0x40b768de8b2e4ed83d982804cb2fcc53d2529be9;0x45856bd6bb9f076f4c558a4d5932c6c8d832b0d0;0x9ee3178701d91cc7b01d5b2d2cae65ccb29b3de4;0xf92b0178bc932a59d45c1c4aac81712aac6a5b61,-0.021783526208304926,-0.06541405706332648,0.0020876826722338038,-0.10786360473208079
2026-05-28,ZK,0.01343,5864085.399911322,79937.99479737924,5944023.3947087005,0.013448465709024481,73.35792466117219,12,binance;bitget;bybit;coinbase;crypto_com;gate;htx;kraken;kucoin;mexc;okx;upbit,zksync,zksync,5,pancakeswap-v2-zksync;syncswap;syncswap-v2-1-zksync;uniswap-v3-zksync;zkswap-finance,0x3d7264539e6e3f596bb485e3091f3ae02ad01ef8;0x40b768de8b2e4ed83d982804cb2fcc53d2529be9;0x45856bd6bb9f076f4c558a4d5932c6c8d832b0d0;0x9ee3178701d91cc7b01d5b2d2cae65ccb29b3de4;0xf92b0178bc932a59d45c1c4aac81712aac6a5b61,-0.06541405706332648,0.023082650781831804,0.0856291883842144,-0.13104988830975428
2026-05-29,ZK,0.01374,5178227.2207784,73295.48731533211,5251522.708093733,0.013956997120543324,70.64864987527284,12,binance;bitget;bybit;coinbase;crypto_com;gate;htx;kraken;kucoin;mexc;okx;upbit,zksync,zksync,5,pancakeswap-v2-zksync;syncswap;syncswap-v2-1-zksync;uniswap-v3-zksync;zkswap-finance,0x3d7264539e6e3f596bb485e3091f3ae02ad01ef8;0x40b768de8b2e4ed83d982804cb2fcc53d2529be9;0x45856bd6bb9f076f4c558a4d5932c6c8d832b0d0;0x9ee3178701d91cc7b01d5b2d2cae65ccb29b3de4;0xf92b0178bc932a59d45c1c4aac81712aac6a5b61,0.023082650781831804,0.048034934497816595,0.038573508005822266,-0.24818049490538574
2026-05-30,ZK,0.0144,14501198.008563275,105482.14639279556,14606680.15495607,0.007221500387068125,137.47537857794015,12,binance;bitget;bybit;coinbase;crypto_com;gate;htx;kraken;kucoin;mexc;okx;upbit,zksync,zksync,5,pancakeswap-v2-zksync;syncswap;syncswap-v2-1-zksync;uniswap-v3-zksync;zkswap-finance,0x3d7264539e6e3f596bb485e3091f3ae02ad01ef8;0x40b768de8b2e4ed83d982804cb2fcc53d2529be9;0x45856bd6bb9f076f4c558a4d5932c6c8d832b0d0;0x9ee3178701d91cc7b01d5b2d2cae65ccb29b3de4;0xf92b0178bc932a59d45c1c4aac81712aac6a5b61,0.048034934497816595,0.012499999999999956,-0.1118055555555556,-0.28680555555555554
2026-05-31,ZK,0.01458,5096999.993120131,89127.97481395923,5186127.967934091,0.017185841800479832,57.18743193435423,12,binance;bitget;bybit;coinbase;crypto_com;gate;htx;kraken;kucoin;mexc;okx;upbit,zksync,zksync,5,pancakeswap-v2-zksync;syncswap;syncswap-v2-1-zksync;uniswap-v3-zksync;zkswap-finance,0x3d7264539e6e3f596bb485e3091f3ae02ad01ef8;0x40b768de8b2e4ed83d982804cb2fcc53d2529be9;0x45856bd6bb9f076f4c558a4d5932c6c8d832b0d0;0x9ee3178701d91cc7b01d5b2d2cae65ccb29b3de4;0xf92b0178bc932a59d45c1c4aac81712aac6a5b61,0.012499999999999956,-0.02126200274348422,-0.12071330589849105,-0.28189300411522633
2026-06-01,ZK,0.01427,5441018.318262742,49656.147797132144,5490674.466059874,0.009043724610533242,109.57391097859154,12,binance;bitget;bybit;coinbase;crypto_com;gate;htx;kraken;kucoin;mexc;okx;upbit,zksync,zksync,5,pancakeswap-v2-zksync;syncswap;syncswap-v2-1-zksync;uniswap-v3-zksync;zkswap-finance,0x3d7264539e6e3f596bb485e3091f3ae02ad01ef8;0x40b768de8b2e4ed83d982804cb2fcc53d2529be9;0x45856bd6bb9f076f4c558a4d5932c6c8d832b0d0;0x9ee3178701d91cc7b01d5b2d2cae65ccb29b3de4;0xf92b0178bc932a59d45c1c4aac81712aac6a5b61,-0.02126200274348422,-0.10371408549404348,-0.18220042046250873,-0.26909600560616675
2026-06-02,ZK,0.01279,5910868.176627099,142900.3430844712,6053768.51971157,0.023605187846079,41.36356882735451,12,binance;bitget;bybit;coinbase;crypto_com;gate;htx;kraken;kucoin;mexc;okx;upbit,zksync,zksync,5,pancakeswap-v2-zksync;syncswap;syncswap-v2-1-zksync;uniswap-v3-zksync;zkswap-finance,0x3d7264539e6e3f596bb485e3091f3ae02ad01ef8;0x40b768de8b2e4ed83d982804cb2fcc53d2529be9;0x45856bd6bb9f076f4c558a4d5932c6c8d832b0d0;0x9ee3178701d91cc7b01d5b2d2cae65ccb29b3de4;0xf92b0178bc932a59d45c1c4aac81712aac6a5b61,-0.10371408549404348,0.0023455824863174435,-0.1923377638780296,-0.1704456606724003
2026-06-03,ZK,0.01282,5231163.097532106,86902.2535029565,5318065.351035062,0.01634095253944982,60.19594298960425,12,binance;bitget;bybit;coinbase;crypto_com;gate;htx;kraken;kucoin;mexc;okx;upbit,zksync,zksync,5,pancakeswap-v2-zksync;syncswap;syncswap-v2-1-zksync;uniswap-v3-zksync;zkswap-finance,0x3d7264539e6e3f596bb485e3091f3ae02ad01ef8;0x40b768de8b2e4ed83d982804cb2fcc53d2529be9;0x45856bd6bb9f076f4c558a4d5932c6c8d832b0d0;0x9ee3178701d91cc7b01d5b2d2cae65ccb29b3de4;0xf92b0178bc932a59d45c1c4aac81712aac6a5b61,0.0023455824863174435,-0.08970358814352575,-0.19890795631825275,-0.19656786271450855
2026-06-04,ZK,0.01167,5879188.697922439,131940.2797202415,6011128.9776426805,0.021949334344841007,44.55946819567406,12,binance;bitget;bybit;coinbase;crypto_com;gate;htx;kraken;kucoin;mexc;okx;upbit,zksync,zksync,5,pancakeswap-v2-zksync;syncswap;syncswap-v2-1-zksync;uniswap-v3-zksync;zkswap-finance,0x3d7264539e6e3f596bb485e3091f3ae02ad01ef8;0x40b768de8b2e4ed83d982804cb2fcc53d2529be9;0x45856bd6bb9f076f4c558a4d5932c6c8d832b0d0;0x9ee3178701d91cc7b01d5b2d2cae65ccb29b3de4;0xf92b0178bc932a59d45c1c4aac81712aac6a5b61,-0.08970358814352575,-0.1148243359040273,-0.10282776349614398,-0.04712939160239937
2026-06-05,ZK,0.01033,6588307.409470909,95171.83143216149,6683479.240903071,0.014239863400743036,69.22539274834757,12,binance;bitget;bybit;coinbase;crypto_com;gate;htx;kraken;kucoin;mexc;okx;upbit,zksync,zksync,5,pancakeswap-v2-zksync;syncswap;syncswap-v2-1-zksync;uniswap-v3-zksync;zkswap-finance,0x3d7264539e6e3f596bb485e3091f3ae02ad01ef8;0x40b768de8b2e4ed83d982804cb2fcc53d2529be9;0x45856bd6bb9f076f4c558a4d5932c6c8d832b0d0;0x9ee3178701d91cc7b01d5b2d2cae65ccb29b3de4;0xf92b0178bc932a59d45c1c4aac81712aac6a5b61,-0.1148243359040273,-0.0058083252662149976,0.00968054211035807,0.11326234269119051
2026-06-06,ZK,0.01027,3145087.2793816775,55973.902543650336,3201061.181925328,0.01748604583370817,56.188458128840175,12,binance;bitget;bybit;coinbase;crypto_com;gate;htx;kraken;kucoin;mexc;okx;upbit,zksync,zksync,5,pancakeswap-v2-zksync;syncswap;syncswap-v2-1-zksync;uniswap-v3-zksync;zkswap-finance,0x3d7264539e6e3f596bb485e3091f3ae02ad01ef8;0x40b768de8b2e4ed83d982804cb2fcc53d2529be9;0x45856bd6bb9f076f4c558a4d5932c6c8d832b0d0;0x9ee3178701d91cc7b01d5b2d2cae65ccb29b3de4;0xf92b0178bc932a59d45c1c4aac81712aac6a5b61,-0.0058083252662149976,0.019474196689386547,0.0331061343719572,0.11976630963972745
2026-06-07,ZK,0.01047,3454571.6325926366,45692.593737601375,3500264.226330238,0.01305404129033613,75.60462976628527,12,binance;bitget;bybit;coinbase;crypto_com;gate;htx;kraken;kucoin;mexc;okx;upbit,zksync,zksync,5,pancakeswap-v2-zksync;syncswap;syncswap-v2-1-zksync;uniswap-v3-zksync;zkswap-finance,0x3d7264539e6e3f596bb485e3091f3ae02ad01ef8;0x40b768de8b2e4ed83d982804cb2fcc53d2529be9;0x45856bd6bb9f076f4c558a4d5932c6c8d832b0d0;0x9ee3178701d91cc7b01d5b2d2cae65ccb29b3de4;0xf92b0178bc932a59d45c1c4aac81712aac6a5b61,0.019474196689386547,-0.00382043935052534,-0.01623686723973261,0.1260744985673352
2026-06-08,ZK,0.01043,2902810.597978518,44332.69051705078,2947143.2884955686,0.01504259758597667,65.47788018554996,12,binance;bitget;bybit;coinbase;crypto_com;gate;htx;kraken;kucoin;mexc;okx;upbit,zksync,zksync,5,pancakeswap-v2-zksync;syncswap;syncswap-v2-1-zksync;uniswap-v3-zksync;zkswap-finance,0x3d7264539e6e3f596bb485e3091f3ae02ad01ef8;0x40b768de8b2e4ed83d982804cb2fcc53d2529be9;0x45856bd6bb9f076f4c558a4d5932c6c8d832b0d0;0x9ee3178701d91cc7b01d5b2d2cae65ccb29b3de4;0xf92b0178bc932a59d45c1c4aac81712aac6a5b61,-0.00382043935052534,0.01725790987535958,0.06615532118887812,0.1198465963566635
2026-06-09,ZK,0.01061,4887875.90197558,36512.58227887462,4924388.484254454,0.00741464293396474,133.86826121042654,12,binance;bitget;bybit;coinbase;crypto_com;gate;htx;kraken;kucoin;mexc;okx;upbit,zksync,zksync,5,pancakeswap-v2-zksync;syncswap;syncswap-v2-1-zksync;uniswap-v3-zksync;zkswap-finance,0x3d7264539e6e3f596bb485e3091f3ae02ad01ef8;0x40b768de8b2e4ed83d982804cb2fcc53d2529be9;0x45856bd6bb9f076f4c558a4d5932c6c8d832b0d0;0x9ee3178701d91cc7b01d5b2d2cae65ccb29b3de4;0xf92b0178bc932a59d45c1c4aac81712aac6a5b61,0.01725790987535958,-0.029217719132893505,0.08388312912346851,0.07634307257304429
2026-06-10,ZK,0.0103,10001534.801577276,88064.87120561519,10089599.67278289,0.008728281999450761,113.57008378772896,12,binance;bitget;bybit;coinbase;crypto_com;gate;htx;kraken;kucoin;mexc;okx;upbit,zksync,zksync,5,pancakeswap-v2-zksync;syncswap;syncswap-v2-1-zksync;uniswap-v3-zksync;zkswap-finance,0x3d7264539e6e3f596bb485e3091f3ae02ad01ef8;0x40b768de8b2e4ed83d982804cb2fcc53d2529be9;0x45856bd6bb9f076f4c558a4d5932c6c8d832b0d0;0x9ee3178701d91cc7b01d5b2d2cae65ccb29b3de4;0xf92b0178bc932a59d45c1c4aac81712aac6a5b61,-0.029217719132893505,0.07961165048543695,0.11650485436893199,0.12524271844660184
2026-06-11,ZK,0.01112,10479874.515525514,112073.11296431061,10591947.628489824,0.010580973102893802,93.50926585632365,12,binance;bitget;bybit;coinbase;crypto_com;gate;htx;kraken;kucoin;mexc;okx;upbit,zksync,zksync,5,pancakeswap-v2-zksync;syncswap;syncswap-v2-1-zksync;uniswap-v3-zksync;zkswap-finance,0x3d7264539e6e3f596bb485e3091f3ae02ad01ef8;0x40b768de8b2e4ed83d982804cb2fcc53d2529be9;0x45856bd6bb9f076f4c558a4d5932c6c8d832b0d0;0x9ee3178701d91cc7b01d5b2d2cae65ccb29b3de4;0xf92b0178bc932a59d45c1c4aac81712aac6a5b61,0.07961165048543695,0.03417266187050361,0.06025179856115104,0.017086330935251803
2026-06-12,ZK,0.0115,5561901.703309929,62807.63615646436,5624709.339466393,0.011166378983491229,88.55454597040237,12,binance;bitget;bybit;coinbase;crypto_com;gate;htx;kraken;kucoin;mexc;okx;upbit,zksync,zksync,5,pancakeswap-v2-zksync;syncswap;syncswap-v2-1-zksync;uniswap-v3-zksync;zkswap-finance,0x3d7264539e6e3f596bb485e3091f3ae02ad01ef8;0x40b768de8b2e4ed83d982804cb2fcc53d2529be9;0x45856bd6bb9f076f4c558a4d5932c6c8d832b0d0;0x9ee3178701d91cc7b01d5b2d2cae65ccb29b3de4;0xf92b0178bc932a59d45c1c4aac81712aac6a5b61,0.03417266187050361,0.0,0.01565217391304352,-0.019999999999999907
2026-06-13,ZK,0.0115,6354671.368101763,99176.64385058403,6453848.011952346,0.015367056005488766,64.07427314918502,12,binance;bitget;bybit;coinbase;crypto_com;gate;htx;kraken;kucoin;mexc;okx;upbit,zksync,zksync,5,pancakeswap-v2-zksync;syncswap;syncswap-v2-1-zksync;uniswap-v3-zksync;zkswap-finance,0x3d7264539e6e3f596bb485e3091f3ae02ad01ef8;0x40b768de8b2e4ed83d982804cb2fcc53d2529be9;0x45856bd6bb9f076f4c558a4d5932c6c8d832b0d0;0x9ee3178701d91cc7b01d5b2d2cae65ccb29b3de4;0xf92b0178bc932a59d45c1c4aac81712aac6a5b61,0.0,0.025217391304347858,-0.006956521739130417,0.03565217391304354
2026-06-14,ZK,0.01179,9540184.949127551,62566.26208667795,9602751.21121423,0.006515451739873483,152.48129952067114,12,binance;bitget;bybit;coinbase;crypto_com;gate;htx;kraken;kucoin;mexc;okx;upbit,zksync,zksync,5,pancakeswap-v2-zksync;syncswap;syncswap-v2-1-zksync;uniswap-v3-zksync;zkswap-finance,0x3d7264539e6e3f596bb485e3091f3ae02ad01ef8;0x40b768de8b2e4ed83d982804cb2fcc53d2529be9;0x45856bd6bb9f076f4c558a4d5932c6c8d832b0d0;0x9ee3178701d91cc7b01d5b2d2cae65ccb29b3de4;0xf92b0178bc932a59d45c1c4aac81712aac6a5b61,0.025217391304347858,-0.00932994062765058,-0.016963528413910134,-0.022052586938083096
2026-06-15,ZK,0.01168,5844017.247870693,74882.09010908549,5918899.337979779,0.012651353880710535,78.04292373994025,12,binance;bitget;bybit;coinbase;crypto_com;gate;htx;kraken;kucoin;mexc;okx;upbit,zksync,zksync,5,pancakeswap-v2-zksync;syncswap;syncswap-v2-1-zksync;uniswap-v3-zksync;zkswap-finance,0x3d7264539e6e3f596bb485e3091f3ae02ad01ef8;0x40b768de8b2e4ed83d982804cb2fcc53d2529be9;0x45856bd6bb9f076f4c558a4d5932c6c8d832b0d0;0x9ee3178701d91cc7b01d5b2d2cae65ccb29b3de4;0xf92b0178bc932a59d45c1c4aac81712aac6a5b61,-0.00932994062765058,-0.022260273972602773,-0.0316780821917807,-0.02739726027397249
2026-06-16,ZK,0.01142,3402298.68038964,64403.85752218734,3466702.537911827,0.018577843589943858,52.82756051091407,12,binance;bitget;bybit;coinbase;crypto_com;gate;htx;kraken;kucoin;mexc;okx;upbit,zksync,zksync,5,pancakeswap-v2-zksync;syncswap;syncswap-v2-1-zksync;uniswap-v3-zksync;zkswap-finance,0x3d7264539e6e3f596bb485e3091f3ae02ad01ef8;0x40b768de8b2e4ed83d982804cb2fcc53d2529be9;0x45856bd6bb9f076f4c558a4d5932c6c8d832b0d0;0x9ee3178701d91cc7b01d5b2d2cae65ccb29b3de4;0xf92b0178bc932a59d45c1c4aac81712aac6a5b61,-0.022260273972602773,0.014886164623467701,-0.013134851138353665,-0.042907180385288846
2026-06-17,ZK,0.01159,4505396.849347137,53302.17615088055,4558699.025498018,0.011692409578422986,84.52557052443548,12,binance;bitget;bybit;coinbase;crypto_com;gate;htx;kraken;kucoin;mexc;okx;upbit,zksync,zksync,5,pancakeswap-v2-zksync;syncswap;syncswap-v2-1-zksync;uniswap-v3-zksync;zkswap-finance,0x3d7264539e6e3f596bb485e3091f3ae02ad01ef8;0x40b768de8b2e4ed83d982804cb2fcc53d2529be9;0x45856bd6bb9f076f4c558a4d5932c6c8d832b0d0;0x9ee3178701d91cc7b01d5b2d2cae65ccb29b3de4;0xf92b0178bc932a59d45c1c4aac81712aac6a5b61,0.014886164623467701,-0.02415875754961161,0.02761000862812768,-0.086281276962899
2026-06-18,ZK,0.01131,4281678.672113372,53804.198028122475,4335482.870141494,0.012410197350489476,79.57889586748261,12,binance;bitget;bybit;coinbase;crypto_com;gate;htx;kraken;kucoin;mexc;okx;upbit,zksync,zksync,5,pancakeswap-v2-zksync;syncswap;syncswap-v2-1-zksync;uniswap-v3-zksync;zkswap-finance,0x3d7264539e6e3f596bb485e3091f3ae02ad01ef8;0x40b768de8b2e4ed83d982804cb2fcc53d2529be9;0x45856bd6bb9f076f4c558a4d5932c6c8d832b0d0;0x9ee3178701d91cc7b01d5b2d2cae65ccb29b3de4;0xf92b0178bc932a59d45c1c4aac81712aac6a5b61,-0.02415875754961161,-0.0035366931918656697,0.01945181255526074,-0.09814323607427056
2026-06-19,ZK,0.01127,3199412.195231452,34688.11411895792,3234100.30935041,0.010725738474674971,92.23367359377123,12,binance;bitget;bybit;coinbase;crypto_com;gate;htx;kraken;kucoin;mexc;okx;upbit,zksync,zksync,5,pancakeswap-v2-zksync;syncswap;syncswap-v2-1-zksync;uniswap-v3-zksync;zkswap-finance,0x3d7264539e6e3f596bb485e3091f3ae02ad01ef8;0x40b768de8b2e4ed83d982804cb2fcc53d2529be9;0x45856bd6bb9f076f4c558a4d5932c6c8d832b0d0;0x9ee3178701d91cc7b01d5b2d2cae65ccb29b3de4;0xf92b0178bc932a59d45c1c4aac81712aac6a5b61,-0.0035366931918656697,0.056787932564330124,0.007985803016858917,-0.07275953859804807
2026-06-20,ZK,0.01191,6257413.772251849,65731.93065972318,6323145.7029115725,0.010395447732519603,95.19595285653217,12,binance;bitget;bybit;coinbase;crypto_com;gate;htx;kraken;kucoin;mexc;okx;upbit,zksync,zksync,5,pancakeswap-v2-zksync;syncswap;syncswap-v2-1-zksync;uniswap-v3-zksync;zkswap-finance,0x3d7264539e6e3f596bb485e3091f3ae02ad01ef8;0x40b768de8b2e4ed83d982804cb2fcc53d2529be9;0x45856bd6bb9f076f4c558a4d5932c6c8d832b0d0;0x9ee3178701d91cc7b01d5b2d2cae65ccb29b3de4;0xf92b0178bc932a59d45c1c4aac81712aac6a5b61,0.056787932564330124,-0.031905961376994085,-0.08228379513014272,-0.14861460957178851
2026-06-21,ZK,0.01153,3178125.619522746,51161.1643110727,3229286.783833819,0.01584286801878092,62.119884531926324,12,binance;bitget;bybit;coinbase;crypto_com;gate;htx;kraken;kucoin;mexc;okx;upbit,zksync,zksync,5,pancakeswap-v2-zksync;syncswap;syncswap-v2-1-zksync;uniswap-v3-zksync;zkswap-finance,0x3d7264539e6e3f596bb485e3091f3ae02ad01ef8;0x40b768de8b2e4ed83d982804cb2fcc53d2529be9;0x45856bd6bb9f076f4c558a4d5932c6c8d832b0d0;0x9ee3178701d91cc7b01d5b2d2cae65ccb29b3de4;0xf92b0178bc932a59d45c1c4aac81712aac6a5b61,-0.031905961376994085,-0.014744145706851675,-0.08152645273200343,-0.12575888985255856
2026-06-22,ZK,0.01136,4737201.2715802975,57127.20819540343,4794328.479775701,0.01191558076097366,82.92373146219076,12,binance;bitget;bybit;coinbase;crypto_com;gate;htx;kraken;kucoin;mexc;okx;upbit,zksync,zksync,5,pancakeswap-v2-zksync;syncswap;syncswap-v2-1-zksync;uniswap-v3-zksync;zkswap-finance,0x3d7264539e6e3f596bb485e3091f3ae02ad01ef8;0x40b768de8b2e4ed83d982804cb2fcc53d2529be9;0x45856bd6bb9f076f4c558a4d5932c6c8d832b0d0;0x9ee3178701d91cc7b01d5b2d2cae65ccb29b3de4;0xf92b0178bc932a59d45c1c4aac81712aac6a5b61,-0.014744145706851675,-0.03785211267605637,-0.102112676056338,-0.096830985915493
2026-06-23,ZK,0.01093,2315394.098138204,36337.53191205745,2351731.6300502615,0.01545139396338384,63.719079868765505,12,binance;bitget;bybit;coinbase;crypto_com;gate;htx;kraken;kucoin;mexc;okx;upbit,zksync,zksync,5,pancakeswap-v2-zksync;syncswap;syncswap-v2-1-zksync;uniswap-v3-zksync;zkswap-finance,0x3d7264539e6e3f596bb485e3091f3ae02ad01ef8;0x40b768de8b2e4ed83d982804cb2fcc53d2529be9;0x45856bd6bb9f076f4c558a4d5932c6c8d832b0d0;0x9ee3178701d91cc7b01d5b2d2cae65ccb29b3de4;0xf92b0178bc932a59d45c1c4aac81712aac6a5b61,-0.03785211267605637,-0.031107044830741115,-0.04391582799634042,-0.0896614821591949
2026-06-24,ZK,0.01059,4114418.168054748,46393.42142407698,4160811.5894788248,0.011150089454035608,88.68537912833202,12,binance;bitget;bybit;coinbase;crypto_com;gate;htx;kraken;kucoin;mexc;okx;upbit,zksync,zksync,5,pancakeswap-v2-zksync;syncswap;syncswap-v2-1-zksync;uniswap-v3-zksync;zkswap-finance,0x3d7264539e6e3f596bb485e3091f3ae02ad01ef8;0x40b768de8b2e4ed83d982804cb2fcc53d2529be9;0x45856bd6bb9f076f4c558a4d5932c6c8d832b0d0;0x9ee3178701d91cc7b01d5b2d2cae65ccb29b3de4;0xf92b0178bc932a59d45c1c4aac81712aac6a5b61,-0.031107044830741115,-0.03682719546742208,-0.04249291784702558,-0.06137865911237028
2026-06-25,ZK,0.0102,3426947.8119693566,41469.46623004133,3468417.278199398,0.011956308282367307,82.63785680189935,12,binance;bitget;bybit;coinbase;crypto_com;gate;htx;kraken;kucoin;mexc;okx;upbit,zksync,zksync,5,pancakeswap-v2-zksync;syncswap;syncswap-v2-1-zksync;uniswap-v3-zksync;zkswap-finance,0x3d7264539e6e3f596bb485e3091f3ae02ad01ef8;0x40b768de8b2e4ed83d982804cb2fcc53d2529be9;0x45856bd6bb9f076f4c558a4d5932c6c8d832b0d0;0x9ee3178701d91cc7b01d5b2d2cae65ccb29b3de4;0xf92b0178bc932a59d45c1c4aac81712aac6a5b61,-0.03682719546742208,0.02450980392156854,-0.01176470588235301,0.015686274509803866
2026-06-26,ZK,0.01045,4122691.8908761228,52660.12378901549,4175352.0146651384,0.012612139911570739,78.2886859019516,12,binance;bitget;bybit;coinbase;crypto_com;gate;htx;kraken;kucoin;mexc;okx;upbit,zksync,zksync,5,pancakeswap-v2-zksync;syncswap;syncswap-v2-1-zksync;uniswap-v3-zksync;zkswap-finance,0x3d7264539e6e3f596bb485e3091f3ae02ad01ef8;0x40b768de8b2e4ed83d982804cb2fcc53d2529be9;0x45856bd6bb9f076f4c558a4d5932c6c8d832b0d0;0x9ee3178701d91cc7b01d5b2d2cae65ccb29b3de4;0xf92b0178bc932a59d45c1c4aac81712aac6a5b61,0.02450980392156854,-0.02966507177033484,-0.018181818181818077,0.04784688995215314
2026-06-27,ZK,0.01014,1755288.8145227374,49041.42815594338,1804330.2426786807,0.027179851557072632,35.79195958448066,12,binance;bitget;bybit;coinbase;crypto_com;gate;htx;kraken;kucoin;mexc;okx;upbit,zksync,zksync,5,pancakeswap-v2-zksync;syncswap;syncswap-v2-1-zksync;uniswap-v3-zksync;zkswap-finance,0x3d7264539e6e3f596bb485e3091f3ae02ad01ef8;0x40b768de8b2e4ed83d982804cb2fcc53d2529be9;0x45856bd6bb9f076f4c558a4d5932c6c8d832b0d0;0x9ee3178701d91cc7b01d5b2d2cae65ccb29b3de4;0xf92b0178bc932a59d45c1c4aac81712aac6a5b61,-0.02966507177033484,-0.005917159763313529,-0.018737672583826304,0.04240631163708075
2026-06-28,ZK,0.01008,1892410.9561813548,96826.37931680569,1989237.3354981604,0.048675126687463696,19.544373852807055,12,binance;bitget;bybit;coinbase;crypto_com;gate;htx;kraken;kucoin;mexc;okx;upbit,zksync,zksync,5,pancakeswap-v2-zksync;syncswap;syncswap-v2-1-zksync;uniswap-v3-zksync;zkswap-finance,0x3d7264539e6e3f596bb485e3091f3ae02ad01ef8;0x40b768de8b2e4ed83d982804cb2fcc53d2529be9;0x45856bd6bb9f076f4c558a4d5932c6c8d832b0d0;0x9ee3178701d91cc7b01d5b2d2cae65ccb29b3de4;0xf92b0178bc932a59d45c1c4aac81712aac6a5b61,-0.005917159763313529,0.017857142857142794,-0.013888888888889062,0.058531746031746046
2026-06-29,ZK,0.01026,2568905.006965356,28113.96896540099,2597018.975930757,0.01082547691255321,91.37468317357929,12,binance;bitget;bybit;coinbase;crypto_com;gate;htx;kraken;kucoin;mexc;okx;upbit,zksync,zksync,5,pancakeswap-v2-zksync;syncswap;syncswap-v2-1-zksync;uniswap-v3-zksync;zkswap-finance,0x3d7264539e6e3f596bb485e3091f3ae02ad01ef8;0x40b768de8b2e4ed83d982804cb2fcc53d2529be9;0x45856bd6bb9f076f4c558a4d5932c6c8d832b0d0;0x9ee3178701d91cc7b01d5b2d2cae65ccb29b3de4;0xf92b0178bc932a59d45c1c4aac81712aac6a5b61,0.017857142857142794,-0.030214424951267027,0.009746588693956948,0.05555555555555558
2026-06-30,ZK,0.00995,2325225.809704145,47850.61753992736,2373076.4272440723,0.02016395974043608,48.593433674370814,12,binance;bitget;bybit;coinbase;crypto_com;gate;htx;kraken;kucoin;mexc;okx;upbit,zksync,zksync,5,pancakeswap-v2-zksync;syncswap;syncswap-v2-1-zksync;uniswap-v3-zksync;zkswap-finance,0x3d7264539e6e3f596bb485e3091f3ae02ad01ef8;0x40b768de8b2e4ed83d982804cb2fcc53d2529be9;0x45856bd6bb9f076f4c558a4d5932c6c8d832b0d0;0x9ee3178701d91cc7b01d5b2d2cae65ccb29b3de4;0xf92b0178bc932a59d45c1c4aac81712aac6a5b61,-0.030214424951267027,-0.0010050251256282783,0.10050251256281406,0.05427135678391948
2026-07-01,ZK,0.00994,3632303.6540131113,29338.89000339873,3661642.54401651,0.008012494297495372,123.80508102359467,12,binance;bitget;bybit;coinbase;crypto_com;gate;htx;kraken;kucoin;mexc;okx;upbit,zksync,zksync,5,pancakeswap-v2-zksync;syncswap;syncswap-v2-1-zksync;uniswap-v3-zksync;zkswap-finance,0x3d7264539e6e3f596bb485e3091f3ae02ad01ef8;0x40b768de8b2e4ed83d982804cb2fcc53d2529be9;0x45856bd6bb9f076f4c558a4d5932c6c8d832b0d0;0x9ee3178701d91cc7b01d5b2d2cae65ccb29b3de4;0xf92b0178bc932a59d45c1c4aac81712aac6a5b61,-0.0010050251256282783,0.04225352112676051,0.06338028169014098,
2026-07-02,ZK,0.01036,10931929.165165592,82164.61730333682,11014093.782468928,0.007459952577679862,133.04910950667363,12,binance;bitget;bybit;coinbase;crypto_com;gate;htx;kraken;kucoin;mexc;okx;upbit,zksync,zksync,5,pancakeswap-v2-zksync;syncswap;syncswap-v2-1-zksync;uniswap-v3-zksync;zkswap-finance,0x3d7264539e6e3f596bb485e3091f3ae02ad01ef8;0x40b768de8b2e4ed83d982804cb2fcc53d2529be9;0x45856bd6bb9f076f4c558a4d5932c6c8d832b0d0;0x9ee3178701d91cc7b01d5b2d2cae65ccb29b3de4;0xf92b0178bc932a59d45c1c4aac81712aac6a5b61,0.04225352112676051,0.05694980694980689,0.02992277992278014,
2026-07-03,ZK,0.01095,11355338.417943485,66893.83569216699,11422232.253635652,0.005856459070938165,169.75164154435163,12,binance;bitget;bybit;coinbase;crypto_com;gate;htx;kraken;kucoin;mexc;okx;upbit,zksync,zksync,5,pancakeswap-v2-zksync;syncswap;syncswap-v2-1-zksync;uniswap-v3-zksync;zkswap-finance,0x3d7264539e6e3f596bb485e3091f3ae02ad01ef8;0x40b768de8b2e4ed83d982804cb2fcc53d2529be9;0x45856bd6bb9f076f4c558a4d5932c6c8d832b0d0;0x9ee3178701d91cc7b01d5b2d2cae65ccb29b3de4;0xf92b0178bc932a59d45c1c4aac81712aac6a5b61,0.05694980694980689,-0.034703196347032006,-0.010958904109589107,
2026-07-04,ZK,0.01057,4076540.0990789807,24042.506860628902,4100582.6059396095,0.005863192909662112,169.55553440039017,12,binance;bitget;bybit;coinbase;crypto_com;gate;htx;kraken;kucoin;mexc;okx;upbit,zksync,zksync,5,pancakeswap-v2-zksync;syncswap;syncswap-v2-1-zksync;uniswap-v3-zksync;zkswap-finance,0x3d7264539e6e3f596bb485e3091f3ae02ad01ef8;0x40b768de8b2e4ed83d982804cb2fcc53d2529be9;0x45856bd6bb9f076f4c558a4d5932c6c8d832b0d0;0x9ee3178701d91cc7b01d5b2d2cae65ccb29b3de4;0xf92b0178bc932a59d45c1c4aac81712aac6a5b61,-0.034703196347032006,0.009460737937559305,-0.007568590350047311,
2026-07-05,ZK,0.01067,4450070.613709284,44728.291224041124,4494798.904933325,0.009951121767638816,99.49118313997661,12,binance;bitget;bybit;coinbase;crypto_com;gate;htx;kraken;kucoin;mexc;okx;upbit,zksync,zksync,5,pancakeswap-v2-zksync;syncswap;syncswap-v2-1-zksync;uniswap-v3-zksync;zkswap-finance,0x3d7264539e6e3f596bb485e3091f3ae02ad01ef8;0x40b768de8b2e4ed83d982804cb2fcc53d2529be9;0x45856bd6bb9f076f4c558a4d5932c6c8d832b0d0;0x9ee3178701d91cc7b01d5b2d2cae65ccb29b3de4;0xf92b0178bc932a59d45c1c4aac81712aac6a5b61,0.009460737937559305,0.014995313964385915,,
2026-07-06,ZK,0.01083,5918127.21116311,220690.4830158886,6138817.6941789985,0.0359499978676926,26.816413332771738,12,binance;bitget;bybit;coinbase;crypto_com;gate;htx;kraken;kucoin;mexc;okx;upbit,zksync,zksync,5,pancakeswap-v2-zksync;syncswap;syncswap-v2-1-zksync;uniswap-v3-zksync;zkswap-finance,0x3d7264539e6e3f596bb485e3091f3ae02ad01ef8;0x40b768de8b2e4ed83d982804cb2fcc53d2529be9;0x45856bd6bb9f076f4c558a4d5932c6c8d832b0d0;0x9ee3178701d91cc7b01d5b2d2cae65ccb29b3de4;0xf92b0178bc932a59d45c1c4aac81712aac6a5b61,0.014995313964385915,-0.031394275161588214,,
2026-07-07,ZK,0.01049,6978858.975128454,838744.9389375582,7817603.914066012,0.10728926000310993,8.32059742019857,12,binance;bitget;bybit;coinbase;crypto_com;gate;htx;kraken;kucoin;mexc;okx;upbit,zksync,zksync,5,pancakeswap-v2-zksync;syncswap;syncswap-v2-1-zksync;uniswap-v3-zksync;zkswap-finance,0x3d7264539e6e3f596bb485e3091f3ae02ad01ef8;0x40b768de8b2e4ed83d982804cb2fcc53d2529be9;0x45856bd6bb9f076f4c558a4d5932c6c8d832b0d0;0x9ee3178701d91cc7b01d5b2d2cae65ccb29b3de4;0xf92b0178bc932a59d45c1c4aac81712aac6a5b61,-0.031394275161588214,,,
